<TICKER>,<PER>,<DATE>,<TIME>,<OPEN>,<HIGH>,<LOW>,<CLOSE>,<VOL>,<OPENINT>
AQWA.US,60,20240411,180000,16.89,16.89,16.89,16.89,100,0
AQWA.US,60,20240411,210000,17.04,17.04,17.0399,17.0399,300,0
AQWA.US,60,20240412,160000,16.8501,16.8501,16.8501,16.8501,400,0
AQWA.US,60,20240412,180000,16.89,16.89,16.89,16.89,200,0
AQWA.US,60,20240412,190000,16.86,16.86,16.83,16.83,500,0
AQWA.US,60,20240412,220000,16.79,16.79,16.7754,16.7754,200,0
AQWA.US,60,20240415,160000,17,17,17,17,100,0
AQWA.US,60,20240415,170000,16.85,16.85,16.85,16.85,200,0
AQWA.US,60,20240415,200000,16.75,16.75,16.69,16.69,650,0
AQWA.US,60,20240415,210000,16.65,16.65,16.65,16.65,100,0
AQWA.US,60,20240415,220000,16.6181,16.6181,16.6181,16.6181,293,0
AQWA.US,60,20240416,180000,16.57,16.57,16.57,16.57,200,0
AQWA.US,60,20240417,170000,16.66,16.67,16.66,16.67,301,0
AQWA.US,60,20240417,210000,16.6299,16.66,16.571,16.66,400,0
AQWA.US,60,20240419,180000,16.804,16.804,16.804,16.804,200,0
AQWA.US,60,20240422,170000,16.8234,16.8234,16.8234,16.8234,100,0
AQWA.US,60,20240422,190000,16.83,16.86,16.81,16.86,650,0
AQWA.US,60,20240423,160000,16.93,16.93,16.93,16.93,671,0
AQWA.US,60,20240423,170000,17.0504,17.0504,17.0504,17.0504,360,0
AQWA.US,60,20240423,180000,17.07,17.07,17.07,17.07,200,0
AQWA.US,60,20240423,190000,17.0799,17.0799,17.045,17.045,200,0
AQWA.US,60,20240423,210000,17.08,17.08,17.08,17.08,100,0
AQWA.US,60,20240423,220000,17.09,17.09,17.09,17.09,100,0
AQWA.US,60,20240424,160000,17.03,17.03,17.03,17.03,161,0
AQWA.US,60,20240424,220000,17.07,17.07,17.07,17.07,100,0
AQWA.US,60,20240425,160000,16.94,16.94,16.94,16.94,403,0
AQWA.US,60,20240425,220000,17.07,17.07,17.07,17.07,100,0
AQWA.US,60,20240426,170000,17.15,17.15,17.15,17.15,200,0
AQWA.US,60,20240426,220000,17.15,17.15,17.15,17.15,100,0
AQWA.US,60,20240429,170000,17.17,17.17,17.17,17.17,1500,0
AQWA.US,60,20240429,190000,17.2023,17.2023,17.2023,17.2023,500,0
AQWA.US,60,20240429,220000,17.28,17.28,17.28,17.28,100,0
AQWA.US,60,20240430,160000,17.13,17.13,17.13,17.13,790,0
AQWA.US,60,20240430,170000,17.21,17.2201,17.21,17.2201,602,0
AQWA.US,60,20240430,220000,17.05,17.05,17.05,17.05,106,0
AQWA.US,60,20240501,160000,17.06,17.095,17.06,17.095,350,0
AQWA.US,60,20240501,180000,17.0896,17.0896,17.0896,17.0896,100,0
AQWA.US,60,20240501,210000,17.1499,17.15,17.1499,17.15,300,0
AQWA.US,60,20240502,180000,17.25,17.25,17.25,17.25,100,0
AQWA.US,60,20240502,190000,17.225,17.225,17.225,17.225,250,0
AQWA.US,60,20240502,220000,17.335,17.335,17.335,17.335,344,0
AQWA.US,60,20240503,160000,17.52,17.52,17.52,17.52,501,0
AQWA.US,60,20240503,170000,17.5499,17.5499,17.5499,17.5499,100,0
AQWA.US,60,20240503,200000,17.5001,17.5001,17.5001,17.5001,100,0
AQWA.US,60,20240503,210000,17.5799,17.5799,17.5799,17.5799,200,0
AQWA.US,60,20240503,220000,17.52,17.52,17.52,17.52,100,0
AQWA.US,60,20240506,160000,17.59,17.59,17.59,17.59,136,0
AQWA.US,60,20240506,180000,17.7,17.7,17.7,17.7,621,0
AQWA.US,60,20240506,190000,17.6849,17.6849,17.6849,17.6849,303,0
AQWA.US,60,20240507,160000,17.8413,17.8413,17.8413,17.8413,200,0
AQWA.US,60,20240507,190000,17.94,17.94,17.9,17.9,200,0
AQWA.US,60,20240507,210000,17.91,17.91,17.91,17.91,100,0
AQWA.US,60,20240507,220000,17.8501,17.8501,17.8501,17.8501,200,0
AQWA.US,60,20240508,190000,17.895,17.895,17.895,17.895,227,0
AQWA.US,60,20240509,160000,17.96,17.98,17.96,17.9799,600,0
AQWA.US,60,20240509,180000,18.022,18.022,18.022,18.022,100,0
AQWA.US,60,20240509,200000,18.08,18.08,18.08,18.08,19313,0
AQWA.US,60,20240509,210000,18.06,18.06,18.06,18.06,552,0
AQWA.US,60,20240509,220000,18.1199,18.1199,18.1199,18.1199,100,0
AQWA.US,60,20240510,160000,18.22,18.22,18.2099,18.22,1210,0
AQWA.US,60,20240510,170000,18.2,18.2,18.2,18.2,550,0
AQWA.US,60,20240510,200000,18.19,18.1997,18.1899,18.1997,900,0
AQWA.US,60,20240510,220000,18.2,18.2188,18.1401,18.1525,2007,0
AQWA.US,60,20240513,160000,18.27,18.27,18.27,18.27,864,0
AQWA.US,60,20240513,190000,18.1382,18.1382,18.1382,18.1382,100,0
AQWA.US,60,20240513,220000,18.0899,18.14,18.0899,18.13,848,0
AQWA.US,60,20240514,160000,18.14,18.14,18.14,18.14,239,0
AQWA.US,60,20240514,170000,18.13,18.13,18.128,18.128,1600,0
AQWA.US,60,20240514,180000,18.139,18.139,18.0701,18.0701,300,0
AQWA.US,60,20240514,210000,18.1,18.17,18.1,18.1,1200,0
AQWA.US,60,20240514,220000,18.145,18.18,18.145,18.18,300,0
AQWA.US,60,20240515,170000,18.3099,18.31,18.3099,18.31,382,0
AQWA.US,60,20240515,210000,18.3395,18.34,18.3395,18.3399,525,0
AQWA.US,60,20240515,220000,18.32,18.36,18.32,18.36,292,0
AQWA.US,60,20240516,210000,18.1655,18.1655,18.1655,18.1655,300,0
AQWA.US,60,20240516,220000,18.2,18.2,18.2,18.2,300,0
AQWA.US,60,20240517,170000,18.19,18.36,18.19,18.36,366,0
AQWA.US,60,20240517,200000,18.1881,18.1881,18.1881,18.1881,284,0
AQWA.US,60,20240520,160000,18.21,18.21,18.21,18.21,255,0
AQWA.US,60,20240520,200000,18.2576,18.2576,18.2576,18.2576,1000,0
AQWA.US,60,20240520,220000,18.25,18.25,18.25,18.25,100,0
AQWA.US,60,20240521,160000,18.21,18.21,18.21,18.21,274,0
AQWA.US,60,20240521,180000,18.18,18.18,18.18,18.18,125,0
AQWA.US,60,20240521,200000,18.17,18.19,18.17,18.19,3100,0
AQWA.US,60,20240521,220000,18.25,18.25,18.25,18.25,100,0
AQWA.US,60,20240522,160000,18.18,18.18,18.18,18.18,300,0
AQWA.US,60,20240522,170000,18.175,18.175,18.175,18.175,109,0
AQWA.US,60,20240522,180000,18.16,18.17,18.16,18.17,300,0
AQWA.US,60,20240522,200000,18.16,18.16,18.16,18.16,1300,0
AQWA.US,60,20240523,160000,18.08,18.08,17.9823,17.9823,785,0
AQWA.US,60,20240523,170000,17.83,17.83,17.83,17.83,114,0
AQWA.US,60,20240523,190000,17.8,17.89,17.8,17.85,300,0
AQWA.US,60,20240523,200000,17.8074,17.8074,17.73,17.73,367,0
AQWA.US,60,20240523,220000,17.76,17.76,17.76,17.76,1600,0
AQWA.US,60,20240524,160000,17.7,17.7001,17.7,17.7001,450,0
AQWA.US,60,20240524,170000,17.73,17.73,17.73,17.73,400,0
AQWA.US,60,20240524,180000,17.7812,17.7812,17.7812,17.7812,449,0
AQWA.US,60,20240524,190000,17.83,17.83,17.83,17.83,200,0
AQWA.US,60,20240524,210000,17.7659,17.87,17.7659,17.87,700,0
AQWA.US,60,20240528,160000,17.7,17.7,17.7,17.7,200,0
AQWA.US,60,20240528,220000,17.4007,17.4007,17.4007,17.4007,671,0
AQWA.US,60,20240529,160000,17.3,17.3,17.3,17.3,110,0
AQWA.US,60,20240529,170000,17.26,17.27,17.26,17.27,1100,0
AQWA.US,60,20240529,180000,17.2601,17.2601,17.2601,17.2601,100,0
AQWA.US,60,20240529,190000,17.2627,17.2627,17.2627,17.2627,1475,0
AQWA.US,60,20240529,200000,17.26,17.26,17.15,17.15,20513,0
AQWA.US,60,20240529,210000,17.161,17.161,17.161,17.161,1000,0
AQWA.US,60,20240530,160000,17.225,17.2799,17.225,17.2799,400,0
AQWA.US,60,20240530,170000,17.3014,17.3014,17.3014,17.3014,150,0
AQWA.US,60,20240530,190000,17.335,17.335,17.335,17.335,120,0
AQWA.US,60,20240530,200000,17.32,17.32,17.32,17.32,150,0
AQWA.US,60,20240530,210000,17.335,17.37,17.335,17.3465,1082,0
AQWA.US,60,20240530,220000,17.3517,17.38,17.34,17.345,936,0
AQWA.US,60,20240531,180000,17.3618,17.3618,17.3618,17.3618,346,0
AQWA.US,60,20240531,190000,17.3845,17.3845,17.3845,17.3845,300,0
AQWA.US,60,20240531,200000,17.3967,17.43,17.3967,17.43,200,0
AQWA.US,60,20240531,220000,17.421,17.421,17.421,17.421,1786,0
AQWA.US,60,20240603,160000,17.65,17.65,17.5,17.5,278,0
AQWA.US,60,20240603,170000,17.47,17.47,17.47,17.47,200,0
AQWA.US,60,20240603,180000,17.39,17.44,17.39,17.4072,600,0
AQWA.US,60,20240603,220000,17.4,17.4,17.4,17.4,152,0
AQWA.US,60,20240604,160000,17.33,17.33,17.33,17.33,831,0
AQWA.US,60,20240604,180000,17.19,17.19,17.19,17.19,100,0
AQWA.US,60,20240604,190000,17.1275,17.1275,17.1275,17.1275,160,0
AQWA.US,60,20240604,200000,17.19,17.19,17.19,17.19,100,0
AQWA.US,60,20240604,220000,17.22,17.22,17.22,17.22,200,0
AQWA.US,60,20240605,190000,17.3,17.3,17.3,17.3,200,0
AQWA.US,60,20240605,200000,17.32,17.33,17.32,17.33,200,0
AQWA.US,60,20240605,220000,17.33,17.35,17.32,17.35,1275,0
AQWA.US,60,20240606,160000,17.33,17.33,17.33,17.33,510,0
AQWA.US,60,20240606,180000,17.2607,17.2607,17.2607,17.2607,400,0
AQWA.US,60,20240606,200000,17.2001,17.2001,17.18,17.18,400,0
AQWA.US,60,20240606,210000,17.17,17.17,17.17,17.17,300,0
AQWA.US,60,20240606,220000,17.16,17.185,17.14,17.175,1400,0
AQWA.US,60,20240607,170000,17.1,17.1,17.08,17.08,250,0
AQWA.US,60,20240607,180000,17.08,17.08,17.08,17.08,100,0
AQWA.US,60,20240607,220000,17.02,17.02,17.02,17.02,100,0
AQWA.US,60,20240610,160000,17.04,17.0488,17.04,17.0488,703,0
AQWA.US,60,20240610,170000,17,17.05,16.9906,17.0001,1800,0
AQWA.US,60,20240610,180000,17.058,17.058,17.058,17.058,1170,0
AQWA.US,60,20240610,190000,17.09,17.09,17.09,17.09,100,0
AQWA.US,60,20240610,220000,17.115,17.115,17.115,17.115,200,0
AQWA.US,60,20240611,160000,17.05,17.05,17.05,17.05,157,0
AQWA.US,60,20240611,170000,16.988,16.988,16.988,16.988,150,0
AQWA.US,60,20240611,180000,17.0026,17.0026,17.0026,17.0026,100,0
AQWA.US,60,20240611,200000,17,17,17,17,384,0
AQWA.US,60,20240611,210000,17.08,17.08,17.08,17.08,21800,0
AQWA.US,60,20240611,220000,17.1,17.1,17.1,17.1,300,0
AQWA.US,60,20240612,160000,17.38,17.5,17.38,17.5,9353,0
AQWA.US,60,20240612,170000,17.48,17.49,17.48,17.49,1400,0
AQWA.US,60,20240612,180000,17.46,17.485,17.46,17.485,400,0
AQWA.US,60,20240612,200000,17.54,17.54,17.5299,17.5299,500,0
AQWA.US,60,20240612,220000,17.4665,17.4665,17.43,17.43,450,0
AQWA.US,60,20240613,190000,17.3,17.3,17.3,17.3,125,0
AQWA.US,60,20240613,220000,17.47,17.47,17.46,17.46,700,0
AQWA.US,60,20240614,170000,17.1499,17.1499,17.1499,17.1499,101,0
AQWA.US,60,20240614,210000,17.16,17.16,17.16,17.16,1000,0
AQWA.US,60,20240614,220000,17.18,17.22,17.18,17.19,1200,0
AQWA.US,60,20240617,170000,17.12,17.12,17.1199,17.12,500,0
AQWA.US,60,20240617,190000,17.19,17.2092,17.183,17.2092,1000,0
AQWA.US,60,20240617,200000,17.1801,17.2165,17.1801,17.2165,3200,0
AQWA.US,60,20240617,220000,17.3,17.3,17.29,17.29,1700,0
AQWA.US,60,20240618,160000,17.25,17.25,17.25,17.25,600,0
AQWA.US,60,20240618,210000,17.3483,17.3483,17.3483,17.3483,150,0
AQWA.US,60,20240620,160000,17.31,17.31,17.27,17.285,490,0
AQWA.US,60,20240620,170000,17.29,17.29,17.29,17.29,160,0
AQWA.US,60,20240620,220000,17.1917,17.22,17.1917,17.22,215,0
AQWA.US,60,20240621,160000,17.26,17.26,17.26,17.26,112,0
AQWA.US,60,20240621,170000,17.175,17.175,17.175,17.175,100,0
AQWA.US,60,20240621,180000,17.15,17.18,17.15,17.18,600,0
AQWA.US,60,20240621,200000,17.16,17.16,17.16,17.16,100,0
AQWA.US,60,20240621,210000,17.16,17.16,17.16,17.16,116,0
AQWA.US,60,20240624,170000,17.389,17.389,17.3889,17.3889,385,0
AQWA.US,60,20240624,180000,17.3992,17.3992,17.3992,17.3992,300,0
AQWA.US,60,20240624,200000,17.36,17.36,17.36,17.36,300,0
AQWA.US,60,20240624,220000,17.39,17.39,17.39,17.39,200,0
AQWA.US,60,20240625,170000,17.13,17.15,17.12,17.14,2000,0
AQWA.US,60,20240625,180000,17.05,17.05,17.05,17.05,200,0
AQWA.US,60,20240626,160000,16.97,16.97,16.9015,16.9015,320,0
AQWA.US,60,20240626,200000,16.95,16.98,16.95,16.98,1900,0
AQWA.US,60,20240626,210000,16.99,16.99,16.99,16.99,321,0
AQWA.US,60,20240627,160000,16.9,16.9,16.855,16.855,804,0
AQWA.US,60,20240627,170000,16.95,17.02,16.95,17.02,300,0
AQWA.US,60,20240627,180000,16.9,16.9,16.9,16.9,100,0
AQWA.US,60,20240627,190000,16.88,16.88,16.88,16.88,450,0
AQWA.US,60,20240627,220000,16.91,16.91,16.91,16.91,104,0
AQWA.US,60,20240628,160000,16.99,17.06,16.99,17.06,1500,0
AQWA.US,60,20240628,170000,17.015,17.015,17.015,17.015,500,0
AQWA.US,60,20240628,180000,16.9544,16.9544,16.9544,16.9544,200,0
AQWA.US,60,20240628,190000,16.92,16.92,16.92,16.92,125,0
AQWA.US,60,20240701,160000,16.93,17.01,16.93,17.01,2334,0
AQWA.US,60,20240701,180000,16.8,16.8,16.7999,16.7999,400,0
AQWA.US,60,20240701,190000,16.74,16.74,16.7317,16.7317,220,0
AQWA.US,60,20240702,170000,16.6943,16.6943,16.6943,16.6943,200,0
AQWA.US,60,20240702,180000,16.695,16.695,16.695,16.695,100,0
AQWA.US,60,20240702,200000,16.6865,16.6865,16.6865,16.6865,150,0
AQWA.US,60,20240702,210000,16.7,16.7,16.6999,16.7,3190,0
AQWA.US,60,20240703,170000,16.9,16.9,16.8307,16.8307,412,0
AQWA.US,60,20240703,180000,16.86,16.86,16.86,16.86,105,0
AQWA.US,60,20240703,190000,16.86,16.86,16.81,16.81,200,0
AQWA.US,60,20240705,170000,16.82,16.82,16.75,16.75,1326,0
AQWA.US,60,20240705,180000,16.82,16.82,16.82,16.82,100,0
AQWA.US,60,20240708,160000,16.96,16.96,16.96,16.96,788,0
AQWA.US,60,20240708,170000,17.025,17.025,17.025,17.025,101,0
AQWA.US,60,20240708,180000,16.95,16.95,16.9,16.9,299,0
AQWA.US,60,20240708,190000,17.0012,17.0012,16.951,16.96,605,0
AQWA.US,60,20240708,220000,17.015,17.015,17.015,17.015,100,0
AQWA.US,60,20240709,170000,16.955,16.955,16.955,16.955,200,0
AQWA.US,60,20240709,180000,16.9899,16.9899,16.9899,16.9899,600,0
AQWA.US,60,20240709,190000,17.005,17.005,17.005,17.005,100,0
AQWA.US,60,20240709,220000,17,17,16.965,16.965,200,0
AQWA.US,60,20240710,170000,17.055,17.055,17.055,17.055,100,0
AQWA.US,60,20240710,220000,17.2,17.2,17.16,17.19,1247,0
AQWA.US,60,20240711,160000,17.45,17.47,17.45,17.47,975,0
AQWA.US,60,20240711,190000,17.6599,17.6599,17.6599,17.6599,150,0
AQWA.US,60,20240711,210000,17.59,17.59,17.59,17.59,100,0
AQWA.US,60,20240712,190000,17.8591,17.8591,17.8591,17.8591,150,0
AQWA.US,60,20240712,200000,17.84,17.84,17.84,17.84,200,0
AQWA.US,60,20240712,220000,17.8666,17.8666,17.8221,17.8221,220,0
AQWA.US,60,20240715,170000,17.77,17.84,17.77,17.84,300,0
AQWA.US,60,20240715,180000,17.84,17.92,17.84,17.91,400,0
AQWA.US,60,20240715,190000,17.84,17.84,17.8399,17.8399,392,0
AQWA.US,60,20240717,180000,17.94,18.14,17.94,18.14,1482,0
AQWA.US,60,20240717,190000,18.17,18.17,18.14,18.14,664,0
AQWA.US,60,20240717,210000,18.15,18.15,18.15,18.15,200,0
AQWA.US,60,20240717,220000,18.1125,18.1125,18.1125,18.1125,286,0
AQWA.US,60,20240718,180000,18.07,18.07,18.07,18.07,100,0
AQWA.US,60,20240719,160000,17.88,17.88,17.852,17.852,260,0
AQWA.US,60,20240719,180000,17.78,17.78,17.65,17.65,2416,0
AQWA.US,60,20240719,200000,17.7599,17.7599,17.66,17.66,335,0
AQWA.US,60,20240719,220000,17.7201,17.7201,17.7201,17.7201,101,0
AQWA.US,60,20240722,160000,17.81,17.86,17.81,17.86,304,0
AQWA.US,60,20240722,170000,17.83,17.83,17.83,17.83,150,0
AQWA.US,60,20240722,200000,17.91,17.91,17.91,17.91,100,0
AQWA.US,60,20240723,160000,17.93,17.93,17.93,17.93,157,0
AQWA.US,60,20240723,170000,17.95,17.95,17.95,17.95,800,0
AQWA.US,60,20240723,180000,17.95,17.95,17.94,17.94,500,0
AQWA.US,60,20240723,200000,18.03,18.03,18.0299,18.0299,200,0
AQWA.US,60,20240723,210000,17.9601,17.9601,17.9601,17.9601,150,0
AQWA.US,60,20240724,170000,17.9858,17.9858,17.9858,17.9858,150,0
AQWA.US,60,20240724,180000,17.98,17.98,17.98,17.98,111,0
AQWA.US,60,20240724,190000,18,18,17.9999,17.9999,300,0
AQWA.US,60,20240724,220000,17.9399,17.9399,17.9399,17.9399,698,0
AQWA.US,60,20240725,160000,17.9,17.9,17.9,17.9,100,0
AQWA.US,60,20240725,170000,17.99,17.99,17.94,17.94,1089,0
AQWA.US,60,20240725,180000,18,18.0724,18,18.0724,957,0
AQWA.US,60,20240726,160000,17.99,18.12,17.99,18.1,1425,0
AQWA.US,60,20240726,210000,18.255,18.255,18.255,18.255,600,0
AQWA.US,60,20240729,160000,18.2,18.2,18.2,18.2,200,0
AQWA.US,60,20240729,170000,18.1595,18.164,18.14,18.14,1049,0
AQWA.US,60,20240729,180000,18.185,18.185,18.185,18.185,500,0
AQWA.US,60,20240729,190000,18.16,18.16,18.16,18.16,100,0
AQWA.US,60,20240730,160000,18.12,18.12,18.12,18.12,1223,0
AQWA.US,60,20240730,170000,18.06,18.0699,18.036,18.0699,600,0
AQWA.US,60,20240730,180000,18.07,18.07,18.07,18.07,200,0
AQWA.US,60,20240730,210000,18.06,18.06,18.06,18.06,183,0
AQWA.US,60,20240730,220000,18.09,18.09,18.09,18.09,100,0
AQWA.US,60,20240731,200000,18.23,18.23,18.195,18.195,280,0
AQWA.US,60,20240731,220000,18.19,18.19,18.19,18.19,100,0
AQWA.US,60,20240801,160000,18.19,18.19,18.19,18.19,182,0
AQWA.US,60,20240801,180000,18.01,18.01,18.01,18.01,200,0
AQWA.US,60,20240801,190000,17.98,17.98,17.9321,17.9321,200,0
AQWA.US,60,20240801,200000,17.9451,17.96,17.915,17.915,300,0
AQWA.US,60,20240801,210000,17.95,17.95,17.915,17.915,350,0
AQWA.US,60,20240801,220000,18.01,18.01,18.01,18.01,100,0
AQWA.US,60,20240802,160000,17.94,17.94,17.94,17.94,1301,0
AQWA.US,60,20240802,170000,17.72,17.72,17.67,17.6833,650,0
AQWA.US,60,20240802,180000,17.6,17.68,17.49,17.665,2010,0
AQWA.US,60,20240802,190000,17.62,17.75,17.62,17.68,400,0
AQWA.US,60,20240802,220000,17.7022,17.8,17.7022,17.8,250,0
AQWA.US,60,20240805,160000,18.7981,18.7981,18.62,18.69,985,0
AQWA.US,60,20240805,180000,17.265,17.3,17.265,17.3,200,0
AQWA.US,60,20240805,190000,17.3,17.3,17.2699,17.2699,300,0
AQWA.US,60,20240805,200000,17.23,17.27,17.23,17.27,216,0
AQWA.US,60,20240805,210000,17.22,17.2994,17.22,17.26,400,0
AQWA.US,60,20240805,220000,17.13,17.239,17.13,17.19,1300,0
AQWA.US,60,20240806,180000,17.3,17.3,17.2901,17.2901,500,0
AQWA.US,60,20240806,200000,17.34,17.38,17.34,17.34,700,0
AQWA.US,60,20240806,210000,17.35,17.3501,17.35,17.3501,200,0
AQWA.US,60,20240806,220000,17.37,17.37,17.37,17.37,900,0
AQWA.US,60,20240807,160000,17.5051,17.5051,17.47,17.47,350,0
AQWA.US,60,20240807,200000,17.28,17.28,17.28,17.28,1300,0
AQWA.US,60,20240807,210000,17.29,17.29,17.29,17.29,999,0
AQWA.US,60,20240808,180000,17.31,17.33,17.31,17.32,800,0
AQWA.US,60,20240808,190000,17.3018,17.3018,17.3018,17.3018,100,0
AQWA.US,60,20240809,180000,17.3384,17.34,17.3047,17.34,1000,0
AQWA.US,60,20240809,200000,17.38,17.38,17.355,17.355,1155,0
AQWA.US,60,20240809,220000,17.33,17.33,17.3,17.3,240,0
AQWA.US,60,20240812,210000,17.1864,17.1864,17.1864,17.1864,235,0
AQWA.US,60,20240813,190000,17.5245,17.5245,17.5245,17.5245,104,0
AQWA.US,60,20240813,210000,17.5007,17.54,17.5007,17.54,200,0
AQWA.US,60,20240814,160000,17.56,17.56,17.56,17.56,200,0
AQWA.US,60,20240814,170000,17.5544,17.58,17.5544,17.58,400,0
AQWA.US,60,20240814,180000,17.6,17.6,17.562,17.5999,468,0
AQWA.US,60,20240814,200000,17.59,17.59,17.572,17.572,1125,0
AQWA.US,60,20240814,210000,17.6,17.6,17.565,17.5824,570,0
AQWA.US,60,20240815,160000,17.71,17.71,17.67,17.67,500,0
AQWA.US,60,20240816,180000,17.7011,17.7011,17.7011,17.7011,100,0
AQWA.US,60,20240819,160000,17.78,17.78,17.78,17.78,361,0
AQWA.US,60,20240819,180000,17.77,17.77,17.69,17.69,300,0
AQWA.US,60,20240819,190000,17.77,17.84,17.77,17.84,666,0
AQWA.US,60,20240819,200000,17.85,17.85,17.85,17.85,560,0
AQWA.US,60,20240819,210000,17.87,17.87,17.845,17.845,1568,0
AQWA.US,60,20240819,220000,17.87,17.87,17.87,17.87,132,0
AQWA.US,60,20240820,160000,17.8,17.8,17.8,17.8,240,0
AQWA.US,60,20240820,190000,17.7799,17.7799,17.74,17.74,311,0
AQWA.US,60,20240820,200000,17.7599,17.7599,17.6901,17.6901,898,0
AQWA.US,60,20240820,220000,17.74,17.74,17.74,17.74,100,0
AQWA.US,60,20240821,160000,17.7801,17.7801,17.7801,17.7801,150,0
AQWA.US,60,20240821,170000,17.82,17.82,17.8,17.81,3000,0
AQWA.US,60,20240821,180000,17.8,17.81,17.79,17.8,1908,0
AQWA.US,60,20240821,200000,17.9,17.9,17.8301,17.8301,270,0
AQWA.US,60,20240821,210000,17.895,17.895,17.88,17.88,1621,0
AQWA.US,60,20240821,220000,17.9192,17.9192,17.9192,17.9192,125,0
AQWA.US,60,20240822,170000,17.8554,17.8554,17.8554,17.8554,414,0
AQWA.US,60,20240822,180000,17.802,17.802,17.802,17.802,100,0
AQWA.US,60,20240822,220000,17.74,17.74,17.74,17.74,135,0
AQWA.US,60,20240823,180000,18.06,18.06,18.06,18.06,411,0
AQWA.US,60,20240823,220000,18.0735,18.0735,18.0735,18.0735,102,0
AQWA.US,60,20240826,160000,18.15,18.155,18.15,18.155,2987,0
AQWA.US,60,20240826,170000,18.208,18.208,18.208,18.208,100,0
AQWA.US,60,20240826,180000,18.15,18.15,18.15,18.15,415,0
AQWA.US,60,20240826,190000,18.11,18.11,18.11,18.11,250,0
AQWA.US,60,20240826,220000,18.0923,18.0923,18.0923,18.0923,276,0
AQWA.US,60,20240827,170000,17.95,17.97,17.95,17.97,463,0
AQWA.US,60,20240827,220000,17.98,17.98,17.98,17.98,802,0
AQWA.US,60,20240828,200000,17.97,17.98,17.96,17.98,500,0
AQWA.US,60,20240829,180000,17.91,17.95,17.595,17.595,937,0
AQWA.US,60,20240829,200000,17.29,17.88,17.29,17.32,18044,0
AQWA.US,60,20240829,220000,18.04,18.04,17.985,17.985,380,0
AQWA.US,60,20240830,180000,17.92,17.9201,17.92,17.9201,200,0
AQWA.US,60,20240830,200000,17.85,17.85,17.85,17.85,400,0
AQWA.US,60,20240903,160000,17.92,17.95,17.92,17.95,346,0
AQWA.US,60,20240903,210000,17.6601,17.6601,17.66,17.66,540,0
AQWA.US,60,20240903,220000,17.65,17.65,17.64,17.64,300,0
AQWA.US,60,20240904,160000,17.52,17.52,17.52,17.52,119,0
AQWA.US,60,20240904,170000,17.56,17.56,17.5599,17.5599,2200,0
AQWA.US,60,20240905,190000,17.39,17.39,17.39,17.39,200,0
AQWA.US,60,20240905,210000,17.3712,17.3712,17.3712,17.3712,419,0
AQWA.US,60,20240909,180000,17.29,17.4,17.29,17.4,800,0
AQWA.US,60,20240910,200000,17.45,17.45,17.45,17.45,300,0
AQWA.US,60,20240910,210000,17.46,17.4699,17.46,17.4699,700,0
AQWA.US,60,20240910,220000,17.46,17.4903,17.46,17.4903,500,0
AQWA.US,60,20240911,170000,17.26,17.26,17.26,17.26,110,0
AQWA.US,60,20240911,180000,17.25,17.26,17.25,17.26,340,0
AQWA.US,60,20240911,210000,17.46,17.46,17.46,17.46,356,0
AQWA.US,60,20240912,180000,17.49,17.49,17.49,17.49,100,0
AQWA.US,60,20240913,200000,17.85,17.85,17.85,17.85,1000,0
AQWA.US,60,20240917,160000,18.04,18.04,18.04,18.04,843,0
AQWA.US,60,20240917,180000,18.16,18.16,18.14,18.14,300,0
AQWA.US,60,20240917,200000,18.0981,18.0981,18.09,18.09,300,0
AQWA.US,60,20240917,210000,18.1413,18.1413,18.1413,18.1413,273,0
AQWA.US,60,20240918,160000,18.1899,18.1899,18.1899,18.1899,100,0
AQWA.US,60,20240918,170000,18.0401,18.0401,18.0401,18.0401,100,0
AQWA.US,60,20240918,180000,18.04,18.08,18.04,18.08,553,0
AQWA.US,60,20240918,200000,18.08,18.08,18.08,18.08,100,0
AQWA.US,60,20240918,210000,18.08,18.19,18.08,18.19,1779,0
AQWA.US,60,20240918,220000,18.06,18.0601,18.06,18.0601,248,0
AQWA.US,60,20240919,160000,18.31,18.31,18.31,18.31,607,0
AQWA.US,60,20240919,170000,18.24,18.24,18.24,18.24,349,0
AQWA.US,60,20240919,180000,18.28,18.3026,18.28,18.3026,653,0
AQWA.US,60,20240920,170000,18.205,18.205,18.205,18.205,500,0
AQWA.US,60,20240920,180000,18.12,18.12,18.12,18.12,250,0
AQWA.US,60,20240920,190000,18.14,18.14,18.14,18.14,168,0
AQWA.US,60,20240920,220000,18.149,18.149,18.13,18.13,648,0
AQWA.US,60,20240924,200000,18.29,18.29,18.29,18.29,100,0
AQWA.US,60,20240925,190000,18.23,18.23,18.23,18.23,284,0
AQWA.US,60,20240926,180000,18.415,18.415,18.415,18.415,200,0
AQWA.US,60,20240926,190000,18.39,18.39,18.39,18.39,100,0
AQWA.US,60,20240927,220000,18.37,18.43,18.37,18.43,200,0
AQWA.US,60,20240930,160000,18.3942,18.3942,18.3942,18.3942,100,0
AQWA.US,60,20240930,190000,18.42,18.459359,18.42,18.459359,300,0
AQWA.US,60,20240930,220000,18.4301,18.4301,18.4301,18.4301,300,0
AQWA.US,60,20241001,210000,18.489,18.489,18.489,18.489,448,0
AQWA.US,60,20241001,220000,18.5,18.55,18.5,18.55,2105,0
AQWA.US,60,20241002,170000,18.41,18.41,18.41,18.41,1000,0
AQWA.US,60,20241003,160000,18.42,18.42,18.42,18.42,100,0
AQWA.US,60,20241003,170000,18.2467,18.2467,18.2467,18.2467,104,0
AQWA.US,60,20241004,180000,18.1712,18.1712,18.1712,18.1712,200,0
AQWA.US,60,20241004,190000,18.2316,18.2316,18.2316,18.2316,129,0
AQWA.US,60,20241004,210000,18.1855,18.1855,18.18,18.18,211,0
AQWA.US,60,20241004,220000,18.24,18.24,18.24,18.24,100,0
AQWA.US,60,20241007,200000,18.2,18.2,18.2,18.2,100,0
AQWA.US,60,20241007,210000,18.19,18.19,18.19,18.19,100,0
AQWA.US,60,20241008,180000,18.1,18.14,18.1,18.14,311,0
AQWA.US,60,20241009,160000,18.02,18.02,18.02,18.02,207,0
AQWA.US,60,20241009,220000,18.14,18.14,18.14,18.14,100,0
AQWA.US,60,20241010,160000,18.14,18.14,18.12,18.12,475,0
AQWA.US,60,20241010,200000,18.1499,18.1499,18.1499,18.1499,300,0
AQWA.US,60,20241010,220000,18.09,18.09,18.09,18.09,615,0
AQWA.US,60,20241011,170000,18.1581,18.1581,18.1581,18.1581,250,0
AQWA.US,60,20241011,190000,18.1815,18.1815,18.1815,18.1815,100,0
AQWA.US,60,20241011,220000,18.18,18.18,18.18,18.18,274,0
AQWA.US,60,20241014,160000,18.26,18.26,18.26,18.26,152,0
AQWA.US,60,20241014,170000,18.3,18.3,18.3,18.3,100,0
AQWA.US,60,20241014,190000,18.4032,18.4032,18.4032,18.4032,100,0
AQWA.US,60,20241014,220000,18.47,18.47,18.47,18.47,100,0
AQWA.US,60,20241015,170000,18.5179,18.5179,18.5179,18.5179,200,0
AQWA.US,60,20241015,200000,18.49,18.49,18.49,18.49,539,0
AQWA.US,60,20241015,220000,18.4399,18.4399,18.4399,18.4399,100,0
AQWA.US,60,20241016,170000,18.5201,18.5201,18.5201,18.5201,100,0
AQWA.US,60,20241017,160000,18.58,18.58,18.4324,18.4324,878,0
AQWA.US,60,20241017,180000,18.4,18.4,18.3999,18.3999,280,0
AQWA.US,60,20241017,200000,18.39,18.39,18.39,18.39,100,0
AQWA.US,60,20241017,220000,18.3999,18.86,18.391,18.86,1075,0
AQWA.US,60,20241018,180000,18.4694,18.4694,18.4694,18.4694,185,0
AQWA.US,60,20241018,200000,18.47,18.51,18.44,18.51,300,0
AQWA.US,60,20241021,170000,18.42,18.42,18.3702,18.3702,2498,0
AQWA.US,60,20241021,200000,18.2668,18.2668,18.2668,18.2668,275,0
AQWA.US,60,20241023,210000,18.0099,18.01,18.0099,18.01,300,0
AQWA.US,60,20241025,180000,18,18,18,18,100,0
AQWA.US,60,20241025,200000,17.8755,17.8755,17.8755,17.8755,1000,0
AQWA.US,60,20241025,220000,17.85,17.85,17.85,17.85,100,0
AQWA.US,60,20241029,160000,18.02,18.02,17.825,17.825,1732,0
AQWA.US,60,20241029,180000,17.85,17.86,17.85,17.86,300,0
AQWA.US,60,20241029,190000,17.88,17.88,17.86,17.86,697,0
AQWA.US,60,20241030,150000,17.77,17.77,17.76,17.76,781,0
AQWA.US,60,20241101,180000,17.6642,17.6642,17.6642,17.6642,100,0
AQWA.US,60,20241101,200000,17.53,17.53,17.53,17.53,200,0
AQWA.US,60,20241104,160000,17.63,17.63,17.63,17.63,102,0
AQWA.US,60,20241105,170000,17.81,17.81,17.81,17.81,120,0
AQWA.US,60,20241105,220000,17.9399,17.94,17.9399,17.94,1079,0
AQWA.US,60,20241106,170000,18.26,18.26,18.26,18.26,300,0
AQWA.US,60,20241106,190000,18.28,18.28,18.1601,18.1601,250,0
AQWA.US,60,20241106,210000,18.27,18.27,18.27,18.27,100,0
AQWA.US,60,20241106,220000,18.2438,18.2438,18.2438,18.2438,128,0
AQWA.US,60,20241107,180000,18.29,18.29,18.29,18.29,300,0
AQWA.US,60,20241107,190000,18.2194,18.2194,18.2194,18.2194,275,0
AQWA.US,60,20241108,170000,18.12,18.17,18.11,18.17,500,0
AQWA.US,60,20241108,200000,18.11,18.11,18.1099,18.1099,280,0
AQWA.US,60,20241108,210000,18.14,18.14,18.14,18.14,200,0
AQWA.US,60,20241111,160000,18.28,18.28,18.26,18.26,503,0
AQWA.US,60,20241111,170000,18.2296,18.2296,18.2296,18.2296,276,0
AQWA.US,60,20241111,190000,18.32,18.32,18.32,18.32,300,0
AQWA.US,60,20241111,200000,18.29,18.29,18.29,18.29,100,0
AQWA.US,60,20241111,220000,18.26,18.27,18.26,18.27,388,0
AQWA.US,60,20241112,200000,17.9503,17.9512,17.9503,17.9512,650,0
AQWA.US,60,20241113,190000,17.98,17.98,17.98,17.98,100,0
AQWA.US,60,20241113,210000,18.0081,18.0081,18.0081,18.0081,106,0
AQWA.US,60,20241114,170000,18.025,18.025,18.025,18.025,278,0
AQWA.US,60,20241114,200000,18,18,17.9999,17.9999,200,0
AQWA.US,60,20241114,220000,17.94,17.9799,17.86,17.86,807,0
AQWA.US,60,20241115,160000,17.86,17.86,17.86,17.86,803,0
AQWA.US,60,20241115,170000,17.8382,17.8382,17.8382,17.8382,253,0
AQWA.US,60,20241115,180000,17.83,17.8886,17.83,17.8886,561,0
AQWA.US,60,20241115,200000,17.84,17.84,17.84,17.84,100,0
AQWA.US,60,20241115,210000,17.86,17.8601,17.86,17.8601,300,0
AQWA.US,60,20241115,220000,17.87,17.93,17.87,17.93,360,0
AQWA.US,60,20241118,170000,17.94,17.94,17.94,17.94,200,0
AQWA.US,60,20241118,180000,18.05,18.05,18.0499,18.0499,276,0
AQWA.US,60,20241118,190000,18.05,18.05,17.96,17.96,600,0
AQWA.US,60,20241118,200000,17.94,17.9732,17.94,17.9732,432,0
AQWA.US,60,20241118,210000,17.95,17.95,17.95,17.95,100,0
AQWA.US,60,20241118,220000,17.95,17.95,17.94,17.94,307,0
AQWA.US,60,20241119,170000,17.8839,17.99,17.8839,17.99,900,0
AQWA.US,60,20241120,160000,18.0037,18.0037,18.0037,18.0037,134,0
AQWA.US,60,20241120,170000,18,18,18,18,163,0
AQWA.US,60,20241120,180000,17.9412,17.96,17.9412,17.96,1300,0
AQWA.US,60,20241120,190000,17.88,17.88,17.88,17.88,100,0
AQWA.US,60,20241120,200000,17.949,17.949,17.949,17.949,140,0
AQWA.US,60,20241120,210000,17.88,17.8801,17.88,17.8801,200,0
AQWA.US,60,20241121,160000,17.99,17.99,17.95,17.95,529,0
AQWA.US,60,20241121,170000,18,18.05,18,18.05,289,0
AQWA.US,60,20241121,190000,18.13,18.16,18.1299,18.16,700,0
AQWA.US,60,20241121,210000,18.09,18.09,18.09,18.09,100,0
AQWA.US,60,20241121,220000,18.14,18.14,18.14,18.14,100,0
AQWA.US,60,20241122,170000,18.2499,18.2499,18.2499,18.2499,112,0
AQWA.US,60,20241125,160000,18.33,18.36,18.33,18.36,770,0
AQWA.US,60,20241125,170000,18.41,18.41,18.41,18.41,100,0
AQWA.US,60,20241125,200000,18.4142,18.4142,18.4142,18.4142,301,0
AQWA.US,60,20241125,220000,18.47,18.47,18.47,18.47,100,0
AQWA.US,60,20241126,160000,18.3071,18.3071,18.28,18.2939,1100,0
AQWA.US,60,20241126,180000,18.221,18.221,18.221,18.221,125,0
AQWA.US,60,20241126,190000,18.2999,18.2999,18.2999,18.2999,100,0
AQWA.US,60,20241127,180000,18.41,18.41,18.41,18.41,100,0
AQWA.US,60,20241127,220000,18.3426,18.345,18.3426,18.345,383,0
AQWA.US,60,20241129,160000,18.34,18.34,18.301,18.301,674,0
AQWA.US,60,20241129,190000,18.4,18.42,18.4,18.42,388,0
AQWA.US,60,20241202,160000,18.28,18.28,18.2799,18.2799,600,0
AQWA.US,60,20241202,170000,18.305,18.305,18.305,18.305,100,0
AQWA.US,60,20241203,220000,18.56,18.56,18.56,18.56,100,0
AQWA.US,60,20241204,210000,18.409302,18.43,18.409302,18.43,901,0
AQWA.US,60,20241204,220000,18.4,18.4165,18.4,18.4165,316,0
AQWA.US,60,20241205,160000,18.4,18.4001,18.39,18.39,443,0
AQWA.US,60,20241206,170000,18.37,18.37,18.3014,18.3014,674,0
AQWA.US,60,20241206,180000,18.33,18.33,18.33,18.33,500,0
AQWA.US,60,20241206,210000,18.23,18.23,18.23,18.23,294,0
AQWA.US,60,20241206,220000,18.28,18.42,18.28,18.42,2764,0
AQWA.US,60,20241209,160000,18.38,18.38,18.38,18.38,417,0
AQWA.US,60,20241209,170000,18.4207,18.44,18.4207,18.44,303,0
AQWA.US,60,20241209,190000,18.45,18.45,18.42,18.42,346,0
AQWA.US,60,20241210,160000,18.21,18.21,18,18,1284,0
AQWA.US,60,20241210,210000,18.1565,18.158,18.13,18.158,2030,0
AQWA.US,60,20241210,220000,18.17,18.17,18.081,18.081,350,0
AQWA.US,60,20241211,170000,18.13,18.15,18.13,18.15,525,0
AQWA.US,60,20241211,190000,18.154,18.154,18.154,18.154,151,0
AQWA.US,60,20241211,200000,18.12,18.13,18.08,18.0801,2510,0
AQWA.US,60,20241211,220000,18.1,18.1,18.1,18.1,190,0
AQWA.US,60,20241212,160000,18.08,18.08,18.08,18.08,300,0
AQWA.US,60,20241212,170000,18.0401,18.0401,18.0401,18.0401,301,0
AQWA.US,60,20241212,180000,18.07,18.07,18.0699,18.0699,552,0
AQWA.US,60,20241212,200000,18,18,17.96,17.96,211,0
AQWA.US,60,20241212,210000,17.96,17.96,17.96,17.96,120,0
AQWA.US,60,20241212,220000,17.9843,17.9843,17.93,17.93,408,0
AQWA.US,60,20241213,190000,17.8203,17.8203,17.8203,17.8203,150,0
AQWA.US,60,20241213,210000,17.85,17.85,17.85,17.85,125,0
AQWA.US,60,20241213,220000,17.8393,17.8393,17.79,17.79,1873,0
AQWA.US,60,20241216,170000,17.93,17.93,17.93,17.93,100,0
AQWA.US,60,20241216,180000,17.9,17.9,17.8999,17.8999,222,0
AQWA.US,60,20241216,210000,17.89,17.89,17.89,17.89,100,0
AQWA.US,60,20241217,160000,17.75,17.75,17.75,17.75,193,0
AQWA.US,60,20241217,170000,17.77,17.77,17.77,17.77,100,0
AQWA.US,60,20241217,180000,17.81,17.81,17.8099,17.8099,262,0
AQWA.US,60,20241217,200000,17.76,17.76,17.76,17.76,100,0
AQWA.US,60,20241217,220000,17.6601,17.6601,17.66,17.66,552,0
AQWA.US,60,20241218,160000,17.68,17.68,17.67,17.67,783,0
AQWA.US,60,20241218,170000,17.65,17.65,17.65,17.65,156,0
AQWA.US,60,20241218,180000,17.61,17.61,17.59,17.59,200,0
AQWA.US,60,20241218,210000,17.505,17.505,17.5,17.5,3127,0
AQWA.US,60,20241218,220000,17.16,17.16,17.02,17.02,1837,0
AQWA.US,60,20241219,170000,17.08,17.08,17.07,17.07,1150,0
AQWA.US,60,20241219,190000,17.05,17.05,17.05,17.05,300,0
AQWA.US,60,20241219,210000,17.15,17.16,17.13,17.13,1680,0
AQWA.US,60,20241220,160000,16.94,16.94,16.94,16.94,401,0
AQWA.US,60,20241220,190000,17.12,17.19,17.12,17.19,8269,0
AQWA.US,60,20241220,200000,17.16,17.3,17.16,17.25,9647,0
AQWA.US,60,20241220,210000,17.2,17.2,17.2,17.2,162,0
AQWA.US,60,20241223,170000,17,17,17,17,200,0
AQWA.US,60,20241223,180000,16.995,17.05,16.9927,17.05,735,0
AQWA.US,60,20241223,200000,17.04,17.13,17.0399,17.0399,600,0
AQWA.US,60,20241223,220000,17.0015,17.0015,17.0015,17.0015,157,0
AQWA.US,60,20241224,180000,17.13,17.13,17.13,17.13,113,0
AQWA.US,60,20241227,190000,17.1436,17.1436,17.05,17.05,200,0
AQWA.US,60,20241227,210000,17.0101,17.095,17.01,17.095,1906,0
AQWA.US,60,20241230,160000,16.88,16.88,16.88,16.88,902,0
AQWA.US,60,20241230,180000,16.7911,16.7911,16.7911,16.7911,253,0
AQWA.US,60,20241230,190000,16.82,16.82,16.82,16.82,164,0
AQWA.US,60,20241230,210000,16.86,16.87,16.86,16.87,720,0
AQWA.US,60,20241230,220000,16.84,16.8401,16.84,16.8401,200,0
AQWA.US,60,20241231,160000,17.24,17.24,17.24,17.24,102,0
AQWA.US,60,20250102,180000,16.815,16.86,16.815,16.86,508,0
AQWA.US,60,20250103,170000,16.724,16.724,16.724,16.724,180,0
AQWA.US,60,20250103,180000,16.74,16.74,16.74,16.74,100,0
AQWA.US,60,20250103,190000,16.76,16.76,16.75,16.75,200,0
AQWA.US,60,20250103,200000,16.75,16.78,16.75,16.78,200,0
AQWA.US,60,20250103,210000,16.78,16.78,16.78,16.78,253,0
AQWA.US,60,20250103,220000,16.78,16.78,16.78,16.78,100,0
AQWA.US,60,20250106,180000,16.726,16.79,16.726,16.79,1100,0
AQWA.US,60,20250106,190000,16.79,16.79,16.79,16.79,100,0
AQWA.US,60,20250106,200000,16.73,16.73,16.73,16.73,850,0
AQWA.US,60,20250107,160000,16.76,16.76,16.76,16.76,136,0
AQWA.US,60,20250107,170000,16.75,16.75,16.75,16.75,523,0
AQWA.US,60,20250107,180000,16.635,16.635,16.635,16.635,100,0
AQWA.US,60,20250107,190000,16.6137,16.6137,16.6137,16.6137,109,0
AQWA.US,60,20250108,160000,16.46,16.46,16.46,16.46,1302,0
AQWA.US,60,20250108,170000,16.375,16.44,16.375,16.44,533,0
AQWA.US,60,20250108,180000,16.4611,16.4611,16.4611,16.4611,150,0
AQWA.US,60,20250108,200000,16.5099,16.51,16.5099,16.51,700,0
AQWA.US,60,20250108,210000,16.5,16.5,16.49,16.49,200,0
AQWA.US,60,20250108,220000,16.57,16.58,16.57,16.58,200,0
AQWA.US,60,20250110,160000,16.43,16.43,16.43,16.43,109,0
AQWA.US,60,20250110,170000,16.35,16.3799,16.35,16.3799,500,0
AQWA.US,60,20250110,180000,16.36,16.36,16.36,16.36,100,0
AQWA.US,60,20250110,190000,16.35,16.35,16.35,16.35,408,0
AQWA.US,60,20250110,200000,16.31,16.31,16.31,16.31,100,0
AQWA.US,60,20250110,210000,16.27,16.32,16.27,16.32,983,0
AQWA.US,60,20250110,220000,16.2471,16.279,16.2471,16.279,1008,0
AQWA.US,60,20250113,160000,16.17,16.2,16.17,16.2,1452,0
AQWA.US,60,20250113,190000,16.22,16.22,16.22,16.22,123,0
AQWA.US,60,20250113,200000,16.2781,16.2781,16.2781,16.2781,221,0
AQWA.US,60,20250113,220000,16.33,16.33,16.33,16.33,100,0
AQWA.US,60,20250114,160000,16.43,16.43,16.43,16.43,201,0
AQWA.US,60,20250114,170000,16.56,16.56,16.56,16.56,100,0
AQWA.US,60,20250114,180000,16.52,16.61,16.52,16.6,3904,0
AQWA.US,60,20250114,200000,16.56,16.56,16.56,16.56,100,0
AQWA.US,60,20250115,160000,16.95,16.95,16.95,16.95,200,0
AQWA.US,60,20250115,170000,16.89,16.89,16.8899,16.8899,354,0
AQWA.US,60,20250116,160000,16.88,16.88,16.88,16.88,506,0
AQWA.US,60,20250116,170000,16.8902,16.8902,16.8902,16.8902,122,0
AQWA.US,60,20250116,210000,16.94,16.94,16.93,16.9301,1134,0
AQWA.US,60,20250117,160000,17.1,17.14,17.1,17.14,653,0
AQWA.US,60,20250117,170000,17.1116,17.1116,17.1116,17.1116,1000,0
AQWA.US,60,20250117,210000,17.14,17.14,17.1399,17.1399,250,0
AQWA.US,60,20250121,160000,17.25,17.25,17.25,17.25,109,0
AQWA.US,60,20250121,180000,17.3,17.3,17.3,17.3,200,0
AQWA.US,60,20250121,190000,17.2765,17.2765,17.2765,17.2765,273,0
AQWA.US,60,20250121,210000,17.33,17.34,17.31,17.3399,750,0
AQWA.US,60,20250122,220000,17.206,17.206,17.206,17.206,580,0
AQWA.US,60,20250123,160000,17.2,17.2,17.2,17.2,323,0
AQWA.US,60,20250123,170000,17.115,17.115,17.115,17.115,200,0
AQWA.US,60,20250124,180000,17.09,17.09,17.06,17.06,678,0
AQWA.US,60,20250124,220000,17.001,17.001,17.001,17.001,250,0
AQWA.US,60,20250127,160000,17.02,17.02,17.02,17.02,100,0
AQWA.US,60,20250127,210000,17.141,17.29,17.141,17.29,400,0
AQWA.US,60,20250127,220000,17.28,17.34,17.24,17.32,2446,0
AQWA.US,60,20250128,160000,17.31,17.31,17.31,17.31,511,0
AQWA.US,60,20250128,180000,17.28,17.28,17.165,17.165,353,0
AQWA.US,60,20250128,220000,17.28,17.28,17.28,17.28,100,0
AQWA.US,60,20250129,160000,17.27,17.27,17.27,17.27,200,0
AQWA.US,60,20250129,170000,17.24,17.25,17.24,17.25,800,0
AQWA.US,60,20250130,160000,17.4,17.4,17.4,17.4,100,0
AQWA.US,60,20250131,210000,17.23,17.23,17.23,17.23,1446,0
AQWA.US,60,20250203,200000,17.1209,17.1209,17.1209,17.1209,200,0
AQWA.US,60,20250205,160000,17.18,17.26,17.18,17.1856,1608,0
AQWA.US,60,20250206,180000,17.2499,17.2499,17.21,17.21,2200,0
AQWA.US,60,20250207,170000,17.2393,17.2393,17.2393,17.2393,100,0
AQWA.US,60,20250207,190000,17.1252,17.1252,17.1,17.1,1500,0
AQWA.US,60,20250207,210000,17.09,17.12,17.09,17.1144,462,0
AQWA.US,60,20250210,220000,17.2,17.2,17.2,17.2,242,0
AQWA.US,60,20250211,170000,17.331,17.4051,17.331,17.381,332,0
AQWA.US,60,20250211,210000,17.38,17.38,17.38,17.38,280,0
AQWA.US,60,20250211,220000,17.41,17.41,17.41,17.41,181,0
AQWA.US,60,20250212,160000,17.28,17.28,17.28,17.28,593,0
AQWA.US,60,20250212,170000,17.2693,17.3,17.2666,17.2666,2496,0
AQWA.US,60,20250212,190000,17.3035,17.3035,17.3035,17.3035,650,0
AQWA.US,60,20250213,160000,17.385,17.385,17.385,17.385,180,0
AQWA.US,60,20250213,180000,17.3718,17.3718,17.37,17.37,500,0
AQWA.US,60,20250213,210000,17.3901,17.3901,17.3901,17.3901,100,0
AQWA.US,60,20250213,220000,17.49,17.49,17.49,17.49,100,0
AQWA.US,60,20250214,160000,17.52,17.52,17.52,17.52,519,0
AQWA.US,60,20250214,170000,17.54,17.54,17.54,17.54,100,0
AQWA.US,60,20250214,180000,17.53,17.53,17.5299,17.5299,350,0
AQWA.US,60,20250214,200000,17.45,17.45,17.45,17.45,100,0
AQWA.US,60,20250218,170000,17.51,17.51,17.5,17.5,673,0
AQWA.US,60,20250218,180000,17.5,17.5186,17.5,17.5186,738,0
AQWA.US,60,20250219,160000,17.4,17.4,17.4,17.4,100,0
AQWA.US,60,20250219,180000,17.42,17.42,17.42,17.42,457,0
AQWA.US,60,20250219,210000,17.51,17.51,17.51,17.51,100,0
AQWA.US,60,20250220,160000,17.42,17.42,17.42,17.42,206,0
AQWA.US,60,20250220,190000,17.305,17.305,17.305,17.305,200,0
AQWA.US,60,20250220,200000,17.2972,17.3,17.2972,17.3,3201,0
AQWA.US,60,20250220,210000,17.385,17.385,17.385,17.385,170,0
AQWA.US,60,20250221,160000,17.41,17.41,17.32,17.32,1554,0
AQWA.US,60,20250221,170000,17.22,17.22,17.22,17.22,1100,0
AQWA.US,60,20250221,190000,17.225,17.26,17.17,17.23,986,0
AQWA.US,60,20250221,200000,17.13,17.13,17.13,17.13,100,0
AQWA.US,60,20250221,210000,17.14,17.14,17.14,17.14,170,0
AQWA.US,60,20250224,180000,17.14,17.14,17.14,17.14,300,0
AQWA.US,60,20250224,200000,17.21,17.22,17.15,17.15,617,0
AQWA.US,60,20250224,210000,17.141,17.141,17.12,17.12,237,0
AQWA.US,60,20250224,220000,17.1424,17.1424,17.1424,17.1424,100,0
AQWA.US,60,20250225,170000,17.2147,17.2147,17.2147,17.2147,110,0
AQWA.US,60,20250225,180000,17.231,17.231,17.231,17.231,100,0
AQWA.US,60,20250225,190000,17.27,17.27,17.27,17.27,430,0
AQWA.US,60,20250225,210000,17.3,17.3,17.3,17.3,100,0
AQWA.US,60,20250226,170000,17.29,17.29,17.29,17.29,218,0
AQWA.US,60,20250226,220000,17.29,17.29,17.27,17.27,1177,0
AQWA.US,60,20250227,170000,17.195,17.195,17.195,17.195,105,0
AQWA.US,60,20250227,180000,17.1919,17.1919,17.1919,17.1919,350,0
AQWA.US,60,20250227,220000,17.12,17.16,17.12,17.16,401,0
AQWA.US,60,20250304,180000,17,17.055,16.99,17.055,2477,0
AQWA.US,60,20250304,200000,17.1893,17.19,17.155,17.155,1445,0
AQWA.US,60,20250304,220000,17.2399,17.2399,17.1,17.1,381,0
AQWA.US,60,20250305,160000,17,17,17,17,105,0
AQWA.US,60,20250305,170000,17.092,17.092,17.092,17.092,104,0
AQWA.US,60,20250305,190000,17.08,17.08,17.08,17.08,300,0
AQWA.US,60,20250305,210000,17.1854,17.22,17.1854,17.22,250,0
AQWA.US,60,20250306,160000,17.04,17.04,17.04,17.04,152,0
AQWA.US,60,20250306,190000,17,17.069,17,17.05,3482,0
AQWA.US,60,20250306,200000,17.08,17.08,17.08,17.08,100,0
AQWA.US,60,20250306,210000,17.06,17.1,17.0484,17.1,1047,0
AQWA.US,60,20250307,170000,17.14,17.14,17.14,17.14,375,0
AQWA.US,60,20250307,220000,17.3322,17.39,17.3322,17.39,400,0
AQWA.US,60,20250310,150000,17.25,17.39,17.25,17.39,515,0
AQWA.US,60,20250310,170000,17.37,17.37,17.37,17.37,300,0
AQWA.US,60,20250310,190000,17.38,17.38,17.38,17.38,100,0
AQWA.US,60,20250310,200000,17.34,17.34,17.34,17.34,100,0
AQWA.US,60,20250310,210000,17.285,17.285,17.285,17.285,100,0
AQWA.US,60,20250311,150000,17.23,17.23,17.23,17.23,213,0
AQWA.US,60,20250311,160000,17.1138,17.1138,17.1138,17.1138,200,0
AQWA.US,60,20250311,170000,17.0703,17.09,17.0703,17.09,200,0
AQWA.US,60,20250311,180000,17.05,17.05,17.01,17.03,400,0
AQWA.US,60,20250311,190000,17.01,17.02,17.01,17.02,700,0
AQWA.US,60,20250311,200000,17.06,17.17,17.06,17.17,500,0
AQWA.US,60,20250311,210000,17.12,17.15,17.03,17.04,900,0
AQWA.US,60,20250312,150000,17,17,17,17,263,0
AQWA.US,60,20250312,180000,16.905,16.905,16.905,16.905,202,0
AQWA.US,60,20250312,190000,16.88,16.88,16.88,16.88,200,0
AQWA.US,60,20250313,160000,16.7899,16.7899,16.7672,16.7672,3348,0
AQWA.US,60,20250314,150000,16.83,16.83,16.83,16.83,250,0
AQWA.US,60,20250314,170000,16.97,17.04,16.97,17.04,4700,0
AQWA.US,60,20250317,150000,17.06,17.16,17.06,17.16,1768,0
AQWA.US,60,20250317,190000,17.2,17.2,17.19,17.19,200,0
AQWA.US,60,20250317,200000,17.28,17.28,17.28,17.28,240,0
AQWA.US,60,20250318,150000,17.13,17.13,17.13,17.13,406,0
AQWA.US,60,20250318,180000,17.0738,17.08,17.0738,17.08,299,0
AQWA.US,60,20250318,190000,17.143,17.16,17.143,17.16,800,0
AQWA.US,60,20250318,200000,17.1,17.13,17.1,17.13,1440,0
AQWA.US,60,20250318,210000,17.12,17.12,17.12,17.12,100,0
AQWA.US,60,20250319,150000,17.08,17.08,17.04,17.04,990,0
AQWA.US,60,20250319,190000,17.1,17.15,17.08,17.08,5200,0
AQWA.US,60,20250319,200000,17.14,17.18,17.13,17.16,400,0
AQWA.US,60,20250319,210000,17.21,17.21,17.21,17.21,100,0
AQWA.US,60,20250320,190000,17.095,17.11,17.095,17.11,770,0
AQWA.US,60,20250320,200000,17.09,17.09,17.09,17.09,100,0
AQWA.US,60,20250320,210000,17.08,17.08,17.08,17.08,100,0
AQWA.US,60,20250321,150000,16.96,16.96,16.9289,16.9289,710,0
AQWA.US,60,20250321,170000,16.88,16.88,16.87,16.87,200,0
AQWA.US,60,20250321,180000,16.89,16.89,16.89,16.89,832,0
AQWA.US,60,20250321,190000,16.92,16.92,16.92,16.92,100,0
AQWA.US,60,20250321,210000,16.91,16.91,16.88,16.88,200,0
AQWA.US,60,20250324,150000,17.1037,17.1037,17.1037,17.1037,180,0
AQWA.US,60,20250324,180000,17.05,17.05,17.0499,17.0499,200,0
AQWA.US,60,20250324,190000,17,17,17,17,200,0
AQWA.US,60,20250324,210000,17.03,17.03,17.03,17.03,158,0
AQWA.US,60,20250325,170000,17.07,17.07,17.05,17.05,200,0
AQWA.US,60,20250325,200000,17.12,17.12,17.085,17.085,293,0
AQWA.US,60,20250325,210000,17.04,17.04,17.04,17.04,100,0
AQWA.US,60,20250326,150000,17.0606,17.0606,17.0606,17.0606,115,0
AQWA.US,60,20250326,170000,17.155,17.155,17.155,17.155,600,0
AQWA.US,60,20250326,210000,17.12,17.16,17.12,17.16,1460,0
AQWA.US,60,20250327,190000,17.07,17.07,17.07,17.07,400,0
AQWA.US,60,20250328,160000,17.12,17.12,17.12,17.12,200,0
AQWA.US,60,20250328,170000,17.02,17.02,17.02,17.02,100,0
AQWA.US,60,20250328,180000,17.015,17.015,17.015,17.015,1460,0
AQWA.US,60,20250328,200000,16.98,16.98,16.98,16.98,100,0
AQWA.US,60,20250331,210000,16.99,16.99,16.9802,16.99,1760,0
AQWA.US,60,20250331,220000,17.04,17.04,17.04,17.04,100,0
AQWA.US,60,20250402,160000,17.009,17.3,17.009,17.009,1100,0
AQWA.US,60,20250402,170000,17.05,17.119,17.0417,17.07,8956,0
AQWA.US,60,20250402,190000,17.16,17.17,17.16,17.17,200,0
AQWA.US,60,20250402,200000,17.2,17.2,17.2,17.2,100,0
AQWA.US,60,20250402,210000,17.14,17.14,17.14,17.14,200,0
AQWA.US,60,20250402,220000,17.13,17.15,17.13,17.15,200,0
AQWA.US,60,20250403,190000,17.06,17.06,17.06,17.06,100,0
AQWA.US,60,20250403,220000,16.97,16.97,16.97,16.97,200,0
AQWA.US,60,20250404,160000,16.99,16.99,16.51,16.51,1910,0
AQWA.US,60,20250404,180000,16.4,16.4,16.4,16.4,200,0
AQWA.US,60,20250404,190000,16.3274,16.3274,16.2652,16.32,3650,0
AQWA.US,60,20250404,210000,16.26,16.26,16.26,16.26,1680,0
AQWA.US,60,20250404,220000,16.31,16.31,16.31,16.31,100,0
AQWA.US,60,20250407,160000,16.101,16.101,15.93,15.93,1350,0
AQWA.US,60,20250407,180000,15.819,15.819,15.7597,15.7597,222,0
AQWA.US,60,20250407,190000,15.8729,15.8729,15.73,15.73,200,0
AQWA.US,60,20250407,220000,15.95,15.95,15.95,15.95,100,0
AQWA.US,60,20250408,190000,16.2021,16.2021,16.2021,16.2021,613,0
AQWA.US,60,20250408,200000,15.98,16.11,15.98,16.04,936,0
AQWA.US,60,20250408,210000,16.06,16.06,15.919,15.919,251,0
AQWA.US,60,20250408,220000,15.75,15.75,15.6708,15.6708,500,0
AQWA.US,60,20250409,160000,15.53,15.53,15.53,15.53,126,0
AQWA.US,60,20250409,170000,15.77,15.77,15.77,15.77,100,0
AQWA.US,60,20250409,190000,15.65,15.8699,15.65,15.8699,1087,0
AQWA.US,60,20250409,200000,16.42,16.42,16.42,16.42,100,0
AQWA.US,60,20250409,210000,16.47,16.4701,16.47,16.4701,300,0
AQWA.US,60,20250410,170000,16.5,16.5,16.5,16.5,500,0
AQWA.US,60,20250410,190000,16.22,16.23,16.1472,16.1472,1332,0
AQWA.US,60,20250410,210000,16.4757,16.4757,16.4757,16.4757,310,0
AQWA.US,60,20250410,220000,16.57,16.58,16.57,16.58,310,0
AQWA.US,60,20250411,170000,16.5,16.5,16.5,16.5,100,0
AQWA.US,60,20250411,190000,16.7,16.71,16.7,16.7,301,0
AQWA.US,60,20250414,160000,17.34,17.34,16.93,16.93,468,0
AQWA.US,60,20250414,170000,16.98,16.99,16.98,16.99,361,0
AQWA.US,60,20250414,190000,16.94,16.94,16.915,16.92,400,0
AQWA.US,60,20250414,200000,16.94,16.94,16.87,16.87,400,0
AQWA.US,60,20250414,210000,17.029,17.029,17.029,17.029,109,0
AQWA.US,60,20250414,220000,17.04,17.04,17.04,17.04,101,0
AQWA.US,60,20250415,160000,17.29,17.29,17.29,17.29,103,0
AQWA.US,60,20250415,180000,16.99,16.99,16.99,16.99,100,0
AQWA.US,60,20250415,190000,17.11,17.11,17.11,17.11,229,0
AQWA.US,60,20250415,210000,17.04,17.04,17.04,17.04,100,0
AQWA.US,60,20250415,220000,17.06,17.06,17.03,17.03,487,0
AQWA.US,60,20250416,200000,16.9635,16.9635,16.96,16.96,1554,0
AQWA.US,60,20250416,210000,16.8,16.8,16.8,16.8,300,0
AQWA.US,60,20250417,160000,16.98,16.98,16.98,16.98,202,0
AQWA.US,60,20250417,170000,17.1,17.1,17.1,17.1,100,0
AQWA.US,60,20250417,190000,17.01,17.01,17.01,17.01,291,0
AQWA.US,60,20250417,200000,17.05,17.05,17.05,17.05,100,0
AQWA.US,60,20250417,210000,17.21,17.21,17.21,17.21,100,0
AQWA.US,60,20250421,160000,17.16,17.16,17.02,17.02,1830,0
AQWA.US,60,20250421,170000,17.01,17.03,17.01,17.03,200,0
AQWA.US,60,20250421,180000,16.92,16.92,16.8228,16.89,700,0
AQWA.US,60,20250421,200000,16.82,16.82,16.7493,16.7493,598,0
AQWA.US,60,20250421,220000,16.9,16.92,16.9,16.92,200,0
AQWA.US,60,20250422,170000,17.18,17.18,17.18,17.18,100,0
AQWA.US,60,20250422,190000,17.28,17.28,17.28,17.28,200,0
AQWA.US,60,20250422,200000,17.12,17.12,17.12,17.12,2611,0
AQWA.US,60,20250422,220000,17.36,17.36,17.36,17.36,200,0
AQWA.US,60,20250423,160000,17.48,17.48,17.48,17.48,114,0
AQWA.US,60,20250423,220000,17.36,17.36,17.36,17.36,100,0
AQWA.US,60,20250424,170000,17.49,17.49,17.47,17.47,200,0
AQWA.US,60,20250424,180000,17.56,17.56,17.56,17.56,100,0
AQWA.US,60,20250428,190000,17.68,17.68,17.6,17.6,2125,0
AQWA.US,60,20250428,220000,17.621,17.621,17.621,17.621,427,0
AQWA.US,60,20250429,160000,17.65,17.65,17.65,17.65,336,0
AQWA.US,60,20250429,170000,17.655,17.655,17.655,17.655,100,0
AQWA.US,60,20250430,180000,17.71,17.71,17.71,17.71,112,0
AQWA.US,60,20250430,210000,17.795,17.89,17.78,17.85,1537,0
AQWA.US,60,20250430,220000,17.845,17.95,17.78,17.95,995,0
AQWA.US,60,20250501,200000,17.875,17.875,17.875,17.875,111,0
AQWA.US,60,20250502,160000,18,18,18,18,267,0
AQWA.US,60,20250502,180000,18.07,18.07,17.995,18.0699,600,0
AQWA.US,60,20250502,210000,17.99,18,17.99,17.99,500,0
AQWA.US,60,20250505,160000,18.08,18.375,18.0575,18.0575,1226,0
AQWA.US,60,20250505,180000,18.02,18.02,18.02,18.02,600,0
AQWA.US,60,20250505,210000,18.13,18.14,18.13,18.14,200,0
AQWA.US,60,20250505,220000,18.14,18.14,18.09,18.09,620,0
AQWA.US,60,20250506,170000,18.08,18.1,18.08,18.08,500,0
AQWA.US,60,20250506,200000,18.03,18.03,17.9565,17.9565,233,0
AQWA.US,60,20250506,220000,18.03,18.03,17.99,17.99,200,0
AQWA.US,60,20250507,160000,17.869,17.869,17.869,17.869,100,0
AQWA.US,60,20250507,170000,17.825,17.825,17.825,17.825,250,0
AQWA.US,60,20250507,200000,17.845,17.845,17.79,17.79,1336,0
AQWA.US,60,20250507,210000,17.81,17.81,17.739,17.739,200,0
AQWA.US,60,20250509,220000,17.82,18.04,17.77,18.04,1184,0
AQWA.US,60,20250512,180000,18.0414,18.0414,18.0414,18.0414,100,0
AQWA.US,60,20250512,190000,18.04,18.04,18.04,18.04,100,0
AQWA.US,60,20250512,220000,18.17,18.17,18.17,18.17,100,0
AQWA.US,60,20250513,180000,18.24,18.24,18.2399,18.2399,260,0
AQWA.US,60,20250513,210000,18.21,18.21,18.2099,18.2099,384,0
AQWA.US,60,20250514,160000,18.05,18.05,18.05,18.05,200,0
AQWA.US,60,20250514,170000,18.04,18.06,18.04,18.06,400,0
AQWA.US,60,20250514,180000,18.06,18.06,18.06,18.06,195,0
AQWA.US,60,20250514,200000,17.97,17.97,17.97,17.97,100,0
AQWA.US,60,20250515,220000,18,18.25,18,18.25,300,0
AQWA.US,60,20250516,200000,18.36,18.42,18.36,18.38,669,0
AQWA.US,60,20250519,160000,18.39,18.39,18.39,18.39,200,0
AQWA.US,60,20250519,200000,18.45,18.45,18.44,18.44,719,0
AQWA.US,60,20250519,210000,18.4915,18.53,18.4915,18.4915,1279,0
AQWA.US,60,20250519,220000,18.56,18.56,18.56,18.56,100,0
AQWA.US,60,20250520,160000,18.51,18.6899,18.51,18.6899,745,0
AQWA.US,60,20250520,180000,18.67,18.675,18.67,18.675,400,0
AQWA.US,60,20250520,200000,18.4954,18.4954,18.4954,18.4954,107,0
AQWA.US,60,20250520,210000,18.53,18.53,18.53,18.53,200,0
AQWA.US,60,20250520,220000,18.5,18.62,18.495,18.61,4075,0
AQWA.US,60,20250521,160000,18.51,18.51,18.51,18.51,270,0
AQWA.US,60,20250521,170000,18.4688,18.4688,18.4688,18.4688,125,0
AQWA.US,60,20250522,220000,18.26,18.37,18.26,18.3399,588,0
AQWA.US,60,20250523,200000,18.295,18.295,18.295,18.295,100,0
AQWA.US,60,20250523,220000,18.37,18.3799,18.3,18.305,600,0
AQWA.US,60,20250527,160000,18.53,18.53,18.53,18.53,132,0
AQWA.US,60,20250529,170000,18.48,18.5,18.41,18.41,700,0
AQWA.US,60,20250529,180000,18.4,18.4,18.4,18.4,100,0
AQWA.US,60,20250529,190000,18.29,18.29,18.23,18.23,983,0
AQWA.US,60,20250529,220000,18.489,18.489,18.489,18.489,280,0
AQWA.US,60,20250530,160000,18.4332,18.4332,18.4332,18.4332,256,0
AQWA.US,60,20250530,170000,18.45,18.4568,18.45,18.4568,400,0
AQWA.US,60,20250602,160000,18.49,18.49,18.49,18.49,288,0
AQWA.US,60,20250602,170000,18.3,18.3,18.3,18.3,100,0
AQWA.US,60,20250602,180000,18.3564,18.3564,18.145,18.145,651,0
AQWA.US,60,20250602,190000,18.3,18.3,18.3,18.3,100,0
AQWA.US,60,20250602,220000,18.37,18.4,18.37,18.4,380,0
AQWA.US,60,20250603,160000,18.53,18.53,18.53,18.53,134,0
AQWA.US,60,20250603,170000,18.61,18.61,18.61,18.61,100,0
AQWA.US,60,20250603,200000,18.732,18.732,18.732,18.732,1350,0
AQWA.US,60,20250603,210000,18.7322,18.7322,18.7322,18.7322,400,0
AQWA.US,60,20250604,160000,18.93,18.93,18.76,18.76,539,0
AQWA.US,60,20250604,200000,18.731,18.731,18.73,18.7301,900,0
AQWA.US,60,20250605,180000,18.65,18.73,18.65,18.705,2989,0
AQWA.US,60,20250606,170000,18.78,18.78,18.78,18.78,300,0
AQWA.US,60,20250606,190000,18.745,18.745,18.7435,18.7435,550,0
AQWA.US,60,20250606,200000,18.7464,18.7464,18.745,18.745,900,0
AQWA.US,60,20250609,160000,18.91,18.91,18.675,18.675,636,0
AQWA.US,60,20250609,170000,18.685,18.685,18.685,18.685,202,0
AQWA.US,60,20250609,190000,18.72,18.8,18.72,18.8,600,0
AQWA.US,60,20250609,200000,18.77,18.77,18.77,18.77,445,0
AQWA.US,60,20250610,180000,18.88,18.88,18.88,18.88,300,0
AQWA.US,60,20250610,200000,18.89,18.89,18.89,18.89,200,0
AQWA.US,60,20250611,170000,18.82,18.82,18.82,18.82,400,0
AQWA.US,60,20250611,180000,18.88,18.88,18.88,18.88,310,0
AQWA.US,60,20250611,200000,18.83,18.9,18.83,18.9,200,0
AQWA.US,60,20250611,210000,18.79,18.79,18.79,18.79,300,0
AQWA.US,60,20250611,220000,18.7599,18.7599,18.7599,18.7599,193,0
AQWA.US,60,20250612,160000,18.84,18.84,18.84,18.84,371,0
AQWA.US,60,20250612,190000,18.7,18.78,18.7,18.7,558,0
AQWA.US,60,20250612,220000,18.77,18.77,18.77,18.77,100,0
AQWA.US,60,20250613,170000,18.6524,18.6524,18.641,18.641,663,0
AQWA.US,60,20250613,180000,18.66,18.66,18.6405,18.6405,238,0
AQWA.US,60,20250613,200000,18.66,18.6699,18.64,18.6699,670,0
AQWA.US,60,20250613,210000,18.62,18.62,18.62,18.62,100,0
AQWA.US,60,20250616,160000,18.72,18.72,18.59,18.59,587,0
AQWA.US,60,20250616,210000,18.686,18.686,18.686,18.686,374,0
AQWA.US,60,20250617,160000,18.5832,18.5832,18.5832,18.5832,101,0
AQWA.US,60,20250617,190000,18.61,18.61,18.61,18.61,100,0
AQWA.US,60,20250617,200000,18.59,18.59,18.59,18.59,100,0
AQWA.US,60,20250617,220000,18.57,18.57,18.55,18.55,555,0
AQWA.US,60,20250618,210000,18.67,18.6701,18.67,18.6701,200,0
AQWA.US,60,20250618,220000,18.62,18.62,18.62,18.62,113,0
AQWA.US,60,20250620,190000,18.6,18.6,18.6,18.6,500,0
AQWA.US,60,20250620,200000,18.58,18.58,18.58,18.58,100,0
AQWA.US,60,20250620,210000,18.55,18.55,18.55,18.55,265,0
AQWA.US,60,20250623,160000,18.56,18.56,18.56,18.56,159,0
AQWA.US,60,20250623,170000,18.71,18.71,18.71,18.71,100,0
AQWA.US,60,20250623,180000,18.67,18.71,18.67,18.71,300,0
AQWA.US,60,20250623,190000,18.71,18.71,18.65,18.67,1300,0
AQWA.US,60,20250623,200000,18.71,18.71,18.69,18.69,5000,0
AQWA.US,60,20250623,220000,18.86,18.86,18.86,18.86,150,0
AQWA.US,60,20250624,160000,18.96,18.96,18.96,18.96,100,0
AQWA.US,60,20250624,180000,19.006,19.02,19.006,19.02,604,0
AQWA.US,60,20250624,190000,19.03,19.03,19.02,19.02,931,0
AQWA.US,60,20250624,220000,19.01,19.01,18.96,18.96,2286,0
AQWA.US,60,20250625,180000,18.9,18.9,18.9,18.9,175,0
AQWA.US,60,20250626,170000,18.9612,19,18.96,18.96,360,0
AQWA.US,60,20250626,210000,18.98,18.98,18.94,18.94,349,0
AQWA.US,60,20250627,180000,18.928,18.96,18.928,18.96,200,0
AQWA.US,60,20250627,200000,18.9116,18.9116,18.9116,18.9116,300,0
AQWA.US,60,20250627,220000,18.84,18.84,18.84,18.84,300,0
AQWA.US,60,20250630,160000,19.2,19.2,18.93,18.93,1033,0
AQWA.US,60,20250630,170000,18.876,18.876,18.876,18.876,300,0
AQWA.US,60,20250630,220000,18.95,18.95,18.95,18.95,263,0
AQWA.US,60,20250701,170000,19.0868,19.1,19.0868,19.1,700,0
AQWA.US,60,20250701,180000,19.25,19.25,19.25,19.25,500,0
AQWA.US,60,20250701,190000,19.295,19.295,19.295,19.295,100,0
AQWA.US,60,20250701,200000,19.3,19.3,19.3,19.3,100,0
AQWA.US,60,20250701,210000,19.3,19.3,19.3,19.3,100,0
AQWA.US,60,20250702,160000,19.57,19.57,19.1414,19.1414,1302,0
AQWA.US,60,20250702,170000,19.1046,19.1268,19.1046,19.1268,400,0
AQWA.US,60,20250702,190000,19.1354,19.1354,19.1354,19.1354,232,0
AQWA.US,60,20250702,200000,19.16,19.16,19.16,19.16,100,0
AQWA.US,60,20250702,220000,19.17,19.17,19.1645,19.1645,300,0
AQWA.US,60,20250703,160000,19.29,19.29,19.29,19.29,880,0
AQWA.US,60,20250703,180000,19.25,19.25,19.24,19.24,200,0
AQWA.US,60,20250703,190000,19.26,19.26,19.26,19.26,100,0
AQWA.US,60,20250707,160000,19.18,19.18,19.18,19.18,562,0
AQWA.US,60,20250707,170000,19.2299,19.2299,19.2299,19.2299,359,0
AQWA.US,60,20250707,220000,19.0236,19.0236,19.0236,19.0236,250,0
AQWA.US,60,20250708,160000,18.97,19.02,18.97,19.02,493,0
AQWA.US,60,20250708,170000,19,19.0899,18.9936,19.0899,1724,0
AQWA.US,60,20250708,180000,19.11,19.11,19.11,19.11,100,0
AQWA.US,60,20250708,190000,19.04,19.04,19.04,19.04,266,0
AQWA.US,60,20250708,200000,19.1399,19.1399,19.1399,19.1399,100,0
AQWA.US,60,20250709,160000,19.22,19.22,19.15,19.15,697,0
AQWA.US,60,20250709,190000,19.15,19.15,19.08,19.08,383,0
AQWA.US,60,20250709,220000,19.19,19.19,19.1807,19.1807,556,0
AQWA.US,60,20250710,170000,19.3,19.3,19.3,19.3,100,0
AQWA.US,60,20250710,180000,19.275,19.275,19.275,19.275,547,0
AQWA.US,60,20250710,200000,19.3236,19.3236,19.3236,19.3236,100,0
AQWA.US,60,20250711,210000,19.3,19.3,19.09,19.09,600,0
AQWA.US,60,20250711,220000,19.12,19.12,19.12,19.12,100,0
AQWA.US,60,20250714,160000,19.09,19.09,19.09,19.09,296,0
AQWA.US,60,20250714,180000,19.01,19.01,19.01,19.01,343,0
AQWA.US,60,20250714,190000,19.0101,19.0101,19.01,19.01,370,0
AQWA.US,60,20250715,160000,19.1,19.1,19.1,19.1,261,0
AQWA.US,60,20250715,180000,19.005,19.005,19.005,19.005,100,0
AQWA.US,60,20250715,190000,19,19,18.96,18.96,200,0
AQWA.US,60,20250715,210000,18.93,18.93,18.93,18.93,300,0
AQWA.US,60,20250715,220000,18.9398,18.9398,18.88,18.88,573,0
AQWA.US,60,20250716,160000,18.9,18.9,18.83,18.88,833,0
AQWA.US,60,20250716,170000,18.75,18.75,18.75,18.75,150,0
AQWA.US,60,20250716,180000,18.7229,18.7229,18.7229,18.7229,400,0
AQWA.US,60,20250716,190000,18.7694,18.7694,18.7694,18.7694,300,0
AQWA.US,60,20250717,160000,18.88,18.955,18.88,18.955,308,0
AQWA.US,60,20250717,170000,18.9815,18.9815,18.93,18.93,585,0
AQWA.US,60,20250717,200000,18.9636,18.9636,18.9636,18.9636,375,0
AQWA.US,60,20250717,220000,19,19.01,18.99,18.99,602,0
AQWA.US,60,20250718,200000,19.08,19.08,19.08,19.08,100,0
AQWA.US,60,20250718,210000,19.0439,19.0439,19.0439,19.0439,157,0
AQWA.US,60,20250718,220000,19.04,19.04,19.04,19.04,100,0
AQWA.US,60,20250721,170000,19.17,19.17,19.09,19.09,3297,0
AQWA.US,60,20250721,190000,19.1639,19.1639,19.1639,19.1639,100,0
AQWA.US,60,20250722,170000,19.0403,19.06,19.0403,19.06,1250,0
AQWA.US,60,20250722,210000,19.14,19.14,19.12,19.12,700,0
AQWA.US,60,20250722,220000,19.13,19.13,19.1,19.11,1700,0
AQWA.US,60,20250723,160000,19.2,19.2,19.2,19.2,214,0
AQWA.US,60,20250723,180000,19.13,19.14,19.05,19.05,630,0
AQWA.US,60,20250723,200000,19.1399,19.1399,19.09,19.09,300,0
AQWA.US,60,20250723,210000,19.06,19.06,19.06,19.06,447,0
AQWA.US,60,20250723,220000,19.1136,19.1136,19.1136,19.1136,500,0
AQWA.US,60,20250724,160000,19.0716,19.0716,19.0716,19.0716,100,0
AQWA.US,60,20250724,170000,19.0612,19.0866,19.0612,19.0866,297,0
AQWA.US,60,20250725,160000,19.07,19.07,19.07,19.07,267,0
AQWA.US,60,20250725,170000,19.0084,19.0084,19.0084,19.0084,400,0
AQWA.US,60,20250725,180000,18.96,18.96,18.85,18.85,3297,0
AQWA.US,60,20250725,210000,18.8601,18.8601,18.8601,18.8601,100,0
AQWA.US,60,20250725,220000,18.861121,18.8932,18.861121,18.8932,600,0
AQWA.US,60,20250728,160000,19.04,19.04,19.04,19.04,736,0
AQWA.US,60,20250728,210000,18.82,18.82,18.77,18.77,2663,0
AQWA.US,60,20250729,170000,18.8,18.8,18.78,18.78,308,0
AQWA.US,60,20250729,190000,18.8256,18.8256,18.7972,18.8236,1122,0
AQWA.US,60,20250730,200000,18.95,18.95,18.95,18.95,150,0
AQWA.US,60,20250731,170000,18.95,18.95,18.95,18.95,654,0
AQWA.US,60,20250731,190000,18.99,19.039,18.99,19.039,600,0
AQWA.US,60,20250731,200000,19.04,19.04,19.0199,19.0199,800,0
AQWA.US,60,20250731,220000,19.0279,19.04,19.0279,19.04,457,0
AQWA.US,60,20250801,160000,18.98,18.98,18.98,18.98,579,0
AQWA.US,60,20250801,170000,18.89,18.89,18.87,18.89,502,0
AQWA.US,60,20250801,210000,19.0299,19.05,19.0299,19.05,500,0
AQWA.US,60,20250804,160000,19.09,19.1319,19.09,19.1319,303,0
AQWA.US,60,20250804,170000,19.21,19.21,19.2,19.2,200,0
AQWA.US,60,20250804,200000,19.19,19.19,19.19,19.19,100,0
AQWA.US,60,20250804,210000,19.19,19.19,19.12,19.12,400,0
AQWA.US,60,20250804,220000,19.16,19.16,19.16,19.16,1055,0
AQWA.US,60,20250805,160000,19.15,19.15,19.15,19.15,373,0
AQWA.US,60,20250805,170000,19.22,19.22,19.1501,19.1501,1900,0
AQWA.US,60,20250805,190000,19.21,19.21,19.21,19.21,200,0
AQWA.US,60,20250805,200000,19.205,19.205,19.205,19.205,104,0
AQWA.US,60,20250805,210000,19.22,19.22,19.2127,19.2127,308,0
AQWA.US,60,20250805,220000,19.2093,19.24,19.2093,19.24,233,0
AQWA.US,60,20250806,160000,19.17,19.17,19.17,19.17,701,0
AQWA.US,60,20250806,180000,19.26,19.26,19.26,19.26,100,0
AQWA.US,60,20250806,190000,19.2114,19.2114,19.2114,19.2114,200,0
AQWA.US,60,20250807,160000,19.22,19.22,19.22,19.22,300,0
AQWA.US,60,20250807,190000,19.248,19.248,19.248,19.248,260,0
AQWA.US,60,20250807,210000,19.245,19.245,19.245,19.245,383,0
AQWA.US,60,20250807,220000,19.29,19.34,19.26,19.34,4048,0
AQWA.US,60,20250808,160000,19.3991,19.3991,19.372,19.372,500,0
AQWA.US,60,20250808,180000,19.36,19.36,19.36,19.36,800,0
AQWA.US,60,20250808,190000,19.3356,19.3356,19.3356,19.3356,400,0
AQWA.US,60,20250808,200000,19.29,19.29,19.29,19.29,100,0
AQWA.US,60,20250808,210000,19.3356,19.3356,19.3356,19.3356,140,0
AQWA.US,60,20250811,160000,19.335,19.335,19.3,19.3,200,0
AQWA.US,60,20250812,180000,19.23,19.5999,19.23,19.5999,492,0
AQWA.US,60,20250812,220000,19.6469,19.6469,19.6268,19.6268,409,0
AQWA.US,60,20250813,170000,19.7116,19.714,19.7116,19.714,200,0
AQWA.US,60,20250813,180000,19.72,19.75,19.72,19.75,1250,0
AQWA.US,60,20250813,210000,19.815,19.85,19.815,19.85,1178,0
AQWA.US,60,20250814,170000,19.7796,19.7796,19.71,19.71,435,0
AQWA.US,60,20250814,200000,19.6569,19.6569,19.63,19.63,500,0
AQWA.US,60,20250814,210000,19.6514,19.69,19.6331,19.68,907,0
AQWA.US,60,20250818,160000,19.69,19.72,19.6768,19.6768,1203,0
AQWA.US,60,20250818,180000,19.6168,19.65,19.6168,19.65,600,0
AQWA.US,60,20250818,210000,19.6569,19.74,19.6569,19.74,681,0
AQWA.US,60,20250818,220000,19.684,19.7199,19.67,19.7,2990,0
AQWA.US,60,20250819,160000,19.67,19.67,19.6699,19.6699,289,0
AQWA.US,60,20250819,170000,19.77,19.77,19.74,19.74,600,0
AQWA.US,60,20250819,190000,19.72,19.72,19.72,19.72,100,0
AQWA.US,60,20250819,210000,19.7,19.7,19.7,19.7,100,0
AQWA.US,60,20250820,160000,20,20,19.67,19.75,3057,0
AQWA.US,60,20250820,170000,19.75,19.76,19.7368,19.76,850,0
AQWA.US,60,20250820,190000,19.7298,19.75,19.69,19.69,775,0
AQWA.US,60,20250820,200000,19.75,19.75,19.69,19.74,500,0
AQWA.US,60,20250820,220000,19.73,19.75,19.7,19.7,1800,0
AQWA.US,60,20250821,160000,19.71,19.71,19.63,19.63,500,0
AQWA.US,60,20250821,180000,19.68,19.68,19.61,19.61,2000,0
AQWA.US,60,20250821,190000,19.6,19.6,19.6,19.6,200,0
AQWA.US,60,20250821,200000,19.6,19.6,19.6,19.6,500,0
AQWA.US,60,20250821,210000,19.6,19.6,19.6,19.6,100,0
AQWA.US,60,20250821,220000,19.585,19.585,19.585,19.585,100,0
AQWA.US,60,20250822,180000,20,20,20,20,935,0
AQWA.US,60,20250822,200000,19.9986,19.9986,19.9986,19.9986,100,0
AQWA.US,60,20250822,220000,19.975,20.03,19.975,19.995,3777,0
AQWA.US,60,20250825,160000,20.11,20.11,19.975,20.01,1070,0
AQWA.US,60,20250825,170000,19.97,19.97,19.97,19.97,100,0
AQWA.US,60,20250825,180000,19.94,19.94,19.94,19.94,100,0
AQWA.US,60,20250825,190000,19.935,19.9599,19.935,19.9599,2505,0
AQWA.US,60,20250825,200000,19.91,19.93,19.91,19.93,480,0
AQWA.US,60,20250825,210000,19.91,19.92,19.91,19.92,300,0
AQWA.US,60,20250825,220000,19.88,19.91,19.875,19.9,1774,0
AQWA.US,60,20250826,160000,19.91,19.91,19.84,19.8515,1716,0
AQWA.US,60,20250826,180000,19.8584,19.8584,19.8584,19.8584,251,0
AQWA.US,60,20250826,200000,19.87,19.8869,19.87,19.8869,706,0
AQWA.US,60,20250826,210000,19.9,19.9,19.87,19.87,200,0
AQWA.US,60,20250827,160000,19.86,19.865,19.8,19.865,1100,0
AQWA.US,60,20250827,180000,19.96,19.96,19.91,19.91,700,0
AQWA.US,60,20250827,190000,19.97,20,19.97,20,400,0
AQWA.US,60,20250827,200000,19.97,19.97,19.955,19.955,15359,0
AQWA.US,60,20250827,220000,20,20,20,20,400,0
AQWA.US,60,20250828,160000,20.01,20.01,20.01,20.01,225,0
AQWA.US,60,20250828,170000,19.91,19.91,19.91,19.91,100,0
AQWA.US,60,20250828,180000,19.856,19.94,19.856,19.94,415,0
AQWA.US,60,20250828,210000,19.93,19.93,19.925,19.925,1300,0
AQWA.US,60,20250828,220000,19.93,19.95,19.9,19.9,751,0
AQWA.US,60,20250829,160000,19.89,19.9699,19.89,19.93,1867,0
AQWA.US,60,20250829,170000,19.89,19.89,19.82,19.82,600,0
AQWA.US,60,20250829,180000,19.8474,19.8474,19.8474,19.8474,100,0
AQWA.US,60,20250829,190000,19.83,19.83,19.8268,19.8268,200,0
AQWA.US,60,20250829,200000,19.81,19.8112,19.81,19.8112,503,0
AQWA.US,60,20250829,220000,19.8083,19.8083,19.8083,19.8083,1000,0
AQWA.US,60,20250902,160000,19.58,19.58,19.42,19.51,991,0
AQWA.US,60,20250902,170000,19.53,19.53,19.47,19.52,400,0
AQWA.US,60,20250902,180000,19.49,19.49,19.4792,19.4792,969,0
AQWA.US,60,20250902,190000,19.44,19.4792,19.44,19.4792,456,0
AQWA.US,60,20250902,210000,19.46,19.46,19.42,19.42,635,0
AQWA.US,60,20250902,220000,19.49,19.53,19.48,19.53,1550,0
AQWA.US,60,20250903,160000,19.52,19.52,19.46,19.46,500,0
AQWA.US,60,20250903,170000,19.51,19.51,19.51,19.51,100,0
AQWA.US,60,20250903,190000,19.5,19.5,19.5,19.5,100,0
AQWA.US,60,20250903,200000,19.4469,19.4469,19.4469,19.4469,1400,0
AQWA.US,60,20250903,210000,19.4,19.46,19.4,19.4569,2611,0
AQWA.US,60,20250903,220000,19.425,19.4799,19.425,19.47,420,0
AQWA.US,60,20250904,170000,19.615,19.615,19.615,19.615,200,0
AQWA.US,60,20250904,180000,19.64,19.64,19.64,19.64,100,0
AQWA.US,60,20250904,190000,19.6436,19.69,19.6436,19.69,999,0
AQWA.US,60,20250904,210000,19.77,19.77,19.77,19.77,200,0
AQWA.US,60,20250905,220000,19.76,20.0499,19.76,19.98,952,0
AQWA.US,60,20250908,160000,20.27,20.27,19.88,19.88,372,0
AQWA.US,60,20250908,170000,19.87,19.87,19.87,19.87,1500,0
AQWA.US,60,20250908,180000,19.9079,19.9079,19.9079,19.9079,2500,0
AQWA.US,60,20250908,210000,19.82,19.8852,19.82,19.8852,895,0
AQWA.US,60,20250909,160000,19.74,19.74,19.4,19.4,2477,0
AQWA.US,60,20250909,170000,19.3271,19.3271,19.3271,19.3271,1000,0
AQWA.US,60,20250909,180000,19.21,19.21,19.19,19.19,600,0
AQWA.US,60,20250909,200000,19.21,19.21,19.21,19.21,752,0
AQWA.US,60,20250909,210000,19.28,19.29,19.26,19.26,631,0
AQWA.US,60,20250910,170000,19.43,19.43,19.3111,19.3111,500,0
AQWA.US,60,20250910,180000,19.285,19.285,19.285,19.285,150,0
AQWA.US,60,20250910,190000,19.2955,19.2955,19.25,19.25,600,0
AQWA.US,60,20250911,160000,19.63,19.63,19.63,19.63,115,0
AQWA.US,60,20250911,170000,19.37,19.37,19.37,19.37,100,0
AQWA.US,60,20250911,200000,19.45,19.45,19.45,19.45,100,0
AQWA.US,60,20250912,160000,19.5,19.5,19.5,19.5,1300,0
AQWA.US,60,20250912,170000,19.3901,19.3901,19.39,19.39,211,0
AQWA.US,60,20250912,180000,19.3997,19.3997,19.39,19.39,200,0
AQWA.US,60,20250912,220000,19.36,19.36,19.36,19.36,258,0
AQWA.US,60,20250915,160000,19.33,19.379,19.33,19.34,829,0
AQWA.US,60,20250915,170000,19.28,19.3944,19.28,19.3944,200,0
AQWA.US,60,20250915,200000,19.335,19.335,19.3245,19.335,550,0
AQWA.US,60,20250915,210000,19.4,19.4,19.4,19.4,100,0
AQWA.US,60,20250915,220000,19.3101,19.3101,19.31,19.31,226,0
AQWA.US,60,20250916,180000,19.3,19.3,19.3,19.3,700,0
AQWA.US,60,20250916,190000,19.3329,19.355,19.33,19.33,4444,0
AQWA.US,60,20250916,210000,19.36,19.36,19.33,19.33,218,0
AQWA.US,60,20250916,220000,19.42,19.42,19.42,19.42,100,0
AQWA.US,60,20250917,190000,19.448,19.448,19.448,19.448,100,0
AQWA.US,60,20250917,200000,19.39,19.41,19.39,19.41,546,0
AQWA.US,60,20250918,160000,19.28,19.28,19.28,19.28,100,0
AQWA.US,60,20250918,170000,19.41,19.41,19.37,19.37,333,0
AQWA.US,60,20250918,200000,19.4704,19.4704,19.4704,19.4704,681,0
AQWA.US,60,20250919,170000,19.36,19.36,19.355,19.355,505,0
AQWA.US,60,20250919,210000,19.37,19.37,19.37,19.37,5000,0
AQWA.US,60,20250922,160000,19.32,19.32,19.32,19.32,276,0
AQWA.US,60,20250922,170000,19.355,19.355,19.285,19.285,540,0
AQWA.US,60,20250922,180000,19.37,19.37,19.3,19.3,825,0
AQWA.US,60,20250922,190000,19.33,19.39,19.33,19.3618,405,0
AQWA.US,60,20250922,200000,19.34,19.34,19.34,19.34,100,0
AQWA.US,60,20250923,160000,19.47,19.57,19.47,19.53,3858,0
AQWA.US,60,20250923,170000,19.49,19.49,19.39,19.45,1385,0
AQWA.US,60,20250923,210000,19.36,19.36,19.36,19.36,100,0
AQWA.US,60,20250924,170000,19.3208,19.3208,19.3208,19.3208,200,0
AQWA.US,60,20250924,190000,19.23,19.23,19.1918,19.22,400,0
AQWA.US,60,20250924,200000,19.26,19.26,19.235,19.235,621,0
AQWA.US,60,20250925,160000,19.1001,19.1001,19.1,19.1,1000,0
AQWA.US,60,20250925,170000,19.11,19.11,19.0708,19.0924,1700,0
AQWA.US,60,20250925,180000,19.09,19.09,19.09,19.09,400,0
AQWA.US,60,20250926,160000,19.16,19.16,19.16,19.16,104,0
AQWA.US,60,20250926,180000,19.2,19.2,19.2,19.2,208,0
AQWA.US,60,20250929,160000,19.38,19.38,19.38,19.38,103,0
AQWA.US,60,20250929,180000,19.325,19.325,19.325,19.325,100,0
AQWA.US,60,20250929,190000,19.3399,19.3399,19.3399,19.3399,150,0
AQWA.US,60,20250929,220000,19.335,19.335,19.335,19.335,150,0
AQWA.US,60,20250930,160000,19.35,19.3782,19.35,19.3782,640,0
AQWA.US,60,20250930,170000,19.4024,19.4024,19.4024,19.4024,100,0
AQWA.US,60,20250930,200000,19.44,19.44,19.44,19.44,170,0
AQWA.US,60,20250930,210000,19.46,19.46,19.46,19.46,100,0
AQWA.US,60,20251001,160000,19.47,19.47,19.47,19.47,702,0
AQWA.US,60,20251001,200000,19.45,19.45,19.39,19.39,348,0
AQWA.US,60,20251001,220000,19.39,19.39,19.39,19.39,867,0
AQWA.US,60,20251002,160000,19.45,19.45,19.45,19.45,131,0
AQWA.US,60,20251002,180000,19.4329,19.4329,19.4329,19.4329,500,0
AQWA.US,60,20251002,200000,19.4699,19.4699,19.4699,19.4699,100,0
AQWA.US,60,20251002,220000,19.46,19.46,19.46,19.46,1687,0
AQWA.US,60,20251003,170000,19.5476,19.55,19.5476,19.55,714,0
AQWA.US,60,20251003,180000,19.572,19.572,19.572,19.572,255,0
AQWA.US,60,20251003,200000,19.56,19.56,19.56,19.56,300,0
AQWA.US,60,20251003,210000,19.5825,19.5825,19.5825,19.5825,100,0
AQWA.US,60,20251003,220000,19.581,19.581,19.581,19.581,127,0
AQWA.US,60,20251006,160000,19.61,19.61,19.55,19.55,1706,0
AQWA.US,60,20251006,220000,19.5758,19.5758,19.565,19.565,650,0
AQWA.US,60,20251007,160000,19.6,19.6,19.6,19.6,550,0
AQWA.US,60,20251007,180000,19.545,19.56,19.545,19.56,700,0
AQWA.US,60,20251007,210000,19.5,19.5,19.5,19.5,100,0
AQWA.US,60,20251008,160000,19.51,19.51,19.51,19.51,412,0
AQWA.US,60,20251008,170000,19.5028,19.655,19.47,19.605,150939,0
AQWA.US,60,20251008,180000,19.61,19.67,19.53,19.53,133994,0
AQWA.US,60,20251008,190000,19.54713,19.5599,19.52,19.555,51832,0
AQWA.US,60,20251008,200000,19.56,19.56,19.55,19.555,26823,0
AQWA.US,60,20251008,210000,19.555,19.5599,19.5535,19.5556,20674,0
AQWA.US,60,20251008,220000,19.555,19.58,19.5541,19.58,34046,0
AQWA.US,60,20251009,160000,19.79,19.79,19.54,19.54,7842,0
AQWA.US,60,20251009,170000,19.525,19.64,19.5,19.56,39550,0
AQWA.US,60,20251009,180000,19.56,19.5664,19.45,19.4624,29252,0
AQWA.US,60,20251009,190000,19.47,19.5,19.4635,19.47,12287,0
AQWA.US,60,20251009,200000,19.47,19.479,19.43,19.45,32488,0
AQWA.US,60,20251009,210000,19.44,19.45,19.4,19.4,12848,0
AQWA.US,60,20251009,220000,19.4,19.4646,19.38,19.46,12061,0
AQWA.US,60,20251010,160000,19.51,19.54,19.4715,19.515,2973,0
AQWA.US,60,20251010,170000,19.475,19.48,19.43,19.43,2361,0
AQWA.US,60,20251010,180000,19.42,19.42,19.29,19.315,16672,0
AQWA.US,60,20251010,190000,19.28,19.34,19.241,19.3,4496,0
AQWA.US,60,20251010,200000,19.2616,19.33,19.2301,19.26,5051,0
AQWA.US,60,20251010,210000,19.2715,19.3291,19.26,19.26,9450,0
AQWA.US,60,20251010,220000,19.2308,19.255,19.132,19.18,10422,0
AQWA.US,60,20251013,160000,19.22,19.2785,19.22,19.2652,2413,0
AQWA.US,60,20251013,170000,19.3176,19.34,19.2592,19.265,4471,0
AQWA.US,60,20251013,180000,19.28,19.3,19.273,19.3,5699,0
AQWA.US,60,20251013,190000,19.295,19.3,19.295,19.295,1100,0
AQWA.US,60,20251013,200000,19.29,19.3,19.28,19.295,6523,0
AQWA.US,60,20251013,210000,19.3,19.3,19.25,19.2509,2310,0
AQWA.US,60,20251013,220000,19.26,19.28,19.24,19.2576,54962,0
AQWA.US,60,20251014,160000,19.19,19.4,19.15,19.31,7163,0
AQWA.US,60,20251014,170000,19.3942,19.3942,19.33,19.38,1754,0
AQWA.US,60,20251014,180000,19.3401,19.38,19.3401,19.38,1116,0
AQWA.US,60,20251014,190000,19.419,19.44,19.3459,19.42,4117,0
AQWA.US,60,20251014,200000,19.4855,19.49,19.48,19.48,2642,0
AQWA.US,60,20251014,210000,19.5292,19.595,19.52,19.55,924,0
AQWA.US,60,20251014,220000,19.57,19.675,19.47,19.55,18642,0
AQWA.US,60,20251015,160000,19.65,19.65,19.62,19.6247,1823,0
AQWA.US,60,20251015,170000,19.6399,19.64,19.615,19.615,2926,0
AQWA.US,60,20251015,180000,19.6225,19.64,19.58,19.58,2300,0
AQWA.US,60,20251015,190000,19.55,19.609,19.55,19.5705,943,0
AQWA.US,60,20251015,200000,19.55,19.603,19.5101,19.5901,1525,0
AQWA.US,60,20251015,210000,19.6,19.66,19.6,19.6499,18615,0
AQWA.US,60,20251015,220000,19.6302,19.7,19.63,19.64,3906,0
AQWA.US,60,20251016,160000,19.6701,19.725,19.6701,19.725,756,0
AQWA.US,60,20251016,170000,19.7,19.72,19.675,19.6999,5390,0
AQWA.US,60,20251016,180000,19.7,19.73,19.651,19.66,981,0
AQWA.US,60,20251016,190000,19.671,19.671,19.5926,19.6009,1744,0
AQWA.US,60,20251016,200000,19.65,19.65,19.6,19.61,1477,0
AQWA.US,60,20251016,210000,19.6,19.6,19.5925,19.595,700,0
AQWA.US,60,20251016,220000,19.61,19.61,19.585,19.59,675,0
AQWA.US,60,20251017,160000,19.541,19.6499,19.501,19.6001,2780,0
AQWA.US,60,20251017,170000,19.62,19.6485,19.5909,19.6485,4616,0
AQWA.US,60,20251017,180000,19.63,19.65,19.5,19.58,12200,0
AQWA.US,60,20251017,190000,19.5816,19.6188,19.56,19.56,5202,0
AQWA.US,60,20251017,200000,19.5875,19.596,19.5558,19.5558,3558,0
AQWA.US,60,20251017,210000,19.5978,19.5978,19.5632,19.58,5860,0
AQWA.US,60,20251017,220000,19.56,19.6115,19.56,19.6115,6927,0
AQWA.US,60,20251020,160000,19.65,19.73,19.65,19.73,1879,0
AQWA.US,60,20251020,170000,19.695,19.72,19.6319,19.6501,3325,0
AQWA.US,60,20251020,180000,19.72,19.72,19.67,19.67,4213,0
AQWA.US,60,20251020,190000,19.7,19.73,19.7,19.73,1626,0
AQWA.US,60,20251020,200000,19.79,19.79,19.79,19.79,100,0
AQWA.US,60,20251020,210000,19.82,19.8382,19.7372,19.7827,4033,0
AQWA.US,60,20251020,220000,19.81,19.875,19.8099,19.87,14977,0
AQWA.US,60,20251021,160000,19.76,19.76,19.725,19.75,1458,0
AQWA.US,60,20251021,180000,19.84,19.84,19.8001,19.8001,229,0
AQWA.US,60,20251021,200000,19.82,19.82,19.82,19.82,1000,0
AQWA.US,60,20251021,210000,19.83,19.8882,19.83,19.855,2700,0
AQWA.US,60,20251021,220000,19.8375,19.8375,19.82,19.826011,1297,0
AQWA.US,60,20251022,160000,19.85,19.91,19.85,19.91,365,0
AQWA.US,60,20251022,170000,19.9225,19.9225,19.9225,19.9225,114,0
AQWA.US,60,20251022,180000,19.9,19.915,19.89,19.89,3686,0
AQWA.US,60,20251022,190000,19.92,19.9392,19.89,19.89,3104,0
AQWA.US,60,20251022,200000,19.87,19.87,19.87,19.87,100,0
AQWA.US,60,20251022,220000,19.781,19.83,19.78,19.83,1666,0
AQWA.US,60,20251023,160000,19.855,19.9,19.83,19.9,3197,0
AQWA.US,60,20251023,170000,19.8192,19.8192,19.8192,19.8192,600,0
AQWA.US,60,20251023,180000,19.79,19.85,19.78,19.7973,2000,0
AQWA.US,60,20251023,190000,19.81,19.81,19.81,19.81,150,0
AQWA.US,60,20251023,200000,19.81,19.898,19.81,19.865,2879,0
AQWA.US,60,20251023,210000,19.85,19.9,19.85,19.8913,400,0
AQWA.US,60,20251023,220000,19.89,19.9,19.88,19.89,2707,0
AQWA.US,60,20251024,170000,19.9402,19.98,19.9402,19.98,654,0
AQWA.US,60,20251024,180000,19.9522,20.015,19.9522,20.015,1248,0
AQWA.US,60,20251024,190000,20.01,20.05,20.01,20.03,2280,0
AQWA.US,60,20251024,200000,20.05,20.05,20,20,750,0
AQWA.US,60,20251024,210000,20.0195,20.03,20.0195,20.025,800,0
AQWA.US,60,20251024,220000,20.025,20.025,19.97,19.9979,2424,0
AQWA.US,60,20251027,150000,20.04,20.04,19.96,19.975,1896,0
AQWA.US,60,20251027,160000,19.96,19.99,19.93,19.944308,1891,0
AQWA.US,60,20251027,170000,19.95,19.95,19.8901,19.8901,1206,0
AQWA.US,60,20251027,180000,19.95,19.95,19.95,19.95,100,0
AQWA.US,60,20251027,190000,19.98,19.9892,19.98,19.9892,500,0
AQWA.US,60,20251027,200000,19.96,19.98,19.9101,19.9319,1100,0
AQWA.US,60,20251027,210000,19.96,19.96,19.93,19.93,1112,0
AQWA.US,60,20251028,150000,19.701,19.72,19.6,19.67,5966,0
AQWA.US,60,20251028,160000,19.769,19.858,19.75,19.84,2572,0
AQWA.US,60,20251028,170000,19.86,19.86,19.781,19.8,2000,0
AQWA.US,60,20251028,180000,19.7956,19.87,19.7956,19.87,350,0
AQWA.US,60,20251028,190000,19.83,19.84,19.83,19.84,300,0
AQWA.US,60,20251028,200000,19.834,19.9096,19.834,19.86,37685,0
AQWA.US,60,20251028,210000,19.8576,19.8797,19.835,19.84,11468,0
AQWA.US,60,20251029,150000,19.86,19.9199,19.86,19.9199,1893,0
AQWA.US,60,20251029,160000,19.85,19.85,19.82,19.825,1051,0
AQWA.US,60,20251029,170000,19.8505,19.855,19.8505,19.8545,1600,0
AQWA.US,60,20251029,180000,19.855,19.885,19.85,19.885,4150,0
AQWA.US,60,20251029,190000,19.8553,19.87,19.85,19.86,1611,0
AQWA.US,60,20251029,200000,19.83,19.8677,19.6223,19.6804,6901,0
AQWA.US,60,20251029,210000,19.66,19.665,19.5709,19.645,5974,0
AQWA.US,60,20251030,150000,19.69,19.76,19.69,19.76,430,0
AQWA.US,60,20251030,160000,19.774,19.774,19.702,19.745,1730,0
AQWA.US,60,20251030,170000,19.745,19.77,19.67,19.67,900,0
AQWA.US,60,20251030,180000,19.7399,19.7399,19.7399,19.7399,500,0
AQWA.US,60,20251030,200000,19.631,19.631,19.5808,19.62,800,0
AQWA.US,60,20251030,210000,19.561,19.64,19.51,19.54,38738,0
AQWA.US,60,20251031,150000,19.5,19.5198,19.39,19.4799,51440,0
AQWA.US,60,20251031,160000,19.4798,19.5396,19.4639,19.51,80258,0
AQWA.US,60,20251031,170000,19.51,19.6699,19.46,19.4744,70461,0
AQWA.US,60,20251031,180000,19.4744,19.4898,19.415,19.415,76235,0
AQWA.US,60,20251031,190000,19.415,19.46,19.41,19.46,44819,0
AQWA.US,60,20251031,200000,19.4535,19.48,19.4535,19.4798,7318,0
AQWA.US,60,20251031,210000,19.48,19.55,19.4788,19.52,9284,0
AQWA.US,60,20251103,160000,19.48,19.48,19.31,19.34,17299,0
AQWA.US,60,20251103,170000,19.34,19.4,19.32,19.4,8835,0
AQWA.US,60,20251103,180000,19.37,19.48,19.37,19.46,9109,0
AQWA.US,60,20251103,190000,19.47,19.47,19.424,19.46,5842,0
AQWA.US,60,20251103,200000,19.46,19.46,19.41,19.4425,1050,0
AQWA.US,60,20251103,210000,19.4275,19.44,19.4275,19.44,759,0
AQWA.US,60,20251103,220000,19.415,19.43,19.38,19.43,18861,0
AQWA.US,60,20251104,160000,19.4,19.4,19.3605,19.38,1399,0
AQWA.US,60,20251104,170000,19.381,19.4,19.38,19.395,11004,0
AQWA.US,60,20251104,180000,19.3935,19.445,19.3935,19.44,6796,0
AQWA.US,60,20251104,190000,19.438,19.453,19.41,19.42,9634,0
AQWA.US,60,20251104,200000,19.4036,19.44,19.4036,19.44,2947,0
AQWA.US,60,20251104,210000,19.435,19.45,19.43,19.44,2194,0
AQWA.US,60,20251104,220000,19.4355,19.485,19.4355,19.4543,9202,0
AQWA.US,60,20251105,160000,19.53,19.601813,19.53,19.58,19034,0
AQWA.US,60,20251105,170000,19.5899,19.83,19.52,19.55,40465,0
AQWA.US,60,20251105,180000,19.559,19.6,19.515,19.6,50413,0
AQWA.US,60,20251105,190000,19.6,19.66,19.6,19.64,30618,0
AQWA.US,60,20251105,200000,19.635,19.67,19.62,19.66,27807,0
AQWA.US,60,20251105,210000,19.6475,19.71,19.6201,19.71,54697,0
AQWA.US,60,20251105,220000,19.738,19.74,19.662,19.695,11328,0
AQWA.US,60,20251106,160000,19.73,19.7818,19.51,19.5801,30722,0
AQWA.US,60,20251106,170000,19.5802,19.63,19.5101,19.5195,39542,0
AQWA.US,60,20251106,180000,19.501,19.5195,19.4666,19.51,51689,0
AQWA.US,60,20251106,190000,19.509,19.52,19.461,19.515,23227,0
AQWA.US,60,20251106,200000,19.5,19.54,19.469115,19.535,11979,0
AQWA.US,60,20251106,210000,19.55,19.55,19.5,19.5256,7335,0
AQWA.US,60,20251106,220000,19.534,19.55,19.452,19.452,28855,0
AQWA.US,60,20251107,160000,19.42,19.441,19.35,19.441,7140,0
AQWA.US,60,20251107,170000,19.38,19.46,19.38,19.4175,8902,0
AQWA.US,60,20251107,180000,19.42,19.43,19.37,19.37,3485,0
AQWA.US,60,20251107,190000,19.389,19.3925,19.35,19.37,4474,0
AQWA.US,60,20251107,200000,19.405,19.405,19.37,19.385,4194,0
AQWA.US,60,20251107,210000,19.37,19.47,19.37,19.4685,5157,0
AQWA.US,60,20251107,220000,19.4545,19.47,19.415,19.4498,5475,0
AQWA.US,60,20251110,160000,19.6,19.6199,19.56,19.565,1565,0
AQWA.US,60,20251110,170000,19.523,19.54,19.45,19.471,12105,0
AQWA.US,60,20251110,180000,19.47,19.473,19.4301,19.46,3752,0
AQWA.US,60,20251110,190000,19.48,19.54,19.48,19.52,17678,0
AQWA.US,60,20251110,200000,19.53,19.54,19.5099,19.526,9455,0
AQWA.US,60,20251110,210000,19.52,19.5794,19.52,19.5794,14887,0
AQWA.US,60,20251110,220000,19.55,19.6,19.52,19.52,5884,0
AQWA.US,60,20251111,160000,19.51,19.549,19.462,19.49,2046,0
AQWA.US,60,20251111,170000,19.52,19.52,19.515,19.515,1497,0
AQWA.US,60,20251111,180000,19.5461,19.548,19.5111,19.53,3150,0
AQWA.US,60,20251111,190000,19.5435,19.5799,19.51,19.545,3930,0
AQWA.US,60,20251111,200000,19.5101,19.6,19.5101,19.5783,5017,0
AQWA.US,60,20251111,210000,19.5699,19.5699,19.5501,19.5501,800,0
AQWA.US,60,20251111,220000,19.55,19.59,19.55,19.59,5797,0
AQWA.US,60,20251112,160000,19.53,19.636,19.5288,19.59,12315,0
AQWA.US,60,20251112,170000,19.5948,19.595,19.58,19.58,4273,0
AQWA.US,60,20251112,180000,19.58,19.585,19.58,19.585,1008,0
AQWA.US,60,20251112,190000,19.5845,19.62,19.58,19.615,12322,0
AQWA.US,60,20251112,200000,19.615,19.64,19.6,19.6,8160,0
AQWA.US,60,20251112,210000,19.626,19.64,19.6,19.605,13456,0
AQWA.US,60,20251112,220000,19.61,19.62,19.6,19.6,47557,0
AQWA.US,60,20251113,160000,19.59,19.59,19.4715,19.4715,1907,0
AQWA.US,60,20251113,170000,19.51,19.559,19.5077,19.5582,8226,0
AQWA.US,60,20251113,180000,19.53,19.53,19.521,19.521,357,0
AQWA.US,60,20251113,190000,19.5225,19.525,19.5,19.5149,5690,0
AQWA.US,60,20251113,200000,19.49,19.49,19.452,19.4535,5600,0
AQWA.US,60,20251113,210000,19.44,19.44,19.4,19.4,545,0
AQWA.US,60,20251113,220000,19.3835,19.3835,19.3314,19.3314,8305,0
AQWA.US,60,20251114,160000,19.3,19.34,19.27,19.285,16988,0
AQWA.US,60,20251114,170000,19.287,19.289,19.25,19.2601,4685,0
AQWA.US,60,20251114,180000,19.25,19.3,19.25,19.282,6689,0
AQWA.US,60,20251114,190000,19.281,19.299,19.23,19.2492,6506,0
AQWA.US,60,20251114,200000,19.221,19.2444,19.21,19.2205,7120,0
AQWA.US,60,20251114,210000,19.225,19.24,19.2136,19.23,2422,0
AQWA.US,60,20251114,220000,19.22,19.2444,19.185,19.185,8878,0
AQWA.US,60,20251117,160000,19.21,19.21,19.07,19.1302,13034,0
AQWA.US,60,20251117,170000,19.1527,19.1527,19.0701,19.082,21323,0
AQWA.US,60,20251117,180000,19.0672,19.09,19.03,19.0626,21754,0
AQWA.US,60,20251117,190000,19.0665,19.1,19.02,19.029,21456,0
AQWA.US,60,20251117,200000,19.02,19.0408,19,19,9221,0
AQWA.US,60,20251117,210000,19,19.005,18.8675,18.8675,64900,0
AQWA.US,60,20251117,220000,18.8519,18.862,18.82,18.8425,42559,0
AQWA.US,60,20251118,160000,18.77,18.77,18.7,18.733,5359,0
AQWA.US,60,20251118,170000,18.733,18.733,18.6001,18.655,232434,0
AQWA.US,60,20251118,180000,18.6518,18.735,18.635,18.69,143129,0
AQWA.US,60,20251118,190000,18.695,18.74,18.66,18.72,67810,0
AQWA.US,60,20251118,200000,18.73,18.75,18.72,18.7275,20439,0
AQWA.US,60,20251118,210000,18.7226,18.771,18.71,18.76,24616,0
AQWA.US,60,20251118,220000,18.765,18.765,18.66,18.6875,45773,0
AQWA.US,60,20251119,160000,18.64,18.699,18.6201,18.64,19156,0
AQWA.US,60,20251119,170000,18.66,18.68,18.58,18.6085,7592,0
AQWA.US,60,20251119,180000,18.6,18.62,18.54,18.61,20557,0
AQWA.US,60,20251119,190000,18.62,18.64,18.56,18.63,4392,0
AQWA.US,60,20251119,200000,18.63,18.69,18.61,18.69,7626,0
AQWA.US,60,20251119,210000,18.68,18.68,18.5301,18.61,4698,0
AQWA.US,60,20251119,220000,18.61,18.63,18.6,18.6,6718,0
AQWA.US,60,20251120,160000,18.7,18.74,18.7,18.7399,4696,0
AQWA.US,60,20251120,170000,18.7226,18.73,18.7001,18.7001,1648,0
AQWA.US,60,20251120,180000,18.66,18.66,18.52,18.5386,65371,0
AQWA.US,60,20251120,190000,18.52,18.52,18.45,18.46,15235,0
AQWA.US,60,20251120,200000,18.465,18.55,18.46,18.4641,7998,0
AQWA.US,60,20251120,210000,18.4716,18.52,18.4716,18.5,2200,0
AQWA.US,60,20251120,220000,18.5,18.5129,18.5,18.5,1100,0
AQWA.US,60,20251121,160000,18.54,18.59,18.5268,18.59,2036,0
AQWA.US,60,20251121,170000,18.67,18.76,18.67,18.76,1030,0
AQWA.US,60,20251121,180000,18.78,18.92,18.7236,18.92,5820,0
AQWA.US,60,20251121,190000,18.93,18.93,18.9,18.9,535,0
AQWA.US,60,20251121,200000,18.84,18.9,18.84,18.9,1252,0
AQWA.US,60,20251121,210000,18.9,18.93,18.88,18.92,17229,0
AQWA.US,60,20251121,220000,18.89,18.902,18.8504,18.87,1170,0
AQWA.US,60,20251124,160000,18.88,18.88,18.835,18.87,1600,0
AQWA.US,60,20251124,170000,18.85,18.91,18.845,18.89,5788,0
AQWA.US,60,20251124,180000,18.91,18.9403,18.9,18.92,3900,0
AQWA.US,60,20251124,190000,18.92,18.95,18.88,18.93,6796,0
AQWA.US,60,20251124,200000,18.98,18.98,18.98,18.98,420,0
AQWA.US,60,20251124,210000,18.94,18.96,18.94,18.96,300,0
AQWA.US,60,20251124,220000,18.955,18.96,18.955,18.955,931,0
AQWA.US,60,20251125,160000,18.96,18.9641,18.96,18.9641,1386,0
AQWA.US,60,20251125,170000,19.08,19.1,19.0698,19.1,470,0
AQWA.US,60,20251125,180000,19.15,19.2,19.15,19.2,3300,0
AQWA.US,60,20251125,190000,19.21,19.23,19.21,19.225,4406,0
AQWA.US,60,20251125,200000,19.21,19.21,19.21,19.21,100,0
AQWA.US,60,20251125,210000,19.2058,19.21,19.2058,19.21,1314,0
AQWA.US,60,20251125,220000,19.26,19.26,19.26,19.26,200,0
AQWA.US,60,20251126,170000,19.26,19.3,19.26,19.3,670,0
AQWA.US,60,20251126,180000,19.32,19.32,19.32,19.32,100,0
AQWA.US,60,20251126,200000,19.355,19.355,19.355,19.355,100,0
AQWA.US,60,20251126,210000,19.38,19.4399,19.38,19.4001,1970,0
AQWA.US,60,20251126,220000,19.42,19.42,19.42,19.42,160,0
AQWA.US,60,20251128,160000,19.36,19.36,19.285,19.285,713,0
AQWA.US,60,20251128,170000,19.31,19.37,19.28,19.3699,2900,0
AQWA.US,60,20251128,190000,19.3,19.325,19.3,19.32,1000,0
AQWA.US,60,20251201,160000,19.25,19.25,19.25,19.25,1346,0
AQWA.US,60,20251201,170000,19.27,19.27,19.22,19.22,15175,0
AQWA.US,60,20251201,180000,19.27,19.399,19.27,19.389,1100,0
AQWA.US,60,20251201,190000,19.38,19.38,19.31,19.31,300,0
AQWA.US,60,20251201,200000,19.389,19.399,19.389,19.399,200,0
AQWA.US,60,20251201,210000,19.4,19.4,19.305,19.329,4300,0
AQWA.US,60,20251201,220000,19.315,19.329,19.24,19.29,900,0
AQWA.US,60,20251202,170000,19.28,19.28,19.28,19.28,234,0
AQWA.US,60,20251202,180000,19.3,19.322,19.3,19.322,400,0
AQWA.US,60,20251202,190000,19.3199,19.3199,19.3,19.3,200,0
AQWA.US,60,20251202,200000,19.28,19.3,19.28,19.3,500,0
AQWA.US,60,20251202,220000,19.3,19.3,19.3,19.3,250,0
AQWA.US,60,20251203,160000,19.37,19.38,19.37,19.373,1419,0
AQWA.US,60,20251203,170000,19.3631,19.3631,19.3631,19.3631,4000,0
AQWA.US,60,20251203,180000,19.37,19.3801,19.35,19.36,20854,0
AQWA.US,60,20251203,190000,19.37,19.4,19.35,19.39,6294,0
AQWA.US,60,20251203,210000,19.4,19.41,19.38,19.38,2104,0
AQWA.US,60,20251203,220000,19.38,19.44,19.38,19.41,1909,0
AQWA.US,60,20251204,160000,19.43,19.46,19.37,19.37,686,0
AQWA.US,60,20251204,170000,19.385,19.385,19.37,19.38,300,0
AQWA.US,60,20251204,180000,19.4,19.4,19.4,19.4,100,0
AQWA.US,60,20251204,200000,19.32,19.32,19.32,19.32,100,0
AQWA.US,60,20251204,220000,19.295,19.2951,19.26,19.29,1550,0
AQWA.US,60,20251205,160000,19.3,19.32,19.27,19.27,600,0
AQWA.US,60,20251205,170000,19.316,19.324,19.29,19.324,718,0
AQWA.US,60,20251205,180000,19.3036,19.3036,19.28,19.28,3912,0
AQWA.US,60,20251205,190000,19.2501,19.255,19.19,19.2275,4386,0
AQWA.US,60,20251205,200000,19.28,19.28,19.22,19.23,2489,0
AQWA.US,60,20251205,210000,19.201,19.26,19.19,19.19,2311,0
AQWA.US,60,20251205,220000,19.19,19.19,19.18,19.18,200,0
AQWA.US,60,20251208,160000,19.27,19.27,19.15,19.15,1590,0
AQWA.US,60,20251208,180000,19.1185,19.15,19.1185,19.15,750,0
AQWA.US,60,20251208,190000,19.115,19.15,19.09,19.09,2554,0
AQWA.US,60,20251208,200000,19.1,19.1,19.1,19.1,100,0
AQWA.US,60,20251208,220000,19.117,19.117,19.07,19.07,2545,0
AQWA.US,60,20251209,160000,19.02,19.025,19,19.025,1173,0
AQWA.US,60,20251209,170000,18.9721,18.9721,18.965,18.965,420,0
AQWA.US,60,20251209,180000,18.96,18.96,18.9408,18.9408,245,0
AQWA.US,60,20251209,190000,18.89,18.89,18.89,18.89,500,0
AQWA.US,60,20251209,200000,18.86,18.8625,18.86,18.8625,219,0
AQWA.US,60,20251209,210000,18.8045,18.8251,18.8045,18.82,954,0
AQWA.US,60,20251209,220000,18.82,18.82,18.7775,18.785,1566,0
AQWA.US,60,20251210,160000,18.78,18.85,18.78,18.82,1756,0
AQWA.US,60,20251210,170000,18.8,18.8,18.8,18.8,100,0
AQWA.US,60,20251210,180000,18.835,18.8425,18.82,18.82,1531,0
AQWA.US,60,20251210,190000,18.83,18.85,18.8,18.85,500,0
AQWA.US,60,20251210,200000,18.85,18.85,18.81,18.81,500,0
AQWA.US,60,20251210,210000,18.85,19,18.85,19,967,0
AQWA.US,60,20251210,220000,19.022,19.0764,19.01,19.01,687,0
AQWA.US,60,20251211,170000,19.13,19.1501,19.13,19.1501,1350,0
AQWA.US,60,20251211,180000,19.21,19.21,19.1851,19.2,1116,0
AQWA.US,60,20251211,190000,19.25,19.25,19.25,19.25,200,0
AQWA.US,60,20251211,200000,19.169,19.1854,19.169,19.182,825,0
AQWA.US,60,20251211,220000,19.2092,19.2092,19.2092,19.2092,260,0
AQWA.US,60,20251212,160000,19.23,19.23,19.23,19.23,103,0
AQWA.US,60,20251212,170000,19.18,19.18,19.18,19.18,2100,0
AQWA.US,60,20251212,180000,19.0995,19.115,19.0995,19.115,600,0
AQWA.US,60,20251212,190000,19.12,19.145,19.1,19.145,3800,0
AQWA.US,60,20251212,200000,19.18,19.18,19.16,19.16,1160,0
AQWA.US,60,20251212,210000,19.135,19.16,19.135,19.135,524,0
AQWA.US,60,20251212,220000,19.17,19.17,19.17,19.17,200,0
AQWA.US,60,20251215,160000,19.2692,19.2692,19.2692,19.2692,1210,0
AQWA.US,60,20251215,170000,19.16,19.195,19.16,19.195,722,0
AQWA.US,60,20251215,180000,19.1744,19.1744,19.12,19.12,200,0
AQWA.US,60,20251215,200000,19.125,19.125,19.125,19.125,100,0
AQWA.US,60,20251215,220000,19.24,19.24,19.205,19.205,1386,0
AQWA.US,60,20251216,160000,19.18,19.19,19.16,19.16,815,0
AQWA.US,60,20251216,170000,19.17,19.17,19.1152,19.1152,2215,0
AQWA.US,60,20251216,200000,19.05,19.07,19.02,19.07,1550,0
AQWA.US,60,20251216,220000,19.03,19.03,19.02,19.02,501,0
AQWA.US,60,20251217,160000,19.1699,19.1699,19.1699,19.1699,260,0
AQWA.US,60,20251217,190000,19.025,19.025,19.025,19.025,100,0
AQWA.US,60,20251217,200000,19.02,19.02,19.02,19.02,1315,0
AQWA.US,60,20251217,220000,19.0298,19.035,19.0298,19.03,600,0
AQWA.US,60,20251218,160000,19.03,19.03,19.03,19.03,127,0
AQWA.US,60,20251218,170000,19.2499,19.25,19.2,19.2,300,0
AQWA.US,60,20251218,180000,19.14,19.1556,19.13,19.1556,460,0
AQWA.US,60,20251218,190000,19.12,19.12,19.05,19.05,1100,0
AQWA.US,60,20251218,200000,19.14,19.14,19.14,19.14,300,0
AQWA.US,60,20251218,210000,19.1299,19.1299,19.1299,19.1299,135,0
AQWA.US,60,20251218,220000,19.08,19.0948,19.065,19.0948,1950,0
AQWA.US,60,20251219,170000,19.05,19.05,19.05,19.05,100,0
AQWA.US,60,20251219,180000,19.0456,19.0456,19.04,19.04,332,0
AQWA.US,60,20251219,190000,19.04,19.04,19.04,19.04,100,0
AQWA.US,60,20251219,210000,19.07,19.07,19.0469,19.0469,857,0
AQWA.US,60,20251222,160000,19.07,19.07,19.03,19.0699,503,0
AQWA.US,60,20251222,170000,19.08,19.17,19.08,19.14,400,0
AQWA.US,60,20251222,180000,19.19,19.19,19.11,19.158,559,0
AQWA.US,60,20251222,200000,19.19,19.19,19.19,19.19,462,0
AQWA.US,60,20251222,210000,19.185,19.185,19.185,19.185,400,0
AQWA.US,60,20251223,160000,19.24,19.24,19.24,19.24,555,0
AQWA.US,60,20251223,180000,19.19,19.19,19.135,19.1684,653,0
AQWA.US,60,20251223,190000,19.17,19.17,19.17,19.17,100,0
AQWA.US,60,20251223,200000,19.229,19.229,19.185,19.19,940,0
AQWA.US,60,20251223,210000,19.19,19.229,19.19,19.229,785,0
AQWA.US,60,20251223,220000,19.21,19.23,19.21,19.23,200,0
AQWA.US,60,20251224,160000,19.2508,19.2508,19.22,19.22,245,0
AQWA.US,60,20251224,170000,19.21,19.29,19.2001,19.2258,700,0
AQWA.US,60,20251224,180000,19.258,19.258,19.258,19.258,300,0
AQWA.US,60,20251224,190000,19.23,19.2561,19.2,19.2561,1103,0
AQWA.US,60,20251226,160000,19.27,19.27,19.27,19.27,310,0
AQWA.US,60,20251226,170000,19.2899,19.2899,19.225,19.225,1500,0
AQWA.US,60,20251226,180000,19.2284,19.2284,19.185,19.185,500,0
AQWA.US,60,20251226,200000,19.19,19.19,19.18,19.18,1379,0
AQWA.US,60,20251226,210000,19.182,19.182,19.182,19.182,115,0
AQWA.US,60,20251226,220000,19.1605,19.17,19.1605,19.17,404,0
