<TICKER>,<PER>,<DATE>,<TIME>,<OPEN>,<HIGH>,<LOW>,<CLOSE>,<VOL>,<OPENINT>
COIG.US,60,20250314,170000,16.19,16.19,16.19,16.19,100,0
COIG.US,60,20250318,150000,16,16,15.9,15.9,560,0
COIG.US,60,20250318,160000,15.37,15.5782,15.34,15.5782,450,0
COIG.US,60,20250318,170000,15.385,15.385,15.2899,15.2899,351,0
COIG.US,60,20250318,180000,15.24,15.3199,15.24,15.2901,300,0
COIG.US,60,20250319,160000,16.685,16.685,16.685,16.685,100,0
COIG.US,60,20250319,200000,16.68,17.24,16.68,17.24,600,0
COIG.US,60,20250320,160000,17.4041,17.6994,17.3,17.4195,14124,0
COIG.US,60,20250320,170000,17.0999,17.0999,17.0999,17.0999,200,0
COIG.US,60,20250320,180000,17.01,17.01,16.73,16.73,1200,0
COIG.US,60,20250320,190000,16.73,16.73,16.71,16.71,4000,0
COIG.US,60,20250320,210000,17.019,17.019,17.019,17.019,587,0
COIG.US,60,20250321,150000,16.15,16.429,16.04,16.321,7000,0
COIG.US,60,20250321,160000,16.24,16.46,16.2,16.46,7300,0
COIG.US,60,20250321,170000,16.251,16.2605,16.25,16.25,7050,0
COIG.US,60,20250321,180000,16.22,16.651,16.22,16.651,3546,0
COIG.US,60,20250321,190000,16.6259,16.6259,16.61,16.61,2100,0
COIG.US,60,20250321,210000,16.82,16.8837,16.82,16.85,910,0
COIG.US,60,20250324,150000,18.17,18.171,18.16,18.1601,15300,0
COIG.US,60,20250324,160000,18.28,18.805,18.28,18.805,603,0
COIG.US,60,20250324,180000,19.05,19.05,18.88,18.88,360,0
COIG.US,60,20250324,190000,18.86,19.06,18.78,19.06,2400,0
COIG.US,60,20250324,200000,18.98,18.98,18.98,18.98,200,0
COIG.US,60,20250324,210000,19.12,19.23,19.12,19.23,568,0
COIG.US,60,20250325,150000,19.01,19.31,18.41,18.89,12146,0
COIG.US,60,20250325,160000,18.9596,19.18,18.9596,19.18,2227,0
COIG.US,60,20250325,170000,19.67,19.719,19.446,19.719,415,0
COIG.US,60,20250325,180000,19.071,19.071,18.9059,18.9059,1500,0
COIG.US,60,20250325,190000,18.7441,18.7441,18.7441,18.7441,250,0
COIG.US,60,20250325,200000,18.66,18.66,18.66,18.66,100,0
COIG.US,60,20250325,210000,18.93,19.5,18.91,19.48,6994,0
COIG.US,60,20250326,150000,19.31,19.7237,19.18,19.7237,489,0
COIG.US,60,20250326,160000,17.9184,18.359,17.9184,18.359,611,0
COIG.US,60,20250326,190000,17.5532,17.5532,17.5532,17.5532,1250,0
COIG.US,60,20250326,210000,17.64,17.64,17.6,17.6,1326,0
COIG.US,60,20250327,150000,17.24,17.5104,17.24,17.5104,900,0
COIG.US,60,20250327,160000,17.25,17.46,17.25,17.46,1018,0
COIG.US,60,20250327,170000,17.4888,17.4951,17.37,17.37,300,0
COIG.US,60,20250327,180000,16.68,16.68,16.68,16.68,100,0
COIG.US,60,20250327,210000,16.54,16.54,16.54,16.54,200,0
COIG.US,60,20250328,150000,15.86,15.86,15.86,15.86,100,0
COIG.US,60,20250328,160000,14.9674,14.9674,14.96,14.96,406,0
COIG.US,60,20250328,170000,14.8,14.8,14.8,14.8,100,0
COIG.US,60,20250328,180000,14.5536,14.689,14.3001,14.51,4299,0
COIG.US,60,20250328,210000,14.25,14.25,14.25,14.25,102,0
COIG.US,60,20250331,160000,13.22,13.22,13.22,13.22,102,0
COIG.US,60,20250331,190000,13.5,13.509,13.5,13.509,222,0
COIG.US,60,20250401,170000,13.46,13.46,13.42,13.42,1600,0
COIG.US,60,20250401,180000,13.83,14.241,13.83,14.19,17190,0
COIG.US,60,20250401,190000,14.298,14.298,14.298,14.298,100,0
COIG.US,60,20250401,200000,13.929,13.929,13.78,13.78,1322,0
COIG.US,60,20250401,210000,13.3449,13.3449,13.3449,13.3449,300,0
COIG.US,60,20250401,220000,13.75,13.75,13.75,13.75,531,0
COIG.US,60,20250402,170000,14.52,14.57,14.52,14.52,600,0
COIG.US,60,20250402,180000,14.5,14.5,14.5,14.5,166,0
COIG.US,60,20250402,190000,15.1,15.34,15.1,15.3135,1600,0
COIG.US,60,20250402,200000,15.031,15.075,15.031,15.075,200,0
COIG.US,60,20250403,160000,12.98,12.98,12.98,12.98,400,0
COIG.US,60,20250403,170000,13.17,13.17,12.56,12.56,1600,0
COIG.US,60,20250403,180000,12.68,13.12,12.68,13.12,2633,0
COIG.US,60,20250403,190000,13.2,13.37,13.15,13.15,3600,0
COIG.US,60,20250403,220000,13.36,13.36,13.18,13.28,6261,0
COIG.US,60,20250404,170000,11.23,11.23,11.23,11.23,100,0
COIG.US,60,20250404,210000,11.3667,11.3667,11.3599,11.3599,527,0
COIG.US,60,20250404,220000,11.93,11.93,11.93,11.93,199,0
COIG.US,60,20250407,160000,9.35,9.65,9.35,9.65,200,0
COIG.US,60,20250407,170000,11.4,11.65,10.67,11.05,4600,0
COIG.US,60,20250407,190000,10.729,10.94,10.449,10.449,549,0
COIG.US,60,20250407,200000,10.88,11.8,10.88,11.8,26088,0
COIG.US,60,20250407,210000,11.36,11.66,11.36,11.43,2779,0
COIG.US,60,20250407,220000,11.35,11.6,11.35,11.6,1600,0
COIG.US,60,20250408,160000,12.22,12.22,11.97,11.97,1909,0
COIG.US,60,20250408,170000,12.61,12.61,12.35,12.4,996,0
COIG.US,60,20250408,220000,10.49,10.49,9.9136,9.9136,5596,0
COIG.US,60,20250409,190000,10.78,10.78,10.756,10.756,951,0
COIG.US,60,20250409,200000,11.21,12.8535,11.21,12.8535,4350,0
COIG.US,60,20250409,220000,13.94,13.94,13.94,13.94,133,0
COIG.US,60,20250410,170000,13.11,13.11,13.11,13.11,100,0
COIG.US,60,20250410,190000,11.64,11.64,11.64,11.64,100,0
COIG.US,60,20250410,210000,13.24,13.385,13.08,13.14,600,0
COIG.US,60,20250411,190000,12.71,12.71,12.691,12.691,400,0
COIG.US,60,20250411,200000,13.139,13.685,13.139,13.685,1100,0
COIG.US,60,20250411,220000,13.78,13.78,13.6,13.6,394,0
COIG.US,60,20250415,170000,13.97,14.5,13.81,13.81,444,0
COIG.US,60,20250416,160000,13.01,13.01,13.01,13.01,200,0
COIG.US,60,20250416,180000,13.3599,13.3599,13.3599,13.3599,120,0
COIG.US,60,20250416,200000,12.82,12.82,12.77,12.77,500,0
COIG.US,60,20250417,190000,13.46,13.652,13.45,13.652,6744,0
COIG.US,60,20250422,170000,15.53,15.53,15.53,15.53,700,0
COIG.US,60,20250422,180000,15.72,15.78,15.72,15.72,5887,0
COIG.US,60,20250422,190000,15.9985,15.9985,15.9985,15.9985,200,0
COIG.US,60,20250422,200000,15.63,15.89,15.63,15.89,300,0
COIG.US,60,20250422,210000,16.07,16.07,16.07,16.07,150,0
COIG.US,60,20250422,220000,15.73,15.73,15.73,15.73,144,0
COIG.US,60,20250423,160000,17.08,17.33,17.08,17.32,1093,0
COIG.US,60,20250423,170000,17.049,17.049,17.049,17.049,150,0
COIG.US,60,20250423,180000,16.53,16.53,16.38,16.38,200,0
COIG.US,60,20250423,190000,16.4,16.4,16.4,16.4,100,0
COIG.US,60,20250423,220000,16.62,16.7,16.62,16.7,400,0
COIG.US,60,20250424,170000,17.2,17.2,17.2,17.2,200,0
COIG.US,60,20250424,180000,17.92,17.92,17.92,17.92,198,0
COIG.US,60,20250424,190000,17.851,17.851,17.851,17.851,2500,0
COIG.US,60,20250424,220000,18.039,18.05,17.94,17.94,398,0
COIG.US,60,20250425,170000,18.97,18.97,18.97,18.97,507,0
COIG.US,60,20250425,180000,18.669,18.669,18.669,18.669,400,0
COIG.US,60,20250425,190000,18.69,18.71,18.625,18.71,554,0
COIG.US,60,20250425,200000,19.305,19.305,19.305,19.305,180,0
COIG.US,60,20250425,210000,18.859,18.869,18.859,18.869,1800,0
COIG.US,60,20250425,220000,18.99,18.99,18.99,18.99,761,0
COIG.US,60,20250428,160000,18.4371,18.4371,18.4371,18.4371,100,0
COIG.US,60,20250428,170000,18.299,18.299,18.299,18.299,151,0
COIG.US,60,20250428,180000,17.67,17.67,17.67,17.67,3900,0
COIG.US,60,20250428,200000,17.0059,17.0059,17.0059,17.0059,300,0
COIG.US,60,20250428,220000,17.93,18.22,17.93,18.22,700,0
COIG.US,60,20250429,190000,18.299,18.299,18.295,18.295,250,0
COIG.US,60,20250429,210000,18.4744,18.4801,18.4744,18.4801,750,0
COIG.US,60,20250430,160000,17.181,17.181,17.181,17.181,155,0
COIG.US,60,20250430,170000,17.25,17.25,17.25,17.25,300,0
COIG.US,60,20250430,180000,17.575,17.575,17.575,17.575,128,0
COIG.US,60,20250430,190000,17.4302,17.4302,17.371,17.39,1094,0
COIG.US,60,20250430,220000,17.75,17.75,17.75,17.75,100,0
COIG.US,60,20250501,180000,18.31,18.31,18.31,18.31,172,0
COIG.US,60,20250501,200000,18.401,18.401,18.39,18.39,1800,0
COIG.US,60,20250501,210000,17.99,18.11,17.99,18.11,707,0
COIG.US,60,20250501,220000,17.957,17.957,17.85,17.85,200,0
COIG.US,60,20250502,170000,18.04,18.3149,18.04,18.3149,370,0
COIG.US,60,20250502,180000,18.34,18.34,18.34,18.34,300,0
COIG.US,60,20250502,190000,18.46,18.481,18.46,18.481,200,0
COIG.US,60,20250502,220000,18.01,18.119,18.01,18.119,378,0
COIG.US,60,20250505,160000,17.3204,17.3204,17.3204,17.3204,100,0
COIG.US,60,20250505,170000,17.469,17.469,17.46,17.46,480,0
COIG.US,60,20250505,180000,17.281,17.281,17.05,17.05,1900,0
COIG.US,60,20250505,200000,17.381,17.381,17.381,17.381,278,0
COIG.US,60,20250505,210000,17.649,17.649,17.649,17.649,500,0
COIG.US,60,20250505,220000,17.501,17.501,17.185,17.185,1550,0
COIG.US,60,20250506,160000,16.355,16.355,16.355,16.355,250,0
COIG.US,60,20250506,170000,16.619,16.619,16.619,16.619,250,0
COIG.US,60,20250506,210000,16.61,16.61,16.61,16.61,200,0
COIG.US,60,20250506,220000,16.81,16.8155,16.81,16.8155,200,0
COIG.US,60,20250507,160000,17.04,17.04,17.04,17.04,100,0
COIG.US,60,20250507,190000,16.7764,16.7764,16.7764,16.7764,974,0
COIG.US,60,20250507,200000,16.73,16.73,16.52,16.521,1100,0
COIG.US,60,20250507,210000,16.3,16.3,16.3,16.3,100,0
COIG.US,60,20250508,160000,18.09,18.09,18.09,18.09,100,0
COIG.US,60,20250508,170000,18.059,18.55,17.98,18.06,4263,0
COIG.US,60,20250508,180000,18.43,18.64,18.43,18.64,1216,0
COIG.US,60,20250508,190000,18.329,18.89,18.329,18.89,800,0
COIG.US,60,20250508,200000,18.759,18.759,18.45,18.45,600,0
COIG.US,60,20250508,210000,18.68,18.8,18.6606,18.77,843,0
COIG.US,60,20250508,220000,18.45,18.83,18.319,18.329,3300,0
COIG.US,60,20250509,160000,17.64,19.4499,17.64,19.4499,1914,0
COIG.US,60,20250509,170000,19.46,19.46,17.64,17.8906,6445,0
COIG.US,60,20250509,180000,18.051,18.051,17.559,17.559,4500,0
COIG.US,60,20250509,190000,17.56,17.56,17.009,17.009,714,0
COIG.US,60,20250509,200000,17.421,17.8759,17.421,17.8759,300,0
COIG.US,60,20250509,220000,17.233,17.233,17,17,200,0
COIG.US,60,20250512,160000,18.5,19.06,18.5,18.72,1216,0
COIG.US,60,20250512,170000,18.97,19.01,18.96,19.01,791,0
COIG.US,60,20250512,180000,18.82,18.82,18.525,18.525,3102,0
COIG.US,60,20250512,220000,18.3508,18.409,18.2,18.2,775,0
COIG.US,60,20250513,160000,22.6671,24.0099,22.6671,23.7386,2447,0
COIG.US,60,20250513,170000,24.395,24.515,23.89,24.137,3500,0
COIG.US,60,20250513,180000,24.58,25.86,24.58,25.8,3522,0
COIG.US,60,20250513,190000,25.87,26.779,25.8208,26.75,5247,0
COIG.US,60,20250513,200000,26.319,26.63,26.24,26.411,1625,0
COIG.US,60,20250513,210000,26.5,27.37,26.5,27.37,1095,0
COIG.US,60,20250513,220000,27.32,27.57,27.181,27.28,16976,0
COIG.US,60,20250514,160000,27.2,27.775,26.76,27.0752,2765,0
COIG.US,60,20250514,170000,27.41,27.45,26.66,27.45,1484,0
COIG.US,60,20250514,180000,26.93,27.55,26.93,27.55,700,0
COIG.US,60,20250514,190000,28.16,28.19,28.16,28.19,200,0
COIG.US,60,20250514,200000,27.6358,27.6358,27.18,27.18,1260,0
COIG.US,60,20250514,210000,27.63,27.84,27.63,27.84,450,0
COIG.US,60,20250514,220000,27.93,28.56,27.93,28.559,500,0
COIG.US,60,20250515,160000,27,27.02,25.34,25.34,2703,0
COIG.US,60,20250515,170000,25.69,25.75,23.6,24.04,4828,0
COIG.US,60,20250515,180000,24.5,26.019,24.5,25.96,7603,0
COIG.US,60,20250515,190000,25.9404,26.15,25.491,26.15,2564,0
COIG.US,60,20250515,200000,25.02,25.1,23.5,24.8204,4824,0
COIG.US,60,20250515,210000,25.01,25.01,24.84,24.87,314,0
COIG.US,60,20250515,220000,24.67,24.67,23.8654,23.8654,3370,0
COIG.US,60,20250516,160000,25.98,26.8995,25.909,26.8995,783,0
COIG.US,60,20250516,170000,26.8442,28,26.84,27.7991,2562,0
COIG.US,60,20250516,180000,27.719,29.05,27.719,29.05,1785,0
COIG.US,60,20250516,190000,29.279,29.279,28.5,28.5,2961,0
COIG.US,60,20250516,200000,28.73,28.73,28.63,28.7,300,0
COIG.US,60,20250516,210000,28.8,28.82,28.5714,28.6,2242,0
COIG.US,60,20250516,220000,27.756,29.25,27.756,28.66,9149,0
COIG.US,60,20250519,160000,28.04,28.619,27.72,27.965,4732,0
COIG.US,60,20250519,170000,27.89,28.7,27.89,28.7,3975,0
COIG.US,60,20250519,180000,28.399,28.399,28.21,28.25,1475,0
COIG.US,60,20250519,200000,28.38,28.38,28.38,28.38,150,0
COIG.US,60,20250519,210000,28,28,28,28,100,0
COIG.US,60,20250519,220000,28.19,28.51,28.145,28.145,1340,0
COIG.US,60,20250520,160000,28.49,28.49,27.8,27.8,542,0
COIG.US,60,20250520,170000,27.768,27.768,27.63,27.63,468,0
COIG.US,60,20250520,190000,27.791,27.791,27.791,27.791,100,0
COIG.US,60,20250520,200000,28.2383,28.2383,28.064,28.064,250,0
COIG.US,60,20250520,210000,28.0911,28.3665,26.9806,27.04,1791,0
COIG.US,60,20250520,220000,26.91,27.6799,26.8001,27.6122,2475,0
COIG.US,60,20250521,160000,27.601,28.0407,27.58,27.68,6237,0
COIG.US,60,20250521,170000,27.261,28.2,27.181,28.2,800,0
COIG.US,60,20250521,180000,28.3,29,28.3,28.38,4566,0
COIG.US,60,20250521,190000,28.94,28.94,28.58,28.61,500,0
COIG.US,60,20250521,200000,28.52,28.52,27.0599,27.18,3083,0
COIG.US,60,20250521,210000,27.174,27.61,27.174,27.61,300,0
COIG.US,60,20250521,220000,27.06,27.26,27.01,27.23,1150,0
COIG.US,60,20250522,160000,28.75,29.05,28.33,29.0405,1362,0
COIG.US,60,20250522,170000,28.35,28.74,28.25,28.25,965,0
COIG.US,60,20250522,180000,28.46,28.98,28.361,28.98,503,0
COIG.US,60,20250522,190000,28.92,28.92,28.8447,28.8447,300,0
COIG.US,60,20250522,200000,28.81,28.81,28.81,28.81,100,0
COIG.US,60,20250522,220000,30.71,30.71,29.8,30,546,0
COIG.US,60,20250523,160000,28.335,28.64,28,28.04,1600,0
COIG.US,60,20250523,170000,28.1,28.1,28.1,28.1,200,0
COIG.US,60,20250523,180000,28.08,28.08,28.03,28.03,684,0
COIG.US,60,20250523,210000,28.11,28.11,28.1001,28.1001,2000,0
COIG.US,60,20250527,170000,28.44,28.57,28.2701,28.3,8049,0
COIG.US,60,20250527,180000,28.5808,28.6149,28.541,28.6149,1810,0
COIG.US,60,20250527,190000,28.71,28.92,28.71,28.92,5093,0
COIG.US,60,20250527,210000,28.93,28.93,28.67,28.67,2354,0
COIG.US,60,20250527,220000,28.56,28.67,28.455,28.455,640,0
COIG.US,60,20250528,160000,26.86,27,26.48,26.48,3921,0
COIG.US,60,20250528,170000,26.58,26.58,25.98,26.04,429,0
COIG.US,60,20250528,180000,25.961,26.219,25.961,26.19,5419,0
COIG.US,60,20250528,190000,26.326,26.549,26.3,26.549,3800,0
COIG.US,60,20250528,200000,26.7276,26.7276,26.7,26.7,599,0
COIG.US,60,20250528,210000,26.799,26.799,26.59,26.5999,1200,0
COIG.US,60,20250528,220000,26.6,26.6,25.9,25.9,1395,0
COIG.US,60,20250529,160000,26.122,26.25,26.122,26.25,200,0
COIG.US,60,20250529,170000,25.1224,25.66,25.1,25.66,3700,0
COIG.US,60,20250529,180000,25.42,25.42,25.42,25.42,256,0
COIG.US,60,20250529,210000,24.6828,24.695,24.6828,24.695,885,0
COIG.US,60,20250529,220000,24.5,24.75,24.5,24.75,2999,0
COIG.US,60,20250530,170000,24.32,24.39,24.299,24.299,400,0
COIG.US,60,20250530,180000,24.23,24.93,24.23,24.93,1603,0
COIG.US,60,20250530,190000,24.511,24.63,24.0571,24.0571,660,0
COIG.US,60,20250530,210000,24,24.09,23.9701,23.9701,900,0
COIG.US,60,20250530,220000,24.25,24.25,24.25,24.25,200,0
COIG.US,60,20250602,160000,23.82,23.82,23.82,23.82,100,0
COIG.US,60,20250602,170000,23.97,24.01,23.92,24.01,472,0
COIG.US,60,20250602,180000,24.16,24.16,24.16,24.16,197,0
COIG.US,60,20250602,190000,24.18,24.18,24.18,24.18,100,0
COIG.US,60,20250602,200000,24.1444,24.1444,24.1444,24.1444,375,0
COIG.US,60,20250602,220000,24.15,24.15,24.15,24.15,125,0
COIG.US,60,20250603,160000,25.05,25.05,25.05,25.05,600,0
COIG.US,60,20250603,170000,25.07,26.77,25.07,26.64,3064,0
COIG.US,60,20250603,180000,26.7,26.7136,26.345,26.345,2927,0
COIG.US,60,20250603,190000,26.6226,26.709,26.6226,26.709,600,0
COIG.US,60,20250603,200000,26.581,26.7,26.581,26.59,2384,0
COIG.US,60,20250603,210000,26.5,26.6,26.5,26.6,1695,0
COIG.US,60,20250603,220000,26.75,26.98,26.6,26.6,1149,0
COIG.US,60,20250604,160000,26.8,26.83,26.8,26.83,215,0
COIG.US,60,20250604,170000,26.37,26.37,26.22,26.22,804,0
COIG.US,60,20250604,180000,26.29,26.29,26.25,26.25,434,0
COIG.US,60,20250604,190000,25.93,26.029,25.88,26.029,1100,0
COIG.US,60,20250604,210000,25.95,25.95,25.88,25.88,200,0
COIG.US,60,20250604,220000,25.929,25.929,25.7678,25.7678,770,0
COIG.US,60,20250605,160000,26.61,26.61,26.61,26.61,100,0
COIG.US,60,20250605,170000,26.59,26.59,26.59,26.59,213,0
COIG.US,60,20250605,180000,26.82,26.82,26.82,26.82,300,0
COIG.US,60,20250605,190000,26.75,26.75,25.5,25.5,900,0
COIG.US,60,20250605,200000,25.29,25.29,25.21,25.21,200,0
COIG.US,60,20250605,210000,24.391,24.391,24.04,24.04,700,0
COIG.US,60,20250605,220000,23.55,23.55,23.55,23.55,115,0
COIG.US,60,20250606,160000,25.32,25.32,25.32,25.32,135,0
COIG.US,60,20250606,170000,25.469,25.469,25.469,25.469,700,0
COIG.US,60,20250606,180000,25.32,25.32,25.039,25.039,1100,0
COIG.US,60,20250606,210000,25.58,25.58,25.43,25.43,852,0
COIG.US,60,20250606,220000,25.16,25.16,25.16,25.16,100,0
COIG.US,60,20250609,160000,25.69,25.69,25.49,25.49,305,0
COIG.US,60,20250609,170000,25.201,25.43,25.201,25.43,500,0
COIG.US,60,20250609,200000,25.501,25.56,25.501,25.56,200,0
COIG.US,60,20250609,210000,25.8019,25.8019,25.8019,25.8019,400,0
COIG.US,60,20250609,220000,26.23,26.23,26.1406,26.1406,2500,0
COIG.US,60,20250610,160000,26.76,26.769,26.12,26.19,3514,0
COIG.US,60,20250610,170000,26.52,26.52,25.65,25.65,1633,0
COIG.US,60,20250610,180000,25.5,25.699,25.5,25.62,700,0
COIG.US,60,20250610,200000,25.7886,26.119,25.7886,26.119,600,0
COIG.US,60,20250610,220000,25.82,25.82,25.82,25.82,100,0
COIG.US,60,20250611,160000,26.03,26.44,26.03,26.44,586,0
COIG.US,60,20250611,170000,25.7609,25.7609,25.7609,25.7609,206,0
COIG.US,60,20250611,180000,25.92,25.921,25.911,25.9118,1599,0
COIG.US,60,20250611,190000,25.685,25.71,25.685,25.71,250,0
COIG.US,60,20250611,200000,25.8101,25.8101,25.5299,25.5299,712,0
COIG.US,60,20250611,220000,24.7,24.7,24.69,24.69,200,0
COIG.US,60,20250612,160000,23.6791,23.6791,23.52,23.52,1400,0
COIG.US,60,20250612,170000,24.01,24.01,23.78,23.8582,693,0
COIG.US,60,20250612,180000,23.63,23.63,23.63,23.63,100,0
COIG.US,60,20250612,190000,23.58,23.58,23.4499,23.45,635,0
COIG.US,60,20250612,210000,22.731,22.93,22.731,22.93,398,0
COIG.US,60,20250612,220000,22.9022,23.16,22.9022,23.07,875,0
COIG.US,60,20250613,170000,22.15,22.15,22.15,22.15,100,0
COIG.US,60,20250613,190000,22.53,22.6996,22.53,22.6996,200,0
COIG.US,60,20250616,170000,24.8638,24.9468,24.8638,24.9468,420,0
COIG.US,60,20250616,180000,25.5,25.73,25.5,25.73,1785,0
COIG.US,60,20250616,190000,25.98,25.98,25.76,25.76,793,0
COIG.US,60,20250616,200000,25.98,26.3653,25.98,26.3653,306,0
COIG.US,60,20250616,210000,26.55,26.55,26.55,26.55,100,0
COIG.US,60,20250616,220000,26.77,27,26.68,26.7489,1216,0
COIG.US,60,20250617,160000,25.84,25.84,25.698,25.698,756,0
COIG.US,60,20250617,170000,26.06,26.06,25.92,25.92,711,0
COIG.US,60,20250617,180000,25.55,25.585,25.55,25.585,397,0
COIG.US,60,20250617,190000,25.38,25.38,24.9082,24.9082,300,0
COIG.US,60,20250617,200000,24.895,24.895,24.61,24.61,289,0
COIG.US,60,20250618,160000,25.3962,25.429,24.88,25.39,2500,0
COIG.US,60,20250618,170000,25.64,25.7891,25.6044,25.6699,3348,0
COIG.US,60,20250618,180000,25.58,30.27,25.58,30.27,5504,0
COIG.US,60,20250618,190000,30.309,31.66,30.19,31.1,16371,0
COIG.US,60,20250618,200000,31.38,32.76,31.38,32.5,9839,0
COIG.US,60,20250618,210000,32.48,33.5,32.2,32.8,4600,0
COIG.US,60,20250618,220000,32.37,34.1559,32.342,33.37,3005,0
COIG.US,60,20250620,160000,35.33,36.65,34.1,35.3,11829,0
COIG.US,60,20250620,170000,35.85,35.9399,34.8785,34.881,7869,0
COIG.US,60,20250620,180000,34.445,36.2106,34.445,36.01,12551,0
COIG.US,60,20250620,190000,36.23,36.7888,35.76,36.38,6664,0
COIG.US,60,20250620,200000,36.39,36.39,35.1021,35.1021,1440,0
COIG.US,60,20250620,210000,35.4048,35.6271,35.198,35.3834,2300,0
COIG.US,60,20250620,220000,35.491,36.2909,35.0615,36.2909,2735,0
COIG.US,60,20250623,160000,34.72,36.31,34.23,36.31,4803,0
COIG.US,60,20250623,170000,36.3995,37.6186,35.7,35.7,13586,0
COIG.US,60,20250623,180000,35.8,36.2881,35.66,35.92,3540,0
COIG.US,60,20250623,190000,34.991,34.991,33.56,34.119,1100,0
COIG.US,60,20250623,200000,34.0245,35.765,34.0245,35.514,600,0
COIG.US,60,20250623,210000,36.13,36.13,36.07,36.07,310,0
COIG.US,60,20250623,220000,35.84,36.075,35.84,36.075,400,0
COIG.US,60,20250624,160000,37.86,41.76,37.61,41.76,7289,0
COIG.US,60,20250624,170000,41.44,43.03,41.2024,42.6,6846,0
COIG.US,60,20250624,180000,42.48,43.154,42.48,42.938,1726,0
COIG.US,60,20250624,190000,42.86,43.73,42.86,43.72,2703,0
COIG.US,60,20250624,200000,44.15,44.8,43.5,44.7435,4987,0
COIG.US,60,20250624,210000,44.73,45.51,44.49,45.51,1699,0
COIG.US,60,20250624,220000,44.9707,44.9707,44.34,44.34,4456,0
COIG.US,60,20250625,160000,48.84,50.9,47.43,48.3084,23729,0
COIG.US,60,20250625,170000,48.0583,48.0583,45.2828,46.53,14410,0
COIG.US,60,20250625,180000,47.07,47.0704,46.019,46.019,4231,0
COIG.US,60,20250625,190000,45.53,46.13,45.439,45.78,1300,0
COIG.US,60,20250625,200000,45.9123,46.44,45.68,45.76,8401,0
COIG.US,60,20250625,210000,46.17,46.17,45.58,45.58,229,0
COIG.US,60,20250625,220000,46.385,46.94,46.385,46.896,3362,0
COIG.US,60,20250626,160000,47.58,51.63,47.58,51.63,7866,0
COIG.US,60,20250626,170000,51.54,52.75,50.5,51.39,14988,0
COIG.US,60,20250626,180000,51.45,51.45,49.431,50.529,2752,0
COIG.US,60,20250626,190000,50.1911,53.1,50.19,53.02,8560,0
COIG.US,60,20250626,200000,53.08,53.11,52.551,52.551,2623,0
COIG.US,60,20250626,210000,54.1086,54.3,53.081,53.57,5376,0
COIG.US,60,20250626,220000,53.3,53.51,52.785,52.88,2695,0
COIG.US,60,20250627,160000,51.38,51.94,48.091,48.1916,9394,0
COIG.US,60,20250627,170000,47.959,48.91,45.39,45.39,14720,0
COIG.US,60,20250627,180000,45.74,47.2725,45.0784,47.2725,6971,0
COIG.US,60,20250627,190000,47.27,48.05,47.27,47.73,2584,0
COIG.US,60,20250627,200000,46.13,46.6,46.0575,46.6,1521,0
COIG.US,60,20250627,210000,46.5,46.5,44.93,45.255,3918,0
COIG.US,60,20250627,220000,45.8528,47.09,45.8528,46.5427,2279,0
COIG.US,60,20250630,160000,48.02,48.23,46.82,47.5723,3516,0
COIG.US,60,20250630,170000,46.75,46.75,46.12,46.6506,7364,0
COIG.US,60,20250630,180000,46.47,46.68,45.96,46.68,2271,0
COIG.US,60,20250630,190000,46.41,46.7,45.9004,46.36,6257,0
COIG.US,60,20250630,200000,46.05,46.52,45.92,46.05,4785,0
COIG.US,60,20250630,210000,46.01,46.2,45.8304,46.04,8830,0
COIG.US,60,20250630,220000,45.834,45.95,45.3,45.915,1378,0
COIG.US,60,20250701,160000,42.5,45.18,42.5,45.18,1400,0
COIG.US,60,20250701,170000,45.45,45.45,43.528,43.67,1860,0
COIG.US,60,20250701,180000,43.67,43.9966,42.32,42.32,3314,0
COIG.US,60,20250701,190000,42,42.48,42,42.48,1190,0
COIG.US,60,20250701,200000,42.6328,42.7299,42.39,42.49,1029,0
COIG.US,60,20250701,210000,42.88,43.2,42.089,42.09,1799,0
COIG.US,60,20250701,220000,41.75,42.085,41.49,42.085,4553,0
COIG.US,60,20250702,160000,43.59,43.7676,43.4588,43.4588,957,0
COIG.US,60,20250702,170000,43.44,44.08,43.44,44.08,1095,0
COIG.US,60,20250702,180000,44.9339,45.16,44.9339,45.02,1423,0
COIG.US,60,20250702,190000,45.6,46.3,45.5172,46.3,2854,0
COIG.US,60,20250702,200000,46.354,46.5,46.06,46.4,512,0
COIG.US,60,20250702,210000,46.41,47.05,46.41,47.05,1967,0
COIG.US,60,20250702,220000,47.05,47.05,46.52,46.5812,6224,0
COIG.US,60,20250703,160000,45.23,46.7,45.23,46.17,1429,0
COIG.US,60,20250703,170000,46.84,46.99,46.43,46.45,1900,0
COIG.US,60,20250703,180000,46.275,46.275,46.08,46.08,465,0
COIG.US,60,20250703,190000,46.09,46.45,45.91,46.45,2199,0
COIG.US,60,20250707,160000,46.72,48.56,45.79,48.05,3443,0
COIG.US,60,20250707,170000,47.41,47.55,46.805,46.805,1943,0
COIG.US,60,20250707,180000,47.37,47.71,47.37,47.65,1857,0
COIG.US,60,20250707,190000,47.95,47.95,46.67,47.02,734,0
COIG.US,60,20250707,200000,47.21,47.7376,47.21,47.7376,659,0
COIG.US,60,20250707,210000,47.29,47.33,46.39,46.39,665,0
COIG.US,60,20250707,220000,46.65,47.29,46.65,47.26,600,0
COIG.US,60,20250708,160000,48.75,50.08,46.27,46.74,5677,0
COIG.US,60,20250708,170000,46.19,46.465,45.89,46.42,3390,0
COIG.US,60,20250708,180000,46.44,46.5774,45.5,45.5,1910,0
COIG.US,60,20250708,190000,45.5,45.95,44.9795,45.95,7678,0
COIG.US,60,20250708,200000,46.13,46.22,45.71,45.88,2700,0
COIG.US,60,20250708,220000,45.8488,46.57,45.69,46.57,1300,0
COIG.US,60,20250709,160000,47.74,49.1,47.06,47.71,5472,0
COIG.US,60,20250709,170000,47.845,47.9824,46.3,47.68,3419,0
COIG.US,60,20250709,180000,48.17,50,48.17,49.1,3606,0
COIG.US,60,20250709,190000,48.7,49.25,48.7,49.25,1249,0
COIG.US,60,20250709,200000,48.79,49.17,48.57,49.05,1550,0
COIG.US,60,20250709,210000,49.475,49.83,49.14,49.83,3199,0
COIG.US,60,20250709,220000,50.015,51.6,49.91,51.6,5944,0
COIG.US,60,20250710,160000,51.35,52.29,51,51.35,3349,0
COIG.US,60,20250710,170000,50.86,52.5,50.86,52.13,4335,0
COIG.US,60,20250710,180000,52.34,53.42,52.34,52.91,3320,0
COIG.US,60,20250710,190000,53,54.21,53,53.28,1893,0
COIG.US,60,20250710,200000,53.95,54.48,53.83,54.48,1860,0
COIG.US,60,20250710,210000,53.7,54.49,53.7,54.49,628,0
COIG.US,60,20250710,220000,55.339,55.749,55.2862,55.5637,3081,0
COIG.US,60,20250711,180000,53.5,53.5,53.061,53.061,800,0
COIG.US,60,20250711,190000,53.2849,54.78,53.26,54.4601,2089,0
COIG.US,60,20250711,200000,54.9,55.83,54.9,55.83,700,0
COIG.US,60,20250711,210000,55.66,55.8,54.81,55.05,2625,0
COIG.US,60,20250711,220000,54.36,55.0068,54.2,55.0068,1852,0
COIG.US,60,20250714,160000,56.93,58.439,56.79,57.39,48185,0
COIG.US,60,20250714,170000,57.62,58.12,55.93,55.93,4380,0
COIG.US,60,20250714,180000,57.4,57.505,56.83,57.155,3395,0
COIG.US,60,20250714,190000,56.15,57.4,55.97,57.33,2380,0
COIG.US,60,20250714,200000,57.37,57.5,57.24,57.3,5311,0
COIG.US,60,20250714,210000,57.1,58.01,57.1,57.1,38692,0
COIG.US,60,20250714,220000,57.5,57.51,56.74,57.09,3742,0
COIG.US,60,20250715,160000,56.28,58.04,55.89,57.9,9177,0
COIG.US,60,20250715,170000,58.64,58.7,55.35,55.35,47085,0
COIG.US,60,20250715,180000,56.26,56.6579,56.1,56.265,3124,0
COIG.US,60,20250715,190000,57.44,57.65,56.68,56.68,1900,0
COIG.US,60,20250715,200000,56.65,56.72,56.35,56.35,575,0
COIG.US,60,20250715,210000,55.61,55.76,51.44,53.95,48733,0
COIG.US,60,20250715,220000,54.57,55.63,54.57,55.36,2981,0
COIG.US,60,20250716,160000,56.72,58.02,56.72,57.83,3899,0
COIG.US,60,20250716,170000,57.97,58.85,57.28,57.28,3074,0
COIG.US,60,20250716,180000,58.18,58.77,56.61,58.113,5976,0
COIG.US,60,20250716,190000,58.6358,58.6358,58,58.2192,1294,0
COIG.US,60,20250716,200000,58.0425,60.02,57.82,59.71,4746,0
COIG.US,60,20250716,210000,59.78,60.12,59.72,59.72,3200,0
COIG.US,60,20250716,220000,59.73,59.73,58.923,58.923,864,0
COIG.US,60,20250717,160000,58.3,59.46,58.02,59.46,1773,0
COIG.US,60,20250717,170000,60.97,63.24,60.84,62.37,19624,0
COIG.US,60,20250717,180000,61.35,61.35,59.54,60.815,5345,0
COIG.US,60,20250717,190000,60.68,60.68,59.77,59.77,3456,0
COIG.US,60,20250717,200000,59.82,61.24,59.82,61.24,3286,0
COIG.US,60,20250717,210000,61.5,62.16,61.37,62.16,4446,0
COIG.US,60,20250717,220000,62.59,63.079,62,62.17,8803,0
COIG.US,60,20250718,160000,64.49,69.76,64.11,69.57,9736,0
COIG.US,60,20250718,170000,71.61,71.9888,66.9,69.06,10094,0
COIG.US,60,20250718,180000,69.25,69.25,66.165,66.902,7033,0
COIG.US,60,20250718,190000,65.62,65.62,62.4984,62.4984,6725,0
COIG.US,60,20250718,200000,62.44,63.33,61.15,61.15,4622,0
COIG.US,60,20250718,210000,61.355,63.68,61.355,63.22,3130,0
COIG.US,60,20250718,220000,62.82,64.525,62.82,64.37,10816,0
COIG.US,60,20250721,160000,66.4,68.31,64.43,67.86,10944,0
COIG.US,60,20250721,170000,66.955,68.66,66.55,68.66,9257,0
COIG.US,60,20250721,180000,68.525,69.43,67.79,67.79,9630,0
COIG.US,60,20250721,190000,67.72,67.72,65.66,66.57,5430,0
COIG.US,60,20250721,200000,66.5635,67.11,66.14,66.68,4003,0
COIG.US,60,20250721,210000,66.985,66.985,64.759,64.78,6507,0
COIG.US,60,20250721,220000,64.99,65.295,62.43,62.45,29435,0
COIG.US,60,20250722,160000,64.22,64.22,57,57.41,10217,0
COIG.US,60,20250722,170000,57.0807,60.51,57.0807,60.22,5136,0
COIG.US,60,20250722,180000,60.98,61.24,60.441,60.57,4110,0
COIG.US,60,20250722,190000,60.29,60.29,58.7,59.14,3520,0
COIG.US,60,20250722,200000,59.19,60.2,59.19,60.05,2020,0
COIG.US,60,20250722,210000,60.23,60.85,60.23,60.55,3650,0
COIG.US,60,20250722,220000,60.93,60.93,59.55,59.82,4183,0
COIG.US,60,20250723,160000,57.84,57.84,55.52,55.75,5024,0
COIG.US,60,20250723,170000,56.13,56.78,55.13,56.49,11509,0
COIG.US,60,20250723,180000,56.501,57.63,55.92,57.43,4361,0
COIG.US,60,20250723,190000,57.17,57.56,56.76,56.9688,3303,0
COIG.US,60,20250723,200000,56.6799,56.6799,54.69,55.33,10016,0
COIG.US,60,20250723,210000,55.385,56.58,55.385,56.57,2466,0
COIG.US,60,20250723,220000,56.765,57.68,56.765,57.66,3850,0
COIG.US,60,20250724,160000,59.79,59.79,56.6,56.94,4000,0
COIG.US,60,20250724,170000,56.83,57.68,56.31,57.2795,4994,0
COIG.US,60,20250724,180000,57.29,57.94,56.99,57.94,2300,0
COIG.US,60,20250724,190000,57.385,57.47,56.79,57.2349,1968,0
COIG.US,60,20250724,200000,57.46,58.33,57.4586,58.33,650,0
COIG.US,60,20250724,210000,58.27,58.76,58.07,58.2,2569,0
COIG.US,60,20250724,220000,58.73,59.8903,57.44,57.44,5982,0
COIG.US,60,20250725,160000,55.86,56.29,54.97,55.47,3268,0
COIG.US,60,20250725,170000,54.97,56.09,54.735,56.09,3675,0
COIG.US,60,20250725,180000,56.01,57.5391,55.98,57.41,2461,0
COIG.US,60,20250725,190000,57.16,57.16,56.54,56.54,200,0
COIG.US,60,20250725,200000,56.3933,56.71,56.3933,56.47,3543,0
COIG.US,60,20250725,210000,56.56,56.69,56.56,56.6175,522,0
COIG.US,60,20250725,220000,55.82,56.42,55.675,55.95,6034,0
COIG.US,60,20250728,160000,56.48,56.82,53.87,53.87,7633,0
COIG.US,60,20250728,170000,53.98,54.5,51.65,51.65,22254,0
COIG.US,60,20250728,180000,51.9,52.13,51.355,52.015,11867,0
COIG.US,60,20250728,190000,52.3,52.65,52.1825,52.52,4129,0
COIG.US,60,20250728,200000,52.01,52.3684,51.51,52.3684,4412,0
COIG.US,60,20250728,210000,52.23,52.24,51.61,52.07,3096,0
COIG.US,60,20250728,220000,52.4942,52.7,52.25,52.3,7129,0
COIG.US,60,20250729,160000,53.56,53.65,51.73,52.02,11283,0
COIG.US,60,20250729,170000,52.15,52.15,50.94,50.94,8057,0
COIG.US,60,20250729,180000,51.08,51.08,48.76,49.4,9079,0
COIG.US,60,20250729,190000,49.51,49.53,48.74,49.49,3400,0
COIG.US,60,20250729,200000,49.53,50.06,49.53,50.015,5444,0
COIG.US,60,20250729,210000,50.26,50.63,49.845,50.37,3138,0
COIG.US,60,20250729,220000,50.27,50.355,49.69,50.04,3739,0
COIG.US,60,20250730,160000,53.23,54.2424,51.9295,52.33,10832,0
COIG.US,60,20250730,170000,52.32,53.64,51.89,53.64,9555,0
COIG.US,60,20250730,180000,53.41,53.64,52.32,52.72,13252,0
COIG.US,60,20250730,190000,52.21,52.79,52.16,52.53,2126,0
COIG.US,60,20250730,200000,52.53,53.68,52.52,53.4,3717,0
COIG.US,60,20250730,210000,53.7,53.7,51.4,51.4,6619,0
COIG.US,60,20250730,220000,51.175,51.85,50.6502,51.72,9518,0
COIG.US,60,20250731,160000,53.36,53.565,52.21,53.565,5544,0
COIG.US,60,20250731,170000,53.57,53.87,52.69,52.69,6613,0
COIG.US,60,20250731,180000,53.15,53.19,52.59,53.175,2684,0
COIG.US,60,20250731,190000,53.468,54.3,53.2,53.67,7568,0
COIG.US,60,20250731,200000,53.63,54,52.43,52.51,11954,0
COIG.US,60,20250731,210000,52.63,53.35,51.96,52.63,6976,0
COIG.US,60,20250731,220000,53.24,53.24,51.61,51.77,3655,0
COIG.US,60,20250801,160000,39.96,40.38,35.298,35.65,33373,0
COIG.US,60,20250801,170000,35.25,36.9899,34.54,36.6785,28574,0
COIG.US,60,20250801,180000,36,36.8,35.1,36.792,19016,0
COIG.US,60,20250801,190000,36.875,37.33,35.315,35.315,12798,0
COIG.US,60,20250801,200000,35.5279,35.5279,34.8,34.83,9429,0
COIG.US,60,20250801,210000,34.825,35.39,33.49,34.335,6861,0
COIG.US,60,20250801,220000,34.9,35.99,34.43,34.43,8844,0
COIG.US,60,20250804,160000,35.55,35.55,33.72,34.77,16553,0
COIG.US,60,20250804,170000,34.87,36.429,34.85,34.85,18983,0
COIG.US,60,20250804,180000,34.83,35.58,34.7401,35.27,10959,0
COIG.US,60,20250804,190000,35.17,35.5084,35.11,35.4428,841,0
COIG.US,60,20250804,200000,35.26,35.316,34.96,34.98,1124,0
COIG.US,60,20250804,210000,35.03,35.03,34.96,35.0286,588,0
COIG.US,60,20250804,220000,34.9615,35.24,34.8201,35.24,5820,0
COIG.US,60,20250805,160000,32.84,33.96,32.19,33.31,17382,0
COIG.US,60,20250805,170000,32.73,32.99,31.3,31.66,12424,0
COIG.US,60,20250805,180000,31.8122,31.94,31.2,31.47,3997,0
COIG.US,60,20250805,190000,31.41,31.77,31.11,31.64,4568,0
COIG.US,60,20250805,200000,31.68,32.06,31.5319,32.02,9343,0
COIG.US,60,20250805,210000,32.06,32.06,31.25,31.49,2006,0
COIG.US,60,20250805,220000,31.55,31.81,30.6201,30.68,12985,0
COIG.US,60,20250806,160000,30.51,30.75,30.02,30.61,20661,0
COIG.US,60,20250806,170000,30.88,30.88,29.8,30.2359,9424,0
COIG.US,60,20250806,180000,30.0268,30.24,29.8515,30.24,5947,0
COIG.US,60,20250806,190000,30.33,31.68,30.27,31.15,13646,0
COIG.US,60,20250806,200000,31.2,31.8156,31.2,31.8156,2840,0
COIG.US,60,20250806,210000,31.992,31.998,31.33,31.36,3784,0
COIG.US,60,20250806,220000,31.7199,31.92,31.669,31.89,5749,0
COIG.US,60,20250807,160000,33.52,34.31,33.14,33.98,24915,0
COIG.US,60,20250807,170000,34.29,34.54,33.43,33.464,10299,0
COIG.US,60,20250807,180000,33.62,34.63,33.16,34.63,8616,0
COIG.US,60,20250807,190000,34.28,34.48,33.47,33.47,5393,0
COIG.US,60,20250807,200000,33.62,33.7,33.07,33.07,4785,0
COIG.US,60,20250807,210000,33.05,33.06,32.74,32.8883,743,0
COIG.US,60,20250807,220000,32.844,33.38,32.844,33.34,2504,0
COIG.US,60,20250808,160000,33.55,33.825,32.73,32.98,11429,0
COIG.US,60,20250808,170000,32.81,32.95,31.595,31.64,10065,0
COIG.US,60,20250808,180000,31.66,32.101,31.3,31.85,10022,0
COIG.US,60,20250808,190000,31.87,32.059,31.6801,31.6801,1525,0
COIG.US,60,20250808,200000,31.81,32.36,31.81,32.36,1625,0
COIG.US,60,20250808,210000,32.611,33,32.611,32.68,3370,0
COIG.US,60,20250808,220000,32.7,33.4097,32.7,33.26,7284,0
COIG.US,60,20250811,160000,35.81,37,35.36,36.125,22913,0
COIG.US,60,20250811,170000,36.235,38.15,35.89,37.81,41362,0
COIG.US,60,20250811,180000,37.845,37.845,36.99,37.4925,14762,0
COIG.US,60,20250811,190000,37.56,37.9781,36.65,36.65,33564,0
COIG.US,60,20250811,200000,36.71,37.0085,36.17,36.2,8647,0
COIG.US,60,20250811,210000,35.7701,36.15,35.7701,35.82,3939,0
COIG.US,60,20250811,220000,35.79,36.009,35.11,35.11,8379,0
COIG.US,60,20250812,160000,37.36,37.38,34.13,34.13,26535,0
COIG.US,60,20250812,170000,34.32,35.21,34.3,35.21,5602,0
COIG.US,60,20250812,180000,35.44,36.14,35.27,36.075,10376,0
COIG.US,60,20250812,190000,36.05,36.14,35.41,35.5,4800,0
COIG.US,60,20250812,200000,35.4,35.6,35.34,35.6,2495,0
COIG.US,60,20250812,210000,35.49,35.7499,34.87,34.87,5046,0
COIG.US,60,20250812,220000,35.36,36,35.36,35.88,5111,0
COIG.US,60,20250813,160000,37.02,40.7,36.96,39.38,49165,0
COIG.US,60,20250813,170000,39.22,39.49,37.15,37.26,25366,0
COIG.US,60,20250813,180000,36.93,37.25,36.1451,37.04,9155,0
COIG.US,60,20250813,190000,36.86,37.0615,36.3625,36.44,4385,0
COIG.US,60,20250813,200000,36.7417,36.95,35.66,36,7810,0
COIG.US,60,20250813,210000,35.98,36.38,35.8376,36.34,6189,0
COIG.US,60,20250813,220000,36.57,36.817,36.4,36.63,8265,0
COIG.US,60,20250814,160000,35.03,36.54,34.75,35.74,18543,0
COIG.US,60,20250814,170000,35.8,36.76,35.245,36.01,7746,0
COIG.US,60,20250814,180000,36.5181,36.5181,34.7801,35.35,5518,0
COIG.US,60,20250814,190000,35.46,35.46,34.57,34.97,2614,0
COIG.US,60,20250814,200000,35.05,35.33,34.85,35.32,3738,0
COIG.US,60,20250814,210000,35.245,35.86,35.245,35.86,894,0
COIG.US,60,20250814,220000,35.865,36.45,35.78,36.27,6343,0
COIG.US,60,20250815,160000,35.72,35.83,34.58,34.9189,12067,0
COIG.US,60,20250815,170000,35.49,35.7414,34.44,34.56,4968,0
COIG.US,60,20250815,180000,34.85,35.19,34.6,34.61,2545,0
COIG.US,60,20250815,190000,34.3431,34.566,34,34.566,6228,0
COIG.US,60,20250815,200000,34.4936,34.81,34.4936,34.75,1506,0
COIG.US,60,20250815,210000,35.16,35.22,35.051,35.07,1174,0
COIG.US,60,20250815,220000,34.71,35.09,34.53,34.53,2465,0
COIG.US,60,20250818,160000,33.15,34.03,32.74,32.74,14030,0
COIG.US,60,20250818,170000,32.53,34.51,32.35,34.51,3561,0
COIG.US,60,20250818,180000,34.6,35.74,34.14,35.73,25063,0
COIG.US,60,20250818,190000,35.7959,35.86,35.19,35.6,1730,0
COIG.US,60,20250818,200000,35.62,36.01,35.62,35.8,1500,0
COIG.US,60,20250818,210000,35.54,35.54,35.5,35.5,3430,0
COIG.US,60,20250818,220000,35.22,35.35,35.22,35.35,900,0
COIG.US,60,20250819,160000,35.27,35.605,33.55,34.3752,37567,0
COIG.US,60,20250819,170000,34.38,34.58,32.5,32.7,3942,0
COIG.US,60,20250819,180000,32.68,32.735,32.232,32.735,970,0
COIG.US,60,20250819,190000,32.34,32.47,31.65,31.65,6385,0
COIG.US,60,20250819,200000,31.6001,32.16,31.5,32.16,3894,0
COIG.US,60,20250819,210000,32.0722,32.0722,31.59,31.59,1250,0
COIG.US,60,20250819,220000,31.45,31.45,31.11,31.23,3399,0
COIG.US,60,20250820,160000,31.51,32.01,29.13,29.17,8476,0
COIG.US,60,20250820,170000,29.58,30.185,29.19,29.91,7194,0
COIG.US,60,20250820,180000,30.17,31.7,30.17,30.97,5595,0
COIG.US,60,20250820,190000,30.98,31.5396,30.98,31.41,2025,0
COIG.US,60,20250820,200000,31.49,31.5,31.21,31.48,2000,0
COIG.US,60,20250820,210000,31.43,31.43,30.964,30.964,400,0
COIG.US,60,20250820,220000,31.03,31.68,31.02,31.61,6838,0
COIG.US,60,20250821,160000,31.26,31.62,30.79,31.06,8287,0
COIG.US,60,20250821,170000,31.44,31.49,31.1,31.24,3918,0
COIG.US,60,20250821,180000,31.26,31.43,31.03,31.18,4625,0
COIG.US,60,20250821,190000,31.02,31.12,30.77,30.77,1539,0
COIG.US,60,20250821,200000,30.6894,30.6894,30.6894,30.6894,246,0
COIG.US,60,20250821,210000,30.57,30.8,30.53,30.64,2075,0
COIG.US,60,20250821,220000,31.02,31.05,30.68,30.7,2600,0
COIG.US,60,20250822,160000,30.7,31.1,30.38,30.83,2508,0
COIG.US,60,20250822,170000,31.32,34.91,31.32,34.85,54580,0
COIG.US,60,20250822,180000,34.75,35.16,34.3,34.3,13352,0
COIG.US,60,20250822,190000,34.5,34.8,34.47,34.64,6951,0
COIG.US,60,20250822,200000,34.71,35,34.71,34.92,3303,0
COIG.US,60,20250822,210000,34.98,35.14,34.92,35.01,9660,0
COIG.US,60,20250822,220000,34.95,34.95,34.42,34.79,5420,0
COIG.US,60,20250825,160000,32.97,33.42,31.62,32.5275,50092,0
COIG.US,60,20250825,170000,32.56,33.67,32.4,33.67,6438,0
COIG.US,60,20250825,180000,33.69,33.7,32.71,32.71,3853,0
COIG.US,60,20250825,190000,32.7,33.01,32.625,33.01,1848,0
COIG.US,60,20250825,200000,32.53,32.6,32.385,32.385,566,0
COIG.US,60,20250825,210000,32.26,32.59,32.26,32.59,522,0
COIG.US,60,20250825,220000,32.38,32.38,31.62,31.65,5714,0
COIG.US,60,20250826,160000,31.36,31.45,30.7,30.87,9392,0
COIG.US,60,20250826,170000,30.74,31.04,30.52,30.77,8228,0
COIG.US,60,20250826,180000,30.7932,31.58,30.7932,31.17,4567,0
COIG.US,60,20250826,190000,31.27,31.4,31.27,31.27,882,0
COIG.US,60,20250826,200000,31.27,31.27,31.17,31.18,1908,0
COIG.US,60,20250826,210000,31.27,31.76,31.27,31.6972,2964,0
COIG.US,60,20250826,220000,31.76,32.319,31.76,32.27,3489,0
COIG.US,60,20250827,160000,32.09,32.6,32.06,32.405,2373,0
COIG.US,60,20250827,170000,32.47,32.71,32.47,32.48,600,0
COIG.US,60,20250827,180000,32.59,32.59,31.84,32.15,3076,0
COIG.US,60,20250827,190000,32.22,32.4,31.87,32.32,6184,0
COIG.US,60,20250827,200000,32.4,32.55,32.4,32.55,1272,0
COIG.US,60,20250827,210000,32.89,32.89,32.65,32.65,3104,0
COIG.US,60,20250827,220000,32.39,32.39,32.16,32.27,1773,0
COIG.US,60,20250828,160000,33.62,33.62,32.79,32.83,14340,0
COIG.US,60,20250828,170000,32.92,33.24,32.38,32.86,13863,0
COIG.US,60,20250828,180000,32.79,32.88,32.32,32.88,10687,0
COIG.US,60,20250828,190000,32.89,33.45,31.8,31.8,20808,0
COIG.US,60,20250828,200000,32.07,32.7,32.07,32.7,812,0
COIG.US,60,20250828,210000,32.61,32.74,32.351,32.351,2700,0
COIG.US,60,20250828,220000,32.38,32.38,31.98,31.99,3504,0
COIG.US,60,20250829,160000,31.73,31.96,31.12,31.17,3737,0
COIG.US,60,20250829,170000,31,31.3,30.7,30.7,3615,0
COIG.US,60,20250829,180000,31.08,31.24,31.08,31.24,300,0
COIG.US,60,20250829,190000,31.27,31.9,31.27,31.9,2968,0
COIG.US,60,20250829,200000,31.68,31.68,31.68,31.68,2000,0
COIG.US,60,20250829,210000,31.41,31.41,31.41,31.41,100,0
COIG.US,60,20250829,220000,31.4169,31.4169,31.331,31.331,2903,0
COIG.US,60,20250902,160000,30.44,31.58,30.44,31.47,633,0
COIG.US,60,20250902,170000,31.59,32.4718,31.11,32.4,8615,0
COIG.US,60,20250902,180000,32.07,32.17,31.1,31.1,1857,0
COIG.US,60,20250902,190000,30.955,30.955,30.56,30.56,1191,0
COIG.US,60,20250902,200000,30.87,30.87,30.87,30.87,200,0
COIG.US,60,20250902,210000,31.12,31.28,31.03,31.03,1800,0
COIG.US,60,20250902,220000,31.02,31.1,30.97,31.1,714,0
COIG.US,60,20250903,160000,30.98,31.72,30.98,31.2999,5597,0
COIG.US,60,20250903,170000,31.23,31.915,31.23,31.63,7390,0
COIG.US,60,20250903,180000,31.58,31.77,31.37,31.77,1214,0
COIG.US,60,20250903,190000,31.36,31.38,31.07,31.07,600,0
COIG.US,60,20250903,200000,31.2685,31.2685,30.98,30.98,500,0
COIG.US,60,20250903,210000,31.15,31.15,30.86,30.86,550,0
COIG.US,60,20250903,220000,30.77,30.77,30.77,30.77,134,0
COIG.US,60,20250904,160000,30.81,30.92,30.32,30.75,2367,0
COIG.US,60,20250904,170000,31,31.2306,30.47,30.85,4729,0
COIG.US,60,20250904,180000,30.73,30.94,30.42,30.94,3301,0
COIG.US,60,20250904,190000,30.84,31.82,30.84,31.67,2088,0
COIG.US,60,20250904,200000,31.41,31.79,31.41,31.6,1259,0
COIG.US,60,20250904,210000,31.59,31.59,31.37,31.37,900,0
COIG.US,60,20250904,220000,31.55,31.8,31.55,31.75,3777,0
COIG.US,60,20250905,160000,33.18,33.37,31.2,31.59,9582,0
COIG.US,60,20250905,170000,31.28,31.28,28.79,29.05,20102,0
COIG.US,60,20250905,180000,29.2138,29.65,28.83,29.45,6847,0
COIG.US,60,20250905,190000,29.27,29.615,29.18,29.615,2400,0
COIG.US,60,20250905,200000,29.53,29.7885,29.38,29.62,4560,0
COIG.US,60,20250905,210000,29.78,30.2,29.768,29.935,4119,0
COIG.US,60,20250905,220000,29.97,30.455,29.91,30.11,9115,0
COIG.US,60,20250908,160000,30.32,30.57,29.8,30.5592,4138,0
COIG.US,60,20250908,170000,30.81,31,30.07,31,3928,0
COIG.US,60,20250908,180000,31.12,31.12,30.78,30.98,2002,0
COIG.US,60,20250908,190000,30.99,31.48,30.91,31.37,2928,0
COIG.US,60,20250908,200000,31.3499,31.3499,31.05,31.05,600,0
COIG.US,60,20250908,210000,31.2,31.2,31.17,31.17,225,0
COIG.US,60,20250908,220000,31.04,31.04,30.65,30.65,1132,0
COIG.US,60,20250909,160000,30.98,33.06,30.96,32.3315,4372,0
COIG.US,60,20250909,170000,32.1001,32.675,32.1001,32.37,5424,0
COIG.US,60,20250909,180000,32.44,32.88,32.29,32.88,2410,0
COIG.US,60,20250909,190000,33.02,33.29,32.91,32.98,2217,0
COIG.US,60,20250909,200000,33,33.19,33,33.19,1977,0
COIG.US,60,20250909,210000,33.29,33.6723,33.21,33.6723,4853,0
COIG.US,60,20250909,220000,33.8,34.1033,33.79,34.01,3571,0
COIG.US,60,20250910,160000,34.6,36.0899,34.6,35.28,14554,0
COIG.US,60,20250910,170000,35.31,35.4098,33.73,33.792,16575,0
COIG.US,60,20250910,180000,34.23,34.5999,34.121,34.5999,5464,0
COIG.US,60,20250910,190000,34.35,34.35,33.914,33.914,2602,0
COIG.US,60,20250910,200000,34.12,34.19,33.58,33.68,2687,0
COIG.US,60,20250910,210000,33.652,33.652,33.01,33.01,454,0
COIG.US,60,20250910,220000,33.08,33.28,32.9813,33.25,1063,0
COIG.US,60,20250911,160000,33.85,34.31,33.42,34.31,4239,0
COIG.US,60,20250911,170000,34.24,35.37,33.87,35.37,17338,0
COIG.US,60,20250911,180000,35.23,35.23,34.01,34.28,10033,0
COIG.US,60,20250911,190000,34.3268,34.4692,34.05,34.32,4900,0
COIG.US,60,20250911,200000,34.3754,34.3754,34.13,34.32,1623,0
COIG.US,60,20250911,210000,34.49,34.49,34.175,34.175,700,0
COIG.US,60,20250911,220000,34.2407,35.05,34.2407,35.05,2596,0
COIG.US,60,20250912,160000,35.95,36,35.2,35.27,3650,0
COIG.US,60,20250912,170000,35.75,35.75,34.79,35.3,2568,0
COIG.US,60,20250912,180000,35.3,35.325,34.4,34.4,4269,0
COIG.US,60,20250912,190000,34.28,34.7,34.26,34.69,6969,0
COIG.US,60,20250912,200000,34.9,35.2005,34.77,35.19,7668,0
COIG.US,60,20250912,210000,35.12,35.16,34.8428,35.16,1705,0
COIG.US,60,20250912,220000,34.985,35.0905,34.84,34.86,6476,0
COIG.US,60,20250915,160000,34.8,35.875,34.48,35.7,7772,0
COIG.US,60,20250915,170000,35.67,35.785,34.78,35.785,12281,0
COIG.US,60,20250915,180000,35.22,35.22,34.7,35.19,1195,0
COIG.US,60,20250915,190000,34.99,35.15,34.96,35.15,2746,0
COIG.US,60,20250915,200000,35.15,35.42,35.055,35.42,600,0
COIG.US,60,20250915,210000,35.52,35.82,35.43,35.82,1600,0
COIG.US,60,20250915,220000,35.75,35.92,35.6901,35.71,4109,0
COIG.US,60,20250916,160000,36.74,37.08,35.01,35.57,52547,0
COIG.US,60,20250916,170000,35.3,35.3,34.511,34.63,35575,0
COIG.US,60,20250916,180000,34.69,35.3,34.6,35.2613,46405,0
COIG.US,60,20250916,190000,35.4221,35.4221,35.33,35.33,676,0
COIG.US,60,20250916,200000,35.62,35.69,34.48,35.37,7230,0
COIG.US,60,20250916,210000,35.36,35.5,35.18,35.18,981,0
COIG.US,60,20250916,220000,35.47,35.9,35.27,35.89,1172,0
COIG.US,60,20250917,160000,35.51,35.95,35.0203,35.84,28617,0
COIG.US,60,20250917,170000,35.59,35.7,34.5,34.5,18637,0
COIG.US,60,20250917,180000,34.62,34.64,34.51,34.64,814,0
COIG.US,60,20250917,190000,34.31,34.38,34.01,34.38,7377,0
COIG.US,60,20250917,200000,34.21,34.45,34.21,34.45,1500,0
COIG.US,60,20250917,210000,34.51,35.21,32.25,33.3,57749,0
COIG.US,60,20250917,220000,33.46,34.56,33.46,34.29,32741,0
COIG.US,60,20250918,160000,35.59,36.02,34.861,35.74,13691,0
COIG.US,60,20250918,170000,35.87,38.313,35.87,38.313,8850,0
COIG.US,60,20250918,180000,38.8272,39.7016,38.565,39.38,21211,0
COIG.US,60,20250918,190000,39.82,40.04,39.4,39.77,4787,0
COIG.US,60,20250918,200000,39.7981,40.18,39.61,40.18,5365,0
COIG.US,60,20250918,210000,40.4105,40.79,40.22,40.41,3129,0
COIG.US,60,20250918,220000,40.13,40.17,39.03,39.09,13918,0
COIG.US,60,20250919,160000,38.83,39.3137,38.5,39.28,8489,0
COIG.US,60,20250919,170000,39.83,40.38,39,39.06,45171,0
COIG.US,60,20250919,180000,39.0462,39.15,37.72,38.57,11473,0
COIG.US,60,20250919,190000,38.9952,39.37,38.81,39.37,2954,0
COIG.US,60,20250919,200000,38.681,38.8722,37.9598,38.19,2250,0
COIG.US,60,20250919,210000,38.5503,38.59,38.2083,38.2083,1000,0
COIG.US,60,20250919,220000,38.59,39.19,38.59,39.19,7715,0
COIG.US,60,20250922,160000,36.77,37.09,35.6088,37.09,4078,0
COIG.US,60,20250922,170000,37.28,37.34,36.32,36.5,13258,0
COIG.US,60,20250922,180000,36.515,36.515,35.75,36.2696,5586,0
COIG.US,60,20250922,190000,35.9393,36.4,35.9393,36.2201,1445,0
COIG.US,60,20250922,200000,36.449,36.449,36,36.19,973,0
COIG.US,60,20250922,210000,36.3158,36.35,36.3,36.35,400,0
COIG.US,60,20250922,220000,36.35,36.4942,36.27,36.46,2875,0
COIG.US,60,20250923,160000,36.73,37.1888,36.41,36.64,3007,0
COIG.US,60,20250923,170000,36.32,36.89,35.89,36.32,3756,0
COIG.US,60,20250923,180000,36.51,36.51,36.51,36.51,122,0
COIG.US,60,20250923,190000,35.88,36.17,35.8444,36.085,2570,0
COIG.US,60,20250923,200000,35.8,35.8,34.31,34.47,6101,0
COIG.US,60,20250923,210000,34.36,34.36,33.6616,33.6983,3670,0
COIG.US,60,20250923,220000,33.679,33.98,33.36,33.98,2601,0
COIG.US,60,20250924,160000,34.66,34.71,34.3,34.3,1726,0
COIG.US,60,20250924,170000,34.25,35.13,34.25,34.95,4580,0
COIG.US,60,20250924,180000,35.04,35.235,34.92,35.1335,1550,0
COIG.US,60,20250924,190000,34.67,34.67,34.4983,34.4983,590,0
COIG.US,60,20250924,200000,34.7389,34.7389,34.68,34.737,868,0
COIG.US,60,20250924,210000,34.452,34.452,34.452,34.452,150,0
COIG.US,60,20250924,220000,34.22,34.31,34.13,34.21,2207,0
COIG.US,60,20250925,160000,32.22,32.23,30.89,31.55,15470,0
COIG.US,60,20250925,170000,31.48,33.27,31.48,33.142,2037,0
COIG.US,60,20250925,180000,32.6285,32.78,32.38,32.63,2013,0
COIG.US,60,20250925,190000,32.34,32.34,31.9101,31.9101,629,0
COIG.US,60,20250925,200000,31.97,31.97,30.89,30.89,3201,0
COIG.US,60,20250925,210000,30.89,31.4557,30.89,31.4557,2336,0
COIG.US,60,20250925,220000,31.44,31.67,30.93,30.93,2976,0
COIG.US,60,20250926,160000,31,31.17,30.47,30.75,6732,0
COIG.US,60,20250926,170000,30.75,30.99,30.29,30.9056,7859,0
COIG.US,60,20250926,180000,30.96,31.2889,30.88,31.22,3293,0
COIG.US,60,20250926,190000,31.04,31.84,31.04,31.73,1200,0
COIG.US,60,20250926,200000,31.92,32.25,31.92,32.25,1100,0
COIG.US,60,20250926,210000,32.18,32.365,32.01,32.2,6386,0
COIG.US,60,20250926,220000,32.18,32.18,32.07,32.07,1302,0
COIG.US,60,20250929,160000,33.08,34.6745,33.05,34.63,9998,0
COIG.US,60,20250929,170000,34.76,35.95,34.68,35.86,9750,0
COIG.US,60,20250929,180000,36,36.19,35.3374,35.53,7101,0
COIG.US,60,20250929,190000,35.6615,35.9976,35.6615,35.9976,1076,0
COIG.US,60,20250929,200000,35.9152,36.36,35.9152,36.36,4042,0
COIG.US,60,20250929,210000,36.25,36.321,36.11,36.321,1393,0
COIG.US,60,20250929,220000,36.34,36.53,36.0605,36.53,12802,0
COIG.US,60,20250930,160000,35.53,37.289,35.53,36.63,6761,0
COIG.US,60,20250930,170000,36.97,36.97,36.08,36.08,5439,0
COIG.US,60,20250930,180000,36.02,36.1345,35.8,36.1345,1491,0
COIG.US,60,20250930,190000,36,36.212,36,36.03,496,0
COIG.US,60,20250930,210000,36.2,36.2,36.2,36.2,264,0
COIG.US,60,20250930,220000,37.06,37.19,37,37.1815,865,0
COIG.US,60,20251001,160000,38.5,38.7127,38.09,38.28,4005,0
COIG.US,60,20251001,170000,38.8,39.9,38.8,39.39,11415,0
COIG.US,60,20251001,180000,39.44,39.44,39.12,39.44,500,0
COIG.US,60,20251001,190000,39.175,39.175,39.175,39.175,100,0
COIG.US,60,20251001,200000,38.78,38.781,38.62,38.62,1412,0
COIG.US,60,20251001,210000,38.84,38.89,38.715,38.89,628,0
COIG.US,60,20251001,220000,39.12,39.12,38.89,39.1,717,0
COIG.US,60,20251002,160000,41.05,44,41.05,43.3436,19455,0
COIG.US,60,20251002,170000,42.8916,43.25,42,42.03,17167,0
COIG.US,60,20251002,180000,42.03,42.81,41.95,42.29,2284,0
COIG.US,60,20251002,190000,43.03,44.4,43.03,43.9023,2801,0
COIG.US,60,20251002,200000,44.32,44.6795,43.93,44.62,1744,0
COIG.US,60,20251002,210000,44.8,45.364,44.8,45.13,7223,0
COIG.US,60,20251002,220000,45.251,45.83,44.81,45,22195,0
COIG.US,60,20251003,160000,45.32,46.9482,45.32,45.5908,14075,0
COIG.US,60,20251003,170000,45.55,45.92,44.8064,45.5,4864,0
COIG.US,60,20251003,180000,45.43,46.78,45.38,46.78,2226,0
COIG.US,60,20251003,190000,46.747,47.51,46.595,47.47,2813,0
COIG.US,60,20251003,200000,46.08,46.6,45.0386,45.0386,11932,0
COIG.US,60,20251003,210000,45.02,46.48,44.4603,46.33,2097,0
COIG.US,60,20251003,220000,46.37,46.855,46.07,46.8272,2853,0
COIG.US,60,20251006,160000,49.18,49.813,47.4691,48,8082,0
COIG.US,60,20251006,170000,47.78,49.44,47.7,48.32,7264,0
COIG.US,60,20251006,180000,48.43,49.24,48.43,48.61,1665,0
COIG.US,60,20251006,190000,48.42,48.55,48.2683,48.2683,400,0
COIG.US,60,20251006,200000,48,48.075,47.6701,47.7301,9770,0
COIG.US,60,20251006,210000,47.53,47.86,47,47.86,5510,0
COIG.US,60,20251006,220000,48.07,48.5199,47.796391,48.21,4216,0
COIG.US,60,20251007,160000,48.55,48.55,46.31,47.52,6620,0
COIG.US,60,20251007,170000,47.37,47.38,45.76,45.78,7915,0
COIG.US,60,20251007,180000,46.08,46.24,42.7675,43.4975,7572,0
COIG.US,60,20251007,190000,44.14,45.08,43.923,45.07,1784,0
COIG.US,60,20251007,200000,44.88,44.97,44.58,44.97,363,0
COIG.US,60,20251007,210000,44.97,46.12,44.77,46.08,1943,0
COIG.US,60,20251007,220000,46.01,46.01,45.54,45.72,2512,0
COIG.US,60,20251008,160000,46.58,47,45.73,46.83,5078,0
COIG.US,60,20251008,170000,46.84,48.0766,46.84,47.24,9903,0
COIG.US,60,20251008,180000,47.26,47.56,47.17,47.17,800,0
COIG.US,60,20251008,190000,47.26,47.43,47.26,47.43,200,0
COIG.US,60,20251008,200000,47.94,48.91,47.94,48.75,7475,0
COIG.US,60,20251008,210000,48.82,48.9085,48.39,48.39,2040,0
COIG.US,60,20251008,220000,48.39,49.16,48.39,49.01,1237,0
COIG.US,60,20251009,160000,47.75,49.29,47.21,49.27,8880,0
COIG.US,60,20251009,170000,49.21,49.54,47.9426,48.4599,20370,0
COIG.US,60,20251009,180000,48.7,49.06,48.27,49.06,2100,0
COIG.US,60,20251009,190000,49.57,49.57,47.82,47.82,7426,0
COIG.US,60,20251009,200000,47.96,48.17,47.565,48.17,2791,0
COIG.US,60,20251009,210000,48.21,48.41,48.21,48.38,800,0
COIG.US,60,20251009,220000,47.935,48.35,47.66,48.35,3323,0
COIG.US,60,20251010,160000,48.74,51.8,48.74,51.8,5800,0
COIG.US,60,20251010,170000,51.99,52,46.12,46.145,16603,0
COIG.US,60,20251010,180000,46.2,46.46,41.33,43.8,22868,0
COIG.US,60,20251010,190000,43.65,43.8691,42.34,42.34,9090,0
COIG.US,60,20251010,200000,41.8213,42.44,41.26,41.65,4975,0
COIG.US,60,20251010,210000,41.4192,41.52,41,41,4415,0
COIG.US,60,20251010,220000,41.32,41.32,39.48,40.7701,5181,0
COIG.US,60,20251013,160000,41.905,42.72,40,41.45,18301,0
COIG.US,60,20251013,170000,41.45,41.67,37.9,38.3614,6747,0
COIG.US,60,20251013,180000,38.5,39.63,38.5,39.36,4213,0
COIG.US,60,20251013,190000,39.7,39.88,39.17,39.72,3145,0
COIG.US,60,20251013,200000,39.6,39.66,39.14,39.25,4622,0
COIG.US,60,20251013,210000,40.33,40.99,40.33,40.8,870,0
COIG.US,60,20251013,220000,40.52,41.005,40.47,40.78,2034,0
COIG.US,60,20251014,160000,37.15,37.89,36.09,37.74,6955,0
COIG.US,60,20251014,170000,37.85,39.29,37.85,38.09,2124,0
COIG.US,60,20251014,180000,38.2,38.79,37.69,38.79,7857,0
COIG.US,60,20251014,190000,38.81,39.07,38.33,39.02,3483,0
COIG.US,60,20251014,200000,38.81,39.74,38.59,39.4,3926,0
COIG.US,60,20251014,210000,39.44,39.61,39.44,39.57,400,0
COIG.US,60,20251014,220000,39.405,39.405,37.275,37.31,3160,0
COIG.US,60,20251015,160000,38.11,38.11,36.75,37.61,4097,0
COIG.US,60,20251015,170000,37.99,38.5781,37.76,37.76,6165,0
COIG.US,60,20251015,180000,37.76,38.07,36.641,36.6538,2650,0
COIG.US,60,20251015,190000,37.3,37.3,36.79,37.1,1000,0
COIG.US,60,20251015,200000,36.5,36.5,35.44,36.44,5819,0
COIG.US,60,20251015,210000,36.5,36.535,36.33,36.535,1563,0
COIG.US,60,20251015,220000,36.3587,36.47,36.09,36.16,1397,0
COIG.US,60,20251016,160000,36.66,36.93,36.13,36.5,6133,0
COIG.US,60,20251016,170000,36.4,37.33,36.24,36.61,1494,0
COIG.US,60,20251016,180000,36.79,36.92,35.94,35.94,3035,0
COIG.US,60,20251016,190000,35.68,35.6995,34.46,35.6995,10513,0
COIG.US,60,20251016,200000,35.6,36.11,35.26,36.11,2916,0
COIG.US,60,20251016,210000,36.14,36.14,35.41,35.84,1260,0
COIG.US,60,20251016,220000,35.8,36.13,34.7001,34.71,1401,0
COIG.US,60,20251017,160000,32.33,34.1,32.04,34.09,3370,0
COIG.US,60,20251017,170000,33.726,34.89,33.32,33.7,2678,0
COIG.US,60,20251017,180000,33.58,34.21,33.09,34.21,3997,0
COIG.US,60,20251017,190000,34.56,34.92,34.56,34.87,1663,0
COIG.US,60,20251017,200000,34.69,34.77,34.35,34.77,1226,0
COIG.US,60,20251017,210000,34.7774,35.45,34.7774,35.45,1549,0
COIG.US,60,20251017,220000,35.475,35.9,35.475,35.88,9065,0
COIG.US,60,20251020,160000,37.32,38.56,36.77,38.56,6497,0
COIG.US,60,20251020,170000,38.53,39.1361,38.14,39.02,6829,0
COIG.US,60,20251020,180000,39.51,39.64,39.05,39.13,8745,0
COIG.US,60,20251020,190000,38.81,38.88,38.48,38.81,3418,0
COIG.US,60,20251020,200000,38.97,39.26,38.34,38.34,40366,0
COIG.US,60,20251020,210000,38.0784,38.73,37.985,38.73,3549,0
COIG.US,60,20251020,220000,38.78,38.78,37.51,37.59,4180,0
COIG.US,60,20251021,160000,36.96,37.26,35.96,36.13,4065,0
COIG.US,60,20251021,170000,36.03,37.09,35.71,37.09,8688,0
COIG.US,60,20251021,180000,37.1,37.55,37.01,37.32,2209,0
COIG.US,60,20251021,190000,37.45,37.45,37.19,37.19,700,0
COIG.US,60,20251021,210000,36.69,36.74,36.2573,36.38,10139,0
COIG.US,60,20251021,220000,36.3918,36.55,36.21,36.46,847,0
COIG.US,60,20251022,160000,35.28,35.47,33.51,34.12,4000,0
COIG.US,60,20251022,170000,34.24,34.24,31.15,31.56,19012,0
COIG.US,60,20251022,180000,32.09,32.3487,31.1,31.36,4136,0
COIG.US,60,20251022,190000,31.15,31.37,30.8,31.14,3138,0
COIG.US,60,20251022,200000,31.43,31.5175,30.44,30.44,2475,0
COIG.US,60,20251022,210000,30.7295,31.05,30.7295,30.98,1404,0
COIG.US,60,20251022,220000,31.32,32.54,31.32,32.54,1400,0
COIG.US,60,20251023,160000,33.05,33.05,32.5123,32.78,2099,0
COIG.US,60,20251023,170000,32.8,32.84,32.37,32.39,1004,0
COIG.US,60,20251023,180000,32.7298,32.7884,32.27,32.7884,2741,0
COIG.US,60,20251023,190000,32.8,33.36,32.79,33.36,1200,0
COIG.US,60,20251023,200000,33.15,33.95,33.111,33.95,2036,0
COIG.US,60,20251023,210000,33.995,33.995,33.83,33.83,497,0
COIG.US,60,20251023,220000,33.8,33.8,33,33,2567,0
COIG.US,60,20251024,160000,35.45,37.4,35.08,37.17,22929,0
COIG.US,60,20251024,170000,37.5,38.45,37.32,37.4,26211,0
COIG.US,60,20251024,180000,38,38.36,37.42,37.435,10257,0
COIG.US,60,20251024,190000,37.3,37.93,37.18,37.93,14910,0
COIG.US,60,20251024,200000,38.1776,38.77,38.11,38.65,12545,0
COIG.US,60,20251024,210000,38.59,39.09,38.33,39,10542,0
COIG.US,60,20251024,220000,38.96,39.82,38.96,39.39,10230,0
COIG.US,60,20251027,150000,41.13,41.13,40.06,40.74,9284,0
COIG.US,60,20251027,160000,40.65,41.03,39.99,40.71,9130,0
COIG.US,60,20251027,170000,40.54,41.75,40.49,41.67,10130,0
COIG.US,60,20251027,180000,42,42.62,41.9,42.19,3425,0
COIG.US,60,20251027,190000,42.38,42.85,42.24,42.85,7899,0
COIG.US,60,20251027,200000,42.66,43.3691,42.5,42.5,10315,0
COIG.US,60,20251027,210000,41.9918,42.25,40.875,40.91,18640,0
COIG.US,60,20251028,150000,41.44,42.35,41.35,41.36,13723,0
COIG.US,60,20251028,160000,41.58,41.67,40.5899,41.04,5607,0
COIG.US,60,20251028,170000,40.96,41.09,40.49,40.565,1577,0
COIG.US,60,20251028,180000,40.66,40.86,40.32,40.4,2689,0
COIG.US,60,20251028,190000,40.46,40.48,39.93,40.04,5176,0
COIG.US,60,20251028,200000,39.86,40.1699,39.55,39.58,3673,0
COIG.US,60,20251028,210000,39.5,39.9,39.3647,39.44,2724,0
COIG.US,60,20251029,150000,39.95,39.95,37.94,38.235,5351,0
COIG.US,60,20251029,160000,38.22,38.26,37.67,38.11,3292,0
COIG.US,60,20251029,170000,38.36,38.8,38.005,38.005,1300,0
COIG.US,60,20251029,180000,37.75,39.1,37.5,39.08,5790,0
COIG.US,60,20251029,190000,38.96,38.96,38.27,38.5,762,0
COIG.US,60,20251029,200000,38.87,39.215,37.56,38.91,4028,0
COIG.US,60,20251029,210000,38.47,39.01,38.47,38.61,700,0
COIG.US,60,20251030,150000,36.95,36.95,35.145,35.46,4919,0
COIG.US,60,20251030,160000,35.78,36.04,34.96,35.46,9135,0
COIG.US,60,20251030,170000,35.87,36.04,35.56,35.7,5107,0
COIG.US,60,20251030,180000,35.7,35.8414,35.65,35.8414,3441,0
COIG.US,60,20251030,190000,35.8,35.8,35.74,35.74,300,0
COIG.US,60,20251030,200000,35.27,35.44,34.76,34.76,1262,0
COIG.US,60,20251030,210000,34.69,34.755,33.67,33.67,7743,0
COIG.US,60,20251031,150000,35.35,37.66,35.35,37.37,16796,0
COIG.US,60,20251031,160000,37.63,40.184,37.5,39.695,10982,0
COIG.US,60,20251031,170000,39.4704,40.18,39.35,39.5713,7807,0
COIG.US,60,20251031,180000,39.37,39.37,38.46,38.62,4557,0
COIG.US,60,20251031,190000,38.05,38.105,37.215,37.89,3384,0
COIG.US,60,20251031,200000,38.15,38.399,38.1,38.399,2626,0
COIG.US,60,20251031,210000,37.89,37.98,36.9,36.9,8090,0
COIG.US,60,20251103,160000,35.95,36.31,34.22,35.58,6730,0
COIG.US,60,20251103,170000,35.34,35.36,32.98,33.5344,6401,0
COIG.US,60,20251103,180000,33.3819,33.58,33.05,33.58,12867,0
COIG.US,60,20251103,190000,34.09,34.09,33.78,33.92,632,0
COIG.US,60,20251103,200000,33.95,33.95,33.5818,33.5818,5272,0
COIG.US,60,20251103,210000,33.5495,34.31,33.5495,34.31,800,0
COIG.US,60,20251103,220000,33.91,34,33.66,33.71,1767,0
COIG.US,60,20251104,160000,31.25,32.5,30.6,32.1034,13021,0
COIG.US,60,20251104,170000,32.182,32.36,30.96,31.18,2803,0
COIG.US,60,20251104,180000,31.28,31.3,30.08,30.08,2353,0
COIG.US,60,20251104,190000,29.58,30.1099,29.56,29.81,6204,0
COIG.US,60,20251104,200000,29.525,29.73,29.25,29.73,7219,0
COIG.US,60,20251104,210000,29.375,29.78,29,29,11633,0
COIG.US,60,20251104,220000,29.29,29.34,29,29.15,1688,0
COIG.US,60,20251105,160000,30.69,30.69,30,30.55,2115,0
COIG.US,60,20251105,170000,30.07,30.6202,30.06,30.61,3390,0
COIG.US,60,20251105,180000,30.93,30.93,30.45,30.9,789,0
COIG.US,60,20251105,190000,30.62,30.91,30.33,30.91,986,0
COIG.US,60,20251105,200000,30.77,31.44,30.77,31.36,5556,0
COIG.US,60,20251105,210000,31.15,31.36,31.13,31.36,760,0
COIG.US,60,20251105,220000,31.48,32.15,31.34,31.34,8999,0
COIG.US,60,20251106,160000,30.75,30.75,28.9,28.98,6620,0
COIG.US,60,20251106,170000,28.75,29,27.5601,27.6692,25966,0
COIG.US,60,20251106,180000,27.7,27.7,26.875,27.02,2103,0
COIG.US,60,20251106,190000,27.15,27.39,26.89,27.125,2975,0
COIG.US,60,20251106,200000,27.61,27.73,27.61,27.73,372,0
COIG.US,60,20251106,210000,27.845,27.85,27.33,27.33,1729,0
COIG.US,60,20251106,220000,26.96,26.96,26.5,26.55,13311,0
COIG.US,60,20251107,160000,25.65,25.795,24.5,25.795,6483,0
COIG.US,60,20251107,170000,25.51,25.5878,25.1,25.1,12792,0
COIG.US,60,20251107,180000,25.41,26,25.2118,25.95,2723,0
COIG.US,60,20251107,190000,26,27.56,25.891,27.385,9215,0
COIG.US,60,20251107,200000,27.85,28.38,27.79,28.38,3621,0
COIG.US,60,20251107,210000,28.3,28.91,28.0301,28.71,3702,0
COIG.US,60,20251107,220000,28.7812,29.266,28.74,29.04,6840,0
COIG.US,60,20251110,160000,31.71,31.79,30.03,30.04,10274,0
COIG.US,60,20251110,170000,30.14,31.05,29.77,29.84,6851,0
COIG.US,60,20251110,180000,30.02,30.28,29.91,30.22,4667,0
COIG.US,60,20251110,190000,30.44,31.3,30.33,31.3,1698,0
COIG.US,60,20251110,200000,31.029188,31.029188,30.7,30.83,2520,0
COIG.US,60,20251110,210000,30.83,31.4608,30.83,31.4608,1100,0
COIG.US,60,20251110,220000,31.36,31.36,30.64,30.64,1050,0
COIG.US,60,20251111,160000,29.46,30.22,29.06,30.22,3587,0
COIG.US,60,20251111,170000,29.97,29.97,29.3045,29.42,3218,0
COIG.US,60,20251111,180000,29.48,29.78,29.275,29.275,1597,0
COIG.US,60,20251111,190000,29.24,29.45,29.24,29.44,500,0
COIG.US,60,20251111,200000,29.56,29.56,29.34,29.51,830,0
COIG.US,60,20251111,210000,28.92,28.92,28.57,28.57,502,0
COIG.US,60,20251111,220000,28.26,28.55,28.0169,28.0169,1550,0
COIG.US,60,20251112,160000,28.96,29.2,28.57,28.98,8320,0
COIG.US,60,20251112,170000,29.05,29.235,27.66,27.66,5454,0
COIG.US,60,20251112,180000,27.95,27.95,27.6,27.79,1710,0
COIG.US,60,20251112,210000,27.6,27.72,27.6,27.72,380,0
COIG.US,60,20251112,220000,28.0068,28.0068,28.0068,28.0068,137,0
COIG.US,60,20251113,160000,27.31,27.5293,26.56,27.49,4782,0
COIG.US,60,20251113,170000,27.06,27.53,25.82,26.04,5799,0
COIG.US,60,20251113,180000,26.04,26.04,25.29,25.46,3128,0
COIG.US,60,20251113,190000,25.64,25.64,24.775,24.775,3096,0
COIG.US,60,20251113,200000,24.75,24.75,24.11,24.11,2003,0
COIG.US,60,20251113,210000,23.99,24.36,23.8,24.1,11161,0
COIG.US,60,20251113,220000,23.88,24.36,23.5,23.96,2186,0
COIG.US,60,20251114,160000,21.9,23.912,21.82,23.912,10954,0
COIG.US,60,20251114,170000,23.85,24.82,23.315,24.77,16527,0
COIG.US,60,20251114,180000,24.57,25.43,24.11,25.4,3905,0
COIG.US,60,20251114,190000,25.36,25.55,24.965,24.965,4660,0
COIG.US,60,20251114,200000,25.02,25.37,24.54,24.58,2571,0
COIG.US,60,20251114,210000,24.62,24.81,24.6,24.8,905,0
COIG.US,60,20251114,220000,24.83,24.85,24,24.12,1866,0
COIG.US,60,20251117,160000,22.72,23.07,21.75,22.65,29318,0
COIG.US,60,20251117,170000,22.69,22.69,21.36,21.46,4619,0
COIG.US,60,20251117,180000,21.46,21.6,20.87,21.52,14166,0
COIG.US,60,20251117,190000,21.48,21.48,20.87,20.895,3748,0
COIG.US,60,20251117,200000,20.61,20.61,20.29,20.48,1115,0
COIG.US,60,20251117,210000,20.39,20.39,19.8,20.08,17894,0
COIG.US,60,20251117,220000,20.11,20.71,20.08,20.71,11809,0
COIG.US,60,20251118,160000,20.78,21.63,20.51,20.87,18015,0
COIG.US,60,20251118,170000,20.85,21.3,20.5,20.91,12230,0
COIG.US,60,20251118,180000,20.8513,21.57,20.8513,21.37,1449,0
COIG.US,60,20251118,190000,21.49,21.49,21.18,21.4572,2732,0
COIG.US,60,20251118,200000,21.24,21.24,21,21.02,16739,0
COIG.US,60,20251118,210000,21,21.25,21,21.04,3870,0
COIG.US,60,20251118,220000,21,21,20.5,20.5,39530,0
COIG.US,60,20251119,160000,20.19,20.39,19.95,20.29,8678,0
COIG.US,60,20251119,170000,20.28,20.38,19.2,19.2,5718,0
COIG.US,60,20251119,180000,19.15,19.17,18.49,18.62,23894,0
COIG.US,60,20251119,190000,18.72,18.78,18.3,18.529,5818,0
COIG.US,60,20251119,200000,18.58,18.73,18.42,18.42,15996,0
COIG.US,60,20251119,210000,18.71,18.95,18.39,18.95,19905,0
COIG.US,60,20251119,220000,18.98,19.71,18.86,19.66,8357,0
COIG.US,60,20251120,160000,20.55,20.55,19.45,19.45,3352,0
COIG.US,60,20251120,170000,19.26,19.84,19.26,19.32,2023,0
COIG.US,60,20251120,180000,19.28,19.34,17.46,17.46,14401,0
COIG.US,60,20251120,190000,17.65,17.65,16.44,16.97,3124,0
COIG.US,60,20251120,200000,16.93,17.4099,16.93,17.06,2149,0
COIG.US,60,20251120,210000,16.81,17.4512,16.81,17.4512,1050,0
COIG.US,60,20251120,220000,17.47,17.47,16.745,16.745,17022,0
COIG.US,60,20251121,160000,17.32,17.73,17.02,17.17,15914,0
COIG.US,60,20251121,170000,17.2,17.38,16.02,16.65,6869,0
COIG.US,60,20251121,180000,15.94,16.99,15.89,16.99,3018,0
COIG.US,60,20251121,190000,17.4402,17.4782,17.14,17.1701,23676,0
COIG.US,60,20251121,200000,16.98,17.33,16.49,17.33,1651,0
COIG.US,60,20251121,210000,17.28,17.57,17.15,17.34,13692,0
COIG.US,60,20251121,220000,17.4,17.4,17.09,17.2,1233,0
COIG.US,60,20251124,160000,17.79,18.56,17.47,18.56,28270,0
COIG.US,60,20251124,170000,18.63,18.88,18.28,18.51,21858,0
COIG.US,60,20251124,180000,18.48,18.6715,18.45,18.48,2904,0
COIG.US,60,20251124,190000,18.655,19.06,18.62,19.06,2704,0
COIG.US,60,20251124,200000,19.12,19.12,19.0022,19.12,900,0
COIG.US,60,20251124,210000,19.33,19.33,19.16,19.2,1500,0
COIG.US,60,20251124,220000,19.307303,19.5,19.307303,19.46,1230,0
COIG.US,60,20251125,160000,18,18.24,17.23,17.795,8986,0
COIG.US,60,20251125,170000,17.64,17.64,17.0185,17.5719,6068,0
COIG.US,60,20251125,180000,17.25,17.46,17.25,17.46,884,0
COIG.US,60,20251125,190000,17.7766,18.105,17.7766,18.09,1666,0
COIG.US,60,20251125,200000,17.85,18.03,17.85,17.9187,1742,0
COIG.US,60,20251125,210000,17.93,17.93,17.87,17.89,1494,0
COIG.US,60,20251125,220000,18.22,18.95,18.14,18.95,4311,0
COIG.US,60,20251126,160000,19.31,19.711,18.97,18.97,6017,0
COIG.US,60,20251126,170000,18.97,19.658,18.97,19.658,2011,0
COIG.US,60,20251126,180000,19.755,19.87,19.57,19.57,1016,0
COIG.US,60,20251126,190000,19.42,20.335,19.42,20.27,1564,0
COIG.US,60,20251126,200000,20.5302,20.5302,20.41,20.49,2107,0
COIG.US,60,20251126,210000,20.6641,20.6641,20.5,20.5,1894,0
COIG.US,60,20251126,220000,20.35,20.54,20.31,20.54,3093,0
COIG.US,60,20251128,160000,21.95,22.29,21.43,22.02,17645,0
COIG.US,60,20251128,170000,22.23,22.8,22.08,22.4045,22681,0
COIG.US,60,20251128,180000,22,22.1169,21.71,21.88,6323,0
COIG.US,60,20251128,190000,21.76,21.87,21.31,21.76,10357,0
COIG.US,60,20251128,200000,21.8,21.8,21.8,21.8,164,0
COIG.US,60,20251201,160000,19.83,20.61,19.5,20.48,6417,0
COIG.US,60,20251201,170000,20.3636,20.3636,18.52,19.36,20553,0
COIG.US,60,20251201,180000,19.43,19.43,18.93,19.02,7727,0
COIG.US,60,20251201,190000,19.2452,19.3,18.95,19.23,5052,0
COIG.US,60,20251201,200000,19.2538,19.6,19.2538,19.35,5231,0
COIG.US,60,20251201,210000,19.6,19.82,19.43,19.43,5426,0
COIG.US,60,20251201,220000,19.59,19.7977,19.59,19.7,4050,0
COIG.US,60,20251202,160000,20.76,20.76,20.66,20.66,448,0
COIG.US,60,20251202,170000,21.38,21.545,20.92,21.1,6989,0
COIG.US,60,20251202,180000,21.02,21.12,20.4755,21.12,8933,0
COIG.US,60,20251202,190000,20.99,21.42,20.99,21.27,800,0
COIG.US,60,20251202,200000,21.02,21.02,20.906,20.906,300,0
COIG.US,60,20251202,210000,21.2479,21.28,21.2,21.26,4338,0
COIG.US,60,20251202,220000,20.59,20.59,20.18,20.18,19140,0
COIG.US,60,20251203,160000,20.83,21.7485,20.44,21.55,11316,0
COIG.US,60,20251203,170000,21.83,22.0806,21.27,21.56,14385,0
COIG.US,60,20251203,180000,21.67,22.05,21.62,22.02,1834,0
COIG.US,60,20251203,190000,21.67,21.845,21.67,21.845,300,0
COIG.US,60,20251203,200000,22.11,22.11,21.94,21.94,2126,0
COIG.US,60,20251203,210000,21.87,22.0999,21.87,22.0999,953,0
COIG.US,60,20251203,220000,22.22,22.3068,22.2,22.3068,6705,0
COIG.US,60,20251204,160000,21.72,22.41,21.62,21.68,8589,0
COIG.US,60,20251204,170000,21.52,22.6191,21.52,22.4,6678,0
COIG.US,60,20251204,180000,22.52,22.52,22.285,22.46,1618,0
COIG.US,60,20251204,190000,22.46,22.46,22.3978,22.4563,6677,0
COIG.US,60,20251204,200000,22.155,22.155,21.88,21.9,811,0
COIG.US,60,20251204,210000,21.75,21.7751,21.5577,21.7598,12387,0
COIG.US,60,20251204,220000,21.83,21.9919,21.71,21.77,3007,0
COIG.US,60,20251205,160000,20.65,20.95,20.4,20.61,37865,0
COIG.US,60,20251205,170000,20.71,21.62,20.66,21.37,8153,0
COIG.US,60,20251205,180000,21.31,21.3199,20.7701,20.87,17561,0
COIG.US,60,20251205,190000,21.12,21.4098,21,21.4098,650,0
COIG.US,60,20251205,200000,21.31,21.36,21.31,21.36,200,0
COIG.US,60,20251205,210000,21.08,21.126,21.02,21.126,10459,0
COIG.US,60,20251205,220000,21.1905,21.2495,21.03,21.1,2859,0
COIG.US,60,20251208,160000,21.7499,22.01,21.299,21.68,13037,0
COIG.US,60,20251208,170000,21.64,21.69,21.21,21.41,3429,0
COIG.US,60,20251208,180000,21.64,21.94,21.57,21.57,6000,0
COIG.US,60,20251208,190000,21.5,22.02,21.5,22.02,1311,0
COIG.US,60,20251208,200000,21.76,21.76,21.47,21.47,596,0
COIG.US,60,20251208,220000,21.84,21.86,21.67,21.67,3104,0
COIG.US,60,20251209,160000,20.72,22.03,20.72,22.03,1456,0
COIG.US,60,20251209,170000,22.29,23,22.02,22.9328,8932,0
COIG.US,60,20251209,180000,23.13,23.43,22.919431,23.1115,14157,0
COIG.US,60,20251209,190000,23.11,23.2,22.49,22.55,13831,0
COIG.US,60,20251209,200000,22.64,22.64,22.35,22.41,3188,0
COIG.US,60,20251209,210000,22.39,22.64,22.24,22.64,1111,0
COIG.US,60,20251209,220000,22.67,22.722,22.14,22.26,1793,0
COIG.US,60,20251210,160000,21.42,21.8,21.4,21.75,6129,0
COIG.US,60,20251210,170000,21.75,21.92,21.3,21.59,1799,0
COIG.US,60,20251210,180000,21.4505,21.764,21.3587,21.58,4164,0
COIG.US,60,20251210,190000,21.53,21.53,21.37,21.37,1062,0
COIG.US,60,20251210,200000,21.46,21.57,21.25,21.25,1100,0
COIG.US,60,20251210,210000,21.46,21.88,21.445,21.46,3507,0
COIG.US,60,20251210,220000,21.4,22.4121,21.4,21.82,1460,0
COIG.US,60,20251211,160000,20.69,20.95,20,20.06,16067,0
COIG.US,60,20251211,170000,20.12,21.04,20.06,20.17,9647,0
COIG.US,60,20251211,180000,20.03,20.46,19.63,20.1485,2960,0
COIG.US,60,20251211,190000,20.35,20.35,20.23,20.23,904,0
COIG.US,60,20251211,200000,20.345,20.669,20.23,20.669,14097,0
COIG.US,60,20251211,210000,20.6301,20.74,20.6045,20.6799,11885,0
COIG.US,60,20251211,220000,20.64,21.0695,20.64,20.9,4923,0
COIG.US,60,20251212,160000,21.72,22.14,21.69,22.05,9232,0
COIG.US,60,20251212,170000,21.7869,21.7869,20.9,20.9001,6798,0
COIG.US,60,20251212,180000,20.3507,20.3507,19.98,20.18,8482,0
COIG.US,60,20251212,190000,20.35,20.77,20.3,20.77,1938,0
COIG.US,60,20251212,200000,21.09,21.35,21.08,21.29,4139,0
COIG.US,60,20251212,210000,21.03,21.06,21.03,21.06,800,0
COIG.US,60,20251212,220000,20.9578,20.96,20.73,20.73,607,0
COIG.US,60,20251215,160000,20.56,20.56,18.545,18.545,1868,0
COIG.US,60,20251215,170000,18.52,18.8702,18.35,18.6201,21057,0
COIG.US,60,20251215,190000,18.6,18.6,18.25,18.2545,24554,0
COIG.US,60,20251215,200000,18.4,18.45,18.25,18.45,2286,0
COIG.US,60,20251215,210000,18.6,18.61,18.0395,18.08,6085,0
COIG.US,60,20251215,220000,17.95,17.95,17.47,17.82,20033,0
COIG.US,60,20251216,160000,18.52,18.56,18.17,18.56,1100,0
COIG.US,60,20251216,170000,18.735,18.735,18.24,18.311,14852,0
COIG.US,60,20251216,180000,18.76,18.76,18.25,18.32,700,0
COIG.US,60,20251216,190000,18.28,18.28,18.28,18.28,100,0
COIG.US,60,20251216,200000,18.03,18.41,18.03,18.41,400,0
COIG.US,60,20251216,210000,18.27,18.27,17.96,18.25,9680,0
COIG.US,60,20251216,220000,18.37,18.37,18.23,18.23,912,0
COIG.US,60,20251217,160000,18.75,19.2,18.27,18.38,2569,0
COIG.US,60,20251217,170000,19.05,19.08,18.06,18.06,4107,0
COIG.US,60,20251217,180000,18.04,18.09,17.86,18.08,26477,0
COIG.US,60,20251217,190000,18.12,18.13,17.86,17.86,10966,0
COIG.US,60,20251217,200000,17.989,17.99,17.43,17.43,7695,0
COIG.US,60,20251217,210000,17.3,17.41,17.23,17.41,15497,0
COIG.US,60,20251217,220000,17.45,17.47,17.01,17.01,4008,0
COIG.US,60,20251218,160000,18.36,18.36,17.2404,17.8203,10991,0
COIG.US,60,20251218,170000,17.73,18.1,17.66,17.81,4619,0
COIG.US,60,20251218,180000,17.84,17.84,17.63,17.8,1862,0
COIG.US,60,20251218,190000,17.4,17.4,16.95,17.36,2400,0
COIG.US,60,20251218,200000,17.3568,17.4,17.19,17.19,66179,0
COIG.US,60,20251218,210000,17.07,17.08,16.96,16.96,7116,0
COIG.US,60,20251218,220000,16.83,16.88,16.365,16.38,17059,0
COIG.US,60,20251219,160000,17.16,17.27,16.59,16.72,5676,0
COIG.US,60,20251219,170000,16.63,16.8714,16.61,16.61,18938,0
COIG.US,60,20251219,180000,16.73,17.1399,16.73,16.91,27622,0
COIG.US,60,20251219,190000,16.89,16.89,16.7,16.7,1478,0
COIG.US,60,20251219,200000,16.74,16.81,16.66,16.81,13779,0
COIG.US,60,20251219,210000,16.85,17.08,16.85,17.07,13290,0
COIG.US,60,20251219,220000,17.07,17.2,16.86,17.18,10151,0
COIG.US,60,20251222,160000,18.02,18.02,17.51,17.94,4789,0
COIG.US,60,20251222,170000,17.92,18.41,17.92,18.15,8342,0
COIG.US,60,20251222,180000,18.25,18.25,18.01,18.05,7212,0
COIG.US,60,20251222,190000,18.025,18.05,17.93,17.93,2153,0
COIG.US,60,20251222,200000,17.79,17.79,17.72,17.72,3350,0
COIG.US,60,20251222,210000,17.55,17.74,17.55,17.73,4988,0
COIG.US,60,20251222,220000,17.6311,17.7187,17.46,17.54,919,0
COIG.US,60,20251223,160000,16.79,16.8,16.57,16.57,600,0
COIG.US,60,20251223,170000,16.4,16.45,16.22,16.38,3802,0
COIG.US,60,20251223,180000,16.38,16.4498,16.34,16.41,1100,0
COIG.US,60,20251223,190000,16.43,16.51,16.2194,16.2194,5757,0
COIG.US,60,20251223,200000,16.27,16.52,16.27,16.4195,300,0
COIG.US,60,20251223,210000,16.44,16.45,16.33,16.4,2751,0
COIG.US,60,20251223,220000,16.44,16.73,16.42,16.72,7023,0
COIG.US,60,20251224,160000,16.23,16.28,16.22,16.22,1279,0
COIG.US,60,20251224,170000,16.1785,16.22,16.14,16.22,1249,0
COIG.US,60,20251224,180000,16.36,16.39,16.36,16.39,2390,0
COIG.US,60,20251224,190000,16.41,16.4604,16.385,16.4604,1265,0
COIG.US,60,20251226,160000,15.95,16.08,15.651,15.665,1084,0
COIG.US,60,20251226,170000,15.49,15.825,15.49,15.825,13663,0
COIG.US,60,20251226,180000,15.89,15.96,15.81,15.81,5349,0
COIG.US,60,20251226,190000,15.85,15.94,15.85,15.9263,5808,0
COIG.US,60,20251226,200000,15.8671,16.003,15.8671,15.955,3260,0
COIG.US,60,20251226,210000,15.9,15.95,15.9,15.9,3282,0
COIG.US,60,20251226,220000,15.93,15.995,15.93,15.995,2328,0
