<TICKER>,<PER>,<DATE>,<TIME>,<OPEN>,<HIGH>,<LOW>,<CLOSE>,<VOL>,<OPENINT>
GSIB.US,60,20240415,160000,27.58,27.58,27.16,27.3,306,0
GSIB.US,60,20240415,220000,26.98,26.98,26.98,26.98,100,0
GSIB.US,60,20240417,160000,27.03,27.03,26.88,26.88,200,0
GSIB.US,60,20240417,220000,26.78,26.78,26.78,26.78,100,0
GSIB.US,60,20240419,160000,26.95,27.26,26.95,27.26,200,0
GSIB.US,60,20240422,170000,27.55,27.55,27.55,27.55,100,0
GSIB.US,60,20240422,190000,27.66,27.66,27.66,27.66,400,0
GSIB.US,60,20240423,160000,27.84,27.84,27.84,27.84,100,0
GSIB.US,60,20240423,180000,28.02,28.03,28.02,28.0299,1440,0
GSIB.US,60,20240425,160000,28.22,28.22,28.22,28.22,100,0
GSIB.US,60,20240425,210000,28.15,28.15,28.15,28.15,1000,0
GSIB.US,60,20240426,160000,28.21,28.21,28.21,28.21,121,0
GSIB.US,60,20240426,180000,28.07,28.07,28.07,28.07,500,0
GSIB.US,60,20240426,220000,28.18,28.18,28.14,28.14,200,0
GSIB.US,60,20240429,160000,28.15,28.15,28.15,28.15,248,0
GSIB.US,60,20240429,220000,28.17,28.17,28.17,28.17,432,0
GSIB.US,60,20240430,160000,28.09,28.09,28.09,28.09,100,0
GSIB.US,60,20240430,200000,28.0075,28.0696,28.0075,28.0696,961,0
GSIB.US,60,20240430,210000,28.08,28.09,28.08,28.09,1339,0
GSIB.US,60,20240501,160000,27.99,27.99,27.99,27.99,100,0
GSIB.US,60,20240501,210000,28.08,28.08,28.08,28.08,100,0
GSIB.US,60,20240502,220000,28.26,28.37,28.04,28.37,439,0
GSIB.US,60,20240503,160000,28.52,28.52,28.52,28.52,102,0
GSIB.US,60,20240503,180000,28.42,28.42,28.42,28.42,100,0
GSIB.US,60,20240503,190000,28.449,28.449,28.449,28.449,100,0
GSIB.US,60,20240503,220000,28.412,28.44,28.412,28.44,400,0
GSIB.US,60,20240506,160000,28.6,28.62,28.6,28.62,281,0
GSIB.US,60,20240506,170000,28.66,28.68,28.6066,28.6486,1549,0
GSIB.US,60,20240506,190000,28.6394,28.6394,28.6394,28.6394,300,0
GSIB.US,60,20240506,220000,28.67,28.67,28.67,28.67,389,0
GSIB.US,60,20240507,160000,28.93,28.96,28.93,28.96,750,0
GSIB.US,60,20240507,170000,28.91,28.92,28.8844,28.92,660,0
GSIB.US,60,20240507,180000,28.867,28.89,28.867,28.89,528,0
GSIB.US,60,20240507,200000,28.9,28.9,28.9,28.9,100,0
GSIB.US,60,20240507,210000,28.86,28.86,28.84,28.84,1500,0
GSIB.US,60,20240507,220000,28.86,28.86,28.86,28.86,200,0
GSIB.US,60,20240508,160000,28.83,28.83,28.83,28.83,100,0
GSIB.US,60,20240508,170000,28.86,28.86,28.86,28.86,250,0
GSIB.US,60,20240508,200000,28.93,28.94,28.892,28.94,3901,0
GSIB.US,60,20240509,160000,29.04,29.04,29.04,29.04,100,0
GSIB.US,60,20240509,210000,29.22,29.22,29.22,29.22,150,0
GSIB.US,60,20240509,220000,29.23,29.24,29.1856,29.24,508,0
GSIB.US,60,20240510,160000,29.55,29.55,29.53,29.53,2100,0
GSIB.US,60,20240510,200000,29.4898,29.5076,29.4898,29.5076,507,0
GSIB.US,60,20240513,160000,29.75,29.75,29.75,29.75,430,0
GSIB.US,60,20240513,180000,29.6444,29.69,29.6444,29.69,317,0
GSIB.US,60,20240513,220000,29.62,29.66,29.62,29.63,650,0
GSIB.US,60,20240514,160000,29.71,29.71,29.71,29.71,100,0
GSIB.US,60,20240514,170000,29.72,29.72,29.72,29.72,200,0
GSIB.US,60,20240514,220000,29.78,29.79,29.78,29.79,1500,0
GSIB.US,60,20240515,160000,30.18,30.18,29.92,29.92,216,0
GSIB.US,60,20240515,170000,29.8744,29.8744,29.8744,29.8744,250,0
GSIB.US,60,20240515,220000,30,30.04,30,30.04,1994,0
GSIB.US,60,20240517,160000,30.16,30.23,30.16,30.23,200,0
GSIB.US,60,20240517,180000,30.2814,30.2814,30.2814,30.2814,395,0
GSIB.US,60,20240517,220000,30.39,30.39,30.39,30.39,340,0
GSIB.US,60,20240520,160000,30.47,30.47,30.47,30.47,217,0
GSIB.US,60,20240520,190000,30.38,30.38,30.38,30.38,500,0
GSIB.US,60,20240521,160000,30.25,30.25,30.25,30.25,100,0
GSIB.US,60,20240521,220000,30.34,30.4,30.34,30.37,1640,0
GSIB.US,60,20240522,160000,30.34,30.34,30.12,30.125,1214,0
GSIB.US,60,20240522,180000,30.17,30.17,30.1189,30.15,1319,0
GSIB.US,60,20240522,190000,30.17,30.17,30.17,30.17,100,0
GSIB.US,60,20240522,200000,30.14,30.14,30.14,30.14,223,0
GSIB.US,60,20240522,220000,30.04,30.08,30.04,30.07,1500,0
GSIB.US,60,20240523,160000,30.07,30.16,30.06,30.16,1100,0
GSIB.US,60,20240523,220000,29.85,29.85,29.85,29.85,500,0
GSIB.US,60,20240524,160000,29.91,30.09,29.91,30.09,525,0
GSIB.US,60,20240524,190000,30.085,30.16,30.085,30.16,310,0
GSIB.US,60,20240524,220000,30.085,30.14,30.085,30.14,940,0
GSIB.US,60,20240528,160000,30.18,30.18,30.18,30.18,100,0
GSIB.US,60,20240528,170000,30.13,30.15,30.0562,30.1098,2252,0
GSIB.US,60,20240528,190000,30.149,30.18,30.149,30.18,894,0
GSIB.US,60,20240528,200000,30.13,30.13,30.13,30.13,165,0
GSIB.US,60,20240528,210000,30.11,30.11,30.1,30.1,200,0
GSIB.US,60,20240528,220000,30.14,30.14,30.14,30.14,100,0
GSIB.US,60,20240529,160000,29.81,29.81,29.81,29.81,115,0
GSIB.US,60,20240529,180000,29.6078,29.6078,29.6078,29.6078,100,0
GSIB.US,60,20240529,190000,29.62,29.62,29.5801,29.5801,634,0
GSIB.US,60,20240529,200000,29.58,29.581,29.58,29.58,1244,0
GSIB.US,60,20240529,210000,29.65,29.65,29.5813,29.63,1692,0
GSIB.US,60,20240530,160000,29.66,29.66,29.66,29.66,200,0
GSIB.US,60,20240530,180000,29.7,29.7,29.7,29.7,100,0
GSIB.US,60,20240530,220000,29.8268,29.84,29.8268,29.84,300,0
GSIB.US,60,20240531,170000,29.82,29.82,29.82,29.82,100,0
GSIB.US,60,20240531,180000,29.84,29.84,29.84,29.84,100,0
GSIB.US,60,20240531,220000,29.95,30.05,29.95,30.05,900,0
GSIB.US,60,20240603,160000,30.05,30.05,30.05,30.05,187,0
GSIB.US,60,20240604,170000,30.6,30.6,29.77,29.77,1098,0
GSIB.US,60,20240604,180000,29.74,29.74,29.67,29.7299,1375,0
GSIB.US,60,20240604,190000,29.7,29.7,29.6,29.6352,873,0
GSIB.US,60,20240604,200000,29.71,29.71,29.71,29.71,100,0
GSIB.US,60,20240604,220000,29.77,29.77,29.77,29.77,386,0
GSIB.US,60,20240605,210000,29.68,29.7,29.68,29.7,941,0
GSIB.US,60,20240606,180000,29.73,29.73,29.73,29.73,100,0
GSIB.US,60,20240607,160000,29.95,29.95,29.95,29.95,106,0
GSIB.US,60,20240607,200000,29.71,29.71,29.71,29.71,100,0
GSIB.US,60,20240607,220000,29.72,29.72,29.72,29.72,100,0
GSIB.US,60,20240610,160000,29.38,29.38,29.38,29.38,100,0
GSIB.US,60,20240610,190000,29.53,29.53,29.53,29.53,219,0
GSIB.US,60,20240610,220000,29.43,29.43,29.43,29.43,100,0
GSIB.US,60,20240612,160000,29.2,29.2,29.2,29.2,100,0
GSIB.US,60,20240612,170000,29.03,29.09,29.02,29.09,1342,0
GSIB.US,60,20240613,160000,28.87,28.87,28.4901,28.565,601,0
GSIB.US,60,20240613,170000,28.5745,28.5745,28.5301,28.54,1800,0
GSIB.US,60,20240613,190000,28.46,28.495,28.46,28.495,1114,0
GSIB.US,60,20240614,160000,28.28,28.28,28.28,28.28,163,0
GSIB.US,60,20240614,170000,28.18,28.18,28.06,28.1789,1365,0
GSIB.US,60,20240614,220000,28.31,28.31,28.26,28.2869,2000,0
GSIB.US,60,20240617,160000,28.44,28.44,28.44,28.44,100,0
GSIB.US,60,20240617,170000,28.51,28.51,28.51,28.51,100,0
GSIB.US,60,20240617,220000,28.56,28.71,28.56,28.7,964,0
GSIB.US,60,20240618,160000,28.89,28.89,28.89,28.89,100,0
GSIB.US,60,20240618,180000,28.73,28.73,28.73,28.73,100,0
GSIB.US,60,20240620,160000,28.89,28.89,28.89,28.89,156,0
GSIB.US,60,20240620,210000,28.9601,29.0483,28.9601,29.0483,5625,0
GSIB.US,60,20240620,220000,28.95,28.966,28.8906,28.9,2090,0
GSIB.US,60,20240621,160000,28.68,28.68,28.68,28.68,100,0
GSIB.US,60,20240621,200000,28.68,28.7,28.68,28.7,323,0
GSIB.US,60,20240624,160000,29.047,29.047,29.047,29.047,100,0
GSIB.US,60,20240624,190000,29.18,29.18,29.18,29.18,200,0
GSIB.US,60,20240624,210000,29.02,29.02,29.02,29.02,240,0
GSIB.US,60,20240625,160000,28.59,28.59,28.59,28.59,114,0
GSIB.US,60,20240625,170000,28.9657,28.9657,28.9657,28.9657,164,0
GSIB.US,60,20240625,220000,28.94,28.95,28.94,28.95,512,0
GSIB.US,60,20240626,160000,28.92,28.92,28.92,28.92,100,0
GSIB.US,60,20240626,170000,28.79,28.79,28.79,28.79,100,0
GSIB.US,60,20240627,160000,28.95,28.95,28.95,28.95,101,0
GSIB.US,60,20240627,220000,28.97,28.97,28.84,28.84,317,0
GSIB.US,60,20240702,160000,29.12,29.75,29.12,29.68,330,0
GSIB.US,60,20240702,180000,29.71,29.71,29.71,29.71,100,0
GSIB.US,60,20240703,160000,30.028,30.028,30.028,30.028,100,0
GSIB.US,60,20240703,180000,29.97,29.97,29.97,29.97,155,0
GSIB.US,60,20240709,160000,30.39,30.39,29.75,29.75,327,0
GSIB.US,60,20240709,220000,29.99,29.99,29.99,29.99,100,0
GSIB.US,60,20240710,160000,29.98,29.98,29.98,29.98,101,0
GSIB.US,60,20240710,180000,30.05,30.05,30.05,30.05,167,0
GSIB.US,60,20240711,160000,30.2,30.2,30.2,30.2,101,0
GSIB.US,60,20240711,190000,30.15,30.15,30.15,30.15,800,0
GSIB.US,60,20240711,210000,30.2203,30.2203,30.2203,30.2203,105,0
GSIB.US,60,20240712,170000,30.39,30.398,30.39,30.398,265,0
GSIB.US,60,20240712,220000,30.48,30.48,30.48,30.48,100,0
GSIB.US,60,20240715,160000,30.41,30.41,30.41,30.41,101,0
GSIB.US,60,20240716,200000,30.7827,30.7827,30.7827,30.7827,6966,0
GSIB.US,60,20240717,160000,30.73,30.73,30.73,30.73,130,0
GSIB.US,60,20240717,180000,30.96,30.97,30.96,30.97,2000,0
GSIB.US,60,20240718,160000,30.86,30.86,30.86,30.86,104,0
GSIB.US,60,20240718,180000,30.93,30.93,30.93,30.93,100,0
GSIB.US,60,20240719,160000,30.5,30.5,30.5,30.5,101,0
GSIB.US,60,20240719,180000,30.46,30.46,30.46,30.46,100,0
GSIB.US,60,20240719,220000,30.4349,30.4349,30.4349,30.4349,2000,0
GSIB.US,60,20240723,160000,30.61,30.76,30.61,30.76,200,0
GSIB.US,60,20240723,180000,30.79,30.79,30.79,30.79,162,0
GSIB.US,60,20240723,190000,30.8797,30.8797,30.8797,30.8797,300,0
GSIB.US,60,20240723,200000,30.85,30.85,30.85,30.85,100,0
GSIB.US,60,20240723,220000,30.78,30.78,30.78,30.78,101,0
GSIB.US,60,20240724,160000,30.71,30.71,30.71,30.71,100,0
GSIB.US,60,20240724,210000,30.68,30.68,30.68,30.68,200,0
GSIB.US,60,20240725,160000,30.34,30.34,30.34,30.34,101,0
GSIB.US,60,20240725,190000,30.57,30.57,30.57,30.57,300,0
GSIB.US,60,20240725,210000,30.59,30.59,30.58,30.58,1000,0
GSIB.US,60,20240725,220000,30.57,30.59,30.57,30.58,2300,0
GSIB.US,60,20240730,160000,30.58,30.76,30.58,30.58,301,0
GSIB.US,60,20240730,190000,30.6097,30.6097,30.6097,30.6097,6966,0
GSIB.US,60,20240801,160000,30.81,30.81,30.81,30.81,102,0
GSIB.US,60,20240801,220000,29.88,29.88,29.88,29.88,100,0
GSIB.US,60,20240802,160000,30.2,30.2,30.2,30.2,100,0
GSIB.US,60,20240802,190000,28.69,28.69,28.69,28.69,100,0
GSIB.US,60,20240802,210000,28.78,28.78,28.78,28.78,100,0
GSIB.US,60,20240805,160000,28.97,28.97,28.97,28.97,104,0
GSIB.US,60,20240805,180000,27.92,27.92,27.92,27.92,100,0
GSIB.US,60,20240805,190000,28.09,28.09,28.08,28.08,4000,0
GSIB.US,60,20240805,210000,28.17,28.17,28.17,28.17,193,0
GSIB.US,60,20240807,160000,28.8,28.8,28.8,28.8,100,0
GSIB.US,60,20240807,200000,28.354,28.354,28.354,28.354,300,0
GSIB.US,60,20240808,160000,28.5,28.5,28.5,28.5,101,0
GSIB.US,60,20240808,200000,28.67,28.67,28.67,28.67,111,0
GSIB.US,60,20240812,160000,28.75,29.28,28.75,29.28,200,0
GSIB.US,60,20240812,170000,28.95,28.95,28.95,28.95,429,0
GSIB.US,60,20240812,180000,29.01,29.02,28.97,28.97,13518,0
GSIB.US,60,20240812,190000,28.95,28.95,28.95,28.95,400,0
GSIB.US,60,20240812,200000,28.94,28.94,28.94,28.94,300,0
GSIB.US,60,20240812,220000,28.92,28.92,28.92,28.92,300,0
GSIB.US,60,20240814,160000,29.09,29.23,29.09,29.23,200,0
GSIB.US,60,20240814,220000,29.3811,29.3811,29.3811,29.3811,112,0
GSIB.US,60,20240815,160000,29.74,29.74,29.74,29.74,100,0
GSIB.US,60,20240815,210000,30.11,30.11,30.08,30.08,300,0
GSIB.US,60,20240819,160000,29.98,30.51,29.98,30.51,200,0
GSIB.US,60,20240820,170000,30.35,30.35,30.35,30.35,100,0
GSIB.US,60,20240821,160000,30.34,30.341,30.27,30.27,300,0
GSIB.US,60,20240821,190000,30.23,30.23,30.23,30.23,100,0
GSIB.US,60,20240822,160000,30.43,30.43,30.41,30.41,400,0
GSIB.US,60,20240822,170000,30.41,30.41,30.36,30.36,300,0
GSIB.US,60,20240823,160000,30.49,30.49,30.49,30.49,100,0
GSIB.US,60,20240823,170000,30.82,30.82,30.82,30.82,100,0
GSIB.US,60,20240823,180000,30.9706,30.9706,30.9706,30.9706,200,0
GSIB.US,60,20240823,220000,30.95,30.95,30.95,30.95,300,0
GSIB.US,60,20240826,160000,31.07,31.07,30.88,30.94,7038,0
GSIB.US,60,20240826,170000,30.93,30.99,30.93,30.99,850,0
GSIB.US,60,20240826,180000,30.95,30.95,30.9,30.9,310,0
GSIB.US,60,20240826,190000,30.93,30.93,30.93,30.93,120,0
GSIB.US,60,20240826,200000,30.87,30.87,30.87,30.87,700,0
GSIB.US,60,20240826,210000,30.8702,30.91,30.87,30.91,801,0
GSIB.US,60,20240826,220000,30.9,30.91,30.87,30.8701,985,0
GSIB.US,60,20240827,160000,31.1,31.1,31.1,31.1,1150,0
GSIB.US,60,20240827,170000,31.15,31.17,31.15,31.17,521,0
GSIB.US,60,20240827,180000,31.17,31.2,31.17,31.2,679,0
GSIB.US,60,20240827,190000,31.1742,31.1799,31.1742,31.1799,420,0
GSIB.US,60,20240827,200000,31.19,31.19,31.19,31.19,400,0
GSIB.US,60,20240827,210000,31.2,31.2,31.2,31.2,100,0
GSIB.US,60,20240827,220000,31.19,31.19,31.18,31.18,380,0
GSIB.US,60,20240828,160000,34.3,34.3,30.49,31.01,3250,0
GSIB.US,60,20240828,170000,31.05,31.1,31.05,31.1,641,0
GSIB.US,60,20240828,180000,31.07,31.07,31.07,31.07,300,0
GSIB.US,60,20240828,190000,31.0088,31.0088,31.0088,31.0088,483,0
GSIB.US,60,20240828,220000,30.98,31,30.98,31,247,0
GSIB.US,60,20240829,170000,30.91,30.91,30.91,30.91,170,0
GSIB.US,60,20240830,210000,30.85,30.85,30.85,30.85,100,0
GSIB.US,60,20240830,220000,30.94,30.94,30.94,30.94,100,0
GSIB.US,60,20240903,160000,29.32,29.32,29.32,29.32,100,0
GSIB.US,60,20240903,180000,30.5369,30.55,30.4,30.55,25797,0
GSIB.US,60,20240903,220000,30.35,30.4199,30.345,30.345,306,0
GSIB.US,60,20240905,160000,30.31,30.6,30.31,30.6,200,0
GSIB.US,60,20240905,170000,30.56,30.56,30.56,30.56,100,0
GSIB.US,60,20240906,160000,30.44,30.44,30.44,30.44,100,0
GSIB.US,60,20240906,170000,30.25,30.255,30.2,30.2,700,0
GSIB.US,60,20240906,180000,30,30,29.97,29.97,600,0
GSIB.US,60,20240909,160000,29.99,29.99,29.99,29.99,101,0
GSIB.US,60,20240909,210000,30.22,30.22,30.22,30.22,100,0
GSIB.US,60,20240909,220000,30.21,30.24,30.165,30.1687,3800,0
GSIB.US,60,20240910,160000,30.14,30.14,30.14,30.14,100,0
GSIB.US,60,20240910,180000,29.6,29.6,29.498,29.498,594,0
GSIB.US,60,20240911,160000,29.445,29.445,29.445,29.445,100,0
GSIB.US,60,20240911,200000,29.57,29.57,29.57,29.57,100,0
GSIB.US,60,20240911,210000,29.61,29.61,29.6,29.6,1500,0
GSIB.US,60,20240911,220000,29.6816,29.6816,29.6816,29.6816,160,0
GSIB.US,60,20240912,180000,29.74,29.74,29.74,29.74,200,0
GSIB.US,60,20240912,200000,29.94,29.94,29.94,29.94,250,0
GSIB.US,60,20240912,220000,29.96,29.96,29.96,29.96,140,0
GSIB.US,60,20240913,160000,30.05,30.05,30.05,30.05,100,0
GSIB.US,60,20240913,190000,30.11,30.11,30.11,30.11,700,0
GSIB.US,60,20240916,160000,30.19,30.19,30.19,30.19,201,0
GSIB.US,60,20240916,170000,30.19,30.19,30.19,30.19,220,0
GSIB.US,60,20240918,160000,30.59,30.59,30.59,30.59,100,0
GSIB.US,60,20240918,190000,30.64,30.64,30.6399,30.6399,1958,0
GSIB.US,60,20240919,160000,30.85,30.85,30.85,30.85,161,0
GSIB.US,60,20240919,170000,30.9,30.9,30.9,30.9,100,0
GSIB.US,60,20240919,180000,31.0347,31.0347,31.0347,31.0347,186,0
GSIB.US,60,20240923,160000,31.08,31.08,31.07,31.07,200,0
GSIB.US,60,20240923,180000,30.98,30.98,30.98,30.98,100,0
GSIB.US,60,20240926,160000,31.32,31.73,31.265,31.73,573,0
GSIB.US,60,20240926,190000,32,32,32,32,160,0
GSIB.US,60,20240927,160000,31.002,31.002,31.002,31.002,100,0
GSIB.US,60,20240930,170000,31.59,31.59,31.15,31.15,226,0
GSIB.US,60,20240930,220000,31.11,31.11,31.1,31.1,1781,0
GSIB.US,60,20241001,180000,30.86,30.86,30.86,30.86,100,0
GSIB.US,60,20241002,160000,31.14,31.14,31.14,31.14,100,0
GSIB.US,60,20241002,210000,31.2,31.2,31.2,31.2,423,0
GSIB.US,60,20241003,200000,30.85,30.85,30.85,30.85,100,0
GSIB.US,60,20241004,180000,31.395,31.395,31.395,31.395,100,0
GSIB.US,60,20241008,170000,31.7,31.7,31.25,31.25,300,0
GSIB.US,60,20241009,160000,31.29,31.29,31.29,31.29,173,0
GSIB.US,60,20241009,170000,31.255,31.255,31.255,31.255,100,0
GSIB.US,60,20241009,210000,31.3395,31.3395,31.3395,31.3395,179,0
GSIB.US,60,20241009,220000,31.33,31.4499,31.33,31.3738,685,0
GSIB.US,60,20241010,180000,31.31,31.31,31.31,31.31,100,0
GSIB.US,60,20241014,170000,32.125,32.21,32.125,32.1685,4776,0
GSIB.US,60,20241014,180000,32.24,32.26,32.24,32.26,4967,0
GSIB.US,60,20241014,220000,32.2896,32.2896,32.2896,32.2896,100,0
GSIB.US,60,20241015,170000,32.12,32.12,32.12,32.12,100,0
GSIB.US,60,20241015,200000,32.12,32.12,32.12,32.12,200,0
GSIB.US,60,20241015,210000,31.8209,31.84,31.81,31.81,5100,0
GSIB.US,60,20241016,170000,32.34,32.34,32.34,32.34,100,0
GSIB.US,60,20241016,180000,32.3,32.3799,32.3,32.3799,500,0
GSIB.US,60,20241017,190000,32.405,32.5,32.405,32.5,300,0
GSIB.US,60,20241017,210000,32.46,32.46,32.4599,32.4599,2000,0
GSIB.US,60,20241018,200000,32.7,32.7,32.7,32.7,100,0
GSIB.US,60,20241021,160000,32.28,32.28,32.28,32.28,100,0
GSIB.US,60,20241022,180000,32.2,32.2,32.2,32.2,100,0
GSIB.US,60,20241022,220000,32.16,32.16,32.16,32.16,100,0
GSIB.US,60,20241023,170000,32.007,32.007,32.007,32.007,100,0
GSIB.US,60,20241023,190000,31.9201,31.9201,31.9201,31.9201,220,0
GSIB.US,60,20241024,180000,32.1,32.1,32.1,32.1,100,0
GSIB.US,60,20241024,190000,31.98,31.98,31.98,31.98,100,0
GSIB.US,60,20241024,210000,32.1048,32.1048,32.07,32.1048,5721,0
GSIB.US,60,20241025,170000,32.1,32.1,32.1,32.1,100,0
GSIB.US,60,20241028,160000,32.1,32.1,32.1,32.1,100,0
GSIB.US,60,20241028,170000,32.1789,32.1789,32.1789,32.1789,100,0
GSIB.US,60,20241029,160000,32.32,32.32,32.32,32.32,100,0
GSIB.US,60,20241029,200000,32.201,32.22,32.201,32.22,350,0
GSIB.US,60,20241030,170000,32.2,32.2,32.2,32.2,100,0
GSIB.US,60,20241101,150000,31.91,32.43,31.91,32.43,888,0
GSIB.US,60,20241101,210000,32.43,32.47,32.43,32.47,24597,0
GSIB.US,60,20241104,180000,32.445,32.445,32.445,32.445,100,0
GSIB.US,60,20241106,160000,32.56,33.5084,32.56,33.5084,324,0
GSIB.US,60,20241106,170000,33.24,33.29,33.24,33.29,200,0
GSIB.US,60,20241106,220000,33.56,33.56,33.45,33.5501,24775,0
GSIB.US,60,20241108,160000,33.6,33.6,33.42,33.42,406,0
GSIB.US,60,20241108,180000,33.14,33.14,33.14,33.14,100,0
GSIB.US,60,20241108,210000,33.17,33.1701,33.17,33.1701,482,0
GSIB.US,60,20241112,160000,33.4,33.4,33.21,33.21,200,0
GSIB.US,60,20241113,180000,33.11,33.11,32.98,32.98,200,0
GSIB.US,60,20241114,170000,33.12,33.12,33.12,33.12,100,0
GSIB.US,60,20241115,180000,33.08,33.08,33.08,33.08,100,0
GSIB.US,60,20241118,220000,33.625,33.625,33.625,33.625,100,0
GSIB.US,60,20241119,180000,33.37,33.37,33.37,33.37,100,0
GSIB.US,60,20241120,160000,33.2,33.2,33.2,33.2,100,0
GSIB.US,60,20241125,170000,33.42,33.469,33.15,33.469,300,0
GSIB.US,60,20241125,180000,33.4604,33.4604,33.4604,33.4604,175,0
GSIB.US,60,20241126,170000,33.07,33.13,32.02,32.8342,642,0
GSIB.US,60,20241126,180000,33.252,33.252,33.252,33.252,300,0
GSIB.US,60,20241129,160000,33.25,33.47,33.25,33.47,200,0
GSIB.US,60,20241202,170000,33.59,33.59,33.5,33.5,486,0
GSIB.US,60,20241202,180000,33.7099,33.7099,33.7099,33.7099,148,0
GSIB.US,60,20241202,190000,33.68,33.68,33.5975,33.5975,456,0
GSIB.US,60,20241202,200000,33.72,33.75,33.645,33.74,9097,0
GSIB.US,60,20241203,160000,33.925,33.925,33.925,33.925,100,0
GSIB.US,60,20241204,170000,33.61,33.61,33.61,33.61,100,0
GSIB.US,60,20241206,190000,33.92,33.92,33.92,33.92,100,0
GSIB.US,60,20241210,160000,34.22,34.59,34.22,34.24,817,0
GSIB.US,60,20241211,170000,34.06,34.06,33.97,33.97,200,0
GSIB.US,60,20241211,220000,34.16,34.16,34.1599,34.1599,294,0
GSIB.US,60,20241213,160000,34.13,34.13,33.82,33.82,500,0
GSIB.US,60,20241213,170000,33.91,33.91,33.7807,33.7807,248,0
GSIB.US,60,20241216,160000,33.84,33.84,33.84,33.84,100,0
GSIB.US,60,20241216,190000,33.86,33.8601,33.86,33.8601,200,0
GSIB.US,60,20241217,170000,33.65,33.65,33.65,33.65,100,0
GSIB.US,60,20241218,160000,33.715,33.715,33.715,33.715,100,0
GSIB.US,60,20241220,170000,32.916,32.916,32.91,32.91,200,0
GSIB.US,60,20241220,180000,33.04,33.145,33.04,33.145,200,0
GSIB.US,60,20241220,200000,33.1352,33.1352,33.1352,33.1352,150,0
GSIB.US,60,20241223,170000,33.2,33.2,33.2,33.2,100,0
GSIB.US,60,20241223,210000,33.325,33.325,33.325,33.325,225,0
GSIB.US,60,20241224,190000,33.06,33.06,33.06,33.06,100,0
GSIB.US,60,20241226,180000,33.18,33.18,33.18,33.18,100,0
GSIB.US,60,20241227,170000,33.05,33.05,33.05,33.05,100,0
GSIB.US,60,20241227,180000,33.12,33.12,33.12,33.12,427,0
GSIB.US,60,20241230,210000,33.26,33.26,33.26,33.26,100,0
GSIB.US,60,20241231,180000,33.15,33.15,33.15,33.15,100,0
GSIB.US,60,20250102,170000,32.96,32.96,32.96,32.96,100,0
GSIB.US,60,20250106,160000,32.93,33.41,32.93,33.41,200,0
GSIB.US,60,20250106,180000,33.63,33.63,33.63,33.63,100,0
GSIB.US,60,20250106,210000,33.4991,33.4991,33.4991,33.4991,180,0
GSIB.US,60,20250107,160000,33.76,33.76,33.49,33.49,600,0
GSIB.US,60,20250107,170000,33.42,33.49,33.42,33.49,200,0
GSIB.US,60,20250108,210000,33.59,33.6,33.59,33.6,446,0
GSIB.US,60,20250108,220000,33.4989,33.5667,33.4989,33.5667,296,0
GSIB.US,60,20250110,160000,32.84,33.17,32.84,33.17,300,0
GSIB.US,60,20250110,190000,32.92,32.92,32.8634,32.8634,200,0
GSIB.US,60,20250110,210000,33.03,33.06,33.01,33.01,1675,0
GSIB.US,60,20250113,160000,32.77,32.83,32.77,32.83,411,0
GSIB.US,60,20250113,170000,32.91,32.91,32.85,32.85,600,0
GSIB.US,60,20250113,220000,33.06,33.06,33.06,33.06,100,0
GSIB.US,60,20250114,170000,33.29,33.29,33.29,33.29,100,0
GSIB.US,60,20250114,200000,33.3,33.3,33.3,33.3,100,0
GSIB.US,60,20250115,170000,34.44,34.44,34.44,34.44,100,0
GSIB.US,60,20250115,190000,34.33,34.33,34.3299,34.3299,200,0
GSIB.US,60,20250115,210000,34.51,34.51,34.51,34.51,145,0
GSIB.US,60,20250115,220000,34.56,34.56,34.53,34.53,52465,0
GSIB.US,60,20250116,170000,34.555,34.555,34.555,34.555,100,0
GSIB.US,60,20250116,190000,34.5,34.5,34.49,34.49,434,0
GSIB.US,60,20250117,170000,34.68,34.68,34.68,34.68,100,0
GSIB.US,60,20250117,180000,34.705,34.705,34.705,34.705,100,0
GSIB.US,60,20250117,210000,34.82,34.82,34.8199,34.8199,1000,0
GSIB.US,60,20250117,220000,34.91,34.92,34.8427,34.8427,1296,0
GSIB.US,60,20250121,160000,34.66,34.66,34.66,34.66,320,0
GSIB.US,60,20250121,170000,35.25,35.25,35.13,35.13,242,0
GSIB.US,60,20250121,180000,35.27,35.39,35.2,35.2943,1030,0
GSIB.US,60,20250121,190000,35.37,35.38,35.32,35.3277,1234,0
GSIB.US,60,20250122,160000,35.112,35.112,35.112,35.112,100,0
GSIB.US,60,20250122,220000,35.13,35.13,35.13,35.13,750,0
GSIB.US,60,20250123,170000,35.39,35.39,35.39,35.39,166,0
GSIB.US,60,20250123,180000,35.4888,35.4888,35.44,35.44,400,0
GSIB.US,60,20250123,200000,35.5315,35.5315,35.5315,35.5315,149,0
GSIB.US,60,20250124,160000,35.54,35.54,35.54,35.54,100,0
GSIB.US,60,20250127,170000,35.63,35.93,35.63,35.8,1571,0
GSIB.US,60,20250127,180000,35.74,35.74,35.74,35.74,104,0
GSIB.US,60,20250127,210000,35.7806,35.7806,35.7806,35.7806,150,0
GSIB.US,60,20250127,220000,35.84,35.9,35.84,35.9,205,0
GSIB.US,60,20250128,160000,36,36.0138,36,36.0138,7035,0
GSIB.US,60,20250128,170000,35.9708,35.9708,35.9708,35.9708,150,0
GSIB.US,60,20250128,190000,35.89,35.9,35.877,35.9,3635,0
GSIB.US,60,20250128,210000,35.95,35.95,35.95,35.95,250,0
GSIB.US,60,20250129,160000,36.03,36.132,36.03,36.132,210,0
GSIB.US,60,20250129,170000,36.3,36.3,36.3,36.3,828,0
GSIB.US,60,20250129,180000,36.26,36.26,36.1614,36.1614,700,0
GSIB.US,60,20250129,210000,36.07,36.1684,36.07,36.1684,2367,0
GSIB.US,60,20250129,220000,36.19,36.19,36.19,36.19,640,0
GSIB.US,60,20250130,160000,36.6,36.6,36.22,36.22,500,0
GSIB.US,60,20250130,170000,36.2599,36.34,36.2599,36.34,793,0
GSIB.US,60,20250130,180000,36.3,36.35,36.3,36.35,400,0
GSIB.US,60,20250130,200000,36.44,36.44,36.3927,36.3927,337,0
GSIB.US,60,20250130,220000,36.46,36.46,36.31,36.31,2844,0
GSIB.US,60,20250131,160000,36.2092,36.2092,36.2092,36.2092,165,0
GSIB.US,60,20250131,180000,36.198,36.198,36.198,36.198,100,0
GSIB.US,60,20250131,210000,35.9301,35.9301,35.9301,35.9301,150,0
GSIB.US,60,20250203,160000,35.164,35.164,35.164,35.164,100,0
GSIB.US,60,20250203,210000,35.66,35.66,35.64,35.64,500,0
GSIB.US,60,20250203,220000,35.63,35.64,35.6,35.6,884,0
GSIB.US,60,20250204,200000,35.865,35.865,35.865,35.865,200,0
GSIB.US,60,20250204,220000,35.85,35.85,35.65,35.8,27505,0
GSIB.US,60,20250205,160000,35.92,35.92,35.858,35.858,255,0
GSIB.US,60,20250205,190000,35.93,35.93,35.93,35.93,140,0
GSIB.US,60,20250205,200000,36.0486,36.0486,36.0486,36.0486,548,0
GSIB.US,60,20250205,220000,36.0794,36.1096,36.0794,36.1096,1670,0
GSIB.US,60,20250206,160000,36.4,36.4,36.4,36.4,100,0
GSIB.US,60,20250206,180000,36.73,36.73,36.73,36.73,545,0
GSIB.US,60,20250206,190000,36.67,36.67,36.67,36.67,200,0
GSIB.US,60,20250206,200000,36.69,36.69,36.68,36.68,486,0
GSIB.US,60,20250206,210000,36.66,36.66,36.66,36.66,136,0
GSIB.US,60,20250207,160000,36.88,36.88,36.88,36.88,151,0
GSIB.US,60,20250207,170000,36.7116,36.7116,36.7116,36.7116,100,0
GSIB.US,60,20250207,180000,36.6,36.6,36.6,36.6,100,0
GSIB.US,60,20250207,200000,36.6478,36.6478,36.6478,36.6478,137,0
GSIB.US,60,20250207,210000,36.55,36.55,36.53,36.53,212,0
GSIB.US,60,20250207,220000,36.53,36.57,36.53,36.57,301,0
GSIB.US,60,20250210,160000,36.4,36.4,36.4,36.4,100,0
GSIB.US,60,20250210,170000,36.44,36.44,36.44,36.44,100,0
GSIB.US,60,20250210,180000,36.45,36.45,36.45,36.45,1638,0
GSIB.US,60,20250210,220000,36.4,36.4543,36.4,36.41,1300,0
GSIB.US,60,20250211,160000,36.55,36.55,36.55,36.55,100,0
GSIB.US,60,20250211,190000,36.73,36.7599,36.73,36.7599,250,0
GSIB.US,60,20250212,160000,36.9,36.9,36.9,36.9,320,0
GSIB.US,60,20250212,170000,36.865,36.865,36.865,36.865,100,0
GSIB.US,60,20250212,180000,36.8999,36.8999,36.8999,36.8999,540,0
GSIB.US,60,20250212,190000,36.9,37.0155,36.9,37.0155,1670,0
GSIB.US,60,20250212,200000,37.14,37.14,37.0996,37.0996,318,0
GSIB.US,60,20250212,210000,37.0675,37.0675,37.0675,37.0675,109,0
GSIB.US,60,20250212,220000,37.1,37.14,37.1,37.14,1180,0
GSIB.US,60,20250213,160000,36.89,36.89,36.89,36.89,100,0
GSIB.US,60,20250213,190000,37,37.0008,37,37,790,0
GSIB.US,60,20250213,220000,37.04,37.08,36.96,37.07,27564,0
GSIB.US,60,20250214,160000,37.5,37.5,37.4844,37.4844,381,0
GSIB.US,60,20250214,170000,37.48,37.52,37.44,37.52,494,0
GSIB.US,60,20250214,180000,37.45,37.45,37.45,37.45,100,0
GSIB.US,60,20250214,190000,37.48,37.48,37.43,37.47,300,0
GSIB.US,60,20250214,200000,37.51,37.53,37.49,37.49,1600,0
GSIB.US,60,20250214,210000,37.45,37.54,37.45,37.54,1928,0
GSIB.US,60,20250214,220000,37.5218,37.54,37.49,37.49,1100,0
GSIB.US,60,20250218,160000,37.95,37.95,37.895,37.895,442,0
GSIB.US,60,20250218,170000,37.92,38.0397,37.92,38.0397,563,0
GSIB.US,60,20250218,190000,38.0658,38.0658,38.065,38.065,786,0
GSIB.US,60,20250218,200000,38.0985,38.1217,38.0985,38.1217,1800,0
GSIB.US,60,20250218,210000,38.08,38.08,38.07,38.07,300,0
GSIB.US,60,20250218,220000,38.1286,38.13,38.1286,38.13,631,0
GSIB.US,60,20250219,160000,38.02,38.02,37.78,37.78,400,0
GSIB.US,60,20250219,180000,37.77,37.77,37.72,37.72,1100,0
GSIB.US,60,20250219,200000,37.73,37.73,37.73,37.73,142,0
GSIB.US,60,20250219,220000,37.8699,37.8699,37.805,37.8395,2900,0
GSIB.US,60,20250220,160000,38.49,38.49,37.85,37.88,1721,0
GSIB.US,60,20250220,170000,37.76,37.76,37.76,37.76,100,0
GSIB.US,60,20250220,200000,37.49,37.5872,37.49,37.51,300,0
GSIB.US,60,20250220,220000,37.66,37.66,37.66,37.66,113,0
GSIB.US,60,20250221,170000,37.69,37.69,37.69,37.69,155,0
GSIB.US,60,20250221,190000,37.79,37.79,37.64,37.64,7511,0
GSIB.US,60,20250221,220000,37.24,37.24,37.24,37.24,616,0
GSIB.US,60,20250224,170000,37.19,37.19,37.19,37.19,100,0
GSIB.US,60,20250224,220000,37.22,37.29,37.22,37.24,1318,0
GSIB.US,60,20250225,170000,37.3799,37.4497,37.3799,37.4497,1400,0
GSIB.US,60,20250225,180000,37.4,37.4,37.4,37.4,100,0
GSIB.US,60,20250225,190000,37.48,37.48,37.48,37.48,2910,0
GSIB.US,60,20250225,200000,37.56,37.56,37.56,37.56,262,0
GSIB.US,60,20250225,210000,37.55,37.55,37.55,37.55,100,0
GSIB.US,60,20250225,220000,37.56,37.61,37.56,37.61,420,0
GSIB.US,60,20250226,170000,37.833,38.15,37.833,38.15,1381,0
GSIB.US,60,20250226,180000,38.1,38.1,38.055,38.055,1008,0
GSIB.US,60,20250226,190000,38.02,38.02,38.02,38.02,100,0
GSIB.US,60,20250226,200000,37.96,37.96,37.95,37.95,400,0
GSIB.US,60,20250226,210000,37.849,37.849,37.8,37.8,2711,0
GSIB.US,60,20250226,220000,37.83,37.9,37.8001,37.87,3031,0
GSIB.US,60,20250227,160000,37.67,37.83,37.67,37.67,1155,0
GSIB.US,60,20250227,170000,37.676,37.676,37.676,37.676,100,0
GSIB.US,60,20250227,200000,38.03,38.06,38.03,38.06,240,0
GSIB.US,60,20250227,210000,38.05,38.05,37.8099,37.8099,1363,0
GSIB.US,60,20250228,160000,37.79,37.79,37.79,37.79,235,0
GSIB.US,60,20250228,170000,37.9046,37.9046,37.863,37.863,200,0
GSIB.US,60,20250228,190000,37.91,37.95,37.91,37.95,501,0
GSIB.US,60,20250228,200000,37.7,37.7,37.7,37.7,200,0
GSIB.US,60,20250228,210000,37.7248,37.7248,37.7248,37.7248,133,0
GSIB.US,60,20250228,220000,37.8978,37.8978,37.8978,37.8978,200,0
GSIB.US,60,20250303,160000,38.5731,38.61,38.54,38.54,1855,0
GSIB.US,60,20250303,170000,38.504,38.5766,38.504,38.5766,300,0
GSIB.US,60,20250303,180000,38.58,38.58,38.51,38.51,700,0
GSIB.US,60,20250303,190000,38.51,38.51,38.51,38.51,500,0
GSIB.US,60,20250303,200000,38.37,38.37,38.37,38.37,140,0
GSIB.US,60,20250303,220000,37.9652,38.03,37.85,38.03,3683,0
GSIB.US,60,20250304,160000,37.1531,37.155,36.92,36.92,2137,0
GSIB.US,60,20250304,170000,37.03,37.03,36.77,36.87,1503,0
GSIB.US,60,20250304,180000,36.87,36.93,36.87,36.93,423,0
GSIB.US,60,20250304,190000,36.9,36.9712,36.9,36.9712,1400,0
GSIB.US,60,20250304,220000,37.4719,37.4719,37.4719,37.4719,405,0
GSIB.US,60,20250305,160000,38,38,38,38,484,0
GSIB.US,60,20250305,170000,38.01,38.2199,37.98,38.2199,954,0
GSIB.US,60,20250305,180000,38.03,38.1788,38,38.0699,4282,0
GSIB.US,60,20250305,190000,38.2004,38.2004,38.2004,38.2004,981,0
GSIB.US,60,20250305,200000,38.22,38.22,38.22,38.22,100,0
GSIB.US,60,20250305,210000,38.4699,38.47,38.4699,38.47,518,0
GSIB.US,60,20250306,160000,38.35,38.35,38.31,38.31,1169,0
GSIB.US,60,20250306,170000,38.496,38.496,38.47,38.47,200,0
GSIB.US,60,20250306,180000,38.4852,38.4852,38.4852,38.4852,1298,0
GSIB.US,60,20250306,200000,38.05,38.05,37.98,37.98,288,0
GSIB.US,60,20250306,210000,37.9577,37.9577,37.9577,37.9577,100,0
GSIB.US,60,20250306,220000,38.15,38.15,38.15,38.15,198,0
GSIB.US,60,20250307,180000,38.04,38.04,37.83,37.83,237,0
GSIB.US,60,20250307,200000,38.0792,38.0792,38.0792,38.0792,288,0
GSIB.US,60,20250307,210000,38.22,38.22,38.22,38.22,100,0
GSIB.US,60,20250310,150000,37.22,37.22,37.14,37.14,1800,0
GSIB.US,60,20250310,160000,37.19,37.19,36.9155,36.9155,431,0
GSIB.US,60,20250310,170000,37.04,37.06,37.01,37.06,1263,0
GSIB.US,60,20250310,180000,37.09,37.09,37,37,200,0
GSIB.US,60,20250310,190000,36.8112,36.8112,36.8112,36.8112,224,0
GSIB.US,60,20250310,210000,36.48,36.8175,36.48,36.79,1005,0
GSIB.US,60,20250311,160000,36.6864,36.6864,36.49,36.49,800,0
GSIB.US,60,20250311,190000,36.4977,36.4977,36.4977,36.4977,200,0
GSIB.US,60,20250311,200000,36.97,36.97,36.9399,36.9399,1622,0
GSIB.US,60,20250311,210000,36.8,36.81,36.8,36.81,500,0
GSIB.US,60,20250312,150000,37.11,37.11,37.1099,37.1099,1616,0
GSIB.US,60,20250312,160000,36.99,36.99,36.99,36.99,145,0
GSIB.US,60,20250312,170000,36.95,36.955,36.95,36.95,314,0
GSIB.US,60,20250312,180000,37.12,37.12,37.12,37.12,324,0
GSIB.US,60,20250312,210000,37.1747,37.1747,37.0796,37.0796,4026,0
GSIB.US,60,20250313,160000,37.17,37.2169,37.17,37.2169,234,0
GSIB.US,60,20250313,200000,36.94,36.95,36.87,36.87,1400,0
GSIB.US,60,20250314,160000,37.655,37.77,37.655,37.77,300,0
GSIB.US,60,20250314,170000,37.86,37.86,37.8599,37.8599,1000,0
GSIB.US,60,20250314,210000,37.9,37.9,37.89,37.89,200,0
GSIB.US,60,20250317,150000,38.12,38.12,38.12,38.12,100,0
GSIB.US,60,20250317,170000,38.3078,38.3078,38.3078,38.3078,652,0
GSIB.US,60,20250317,190000,38.3499,38.3499,38.3499,38.3499,100,0
GSIB.US,60,20250317,200000,38.34,38.34,38.34,38.34,200,0
GSIB.US,60,20250318,160000,38.6981,38.74,38.6439,38.74,2286,0
GSIB.US,60,20250318,170000,38.74,38.75,38.74,38.75,293,0
GSIB.US,60,20250318,180000,38.8448,38.86,38.75,38.75,6833,0
GSIB.US,60,20250318,190000,38.7502,38.8495,38.7502,38.8396,1104,0
GSIB.US,60,20250318,200000,38.795,38.8099,38.795,38.8099,790,0
GSIB.US,60,20250318,210000,38.8439,38.8439,38.8439,38.8439,128,0
GSIB.US,60,20250319,150000,38.62,38.62,38.62,38.62,100,0
GSIB.US,60,20250319,180000,38.9087,38.91,38.9087,38.91,200,0
GSIB.US,60,20250319,190000,38.86,38.86,38.86,38.86,100,0
GSIB.US,60,20250319,210000,39.11,39.11,39.11,39.11,100,0
GSIB.US,60,20250320,170000,38.66,38.702,38.66,38.702,200,0
GSIB.US,60,20250320,190000,38.58,38.62,38.58,38.61,2700,0
GSIB.US,60,20250320,200000,38.62,38.62,38.62,38.62,100,0
GSIB.US,60,20250321,150000,38.555,38.555,38.555,38.555,100,0
GSIB.US,60,20250321,160000,38.545,38.545,38.545,38.545,100,0
GSIB.US,60,20250321,180000,38.73,38.73,38.73,38.73,115,0
GSIB.US,60,20250321,190000,38.76,38.82,38.76,38.82,200,0
GSIB.US,60,20250321,200000,38.78,38.78,38.78,38.78,100,0
GSIB.US,60,20250321,210000,38.7093,38.8,38.7093,38.8,270,0
GSIB.US,60,20250324,180000,39.08,39.08,39.08,39.08,100,0
GSIB.US,60,20250324,200000,39.07,39.07,39.07,39.07,100,0
GSIB.US,60,20250325,160000,39.38362,39.44,39.3575,39.3575,1932,0
GSIB.US,60,20250325,170000,39.42,39.44,39.3764,39.385,3400,0
GSIB.US,60,20250326,150000,39.32,39.32,39.32,39.32,100,0
GSIB.US,60,20250326,160000,39.3945,39.3945,39.3945,39.3945,180,0
GSIB.US,60,20250326,170000,39.31,39.31,39.27,39.27,400,0
GSIB.US,60,20250326,190000,39.12,39.125,39.08,39.08,1909,0
GSIB.US,60,20250326,200000,38.9807,38.9807,38.89,38.89,3200,0
GSIB.US,60,20250327,150000,39.05,39.05,38.61,38.67,2831,0
GSIB.US,60,20250327,160000,38.72,38.82,38.72,38.8199,400,0
GSIB.US,60,20250327,170000,38.806,38.806,38.75,38.765,450,0
GSIB.US,60,20250327,180000,38.85,38.85,38.8499,38.8499,200,0
GSIB.US,60,20250327,190000,38.66,38.66,38.66,38.66,100,0
GSIB.US,60,20250327,200000,38.7,38.7,38.7,38.7,100,0
GSIB.US,60,20250328,150000,38.45,38.45,38.2,38.2,924,0
GSIB.US,60,20250328,160000,38.08,38.08,37.985,38.07,925,0
GSIB.US,60,20250328,170000,37.92,37.92,37.92,37.92,100,0
GSIB.US,60,20250328,180000,37.96,37.96,37.96,37.96,121,0
GSIB.US,60,20250328,190000,37.92,37.9201,37.92,37.92,767,0
GSIB.US,60,20250328,200000,37.895,37.895,37.895,37.895,115,0
GSIB.US,60,20250328,210000,37.9416,37.945,37.81,37.945,9826,0
GSIB.US,60,20250331,160000,37.11,37.29,34.17,37.27,4383,0
GSIB.US,60,20250331,170000,37.42005,37.5,37.402,37.44,1668,0
GSIB.US,60,20250331,180000,37.49,37.5,37.49,37.5,5048,0
GSIB.US,60,20250331,190000,37.57,37.6739,37.57,37.6739,260,0
GSIB.US,60,20250331,220000,37.87,37.87,37.87,37.87,200,0
GSIB.US,60,20250401,190000,37.79,37.79,37.75,37.75,200,0
GSIB.US,60,20250402,170000,37.67,37.67,37.67,37.67,100,0
GSIB.US,60,20250402,190000,37.99,37.9901,37.99,37.9901,212,0
GSIB.US,60,20250402,200000,38.08,38.08,38.08,38.08,100,0
GSIB.US,60,20250402,220000,37.9135,37.981,37.9135,37.98,761,0
GSIB.US,60,20250403,160000,38,38,38,38,200,0
GSIB.US,60,20250403,170000,36.08,36.08,36.08,36.08,100,0
GSIB.US,60,20250403,180000,36.12,36.12,36.12,36.12,200,0
GSIB.US,60,20250403,210000,36.03,36.03,36.03,36.03,280,0
GSIB.US,60,20250403,220000,35.83,35.89,35.77,35.8599,4970,0
GSIB.US,60,20250404,160000,33.89,33.89,33.89,33.89,195,0
GSIB.US,60,20250404,170000,33.77,33.77,33,33,2753,0
GSIB.US,60,20250404,180000,33.41,33.41,33.27,33.27,888,0
GSIB.US,60,20250404,190000,33.46,33.46,33.09,33.335,2300,0
GSIB.US,60,20250404,200000,33.23,33.37,33,33.29,2098,0
GSIB.US,60,20250404,220000,33.03,33.03,33.03,33.03,4209,0
GSIB.US,60,20250407,170000,33.1,33.1001,32.5072,32.5072,1058,0
GSIB.US,60,20250407,190000,32.139,32.139,32.139,32.139,100,0
GSIB.US,60,20250407,210000,32.9313,32.9313,32.88,32.88,1900,0
GSIB.US,60,20250408,170000,33.6,33.6,33.51,33.51,4512,0
GSIB.US,60,20250408,220000,32.3,32.3,31.89,31.89,1737,0
GSIB.US,60,20250409,160000,32.4777,32.525,32.4777,32.525,2000,0
GSIB.US,60,20250409,190000,32.02,32.15,32.02,32.115,750,0
GSIB.US,60,20250409,200000,32.25,38.06,32.25,34.56,1812,0
GSIB.US,60,20250409,210000,34.89,34.89,34.79,34.79,5373,0
GSIB.US,60,20250410,170000,34.13,34.1376,34.13,34.1376,623,0
GSIB.US,60,20250410,180000,33.84,33.84,33.58,33.58,5024,0
GSIB.US,60,20250410,190000,33.46,33.46,33.4,33.4,1699,0
GSIB.US,60,20250410,200000,33.56,33.97,33.56,33.78,3141,0
GSIB.US,60,20250410,220000,33.65,33.81,33.57,33.78,2854,0
GSIB.US,60,20250411,170000,34.32,34.32,34.3199,34.3199,1940,0
GSIB.US,60,20250415,180000,35.96,35.96,35.96,35.96,100,0
GSIB.US,60,20250415,200000,35.8716,35.8716,35.8716,35.8716,224,0
GSIB.US,60,20250416,160000,35.63,35.63,35.63,35.63,100,0
GSIB.US,60,20250416,210000,35.261,35.2616,35.261,35.2616,600,0
GSIB.US,60,20250417,170000,35.62,35.62,35.62,35.62,100,0
GSIB.US,60,20250417,180000,35.95,35.95,35.91,35.91,200,0
GSIB.US,60,20250417,190000,36.08,36.08,36.08,36.08,100,0
GSIB.US,60,20250417,220000,35.78,35.78,35.78,35.78,139,0
GSIB.US,60,20250422,160000,35.97,36.27,35.68,36.27,1700,0
GSIB.US,60,20250422,170000,36.23,36.23,36.23,36.23,100,0
GSIB.US,60,20250422,180000,36.361,36.361,36.361,36.361,1380,0
GSIB.US,60,20250423,160000,37,37.588,37,37.588,477,0
GSIB.US,60,20250423,180000,37.33,37.33,37.33,37.33,500,0
GSIB.US,60,20250423,220000,37.1799,37.1799,37.1799,37.1799,135,0
GSIB.US,60,20250424,170000,37.337,37.337,37.26,37.26,850,0
GSIB.US,60,20250424,210000,37.5999,37.5999,37.5999,37.5999,133,0
GSIB.US,60,20250425,160000,37.69,37.69,37.45,37.45,400,0
GSIB.US,60,20250425,220000,37.66,37.66,37.66,37.66,181,0
GSIB.US,60,20250428,180000,37.95,37.95,37.95,37.95,500,0
GSIB.US,60,20250428,210000,37.8704,37.8704,37.8704,37.8704,500,0
GSIB.US,60,20250428,220000,37.88,37.88,37.88,37.88,500,0
GSIB.US,60,20250429,160000,38.011,38.03,38,38.03,2635,0
GSIB.US,60,20250429,180000,38.22,38.22,38.17,38.17,200,0
GSIB.US,60,20250429,200000,38.4,38.42,38.4,38.42,625,0
GSIB.US,60,20250430,170000,37.5374,37.5374,37.42,37.485,1184,0
GSIB.US,60,20250430,220000,37.63,37.735,37.63,37.723,3800,0
GSIB.US,60,20250501,160000,38.25,38.25,37.78,37.78,395,0
GSIB.US,60,20250502,180000,38.48,38.515,38.48,38.515,1459,0
GSIB.US,60,20250502,200000,38.62,38.62,38.545,38.6185,5169,0
GSIB.US,60,20250502,210000,38.58,38.58,38.58,38.58,100,0
GSIB.US,60,20250502,220000,38.55,38.63,38.535,38.63,976,0
GSIB.US,60,20250505,160000,38.47,38.47,38.47,38.47,100,0
GSIB.US,60,20250505,180000,38.75,38.79,38.75,38.79,200,0
GSIB.US,60,20250505,190000,38.78,38.78,38.78,38.78,100,0
GSIB.US,60,20250505,210000,38.79,38.79,38.75,38.75,200,0
GSIB.US,60,20250505,220000,38.7,38.7,38.626,38.626,617,0
GSIB.US,60,20250506,170000,38.43,38.43,38.43,38.43,100,0
GSIB.US,60,20250506,180000,38.54,38.57,38.54,38.57,793,0
GSIB.US,60,20250506,190000,38.455,38.455,38.455,38.455,100,0
GSIB.US,60,20250507,160000,38.37,38.37,38.37,38.37,100,0
GSIB.US,60,20250507,170000,38.51,38.51,38.4436,38.4436,400,0
GSIB.US,60,20250507,180000,38.505,38.505,38.505,38.505,772,0
GSIB.US,60,20250507,200000,38.4722,38.4722,38.4722,38.4722,300,0
GSIB.US,60,20250508,170000,38.77,38.77,38.58,38.75,936,0
GSIB.US,60,20250508,180000,38.8236,38.8236,38.8236,38.8236,200,0
GSIB.US,60,20250508,190000,38.87,38.8701,38.87,38.8701,300,0
GSIB.US,60,20250508,210000,38.95,38.96,38.82,38.82,1300,0
GSIB.US,60,20250508,220000,38.92,38.92,38.9,38.9,233,0
GSIB.US,60,20250509,160000,39.21,39.21,39.21,39.21,238,0
GSIB.US,60,20250509,170000,39.1599,39.1599,39.1599,39.1599,150,0
GSIB.US,60,20250509,190000,39.0379,39.0379,39.0379,39.0379,300,0
GSIB.US,60,20250512,210000,38.97,39.84,38.97,39.8292,808,0
GSIB.US,60,20250513,160000,40.049,40.049,39.955,39.955,500,0
GSIB.US,60,20250513,190000,40.235,40.235,40.235,40.235,110,0
GSIB.US,60,20250513,200000,40.3293,40.3293,40.3293,40.3293,300,0
GSIB.US,60,20250513,210000,40.22,40.32,40.22,40.32,200,0
GSIB.US,60,20250514,160000,40.49,40.49,40.42,40.42,900,0
GSIB.US,60,20250514,170000,40.53,40.56,40.45,40.55,2316,0
GSIB.US,60,20250514,190000,40.55,40.55,40.55,40.55,200,0
GSIB.US,60,20250514,210000,40.59,40.59,40.59,40.59,100,0
GSIB.US,60,20250514,220000,40.575,40.575,40.575,40.575,250,0
GSIB.US,60,20250515,160000,41.02,41.02,41.02,41.02,506,0
GSIB.US,60,20250515,200000,40.71,40.74,40.71,40.7197,5122,0
GSIB.US,60,20250515,210000,40.82,40.82,40.8199,40.8199,1224,0
GSIB.US,60,20250515,220000,40.75,40.75,40.75,40.75,100,0
GSIB.US,60,20250516,180000,40.64,40.64,40.64,40.64,100,0
GSIB.US,60,20250516,190000,40.665,40.665,40.665,40.665,150,0
GSIB.US,60,20250516,220000,40.73,40.73,40.73,40.73,100,0
GSIB.US,60,20250519,180000,40.83,40.89,40.73,40.73,1486,0
GSIB.US,60,20250519,210000,40.89,40.9612,40.89,40.9612,322,0
GSIB.US,60,20250519,220000,40.96,40.96,40.96,40.96,300,0
GSIB.US,60,20250520,180000,40.98,40.98,40.98,40.98,128,0
GSIB.US,60,20250520,200000,40.9701,41.0785,40.9701,41.0785,362,0
GSIB.US,60,20250520,220000,41.0699,41.0699,41.0699,41.0699,100,0
GSIB.US,60,20250521,160000,41.11,41.11,41.11,41.11,200,0
GSIB.US,60,20250521,170000,41.095,41.095,41.095,41.095,300,0
GSIB.US,60,20250521,180000,41.06,41.0654,41.06,41.0654,244,0
GSIB.US,60,20250521,200000,41.05,41.06,41,41,1196,0
GSIB.US,60,20250522,160000,40.659,40.66,40.659,40.66,368,0
GSIB.US,60,20250522,220000,41.0088,41.0088,40.86,40.86,336,0
GSIB.US,60,20250523,200000,40.8,40.8,40.745,40.745,1418,0
GSIB.US,60,20250523,220000,40.73,40.78,40.7299,40.7799,12400,0
GSIB.US,60,20250527,160000,40.9952,40.9952,40.9952,40.9952,350,0
GSIB.US,60,20250527,170000,41.2088,41.2088,41.1395,41.1395,663,0
GSIB.US,60,20250527,180000,41.09,41.19,41.09,41.19,270,0
GSIB.US,60,20250527,190000,41.22,41.22,41.1,41.185,800,0
GSIB.US,60,20250527,210000,41.25,41.25,41.2499,41.2499,484,0
GSIB.US,60,20250527,220000,41.27,41.27,41.16,41.16,242,0
GSIB.US,60,20250528,170000,40.91,40.91,40.84,40.84,495,0
GSIB.US,60,20250528,180000,40.82,40.82,40.72,40.7201,1536,0
GSIB.US,60,20250528,220000,40.9,40.9,40.78,40.78,594,0
GSIB.US,60,20250529,160000,40.825,40.825,40.825,40.825,200,0
GSIB.US,60,20250529,170000,40.828,40.85,40.828,40.85,1200,0
GSIB.US,60,20250529,200000,40.85,40.85,40.85,40.85,208,0
GSIB.US,60,20250529,220000,40.889,40.889,40.889,40.889,171,0
GSIB.US,60,20250530,170000,40.8205,40.8205,40.8205,40.8205,186,0
GSIB.US,60,20250530,180000,40.89,40.89,40.89,40.89,100,0
GSIB.US,60,20250530,210000,40.94,40.94,40.94,40.94,108,0
GSIB.US,60,20250602,160000,40.91,40.91,40.66,40.66,1332,0
GSIB.US,60,20250602,170000,40.8685,40.8685,40.8685,40.8685,174,0
GSIB.US,60,20250602,200000,41.0099,41.01,40.91,40.91,585,0
GSIB.US,60,20250603,170000,40.99,41.1201,40.99,41.1201,800,0
GSIB.US,60,20250603,180000,41.27,41.3104,41.235,41.3104,408,0
GSIB.US,60,20250603,190000,41.3,41.3,41.3,41.3,200,0
GSIB.US,60,20250603,200000,41.315,41.315,41.315,41.315,120,0
GSIB.US,60,20250603,220000,41.34,41.34,41.25,41.25,200,0
GSIB.US,60,20250604,160000,41.3399,41.3399,41.3399,41.3399,100,0
GSIB.US,60,20250604,170000,41.29,41.29,41.29,41.29,1399,0
GSIB.US,60,20250604,190000,41.22,41.22,41.22,41.22,525,0
GSIB.US,60,20250604,200000,41.3054,41.3054,41.28,41.28,584,0
GSIB.US,60,20250604,210000,41.2899,41.2899,41.285,41.285,297,0
GSIB.US,60,20250606,170000,41.2399,41.7545,41.2399,41.7545,600,0
GSIB.US,60,20250606,190000,41.7,41.789,41.7,41.789,260,0
GSIB.US,60,20250606,200000,41.72,41.72,41.72,41.72,365,0
GSIB.US,60,20250609,160000,41.91,41.91,41.835,41.835,238,0
GSIB.US,60,20250609,170000,41.852,41.8791,41.8354,41.8791,2078,0
GSIB.US,60,20250609,180000,41.8324,41.92,41.8324,41.92,7561,0
GSIB.US,60,20250609,190000,41.9,41.91,41.89,41.89,300,0
GSIB.US,60,20250609,200000,41.8968,41.8968,41.87,41.87,900,0
GSIB.US,60,20250610,170000,41.81,41.81,41.77,41.77,200,0
GSIB.US,60,20250610,190000,41.6155,41.7,41.6155,41.7,542,0
GSIB.US,60,20250611,170000,41.94,41.94,41.82,41.9,909,0
GSIB.US,60,20250611,180000,41.8525,41.8525,41.8525,41.8525,238,0
GSIB.US,60,20250611,210000,41.86,41.86,41.8,41.8,700,0
GSIB.US,60,20250612,170000,41.93,42.03,41.85,41.99,1200,0
GSIB.US,60,20250612,180000,41.93,41.96,41.93,41.96,203,0
GSIB.US,60,20250612,190000,41.97,41.97,41.96,41.96,238,0
GSIB.US,60,20250612,200000,41.97,41.97,41.97,41.97,103,0
GSIB.US,60,20250612,220000,42.01,42.01,41.95,41.95,390,0
GSIB.US,60,20250613,160000,45.3799,45.3799,41.2,41.2,1100,0
GSIB.US,60,20250613,170000,41.22,41.31,41.22,41.31,200,0
GSIB.US,60,20250613,180000,41.4607,41.4607,41.4607,41.4607,480,0
GSIB.US,60,20250613,210000,41.39,41.39,41.24,41.3,10052,0
GSIB.US,60,20250616,160000,41.3,41.86,41.3,41.86,625,0
GSIB.US,60,20250616,170000,42.13,42.1302,42.13,42.1302,968,0
GSIB.US,60,20250616,190000,42.2052,42.24,42.2052,42.24,6408,0
GSIB.US,60,20250616,200000,42.19,42.19,42.1895,42.1895,2730,0
GSIB.US,60,20250616,220000,42.1202,42.1202,42.0473,42.0473,1500,0
GSIB.US,60,20250617,160000,42.02,42.02,41.6545,41.6545,826,0
GSIB.US,60,20250617,170000,41.6,41.6,41.6,41.6,100,0
GSIB.US,60,20250617,180000,41.62,41.62,41.5462,41.5599,2316,0
GSIB.US,60,20250617,190000,41.4601,41.64,41.4601,41.5241,2158,0
GSIB.US,60,20250617,210000,41.39,41.39,41.28,41.28,300,0
GSIB.US,60,20250618,170000,41.751,41.751,41.751,41.751,200,0
GSIB.US,60,20250618,180000,41.75,41.7501,41.75,41.7501,300,0
GSIB.US,60,20250618,200000,41.71,41.71,41.71,41.71,300,0
GSIB.US,60,20250618,220000,41.725,41.79,41.725,41.79,3700,0
GSIB.US,60,20250620,160000,41.705,41.705,41.705,41.705,250,0
GSIB.US,60,20250620,180000,41.8599,41.8599,41.8599,41.8599,100,0
GSIB.US,60,20250620,200000,41.71,41.71,41.7,41.7,900,0
GSIB.US,60,20250620,210000,41.7,41.7,41.7,41.7,146,0
GSIB.US,60,20250623,160000,41.61,41.61,41.61,41.61,2439,0
GSIB.US,60,20250623,170000,42.317,42.317,41.57,41.62,39434,0
GSIB.US,60,20250623,180000,41.705,41.705,41.64,41.64,12416,0
GSIB.US,60,20250623,190000,41.64,41.64,41.64,41.64,100,0
GSIB.US,60,20250623,200000,41.81,41.81,41.81,41.81,100,0
GSIB.US,60,20250623,210000,41.61,41.7775,41.61,41.7775,1723,0
GSIB.US,60,20250623,220000,41.91,41.99,41.91,41.99,435,0
GSIB.US,60,20250624,160000,42.6105,42.7152,42.6105,42.7152,1050,0
GSIB.US,60,20250624,170000,42.799,42.915,42.79,42.91,7496,0
GSIB.US,60,20250624,180000,42.9,42.9897,42.835,42.93,2109,0
GSIB.US,60,20250624,200000,43,43,42.9084,42.9084,699,0
GSIB.US,60,20250624,210000,42.9691,42.97,42.967,42.967,616,0
GSIB.US,60,20250624,220000,42.94,42.96,42.94,42.96,400,0
GSIB.US,60,20250625,160000,42.05,42.05,42.05,42.05,731,0
GSIB.US,60,20250625,170000,42.7495,42.76,42.7495,42.76,515,0
GSIB.US,60,20250625,180000,42.76,42.76,42.76,42.76,100,0
GSIB.US,60,20250625,200000,42.9,42.91,42.9,42.91,500,0
GSIB.US,60,20250625,210000,42.9,42.9,42.9,42.9,200,0
GSIB.US,60,20250625,220000,42.8605,42.8605,42.8544,42.8544,364,0
GSIB.US,60,20250626,160000,43.18,43.18,43.03,43.03,784,0
GSIB.US,60,20250626,170000,43.2683,43.27,43.22,43.23,2317,0
GSIB.US,60,20250626,180000,43.36,43.36,43.3,43.33,2200,0
GSIB.US,60,20250626,190000,43.33,43.37,43.33,43.37,900,0
GSIB.US,60,20250626,200000,43.41,43.44,43.38,43.38,2500,0
GSIB.US,60,20250626,210000,43.39,43.39,43.39,43.39,100,0
GSIB.US,60,20250626,220000,43.39,43.42,43.38,43.39,42315,0
GSIB.US,60,20250627,160000,43.95,43.95,43.5,43.5,999,0
GSIB.US,60,20250627,170000,43.51,43.53,43.2401,43.53,10730,0
GSIB.US,60,20250627,180000,43.53,43.6699,43.5,43.6699,2021,0
GSIB.US,60,20250627,200000,43.57,43.57,43.4245,43.4245,1498,0
GSIB.US,60,20250627,210000,43.48,43.48,43.376,43.376,200,0
GSIB.US,60,20250627,220000,43.41,43.455,43.41,43.455,600,0
GSIB.US,60,20250630,160000,43.4599,43.4599,43.15,43.2299,3054,0
GSIB.US,60,20250630,170000,43.4,43.4,43.4,43.4,2456,0
GSIB.US,60,20250630,180000,43.4699,43.47,43.4699,43.47,915,0
GSIB.US,60,20250630,190000,43.49,43.49,43.4838,43.49,700,0
GSIB.US,60,20250630,200000,43.49,43.49,43.38,43.38,538,0
GSIB.US,60,20250630,210000,43.42,43.42,43.42,43.42,600,0
GSIB.US,60,20250630,220000,43.385,43.48,43.385,43.48,430,0
GSIB.US,60,20250701,160000,43.43,43.43,43.43,43.43,1099,0
GSIB.US,60,20250701,170000,43.34,43.45,43.34,43.3599,3190,0
GSIB.US,60,20250701,180000,43.36,43.36,43.29,43.29,300,0
GSIB.US,60,20250701,200000,43.4585,43.4585,43.4585,43.4585,334,0
GSIB.US,60,20250701,210000,43.5,43.5467,43.41,43.5467,12559,0
GSIB.US,60,20250701,220000,43.4599,43.4599,43.4599,43.4599,170,0
GSIB.US,60,20250702,160000,44.41,44.41,43.54,43.6,1191,0
GSIB.US,60,20250702,170000,43.62,43.66,43.5,43.595,3200,0
GSIB.US,60,20250702,180000,43.78,43.9,43.78,43.84,3951,0
GSIB.US,60,20250702,190000,43.82,43.82,43.82,43.82,100,0
GSIB.US,60,20250702,200000,43.82,43.82,43.7955,43.7955,2380,0
GSIB.US,60,20250702,210000,43.81,43.8885,43.75,43.8885,1081,0
GSIB.US,60,20250702,220000,43.87,43.92,43.87,43.92,300,0
GSIB.US,60,20250703,160000,43.87,43.87,43.87,43.87,116,0
GSIB.US,60,20250703,170000,44.18,44.22,44.11,44.11,8137,0
GSIB.US,60,20250703,180000,44.1702,44.18,44.1125,44.1125,1016,0
GSIB.US,60,20250703,190000,44.17,44.17,44.17,44.17,100,0
GSIB.US,60,20250707,160000,44.54,44.54,44.2,44.2,482,0
GSIB.US,60,20250707,170000,44.19,44.19,44.07,44.07,414,0
GSIB.US,60,20250707,180000,44.0301,44.035,44.03,44.03,450,0
GSIB.US,60,20250707,190000,44.05,44.05,43.8,43.8,3400,0
GSIB.US,60,20250707,210000,43.81,43.81,43.6313,43.6313,281,0
GSIB.US,60,20250708,160000,44.0999,44.1,43.8888,43.8888,754,0
GSIB.US,60,20250708,170000,43.84,43.84,43.7099,43.7099,18890,0
GSIB.US,60,20250708,180000,43.73,43.73,43.73,43.73,100,0
GSIB.US,60,20250708,190000,43.83,43.9,43.83,43.83,1748,0
GSIB.US,60,20250708,210000,43.94,43.96,43.93,43.93,5847,0
GSIB.US,60,20250708,220000,43.89,43.95,43.87,43.9,4011,0
GSIB.US,60,20250709,170000,44.08,44.15,44.07,44.07,600,0
GSIB.US,60,20250709,180000,44.1,44.1,44.1,44.1,251,0
GSIB.US,60,20250709,190000,44.14,44.15,44.04,44.04,2123,0
GSIB.US,60,20250709,200000,44.21,44.21,44.1198,44.17,2820,0
GSIB.US,60,20250709,210000,44.13,44.13,44.12,44.12,700,0
GSIB.US,60,20250709,220000,44.15,44.1999,44.09,44.1858,602,0
GSIB.US,60,20250710,170000,44.38,44.38,44.34,44.35,1100,0
GSIB.US,60,20250710,180000,44.3451,44.37,44.34,44.37,310,0
GSIB.US,60,20250710,190000,44.2936,44.37,44.2936,44.37,250,0
GSIB.US,60,20250710,200000,44.3402,44.3402,44.3402,44.3402,676,0
GSIB.US,60,20250710,210000,44.39,44.39,44.37,44.38,3104,0
GSIB.US,60,20250710,220000,44.3488,44.4,44.21,44.38,11555,0
GSIB.US,60,20250711,190000,43.95,43.97,43.95,43.97,400,0
GSIB.US,60,20250711,200000,44.03,44.03,44.03,44.03,100,0
GSIB.US,60,20250711,210000,44.0005,44.015,43.9119,44.015,1225,0
GSIB.US,60,20250711,220000,43.995,44.04,43.99,44.01,1040,0
GSIB.US,60,20250714,160000,44.02,44.02,44.02,44.02,212,0
GSIB.US,60,20250714,170000,44,44,43.9,43.97,3589,0
GSIB.US,60,20250714,200000,44.24,44.27,44.23,44.24,2498,0
GSIB.US,60,20250714,220000,44.17,44.24,44.17,44.24,551,0
GSIB.US,60,20250715,160000,44.18,44.18,43.9,43.9001,411,0
GSIB.US,60,20250715,170000,43.87,43.93,43.79,43.79,17498,0
GSIB.US,60,20250715,180000,43.73,43.79,43.72,43.73,13624,0
GSIB.US,60,20250715,190000,43.7611,43.7611,43.74,43.74,355,0
GSIB.US,60,20250715,200000,43.74,43.77,43.72,43.7263,1747,0
GSIB.US,60,20250715,210000,43.745,43.745,43.745,43.745,136,0
GSIB.US,60,20250715,220000,43.68,43.764,43.68,43.68,900,0
GSIB.US,60,20250716,160000,44.01,44.01,43.645,43.645,1200,0
GSIB.US,60,20250716,170000,43.64,43.68,43.64,43.67,300,0
GSIB.US,60,20250716,180000,43.68,43.68,43.68,43.68,100,0
GSIB.US,60,20250716,190000,43.8,43.8,43.8,43.8,115,0
GSIB.US,60,20250716,200000,43.7499,43.89,43.72,43.795,17848,0
GSIB.US,60,20250716,220000,43.97,43.97,43.97,43.97,137,0
GSIB.US,60,20250717,160000,43.865,43.865,43.865,43.865,200,0
GSIB.US,60,20250717,170000,43.93,43.99,43.93,43.99,265,0
GSIB.US,60,20250717,180000,44.03,44.15,44.03,44.1499,2000,0
GSIB.US,60,20250717,190000,44.03,44.14,44.03,44.1,900,0
GSIB.US,60,20250717,200000,44.0635,44.0635,44.0635,44.0635,502,0
GSIB.US,60,20250717,210000,44.0531,44.08,44.0531,44.08,767,0
GSIB.US,60,20250717,220000,44.2599,44.26,44.13,44.22,1738,0
GSIB.US,60,20250718,160000,44.36,44.36,44.2,44.2,904,0
GSIB.US,60,20250718,190000,44.3005,44.33,44.3005,44.33,584,0
GSIB.US,60,20250718,200000,44.3231,44.3231,44.315,44.32,2017,0
GSIB.US,60,20250718,220000,44.26,44.3,44.26,44.3,1205,0
GSIB.US,60,20250721,160000,44.21,44.21,44,44,1500,0
GSIB.US,60,20250721,170000,44.55,44.55,44.4022,44.44,500,0
GSIB.US,60,20250721,190000,44.62,44.65,44.62,44.64,1264,0
GSIB.US,60,20250721,210000,44.5637,44.64,44.5,44.64,1079,0
GSIB.US,60,20250722,170000,44.4,44.47,44.39,44.42,2060,0
GSIB.US,60,20250722,190000,44.64,44.64,44.6399,44.6399,200,0
GSIB.US,60,20250722,200000,44.5685,44.5685,44.5685,44.5685,100,0
GSIB.US,60,20250722,210000,44.6489,44.6489,44.6489,44.6489,136,0
GSIB.US,60,20250723,170000,45.21,45.21,45.04,45.04,217,0
GSIB.US,60,20250723,190000,45.47,45.53,45.47,45.4825,4550,0
GSIB.US,60,20250723,200000,45.5,45.5,45.5,45.5,100,0
GSIB.US,60,20250723,220000,45.6573,45.6573,45.6573,45.6573,220,0
GSIB.US,60,20250724,160000,46.06,46.06,45.92,45.92,504,0
GSIB.US,60,20250724,170000,45.95,45.95,45.95,45.95,100,0
GSIB.US,60,20250724,180000,46,46.12,45.97,46.06,2394,0
GSIB.US,60,20250724,190000,45.9465,45.955,45.9465,45.955,477,0
GSIB.US,60,20250724,210000,45.9,45.92,45.9,45.92,500,0
GSIB.US,60,20250724,220000,45.9,45.9,45.9,45.9,200,0
GSIB.US,60,20250725,160000,45.56,45.56,45.56,45.56,300,0
GSIB.US,60,20250725,170000,45.5907,45.74,45.59,45.74,1200,0
GSIB.US,60,20250725,190000,45.6999,45.6999,45.62,45.62,428,0
GSIB.US,60,20250725,200000,45.78,45.78,45.6434,45.6434,1900,0
GSIB.US,60,20250725,210000,45.81,45.84,45.81,45.84,1100,0
GSIB.US,60,20250725,220000,45.84,45.8407,45.84,45.8407,950,0
GSIB.US,60,20250728,160000,45.64,45.64,45.39,45.44,794,0
GSIB.US,60,20250728,170000,45.33,45.33,45.27,45.27,1630,0
GSIB.US,60,20250728,180000,45.198,45.24,45.198,45.24,210,0
GSIB.US,60,20250728,190000,45.1558,45.1558,45.1558,45.1558,200,0
GSIB.US,60,20250728,220000,45.13,45.13,45.11,45.11,440,0
GSIB.US,60,20250729,170000,45.2512,45.2512,45.2512,45.2512,100,0
GSIB.US,60,20250729,180000,45.24,45.355,45.24,45.355,482,0
GSIB.US,60,20250729,190000,45.2721,45.2721,45.2721,45.2721,100,0
GSIB.US,60,20250729,200000,45.34,45.37,45.28,45.28,630,0
GSIB.US,60,20250729,210000,45.28,45.28,45.27,45.27,200,0
GSIB.US,60,20250730,170000,45.18,45.25,45.18,45.2293,1628,0
GSIB.US,60,20250730,180000,45.2488,45.2488,45.2488,45.2488,259,0
GSIB.US,60,20250730,190000,45.3365,45.3365,45.3365,45.3365,553,0
GSIB.US,60,20250730,200000,45.2205,45.2205,45.2205,45.2205,404,0
GSIB.US,60,20250730,210000,45.48,45.48,45.48,45.48,100,0
GSIB.US,60,20250730,220000,45.0687,45.12,44.98,44.98,310,0
GSIB.US,60,20250731,170000,45.1,45.1,44.99,44.99,800,0
GSIB.US,60,20250731,180000,44.8635,44.93,44.84,44.93,1145,0
GSIB.US,60,20250731,200000,44.94,44.94,44.8,44.8,2379,0
GSIB.US,60,20250731,220000,44.9085,44.9184,44.9085,44.9184,822,0
GSIB.US,60,20250801,160000,43.657,43.7805,43.63,43.7805,2030,0
GSIB.US,60,20250801,170000,43.61,44.14,43.61,44.105,15736,0
GSIB.US,60,20250801,180000,44.05,44.09,44.04,44.04,541,0
GSIB.US,60,20250801,190000,44.165,44.23,44.1107,44.1107,1334,0
GSIB.US,60,20250801,210000,44.03,44.0509,43.951,43.951,1100,0
GSIB.US,60,20250804,160000,43.95,43.95,43.95,43.95,134,0
GSIB.US,60,20250804,180000,44.6219,44.6219,44.6219,44.6219,900,0
GSIB.US,60,20250804,200000,44.575,44.59,44.575,44.59,971,0
GSIB.US,60,20250804,210000,44.57,44.57,44.57,44.57,100,0
GSIB.US,60,20250804,220000,44.73,44.734,44.73,44.734,229,0
GSIB.US,60,20250805,170000,44.92,44.92,44.5959,44.5959,1586,0
GSIB.US,60,20250805,200000,44.885,44.885,44.885,44.885,155,0
GSIB.US,60,20250805,220000,44.85,44.855,44.85,44.855,658,0
GSIB.US,60,20250806,160000,45,45.1399,45,45.1399,396,0
GSIB.US,60,20250806,180000,45.13,45.135,45.13,45.135,900,0
GSIB.US,60,20250806,190000,45.17,45.1702,45.17,45.1702,398,0
GSIB.US,60,20250806,200000,45.21,45.21,45.2,45.21,798,0
GSIB.US,60,20250806,220000,45.26,45.26,45.26,45.26,217,0
GSIB.US,60,20250807,160000,46.2,46.2,45.82,45.82,1050,0
GSIB.US,60,20250807,170000,45.4852,45.4978,45.4531,45.4978,1319,0
GSIB.US,60,20250807,180000,45.4806,45.4806,45.4806,45.4806,100,0
GSIB.US,60,20250807,190000,45.4407,45.4407,45.43,45.43,1374,0
GSIB.US,60,20250807,210000,45.4182,45.46,45.4182,45.46,332,0
GSIB.US,60,20250808,180000,45.9498,45.96,45.9498,45.96,907,0
GSIB.US,60,20250808,190000,46.059,46.059,46.0476,46.0476,612,0
GSIB.US,60,20250808,210000,46.15,46.15,46.1,46.145,3130,0
GSIB.US,60,20250808,220000,46.15,46.16,46.07,46.07,900,0
GSIB.US,60,20250811,160000,46.1,46.1,45.9427,45.99,2683,0
GSIB.US,60,20250811,170000,46.01,46.01,45.945,45.9999,3659,0
GSIB.US,60,20250811,180000,45.93,45.93,45.9002,45.9299,3872,0
GSIB.US,60,20250811,190000,46.05,46.05,46.05,46.05,100,0
GSIB.US,60,20250811,200000,45.9301,45.9301,45.9301,45.9301,650,0
GSIB.US,60,20250811,220000,46.0199,46.0199,45.9768,45.9768,717,0
GSIB.US,60,20250812,170000,46.599,46.599,46.52,46.52,340,0
GSIB.US,60,20250812,180000,46.635,46.65,46.635,46.65,443,0
GSIB.US,60,20250812,200000,46.725,46.75,46.725,46.7368,1399,0
GSIB.US,60,20250812,210000,46.82,46.82,46.81,46.81,3819,0
GSIB.US,60,20250812,220000,46.839,46.84,46.839,46.84,668,0
GSIB.US,60,20250813,160000,47.14,47.14,46.885,46.885,970,0
GSIB.US,60,20250813,180000,46.91,46.93,46.856,46.93,513,0
GSIB.US,60,20250813,190000,46.7741,46.7741,46.6735,46.6735,1678,0
GSIB.US,60,20250813,200000,46.72,46.72,46.72,46.72,112,0
GSIB.US,60,20250814,160000,46.95,46.95,46.818,46.818,787,0
GSIB.US,60,20250814,170000,46.77,46.95,46.76,46.95,4624,0
GSIB.US,60,20250814,180000,46.9499,46.95,46.9499,46.95,312,0
GSIB.US,60,20250814,190000,46.91,46.92,46.895,46.895,2747,0
GSIB.US,60,20250814,200000,46.95,47,46.9421,47,1412,0
GSIB.US,60,20250814,220000,47.07,47.11,47.07,47.11,2364,0
GSIB.US,60,20250815,160000,47.2324,47.32,47.08,47.23,1470,0
GSIB.US,60,20250815,170000,47.03,47.03,46.87,46.87,940,0
GSIB.US,60,20250815,180000,46.82,46.85,46.77,46.815,5395,0
GSIB.US,60,20250815,190000,46.75,46.81,46.7421,46.79,709,0
GSIB.US,60,20250815,200000,46.73,46.77,46.73,46.77,704,0
GSIB.US,60,20250815,210000,46.74,46.79,46.7,46.79,3858,0
GSIB.US,60,20250815,220000,46.7,46.77,46.7,46.71,1302,0
GSIB.US,60,20250818,160000,46.4,46.4,46.3999,46.3999,518,0
GSIB.US,60,20250818,170000,46.3,46.3,46.22,46.27,1597,0
GSIB.US,60,20250818,180000,46.39,46.41,46.39,46.41,200,0
GSIB.US,60,20250818,190000,46.46,46.46,46.4324,46.4324,2300,0
GSIB.US,60,20250818,200000,46.435,46.46,46.38,46.38,1799,0
GSIB.US,60,20250819,160000,46.475,46.475,46.43,46.43,321,0
GSIB.US,60,20250819,170000,46.41,46.41,46.41,46.41,1391,0
GSIB.US,60,20250819,180000,46.281,46.281,46.28,46.28,1000,0
GSIB.US,60,20250819,190000,46.379,46.379,46.28,46.28,1229,0
GSIB.US,60,20250819,210000,46.265,46.265,46.14,46.1834,5205,0
GSIB.US,60,20250819,220000,46.25,46.25,46.1414,46.1414,1200,0
GSIB.US,60,20250820,160000,46.2,46.35,46.2,46.35,200,0
GSIB.US,60,20250820,170000,46.31,46.31,46.276,46.276,800,0
GSIB.US,60,20250820,180000,46.32,46.44,46.32,46.44,200,0
GSIB.US,60,20250820,190000,46.51,46.51,46.419,46.419,315,0
GSIB.US,60,20250820,200000,46.55,46.55,46.5499,46.5499,1200,0
GSIB.US,60,20250820,210000,46.49,46.51,46.49,46.51,579,0
GSIB.US,60,20250820,220000,46.6699,46.6699,46.641,46.66,848,0
GSIB.US,60,20250821,160000,46.61,46.61,46.61,46.61,205,0
GSIB.US,60,20250821,170000,46.445,46.445,46.445,46.445,215,0
GSIB.US,60,20250821,180000,46.43,46.73,46.41,46.48,7627,0
GSIB.US,60,20250821,190000,46.4475,46.4475,46.4475,46.4475,475,0
GSIB.US,60,20250821,200000,46.8498,46.8498,46.71,46.71,307,0
GSIB.US,60,20250821,210000,46.47,46.47,46.47,46.47,214,0
GSIB.US,60,20250821,220000,46.48,46.48,46.448,46.448,543,0
GSIB.US,60,20250822,160000,47.37,47.37,46.6936,46.6936,298,0
GSIB.US,60,20250822,170000,47.12,47.13,47.1199,47.13,800,0
GSIB.US,60,20250822,180000,47.215,47.31,47.215,47.31,629,0
GSIB.US,60,20250822,190000,47.2252,47.28,47.2252,47.28,305,0
GSIB.US,60,20250822,200000,47.32,47.33,47.3199,47.3199,2000,0
GSIB.US,60,20250822,220000,47.3299,47.3299,47.295,47.295,746,0
GSIB.US,60,20250825,160000,46.9996,47.17,46.9996,47.16,2343,0
GSIB.US,60,20250825,170000,47.19,47.27,47.16,47.16,3299,0
GSIB.US,60,20250825,190000,46.84,46.87,46.82,46.82,2578,0
GSIB.US,60,20250825,200000,46.81,46.82,46.78,46.82,7804,0
GSIB.US,60,20250825,210000,46.765,46.82,46.73,46.73,1310,0
GSIB.US,60,20250825,220000,46.76,46.76,46.76,46.76,200,0
GSIB.US,60,20250826,160000,46.03,46.152,46.03,46.152,222,0
GSIB.US,60,20250826,170000,46.2286,46.38,46.2286,46.35,914,0
GSIB.US,60,20250826,180000,46.27,46.3,46.27,46.3,2877,0
GSIB.US,60,20250826,190000,46.4505,46.5193,46.4505,46.5193,864,0
GSIB.US,60,20250826,200000,46.52,46.52,46.49,46.4992,2723,0
GSIB.US,60,20250826,210000,46.504,46.55,46.504,46.55,952,0
GSIB.US,60,20250826,220000,46.59,46.66,46.59,46.6425,700,0
GSIB.US,60,20250827,160000,46.25,46.26,46.04,46.1466,529,0
GSIB.US,60,20250827,170000,46.22,46.22,46.083,46.1276,933,0
GSIB.US,60,20250827,180000,46.12,46.36,46.12,46.36,1391,0
GSIB.US,60,20250827,190000,46.32,46.35,46.32,46.35,328,0
GSIB.US,60,20250827,200000,46.32,46.32,46.32,46.32,550,0
GSIB.US,60,20250827,210000,46.38,46.38,46.31,46.31,662,0
GSIB.US,60,20250827,220000,46.25,46.42,46.25,46.4,1089,0
GSIB.US,60,20250828,170000,46.515,46.65,46.515,46.65,873,0
GSIB.US,60,20250828,180000,46.5592,46.5592,46.5592,46.5592,808,0
GSIB.US,60,20250828,190000,46.516,46.6192,46.516,46.5645,3934,0
GSIB.US,60,20250828,200000,46.55,46.5883,46.42,46.5883,3726,0
GSIB.US,60,20250828,210000,46.505,46.58,46.43,46.535,842,0
GSIB.US,60,20250828,220000,46.61,46.61,46.4601,46.57,2101,0
GSIB.US,60,20250829,160000,46.42,46.42,46.305,46.305,508,0
GSIB.US,60,20250829,170000,46.3,46.3,46.23,46.23,300,0
GSIB.US,60,20250829,180000,46.42,46.42,46.42,46.42,100,0
GSIB.US,60,20250829,200000,46.47,46.4999,46.47,46.49,601,0
GSIB.US,60,20250829,210000,46.3615,46.5,46.3615,46.5,763,0
GSIB.US,60,20250902,160000,46.84,46.84,45.37,45.785,5218,0
GSIB.US,60,20250902,170000,45.82,46.08,45.815,45.9125,2221,0
GSIB.US,60,20250902,180000,45.955,45.955,45.81,45.865,3836,0
GSIB.US,60,20250902,190000,45.8475,45.855,45.84,45.84,646,0
GSIB.US,60,20250902,200000,45.97,45.97,45.9271,45.9271,450,0
GSIB.US,60,20250902,210000,45.915,45.915,45.8936,45.8936,208,0
GSIB.US,60,20250902,220000,46.0228,46.0228,46.02,46.02,472,0
GSIB.US,60,20250903,160000,45.77,45.77,45.77,45.77,190,0
GSIB.US,60,20250903,170000,45.8301,46.02,45.8301,45.98,1355,0
GSIB.US,60,20250903,180000,46.04,46.04,45.99,45.9991,475,0
GSIB.US,60,20250903,190000,45.92,45.92,45.8,45.804,700,0
GSIB.US,60,20250903,200000,45.8,45.88,45.64,45.81,2668,0
GSIB.US,60,20250903,220000,45.8156,45.9418,45.8156,45.93,1282,0
GSIB.US,60,20250904,170000,46.23,46.2916,46.225,46.2916,1047,0
GSIB.US,60,20250904,180000,46.4124,46.4124,46.33,46.34,372,0
GSIB.US,60,20250904,210000,46.6,46.62,46.6,46.61,1700,0
GSIB.US,60,20250905,160000,46.62,46.78,46.62,46.78,200,0
GSIB.US,60,20250905,170000,46.2201,46.2201,46.2201,46.2201,106,0
GSIB.US,60,20250905,180000,46.12,46.2618,46.12,46.17,600,0
GSIB.US,60,20250905,190000,46.2149,46.2149,46.2149,46.2149,100,0
GSIB.US,60,20250905,210000,46.215,46.215,46.215,46.215,238,0
GSIB.US,60,20250905,220000,46.33,46.33,46.2,46.3,664,0
GSIB.US,60,20250908,170000,46.41,46.41,46.41,46.41,336,0
GSIB.US,60,20250908,180000,46.482,46.55,46.482,46.55,319,0
GSIB.US,60,20250908,190000,46.51,46.51,46.51,46.51,452,0
GSIB.US,60,20250908,210000,46.4675,46.54,46.4675,46.54,336,0
GSIB.US,60,20250909,160000,47.19,47.19,46.5233,46.7499,1390,0
GSIB.US,60,20250909,170000,46.73,46.783,46.725,46.725,834,0
GSIB.US,60,20250909,180000,47.0999,47.0999,47.0999,47.0999,100,0
GSIB.US,60,20250909,190000,47,47.01,47,47.01,2491,0
GSIB.US,60,20250909,200000,46.87,46.87,46.87,46.87,100,0
GSIB.US,60,20250909,210000,46.9382,47.01,46.89,46.96,850,0
GSIB.US,60,20250909,220000,46.938,46.98,46.938,46.98,200,0
GSIB.US,60,20250910,170000,47.55,47.55,47.43,47.43,300,0
GSIB.US,60,20250910,180000,47.4015,47.4015,47.4015,47.4015,200,0
GSIB.US,60,20250911,170000,47.8088,47.9298,47.8088,47.9298,2953,0
GSIB.US,60,20250911,180000,47.91,48.0199,47.91,48.0199,500,0
GSIB.US,60,20250911,190000,47.87,48.02,47.87,47.9,763,0
GSIB.US,60,20250911,200000,48.03,48.03,47.9598,47.9598,204,0
GSIB.US,60,20250911,220000,48.04,48.05,47.975,48.0499,8450,0
GSIB.US,60,20250912,160000,47.08,47.64,47.08,47.64,576,0
GSIB.US,60,20250912,170000,47.83,47.83,47.83,47.83,100,0
GSIB.US,60,20250912,180000,47.7753,48,47.7753,48,625,0
GSIB.US,60,20250912,190000,47.78,47.78,47.78,47.78,209,0
GSIB.US,60,20250912,210000,47.7401,47.92,47.7401,47.84,523,0
GSIB.US,60,20250912,220000,47.9,47.9,47.8999,47.9,390,0
GSIB.US,60,20250915,160000,48.22,48.22,48.22,48.22,100,0
GSIB.US,60,20250915,170000,48.15,48.19,48.15,48.19,381,0
GSIB.US,60,20250915,180000,48.1345,48.18,48.1345,48.155,502,0
GSIB.US,60,20250915,200000,48.125,48.125,48.125,48.125,129,0
GSIB.US,60,20250915,220000,48.113,48.113,48.0601,48.0601,520,0
GSIB.US,60,20250916,170000,47.73,47.73,47.73,47.73,500,0
GSIB.US,60,20250916,180000,47.69,47.69,47.689,47.689,431,0
GSIB.US,60,20250916,190000,47.8283,47.85,47.81,47.85,575,0
GSIB.US,60,20250916,200000,47.81,47.81,47.81,47.81,150,0
GSIB.US,60,20250916,210000,47.92,47.92,47.92,47.92,3200,0
GSIB.US,60,20250916,220000,47.8505,47.8505,47.73,47.73,384,0
GSIB.US,60,20250917,170000,48.06,48.08,48.06,48.08,320,0
GSIB.US,60,20250917,180000,48.06,48.06,47.9,47.9455,27739,0
GSIB.US,60,20250917,200000,47.914,48.21,47.882,48.21,2987,0
GSIB.US,60,20250917,210000,48.15,48.37,48.0284,48.03,1015,0
GSIB.US,60,20250917,220000,48,48,47.957,47.957,200,0
GSIB.US,60,20250918,160000,48.62,48.62,48.62,48.62,147,0
GSIB.US,60,20250918,170000,47.99,48,47.9515,48,554,0
GSIB.US,60,20250918,180000,47.93,48.02,47.93,48.02,300,0
GSIB.US,60,20250918,190000,48.01,48.06,48.01,48.06,400,0
GSIB.US,60,20250918,200000,48.15,48.15,48.15,48.15,100,0
GSIB.US,60,20250918,210000,48.0668,48.075,48.0668,48.075,291,0
GSIB.US,60,20250918,220000,48.0324,48.0324,48.0324,48.0324,100,0
GSIB.US,60,20250919,160000,48.72,48.72,48.0595,48.0595,1009,0
GSIB.US,60,20250919,170000,48.21,48.21,48.2099,48.2099,400,0
GSIB.US,60,20250919,180000,48.17,48.22,48.165,48.22,500,0
GSIB.US,60,20250919,200000,48.3084,48.3084,48.3084,48.3084,104,0
GSIB.US,60,20250919,220000,48.35,48.39,48.34,48.365,6722,0
GSIB.US,60,20250922,160000,48.5,48.5,48.06,48.06,603,0
GSIB.US,60,20250922,170000,48.0496,48.0496,48.02,48.02,5894,0
GSIB.US,60,20250922,180000,48.075,48.17,48.05,48.17,601,0
GSIB.US,60,20250922,190000,48.18,48.18,48.18,48.18,100,0
GSIB.US,60,20250922,200000,48.2354,48.309,48.2305,48.2305,615,0
GSIB.US,60,20250922,210000,48.1443,48.1443,48.1443,48.1443,104,0
GSIB.US,60,20250922,220000,48.2424,48.37,48.2352,48.37,803,0
GSIB.US,60,20250923,160000,49.13,49.13,48.583,48.583,1989,0
GSIB.US,60,20250923,170000,48.71,48.71,48.6558,48.6558,410,0
GSIB.US,60,20250923,180000,48.69,48.69,48.61,48.61,6058,0
GSIB.US,60,20250923,190000,48.4992,48.57,48.48,48.5,1420,0
GSIB.US,60,20250923,200000,48.505,48.505,48.34,48.34,968,0
GSIB.US,60,20250923,210000,48.33,48.34,48.1934,48.34,602,0
GSIB.US,60,20250923,220000,48.1019,48.1019,48.1019,48.1019,113,0
GSIB.US,60,20250924,170000,48.29,48.29,48.29,48.29,200,0
GSIB.US,60,20250924,180000,48.289,48.289,48.19,48.19,500,0
GSIB.US,60,20250924,190000,48.19,48.19,48.07,48.07,507,0
GSIB.US,60,20250924,200000,48.1199,48.1199,48.1199,48.1199,100,0
GSIB.US,60,20250924,210000,48.045,48.045,48.045,48.045,200,0
GSIB.US,60,20250924,220000,48.07,48.0712,48.07,48.07,700,0
GSIB.US,60,20250925,160000,48.05,48.05,47.89,47.89,259,0
GSIB.US,60,20250925,170000,47.6325,47.6325,47.6325,47.6325,354,0
GSIB.US,60,20250925,180000,47.62,47.68,47.615,47.68,1384,0
GSIB.US,60,20250925,200000,47.69,47.69,47.58,47.58,500,0
GSIB.US,60,20250925,220000,47.615,47.7,47.5318,47.6225,3585,0
GSIB.US,60,20250926,170000,48.29,48.29,48.12,48.1201,776,0
GSIB.US,60,20250926,180000,48.21,48.3,48.15,48.3,304,0
GSIB.US,60,20250926,190000,48.17,48.17,48.17,48.17,100,0
GSIB.US,60,20250926,210000,48.3358,48.3358,48.2903,48.2903,207,0
GSIB.US,60,20250926,220000,48.16,48.16,48.16,48.16,500,0
GSIB.US,60,20250929,160000,48.43,48.43,48.43,48.43,400,0
GSIB.US,60,20250929,170000,48.36,48.3692,48.24,48.24,1107,0
GSIB.US,60,20250929,180000,48.24,48.24,48.24,48.24,200,0
GSIB.US,60,20250929,210000,48.2505,48.266,48.2505,48.266,303,0
GSIB.US,60,20250929,220000,48.16,48.31,48.16,48.31,611,0
GSIB.US,60,20250930,160000,48.37,48.376,48.37,48.376,913,0
GSIB.US,60,20250930,170000,48.1493,48.1493,48.1493,48.1493,103,0
GSIB.US,60,20250930,190000,48.01,48.01,47.9443,47.9443,3050,0
GSIB.US,60,20250930,200000,47.905,47.93,47.86,47.93,1443,0
GSIB.US,60,20250930,210000,47.81,48,47.81,47.99,2900,0
GSIB.US,60,20250930,220000,47.97,48.0384,47.97,48.0384,1135,0
GSIB.US,60,20251001,170000,48.06,48.06,47.99,47.99,700,0
GSIB.US,60,20251001,180000,47.94,48.05,47.94,48.05,1323,0
GSIB.US,60,20251001,190000,48.03,48.03,47.9055,47.98,2168,0
GSIB.US,60,20251001,200000,48.0085,48.01,47.86,47.96,800,0
GSIB.US,60,20251001,210000,48,48,47.974,47.974,210,0
GSIB.US,60,20251001,220000,47.96,47.96,47.96,47.96,510,0
GSIB.US,60,20251002,160000,47.54,47.6725,47.509,47.58,1916,0
GSIB.US,60,20251002,170000,47.53,47.53,47.34,47.39,915,0
GSIB.US,60,20251002,180000,47.385,47.385,47.36,47.36,563,0
GSIB.US,60,20251002,200000,47.3632,47.45,47.34,47.45,1635,0
GSIB.US,60,20251002,210000,47.45,47.46,47.45,47.46,200,0
GSIB.US,60,20251002,220000,47.43,47.43,47.43,47.43,451,0
GSIB.US,60,20251003,160000,47.5,47.7,47.5,47.7,2648,0
GSIB.US,60,20251003,170000,47.74,47.86,47.74,47.86,290,0
GSIB.US,60,20251003,180000,47.85,47.85,47.85,47.85,100,0
GSIB.US,60,20251003,190000,47.97,47.97,47.97,47.97,100,0
GSIB.US,60,20251003,200000,47.91,47.91,47.91,47.91,100,0
GSIB.US,60,20251006,160000,47.51,47.51,47.2631,47.2631,736,0
GSIB.US,60,20251006,170000,47.25,47.42,47.2,47.42,543,0
GSIB.US,60,20251006,180000,47.41,47.41,47.3995,47.3995,1214,0
GSIB.US,60,20251006,190000,47.38,47.38,47.375,47.375,1859,0
GSIB.US,60,20251006,200000,47.39,47.4,47.28,47.4,8392,0
GSIB.US,60,20251006,210000,47.45,47.4784,47.2975,47.2975,931,0
GSIB.US,60,20251006,220000,47.379,47.44,47.26,47.44,600,0
GSIB.US,60,20251007,160000,47.03,47.26,47.03,47.2207,1313,0
GSIB.US,60,20251007,170000,47.17,47.17,47.17,47.17,157,0
GSIB.US,60,20251007,180000,47.1,47.1327,47.1,47.1,3079,0
GSIB.US,60,20251007,200000,47.15,47.15,47.15,47.15,215,0
GSIB.US,60,20251007,210000,47.05,47.073,47.05,47.07,406,0
GSIB.US,60,20251007,220000,47.036,47.07,47.035,47.0408,545,0
GSIB.US,60,20251008,160000,47.0405,47.0405,47.0254,47.0254,322,0
GSIB.US,60,20251008,170000,47,47.145,47,47.145,1483,0
GSIB.US,60,20251008,180000,47.1525,47.1525,47.1525,47.1525,100,0
GSIB.US,60,20251008,200000,47.1592,47.1592,47.1592,47.1592,700,0
GSIB.US,60,20251008,210000,46.9701,46.9701,46.9701,46.9701,215,0
GSIB.US,60,20251008,220000,47.0203,47.0203,46.93,46.93,823,0
GSIB.US,60,20251009,170000,46.89,46.89,46.8,46.8,1350,0
GSIB.US,60,20251009,180000,46.83,46.839,46.8,46.8,1569,0
GSIB.US,60,20251009,190000,46.7179,46.7415,46.64,46.67,2858,0
GSIB.US,60,20251009,200000,46.61,46.61,46.52,46.52,214,0
GSIB.US,60,20251009,210000,46.57,46.69,46.57,46.69,1884,0
GSIB.US,60,20251009,220000,46.61,46.63,46.61,46.63,866,0
GSIB.US,60,20251010,160000,46.7052,46.74,46.05,46.73,1670,0
GSIB.US,60,20251010,180000,46.5577,46.62,46.3501,46.3501,834,0
GSIB.US,60,20251010,190000,46.21,46.21,46.21,46.21,657,0
GSIB.US,60,20251010,200000,46,46.01,45.85,45.94,4628,0
GSIB.US,60,20251010,220000,45.64,45.64,45.64,45.64,100,0
GSIB.US,60,20251013,160000,46.27,46.28,46.22,46.28,4068,0
GSIB.US,60,20251013,170000,46.4086,46.4086,46.28,46.28,3799,0
GSIB.US,60,20251013,190000,46.4673,46.4673,46.464,46.464,304,0
GSIB.US,60,20251013,200000,46.4705,46.4705,46.4705,46.4705,140,0
GSIB.US,60,20251013,220000,46.542,46.542,46.542,46.542,500,0
GSIB.US,60,20251014,160000,46.63,46.63,46.27,46.275,1243,0
GSIB.US,60,20251014,170000,46.4624,46.77,46.4624,46.76,2149,0
GSIB.US,60,20251014,180000,46.74,46.74,46.74,46.74,100,0
GSIB.US,60,20251014,190000,47.105,47.105,47.105,47.105,215,0
GSIB.US,60,20251014,200000,47.24,47.24,47.24,47.24,1504,0
GSIB.US,60,20251014,210000,47.23,47.23,47.23,47.23,127,0
GSIB.US,60,20251014,220000,47.215,47.215,46.9701,46.9701,517,0
GSIB.US,60,20251015,160000,47.4688,47.4688,47.4688,47.4688,100,0
GSIB.US,60,20251015,190000,47.3215,47.3399,47.27,47.27,1815,0
GSIB.US,60,20251015,200000,47.27,47.27,47.15,47.15,606,0
GSIB.US,60,20251015,220000,47.16,47.31,47.16,47.31,2635,0
GSIB.US,60,20251016,170000,47.486,47.69,47.486,47.69,1300,0
GSIB.US,60,20251016,180000,47.676,47.78,47.676,47.78,300,0
GSIB.US,60,20251016,190000,47.67,47.67,47.45,47.45,327,0
GSIB.US,60,20251016,200000,47.5654,47.5654,47.5654,47.5654,100,0
GSIB.US,60,20251016,210000,47.2314,47.2314,47.2314,47.2314,111,0
GSIB.US,60,20251016,220000,46.9108,46.9108,46.9108,46.9108,127,0
GSIB.US,60,20251017,160000,46.62,46.62,46.525,46.62,1470,0
GSIB.US,60,20251017,170000,46.6372,46.8541,46.6372,46.6429,1992,0
GSIB.US,60,20251017,180000,46.6079,46.6079,46.55,46.55,208,0
GSIB.US,60,20251017,190000,46.7483,46.76,46.711,46.711,2207,0
GSIB.US,60,20251017,200000,46.58,46.58,46.575,46.575,1310,0
GSIB.US,60,20251017,210000,46.8696,46.8696,46.8696,46.8696,210,0
GSIB.US,60,20251017,220000,46.9,46.9,46.856,46.856,689,0
GSIB.US,60,20251020,170000,46.895,47.135,46.895,47.135,2520,0
GSIB.US,60,20251020,180000,47.13,47.17,47.13,47.13,629,0
GSIB.US,60,20251020,200000,47.08,47.08,47.07,47.08,3100,0
GSIB.US,60,20251020,210000,47.2072,47.2072,47.15,47.15,249,0
GSIB.US,60,20251020,220000,47.2155,47.2155,47.1,47.1,850,0
GSIB.US,60,20251021,160000,46.85,47.74,46.85,47.085,439,0
GSIB.US,60,20251021,180000,47.0505,47.0505,46.9517,46.9517,218,0
GSIB.US,60,20251021,190000,47.1099,47.1099,47.1099,47.1099,118,0
GSIB.US,60,20251021,210000,46.88,46.88,46.75,46.88,3163,0
GSIB.US,60,20251021,220000,46.75,46.75,46.73,46.73,39164,0
GSIB.US,60,20251022,160000,46.84,46.91,46.84,46.91,534,0
GSIB.US,60,20251022,170000,46.8,46.8,46.8,46.8,227,0
GSIB.US,60,20251022,190000,46.81,46.81,46.81,46.81,100,0
GSIB.US,60,20251022,200000,46.77,46.77,46.77,46.77,202,0
GSIB.US,60,20251022,220000,46.66,46.67,46.66,46.67,200,0
GSIB.US,60,20251023,170000,47.0392,47.1699,47.038,47.1699,374,0
GSIB.US,60,20251023,180000,47.095,47.095,47.01,47.0101,322,0
GSIB.US,60,20251023,200000,47.12,47.18,47.12,47.18,544,0
GSIB.US,60,20251023,210000,47.2,47.2,47.12,47.1201,806,0
GSIB.US,60,20251023,220000,47.155,47.155,47.05,47.05,219,0
GSIB.US,60,20251024,160000,47.7,47.7,47.24,47.36,3442,0
GSIB.US,60,20251024,170000,47.43,47.445,47.385,47.385,523,0
GSIB.US,60,20251024,200000,47.56,47.56,47.56,47.56,139,0
GSIB.US,60,20251024,220000,47.5055,47.5055,47.5055,47.5055,257,0
GSIB.US,60,20251027,150000,47.7916,47.85,47.79,47.82,2800,0
GSIB.US,60,20251027,180000,47.8553,47.8553,47.8553,47.8553,107,0
GSIB.US,60,20251027,190000,47.861,47.861,47.831,47.8406,649,0
GSIB.US,60,20251027,200000,47.82,47.82,47.13,47.495,1620,0
GSIB.US,60,20251028,190000,48.19,48.19,48.19,48.19,100,0
GSIB.US,60,20251028,200000,48.3492,48.3492,48.3492,48.3492,323,0
GSIB.US,60,20251028,210000,48.3284,48.3284,48.3284,48.3284,150,0
GSIB.US,60,20251029,150000,48.48,48.53,48.435,48.53,2900,0
GSIB.US,60,20251029,160000,48.46,48.46,48.395,48.395,500,0
GSIB.US,60,20251029,170000,48.42,48.42,48.42,48.42,129,0
GSIB.US,60,20251029,200000,48.13,48.13,48.125,48.125,200,0
GSIB.US,60,20251029,210000,48.1,48.142,48.1,48.128,700,0
GSIB.US,60,20251030,150000,47.995,47.995,47.995,47.995,170,0
GSIB.US,60,20251030,160000,48.2,48.2,48.2,48.2,103,0
GSIB.US,60,20251030,170000,48.31,48.32,48.185,48.185,661,0
GSIB.US,60,20251030,200000,48.175,48.175,48.175,48.175,207,0
GSIB.US,60,20251031,150000,47.3,47.85,47.3,47.85,2000,0
GSIB.US,60,20251031,160000,47.94,48.01,47.94,48.01,600,0
GSIB.US,60,20251031,170000,47.9801,47.9801,47.98,47.98,200,0
GSIB.US,60,20251031,180000,48.01,48.09,47.955,48.09,3812,0
GSIB.US,60,20251031,200000,47.99,47.99,47.99,47.99,100,0
GSIB.US,60,20251031,210000,48.15,48.15,48.15,48.15,107,0
GSIB.US,60,20251103,170000,48.01,48.1,48.01,48.1,1524,0
GSIB.US,60,20251103,200000,48.4,48.4,48.4,48.4,150,0
GSIB.US,60,20251103,220000,48.43,48.44,48.32,48.43,1615,0
GSIB.US,60,20251104,160000,47.863,47.863,47.863,47.863,110,0
GSIB.US,60,20251104,170000,48.45,48.45,48.4416,48.4416,563,0
GSIB.US,60,20251104,180000,48.44,48.44,48.44,48.44,206,0
GSIB.US,60,20251104,200000,48.3,48.3,48.2305,48.2305,782,0
GSIB.US,60,20251104,220000,48.24,48.24,48.24,48.24,100,0
GSIB.US,60,20251105,180000,48.3597,48.3597,48.3597,48.3597,200,0
GSIB.US,60,20251105,190000,48.36,48.487,48.36,48.487,955,0
GSIB.US,60,20251105,210000,48.5415,48.5415,48.52,48.52,768,0
GSIB.US,60,20251106,170000,48.71,48.71,48.71,48.71,100,0
GSIB.US,60,20251106,180000,48.458,48.458,48.458,48.458,100,0
GSIB.US,60,20251106,190000,48.475,48.48,48.475,48.48,347,0
GSIB.US,60,20251106,200000,48.4745,48.59,48.47,48.59,457,0
GSIB.US,60,20251106,210000,48.66,48.67,48.66,48.67,200,0
GSIB.US,60,20251107,160000,48.3365,48.3365,48.3365,48.3365,102,0
GSIB.US,60,20251107,170000,48.38,48.423,48.38,48.4101,1395,0
GSIB.US,60,20251107,180000,48.26,48.26,48.26,48.26,150,0
GSIB.US,60,20251107,190000,48.14,48.1401,48.14,48.1401,590,0
GSIB.US,60,20251107,200000,48.225,48.2299,48.225,48.2299,472,0
GSIB.US,60,20251107,210000,48.2299,48.2299,48.2299,48.2299,114,0
GSIB.US,60,20251107,220000,48.6199,48.62,48.6199,48.62,306,0
GSIB.US,60,20251110,160000,49.37,49.37,49.37,49.37,327,0
GSIB.US,60,20251110,170000,49.145,49.21,49.08,49.1799,1485,0
GSIB.US,60,20251110,180000,49.18,49.32,49.0813,49.32,1773,0
GSIB.US,60,20251110,190000,49.4255,49.4255,49.4255,49.4255,500,0
GSIB.US,60,20251110,200000,49.4999,49.4999,49.487,49.487,307,0
GSIB.US,60,20251110,220000,49.526186,49.526186,49.526186,49.526186,100,0
GSIB.US,60,20251111,160000,49.67,49.68,49.615,49.68,400,0
GSIB.US,60,20251111,170000,49.62,49.628,49.6,49.61,1500,0
GSIB.US,60,20251111,180000,49.6125,49.73,49.6125,49.7299,1141,0
GSIB.US,60,20251111,190000,49.77,49.77,49.77,49.77,200,0
GSIB.US,60,20251111,210000,49.81,49.81,49.81,49.81,705,0
GSIB.US,60,20251111,220000,49.78,49.78,49.75,49.75,2300,0
GSIB.US,60,20251112,160000,50.35,51,50.35,50.52,3302,0
GSIB.US,60,20251112,170000,50.5499,50.55,50.507,50.536,2109,0
GSIB.US,60,20251112,180000,50.56,50.56,50.415,50.415,1113,0
GSIB.US,60,20251112,190000,50.48,50.48,50.48,50.48,100,0
GSIB.US,60,20251112,200000,50.49,50.54,50.48,50.52,24267,0
GSIB.US,60,20251112,210000,50.475,50.485,50.45,50.45,2407,0
GSIB.US,60,20251112,220000,50.436,51.045,50.436,50.5,2349,0
GSIB.US,60,20251113,160000,50.88,50.88,50.49,50.51,1428,0
GSIB.US,60,20251113,170000,50.5,50.5,50.41,50.41,4296,0
GSIB.US,60,20251113,180000,50.34,50.34,50.26,50.26,397,0
GSIB.US,60,20251113,190000,50.1812,50.42,50.1812,50.42,1415,0
GSIB.US,60,20251113,200000,50.09,50.79,49.8101,49.8101,801,0
GSIB.US,60,20251113,210000,49.87,49.87,49.87,49.87,100,0
GSIB.US,60,20251113,220000,49.91,51.53,49.6801,50.85,9748,0
GSIB.US,60,20251114,160000,49.405,49.44,49.24,49.44,1928,0
GSIB.US,60,20251114,170000,49.68332,49.68332,49.68332,49.68332,101,0
GSIB.US,60,20251114,180000,49.71,49.71,49.71,49.71,320,0
GSIB.US,60,20251114,190000,49.74,49.77,49.74,49.77,502,0
GSIB.US,60,20251114,200000,49.65,49.65,49.65,49.65,100,0
GSIB.US,60,20251114,220000,49.62,49.62,49.62,49.62,100,0
GSIB.US,60,20251117,170000,49.2231,49.27,49.2231,49.27,2270,0
GSIB.US,60,20251117,180000,49.2,49.2,49.0419,49.088,1050,0
GSIB.US,60,20251117,190000,49.2675,49.3099,49.1606,49.1606,1354,0
GSIB.US,60,20251117,200000,49.0572,49.11,48.9701,49.11,434,0
GSIB.US,60,20251117,210000,48.8828,48.8828,48.6321,48.74,1006,0
GSIB.US,60,20251117,220000,48.6199,48.6199,48.61,48.61,611,0
GSIB.US,60,20251118,160000,47.44,48.1501,47.44,48.011,2619,0
GSIB.US,60,20251118,170000,47.9729,47.995,47.9729,47.995,910,0
GSIB.US,60,20251118,180000,48.21,48.25,48.21,48.25,200,0
GSIB.US,60,20251118,200000,48.442,48.442,48.4393,48.4393,200,0
GSIB.US,60,20251118,210000,48.3806,48.3806,48.3806,48.3806,149,0
GSIB.US,60,20251119,160000,48.2549,48.381,48.2549,48.381,2653,0
GSIB.US,60,20251119,170000,48.3814,48.3814,48.3088,48.3088,542,0
GSIB.US,60,20251119,180000,48.29,48.29,48.2649,48.2649,15764,0
GSIB.US,60,20251119,200000,48.34,48.34,48.34,48.34,183,0
GSIB.US,60,20251119,220000,48.3,48.41,48.3,48.41,8023,0
GSIB.US,60,20251120,160000,48.89,49.014,48.89,48.92,860,0
GSIB.US,60,20251120,170000,49.01,49.08,48.9767,49.0799,1264,0
GSIB.US,60,20251120,180000,48.8007,48.8007,48.8007,48.8007,1000,0
GSIB.US,60,20251120,190000,48.01,48.095,47.867,47.867,2130,0
GSIB.US,60,20251120,200000,47.93,47.93,47.93,47.93,106,0
GSIB.US,60,20251120,210000,47.8761,47.98,47.87,47.98,541,0
GSIB.US,60,20251120,220000,48,48,47.977,47.977,495,0
GSIB.US,60,20251121,160000,47.76,47.855,47.5,47.76,935,0
GSIB.US,60,20251121,170000,47.67,47.7986,47.67,47.7986,1004,0
GSIB.US,60,20251121,180000,47.69,47.88,47.69,47.88,400,0
GSIB.US,60,20251121,200000,47.99,48.2698,47.99,48.2698,2630,0
GSIB.US,60,20251121,210000,48.2799,48.28,48.2799,48.28,600,0
GSIB.US,60,20251124,160000,48.28,48.28,48.265,48.265,603,0
GSIB.US,60,20251124,170000,48.44,48.52,48.44,48.52,516,0
GSIB.US,60,20251124,180000,48.59,48.59,48.431,48.4395,1806,0
GSIB.US,60,20251124,190000,48.31,48.31,48.3,48.31,460,0
GSIB.US,60,20251124,200000,48.481,48.503,48.481,48.492,1171,0
GSIB.US,60,20251124,220000,48.5788,48.5788,48.5788,48.5788,375,0
GSIB.US,60,20251125,160000,48.53,49.086,48.53,49.0495,612,0
GSIB.US,60,20251125,170000,48.91,49.085,48.91,49.085,1140,0
GSIB.US,60,20251125,180000,49.0335,49.115,48.98,48.98,1273,0
GSIB.US,60,20251125,190000,49.1812,49.2,49.165,49.165,548,0
GSIB.US,60,20251125,200000,49.2499,49.2499,49.2499,49.2499,100,0
GSIB.US,60,20251125,210000,49.16,49.16,49.16,49.16,348,0
GSIB.US,60,20251125,220000,49.253,49.28,49.253,49.28,489,0
GSIB.US,60,20251126,160000,49.83,49.83,49.8,49.8,1545,0
GSIB.US,60,20251126,170000,49.8,49.8,49.7301,49.7301,1745,0
GSIB.US,60,20251126,200000,49.93,49.98,49.93,49.97,400,0
GSIB.US,60,20251126,220000,50,50,49.96,49.96,200,0
GSIB.US,60,20251128,170000,50.165,50.185,50.158,50.185,732,0
GSIB.US,60,20251128,190000,50.11,50.11,50.11,50.11,396,0
GSIB.US,60,20251201,160000,50.27,50.27,50.15,50.185,1111,0
GSIB.US,60,20251201,170000,50.3,50.3,50.3,50.3,397,0
GSIB.US,60,20251201,180000,50.25,50.37,50.24,50.37,1010,0
GSIB.US,60,20251201,190000,50.31,50.31,50.31,50.31,200,0
GSIB.US,60,20251201,210000,50.3375,50.3375,50.27,50.27,798,0
GSIB.US,60,20251201,220000,50.145,50.145,50.09,50.09,252,0
GSIB.US,60,20251202,160000,50.14,50.14,50.14,50.14,309,0
GSIB.US,60,20251202,170000,50.64,50.64,50.64,50.64,116,0
GSIB.US,60,20251202,180000,50.605,50.605,50.605,50.605,296,0
GSIB.US,60,20251202,200000,50.52,50.52,50.435,50.4395,753,0
GSIB.US,60,20251202,210000,50.504,50.504,50.504,50.504,160,0
GSIB.US,60,20251202,220000,50.6,50.6,50.57,50.57,1403,0
GSIB.US,60,20251203,160000,50.33,50.3301,50.3264,50.3264,416,0
GSIB.US,60,20251203,190000,50.375,50.375,50.375,50.375,100,0
GSIB.US,60,20251203,200000,50.62,50.6255,50.56,50.61,2419,0
GSIB.US,60,20251203,210000,50.64,50.64,50.64,50.64,100,0
GSIB.US,60,20251203,220000,50.6922,50.73,50.6922,50.73,371,0
GSIB.US,60,20251204,170000,51.11,51.11,51.11,51.11,136,0
GSIB.US,60,20251204,180000,51.1551,51.23,51.1551,51.23,616,0
GSIB.US,60,20251204,190000,51.19,51.24,51.19,51.225,1500,0
GSIB.US,60,20251204,200000,51.23,51.23,51.17,51.17,1525,0
GSIB.US,60,20251204,210000,51.1965,51.1965,51,51.12,5603,0
GSIB.US,60,20251204,220000,51.026,51.026,51.026,51.026,150,0
GSIB.US,60,20251205,160000,51.45,51.52,51.45,51.485,316,0
GSIB.US,60,20251205,170000,51.505,51.53,51.455,51.49,1013,0
GSIB.US,60,20251205,180000,51.46,51.46,51.36,51.3999,1328,0
GSIB.US,60,20251205,190000,51.3715,51.41,51.36,51.36,1862,0
GSIB.US,60,20251205,200000,51.42,51.42,51.42,51.42,423,0
GSIB.US,60,20251205,220000,51.4,51.4,51.36,51.36,300,0
GSIB.US,60,20251208,160000,51.2455,51.42,51.213,51.42,5010,0
GSIB.US,60,20251208,170000,51.359,51.42,51.2375,51.33,5176,0
GSIB.US,60,20251208,180000,51.24,51.27,51.23,51.27,411,0
GSIB.US,60,20251208,190000,51.25,51.25,51.25,51.25,100,0
GSIB.US,60,20251208,200000,51.14,51.19,51.14,51.19,584,0
GSIB.US,60,20251208,220000,51.2699,51.2699,51.2145,51.2145,395,0
GSIB.US,60,20251209,160000,51.38,51.38,51.38,51.38,101,0
GSIB.US,60,20251209,180000,51.55,51.72,51.55,51.62,520,0
GSIB.US,60,20251209,190000,51.5299,51.58,51.38,51.38,4782,0
GSIB.US,60,20251209,200000,51.37,51.37,51.2085,51.2085,1006,0
GSIB.US,60,20251209,210000,51.2699,51.35,51.2699,51.35,894,0
GSIB.US,60,20251209,220000,51.283,51.3699,51.283,51.3699,720,0
GSIB.US,60,20251210,170000,51.489,51.54,51.489,51.54,3919,0
GSIB.US,60,20251210,180000,51.5363,51.6248,51.5363,51.6248,1234,0
GSIB.US,60,20251210,200000,51.63,51.63,51.63,51.63,409,0
GSIB.US,60,20251210,210000,51.79,51.79,51.79,51.79,277,0
GSIB.US,60,20251210,220000,51.97,52.25,51.97,52.25,1376,0
GSIB.US,60,20251211,160000,52.35,52.35,52.34,52.34,331,0
GSIB.US,60,20251211,180000,52.5222,52.5222,52.5222,52.5222,169,0
GSIB.US,60,20251211,200000,52.655,52.76,52.655,52.76,1550,0
GSIB.US,60,20251211,210000,52.74,52.76,52.74,52.76,554,0
GSIB.US,60,20251211,220000,52.745,52.77,52.74,52.77,1259,0
GSIB.US,60,20251212,160000,52.87,52.87,52.6385,52.683,1074,0
GSIB.US,60,20251212,170000,52.59,52.59,52.4,52.44,545,0
GSIB.US,60,20251212,180000,52.26,52.26,52.1773,52.22,1280,0
GSIB.US,60,20251212,190000,52.3,52.41,52.3,52.4099,1000,0
GSIB.US,60,20251212,200000,52.3615,52.3615,52.3615,52.3615,100,0
GSIB.US,60,20251212,210000,52.35,52.36,52.3099,52.3099,1062,0
GSIB.US,60,20251212,220000,52.293,52.3,52.26,52.26,878,0
GSIB.US,60,20251215,160000,52.87,52.92,52.7225,52.82,6319,0
GSIB.US,60,20251215,170000,52.76,52.82,52.72,52.75,1157,0
GSIB.US,60,20251215,180000,52.82,52.82,52.75,52.75,705,0
GSIB.US,60,20251215,190000,52.685,52.685,52.6019,52.6019,1482,0
GSIB.US,60,20251215,200000,52.6199,52.62,52.555,52.61,1064,0
GSIB.US,60,20251215,210000,52.62,52.62,52.5772,52.5772,335,0
GSIB.US,60,20251215,220000,52.68,52.68,52.63,52.64,1390,0
GSIB.US,60,20251216,160000,53.09,53.09,52.3,52.3,5042,0
GSIB.US,60,20251216,170000,52.26,52.26,52.19,52.1901,1930,0
GSIB.US,60,20251216,180000,52.19,52.22,52.11,52.14,2810,0
GSIB.US,60,20251216,190000,52.24,52.24,52.1,52.1,2322,0
GSIB.US,60,20251216,200000,52.06,52.24,52.045,52.22,743,0
GSIB.US,60,20251216,210000,52.138,52.138,52.138,52.138,187,0
GSIB.US,60,20251217,160000,52.49,52.56,52.49,52.54,1770,0
GSIB.US,60,20251217,170000,52.5095,52.54,52.47,52.47,2197,0
GSIB.US,60,20251217,180000,52.32,52.32,52.18,52.225,2286,0
GSIB.US,60,20251217,190000,52.29,52.32,52.21,52.21,679,0
GSIB.US,60,20251217,200000,52.1535,52.1535,52.1535,52.1535,100,0
GSIB.US,60,20251217,210000,52.1599,52.16,52.1599,52.16,290,0
GSIB.US,60,20251217,220000,52.16,52.16,52.1127,52.12,1281,0
GSIB.US,60,20251218,160000,51.66,51.76,51.62,51.76,1346,0
GSIB.US,60,20251218,170000,51.6822,51.6822,51.6822,51.6822,135,0
GSIB.US,60,20251218,190000,51.775,51.985,51.775,51.81,490,0
GSIB.US,60,20251218,210000,51.6012,51.6012,51.6012,51.6012,100,0
GSIB.US,60,20251219,160000,51.75,51.98,51.75,51.94,641,0
GSIB.US,60,20251219,170000,52.05,52.05,51.98,52.05,2000,0
GSIB.US,60,20251219,180000,52.08,52.1,52.06,52.1,2631,0
GSIB.US,60,20251219,190000,52.1,52.16,52.1,52.13,5757,0
GSIB.US,60,20251219,210000,52.16,52.16,52.16,52.16,200,0
GSIB.US,60,20251219,220000,52.2,52.2,52.12,52.12,5928,0
GSIB.US,60,20251222,160000,52.37,52.37,52.04,52.09,4025,0
GSIB.US,60,20251222,170000,52.2699,52.3022,52.2445,52.3022,1292,0
GSIB.US,60,20251222,180000,52.39,52.39,52.38,52.39,672,0
GSIB.US,60,20251222,190000,52.4499,52.45,52.44,52.44,480,0
GSIB.US,60,20251222,200000,52.4199,52.42,52.4199,52.42,400,0
GSIB.US,60,20251222,210000,52.39,52.4189,52.385,52.4189,1584,0
GSIB.US,60,20251222,220000,52.4022,52.4022,52.4022,52.4022,500,0
GSIB.US,60,20251223,170000,52.67,52.82,52.67,52.82,3354,0
GSIB.US,60,20251223,190000,52.77,52.77,52.7678,52.77,321,0
GSIB.US,60,20251223,220000,52.775,52.78,52.775,52.78,389,0
GSIB.US,60,20251224,160000,52.92,53.02,52.74,53.02,2600,0
GSIB.US,60,20251224,170000,52.9,53.12,52.89,53.12,3065,0
GSIB.US,60,20251224,180000,53.1,53.2,53.0988,53.2,4586,0
GSIB.US,60,20251224,190000,53.2,53.63,53.084,53.205,8097,0
GSIB.US,60,20251226,160000,53.31,53.31,53.168,53.24,930,0
GSIB.US,60,20251226,170000,53.1599,53.23,52.88,53.17,6739,0
GSIB.US,60,20251226,210000,52.976,53.1,52.976,53.1,1551,0
GSIB.US,60,20251226,220000,53.075,53.128,53.075,53.128,400,0
