<TICKER>,<PER>,<DATE>,<TIME>,<OPEN>,<HIGH>,<LOW>,<CLOSE>,<VOL>,<OPENINT>
IBTQ.US,60,20250331,160000,24.89,25.27,24.89,25.2699,2900,0
IBTQ.US,60,20250331,180000,25.1891,25.19,25.1891,25.19,696,0
IBTQ.US,60,20250331,220000,25.21,25.21,25.21,25.21,100,0
IBTQ.US,60,20250401,180000,25.36,25.44,25.35,25.35,8200,0
IBTQ.US,60,20250401,210000,25.36,25.36,25.35,25.35,1500,0
IBTQ.US,60,20250401,220000,25.34,25.34,25.34,25.34,300,0
IBTQ.US,60,20250403,170000,25.37,25.61,25.37,25.61,200,0
IBTQ.US,60,20250403,210000,25.57,25.57,25.57,25.57,100,0
IBTQ.US,60,20250404,200000,25.8099,25.8099,25.8099,25.8099,100,0
IBTQ.US,60,20250407,180000,25.51,25.51,25.51,25.51,100,0
IBTQ.US,60,20250408,170000,25.19,25.19,25.179,25.1899,1744,0
IBTQ.US,60,20250408,180000,25.26,25.2749,25.26,25.2749,512,0
IBTQ.US,60,20250408,190000,25.28,25.325,25.2727,25.29,2200,0
IBTQ.US,60,20250408,200000,25.32,25.32,25.2954,25.2954,300,0
IBTQ.US,60,20250408,210000,25.18,25.2,25.15,25.1828,900,0
IBTQ.US,60,20250408,220000,25.2061,25.227,25.1999,25.21,4650,0
IBTQ.US,60,20250409,160000,24.97,24.99,24.92,24.98,2300,0
IBTQ.US,60,20250409,170000,25,25,24.94,24.97,1200,0
IBTQ.US,60,20250409,200000,24.9251,24.93,24.8958,24.93,3320,0
IBTQ.US,60,20250409,220000,24.93,24.94,24.9297,24.9297,1400,0
IBTQ.US,60,20250410,180000,25.06,25.06,25.06,25.06,100,0
IBTQ.US,60,20250410,220000,24.88,24.89,24.88,24.89,2100,0
IBTQ.US,60,20250411,190000,24.699,24.699,24.699,24.699,100,0
IBTQ.US,60,20250411,210000,24.73,24.73,24.7197,24.7197,1813,0
IBTQ.US,60,20250411,220000,24.74,24.77,24.74,24.77,600,0
IBTQ.US,60,20250414,160000,24.8804,24.8804,24.8804,24.8804,100,0
IBTQ.US,60,20250414,170000,24.8692,24.8692,24.86,24.86,423,0
IBTQ.US,60,20250414,190000,24.88,24.88,24.88,24.88,100,0
IBTQ.US,60,20250414,200000,24.879,24.879,24.879,24.879,200,0
IBTQ.US,60,20250414,210000,24.98,24.98,24.97,24.98,900,0
IBTQ.US,60,20250415,220000,24.96,25.06,24.949,25.06,3068,0
IBTQ.US,60,20250416,200000,25.08,25.08,25.08,25.08,217,0
IBTQ.US,60,20250416,210000,25.1305,25.14,25.1305,25.14,520,0
IBTQ.US,60,20250416,220000,25.15,25.15,25.15,25.15,100,0
IBTQ.US,60,20250417,170000,25.15,25.15,25.1251,25.1251,2420,0
IBTQ.US,60,20250417,180000,25.1274,25.1274,25.12,25.12,350,0
IBTQ.US,60,20250417,220000,25.02,25.02,25.02,25.02,200,0
IBTQ.US,60,20250421,170000,25.03,25.03,25.03,25.03,280,0
IBTQ.US,60,20250421,210000,24.94,24.94,24.9399,24.9399,800,0
IBTQ.US,60,20250422,160000,24.94,24.9509,24.93,24.9509,1582,0
IBTQ.US,60,20250422,180000,24.93,24.93,24.93,24.93,100,0
IBTQ.US,60,20250422,190000,24.9532,24.9532,24.9532,24.9532,200,0
IBTQ.US,60,20250422,200000,24.95,24.95,24.95,24.95,100,0
IBTQ.US,60,20250425,170000,25.15,25.15,25.15,25.15,100,0
IBTQ.US,60,20250425,190000,25.2099,25.2099,25.2099,25.2099,10904,0
IBTQ.US,60,20250429,170000,25.21,25.35,25.21,25.35,379,0
IBTQ.US,60,20250501,190000,25.19,25.19,25.19,25.19,100,0
IBTQ.US,60,20250501,210000,25.1765,25.1765,25.1765,25.1765,596,0
IBTQ.US,60,20250501,220000,25.18,25.18,25.18,25.18,100,0
IBTQ.US,60,20250505,200000,24.9417,24.9484,24.9417,24.9484,1000,0
IBTQ.US,60,20250505,210000,24.93,24.93,24.93,24.93,100,0
IBTQ.US,60,20250505,220000,24.98,24.98,24.98,24.98,18551,0
IBTQ.US,60,20250506,190000,24.96,24.9665,24.9599,24.9665,1304,0
IBTQ.US,60,20250506,220000,25.05,25.05,25.04,25.0464,2139,0
IBTQ.US,60,20250507,200000,25.1183,25.1183,25.1183,25.1183,240,0
IBTQ.US,60,20250507,210000,25.16,25.16,25.1547,25.155,300,0
IBTQ.US,60,20250508,180000,25.06,25.06,25.05,25.05,900,0
IBTQ.US,60,20250508,200000,24.96,24.96,24.96,24.96,100,0
IBTQ.US,60,20250508,220000,24.94,24.94,24.94,24.94,100,0
IBTQ.US,60,20250509,210000,24.96,24.97,24.96,24.97,1493,0
IBTQ.US,60,20250509,220000,24.95,24.95,24.95,24.95,382,0
IBTQ.US,60,20250512,160000,24.8,24.8,24.8,24.8,220,0
IBTQ.US,60,20250512,190000,24.8098,24.8098,24.8098,24.8098,2180,0
IBTQ.US,60,20250513,170000,24.75,24.76,24.75,24.76,1000,0
IBTQ.US,60,20250513,180000,24.778,24.778,24.778,24.778,3000,0
IBTQ.US,60,20250513,190000,24.71,24.71,24.7,24.7,2180,0
IBTQ.US,60,20250514,170000,24.73,24.73,24.6992,24.6992,600,0
IBTQ.US,60,20250514,180000,24.7,24.7,24.7,24.7,200,0
IBTQ.US,60,20250514,190000,24.67,24.67,24.67,24.67,271,0
IBTQ.US,60,20250514,210000,24.67,24.68,24.665,24.67,10360,0
IBTQ.US,60,20250515,200000,24.8204,24.8204,24.8204,24.8204,1268,0
IBTQ.US,60,20250516,160000,25.45,25.45,24.91,24.9198,2480,0
IBTQ.US,60,20250519,200000,24.7383,24.7383,24.7383,24.7383,385,0
IBTQ.US,60,20250520,220000,24.79,24.81,24.77,24.77,5300,0
IBTQ.US,60,20250521,190000,24.6494,24.66,24.6494,24.66,1326,0
IBTQ.US,60,20250521,200000,24.5897,24.59,24.5897,24.5899,897,0
IBTQ.US,60,20250521,220000,24.5592,24.57,24.5592,24.57,1133,0
IBTQ.US,60,20250522,170000,24.574,24.574,24.574,24.574,405,0
IBTQ.US,60,20250522,210000,24.65,24.65,24.63,24.63,911,0
IBTQ.US,60,20250523,170000,24.74,24.74,24.74,24.74,4870,0
IBTQ.US,60,20250523,190000,24.75,24.75,24.75,24.75,100,0
IBTQ.US,60,20250527,170000,24.8011,24.83,24.8,24.81,5847,0
IBTQ.US,60,20250527,180000,24.83,24.83,24.83,24.83,200,0
IBTQ.US,60,20250527,220000,24.88,24.88,24.88,24.88,100,0
IBTQ.US,60,20250528,170000,24.8,24.8,24.79,24.79,2853,0
IBTQ.US,60,20250529,160000,24.8884,24.8884,24.8884,24.8884,150,0
IBTQ.US,60,20250529,170000,24.86,24.86,24.86,24.86,100,0
IBTQ.US,60,20250529,180000,24.8791,24.8791,24.8791,24.8791,242,0
IBTQ.US,60,20250529,210000,24.895,24.91,24.89,24.89,480,0
IBTQ.US,60,20250530,170000,24.96,24.96,24.95,24.95,200,0
IBTQ.US,60,20250530,210000,24.92,24.92,24.92,24.92,600,0
IBTQ.US,60,20250530,220000,24.91,24.95,24.91,24.95,13787,0
IBTQ.US,60,20250602,160000,24.81,24.81,24.81,24.81,105,0
IBTQ.US,60,20250602,170000,24.83,24.83,24.8299,24.8299,1920,0
IBTQ.US,60,20250602,180000,24.81,24.81,24.81,24.81,738,0
IBTQ.US,60,20250602,190000,24.7754,24.7754,24.7754,24.7754,800,0
IBTQ.US,60,20250602,200000,24.7592,24.7592,24.7592,24.7592,150,0
IBTQ.US,60,20250602,210000,24.759,24.759,24.75,24.75,500,0
IBTQ.US,60,20250603,170000,24.82,24.82,24.82,24.82,100,0
IBTQ.US,60,20250603,200000,24.76,24.76,24.76,24.76,100,0
IBTQ.US,60,20250603,210000,24.75,24.7698,24.75,24.7698,2901,0
IBTQ.US,60,20250604,180000,24.9246,24.9246,24.9246,24.9246,500,0
IBTQ.US,60,20250605,170000,24.99,24.99,24.99,24.99,100,0
IBTQ.US,60,20250605,180000,24.92,24.92,24.919,24.919,760,0
IBTQ.US,60,20250605,200000,24.92,24.92,24.92,24.92,100,0
IBTQ.US,60,20250605,210000,24.89,24.9,24.89,24.9,425,0
IBTQ.US,60,20250606,160000,24.75,24.75,24.75,24.75,400,0
IBTQ.US,60,20250606,180000,24.77,24.77,24.7499,24.7499,625,0
IBTQ.US,60,20250606,190000,24.74,24.74,24.74,24.74,100,0
IBTQ.US,60,20250606,210000,24.69,24.7,24.69,24.7,300,0
IBTQ.US,60,20250609,170000,24.71,24.71,24.69,24.69,284,0
IBTQ.US,60,20250609,180000,24.735,24.74,24.735,24.74,1361,0
IBTQ.US,60,20250609,190000,24.74,24.74,24.74,24.74,200,0
IBTQ.US,60,20250609,200000,24.748,24.758,24.748,24.758,1360,0
IBTQ.US,60,20250609,210000,24.76,24.76,24.76,24.76,100,0
IBTQ.US,60,20250611,220000,24.89,24.89,24.89,24.89,1020,0
IBTQ.US,60,20250612,160000,24.99,24.99,24.9827,24.99,3637,0
IBTQ.US,60,20250612,190000,24.97,24.97,24.97,24.97,126,0
IBTQ.US,60,20250612,200000,24.985,24.99,24.985,24.99,1973,0
IBTQ.US,60,20250612,210000,24.99,24.99,24.985,24.985,594,0
IBTQ.US,60,20250613,160000,24.95,25,24.93,24.95,3300,0
IBTQ.US,60,20250613,170000,24.919,24.919,24.899,24.899,680,0
IBTQ.US,60,20250613,180000,24.89,24.89,24.89,24.89,100,0
IBTQ.US,60,20250613,190000,24.89,24.89,24.89,24.89,100,0
IBTQ.US,60,20250616,200000,24.87,24.89,24.83,24.83,3145,0
IBTQ.US,60,20250617,170000,24.86,24.86,24.86,24.86,100,0
IBTQ.US,60,20250617,220000,24.9455,24.9455,24.9455,24.9455,101,0
IBTQ.US,60,20250618,170000,25.0079,25.0079,25,25,500,0
IBTQ.US,60,20250618,200000,24.9995,25.01,24.9995,25.0095,2980,0
IBTQ.US,60,20250620,210000,24.99,25,24.99,25,219,0
IBTQ.US,60,20250620,220000,25.005,25.0086,25,25,4184,0
IBTQ.US,60,20250623,170000,25.11,25.11,25.11,25.11,100,0
IBTQ.US,60,20250623,180000,25.1186,25.13,25.1186,25.1191,2099,0
IBTQ.US,60,20250623,190000,25.14,25.14,25.14,25.14,100,0
IBTQ.US,60,20250623,200000,25.14,25.14,25.1182,25.1182,937,0
IBTQ.US,60,20250623,220000,25.11,25.11,25.11,25.11,100,0
IBTQ.US,60,20250624,170000,25.13,25.14,25.13,25.14,1684,0
IBTQ.US,60,20250624,200000,25.145,25.15,25.1428,25.15,1035,0
IBTQ.US,60,20250626,220000,25.23,25.23,25.23,25.23,100,0
IBTQ.US,60,20250627,160000,25.22,25.23,25.22,25.23,1000,0
IBTQ.US,60,20250627,170000,25.21,25.22,25.21,25.21,1200,0
IBTQ.US,60,20250627,180000,25.2052,25.23,25.19,25.23,3260,0
IBTQ.US,60,20250627,210000,25.21,25.23,25.21,25.21,2597,0
IBTQ.US,60,20250627,220000,25.195,25.195,25.195,25.195,200,0
IBTQ.US,60,20250630,170000,25.23,25.23,25.23,25.23,100,0
IBTQ.US,60,20250630,200000,25.2796,25.2796,25.2796,25.2796,100,0
IBTQ.US,60,20250701,180000,25.16,25.16,25.15,25.15,200,0
IBTQ.US,60,20250701,190000,25.13,25.13,25.13,25.13,460,0
IBTQ.US,60,20250701,220000,25.17,25.23,25.16,25.17,36142,0
IBTQ.US,60,20250702,170000,25.09,25.09,25.09,25.09,100,0
IBTQ.US,60,20250702,180000,25.1,25.1,25.1,25.1,200,0
IBTQ.US,60,20250702,200000,25.07,25.0817,25.07,25.0817,340,0
IBTQ.US,60,20250703,160000,25.03,25.03,25.03,25.03,100,0
IBTQ.US,60,20250703,170000,24.9999,24.9999,24.9999,24.9999,2400,0
IBTQ.US,60,20250703,190000,25.03,25.03,25.03,25.03,100,0
IBTQ.US,60,20250707,160000,24.94,24.94,24.94,24.94,400,0
IBTQ.US,60,20250707,170000,24.9592,24.9592,24.9446,24.9446,928,0
IBTQ.US,60,20250707,180000,24.9432,24.945,24.92,24.92,5960,0
IBTQ.US,60,20250707,190000,24.93,24.94,24.92,24.94,1050,0
IBTQ.US,60,20250707,200000,24.9355,24.9355,24.9355,24.9355,250,0
IBTQ.US,60,20250707,210000,24.935,24.935,24.925,24.925,800,0
IBTQ.US,60,20250707,220000,24.929,24.929,24.929,24.929,110,0
IBTQ.US,60,20250708,170000,24.86,24.86,24.8547,24.8547,320,0
IBTQ.US,60,20250708,180000,24.85,24.87,24.85,24.87,705,0
IBTQ.US,60,20250708,190000,24.869,24.88,24.8689,24.8689,5177,0
IBTQ.US,60,20250708,200000,24.859,24.859,24.859,24.859,413,0
IBTQ.US,60,20250708,210000,24.8548,24.8548,24.8548,24.8548,413,0
IBTQ.US,60,20250708,220000,24.87,24.87,24.87,24.87,100,0
IBTQ.US,60,20250709,170000,24.95,24.95,24.95,24.95,4000,0
IBTQ.US,60,20250709,180000,24.9447,24.9447,24.9447,24.9447,1322,0
IBTQ.US,60,20250709,190000,24.97,24.97,24.96,24.96,1901,0
IBTQ.US,60,20250710,170000,24.9647,24.9647,24.9647,24.9647,400,0
IBTQ.US,60,20250710,180000,24.97,24.97,24.97,24.97,480,0
IBTQ.US,60,20250711,190000,24.8889,24.89,24.8889,24.89,200,0
IBTQ.US,60,20250711,200000,24.8892,24.8892,24.8892,24.8892,104,0
IBTQ.US,60,20250711,220000,24.88,24.89,24.88,24.89,3160,0
IBTQ.US,60,20250714,160000,24.91,24.97,24.9,24.97,2710,0
IBTQ.US,60,20250714,170000,24.88,24.88,24.88,24.88,200,0
IBTQ.US,60,20250714,180000,24.84,24.84,24.84,24.84,100,0
IBTQ.US,60,20250714,190000,24.84,24.84,24.84,24.84,16602,0
IBTQ.US,60,20250714,210000,24.8727,24.8727,24.8727,24.8727,201,0
IBTQ.US,60,20250714,220000,24.88,24.88,24.88,24.88,100,0
IBTQ.US,60,20250715,170000,24.8,24.8,24.8,24.8,200,0
IBTQ.US,60,20250715,180000,24.78,24.7801,24.78,24.7801,504,0
IBTQ.US,60,20250715,200000,24.7747,24.7747,24.7747,24.7747,201,0
IBTQ.US,60,20250715,220000,24.77,24.77,24.77,24.77,2700,0
IBTQ.US,60,20250716,170000,24.84,24.84,24.84,24.84,200,0
IBTQ.US,60,20250716,180000,24.77,24.8,24.77,24.8,5367,0
IBTQ.US,60,20250716,210000,24.8299,24.8299,24.8299,24.8299,3312,0
IBTQ.US,60,20250716,220000,24.83,24.83,24.829,24.829,219,0
IBTQ.US,60,20250717,160000,24.85,24.87,24.85,24.87,376443,0
IBTQ.US,60,20250717,170000,24.85,24.87,24.85,24.86,208341,0
IBTQ.US,60,20250717,180000,24.86,25.03,24.85,24.85,312639,0
IBTQ.US,60,20250717,190000,24.84,24.84,24.84,24.84,100,0
IBTQ.US,60,20250717,200000,24.82,24.84,24.82,24.83,81471,0
IBTQ.US,60,20250717,210000,24.83,24.83,24.83,24.83,100,0
IBTQ.US,60,20250718,170000,24.8702,24.8702,24.8702,24.8702,327,0
IBTQ.US,60,20250718,210000,24.8905,24.8905,24.8905,24.8905,100,0
IBTQ.US,60,20250721,160000,24.98,24.98,24.98,24.98,1000,0
IBTQ.US,60,20250721,190000,25.02,25.02,25.02,25.02,100,0
IBTQ.US,60,20250721,200000,25.02,25.02,25.02,25.02,100,0
IBTQ.US,60,20250722,180000,25.07,25.08,25.07,25.08,3200,0
IBTQ.US,60,20250722,190000,25.08,25.08,25.08,25.08,4700,0
IBTQ.US,60,20250722,220000,25.07,25.08,25.058,25.058,17427,0
IBTQ.US,60,20250723,160000,24.97,24.97,24.97,24.97,200,0
IBTQ.US,60,20250723,170000,25,25.01,25,25.01,27406,0
IBTQ.US,60,20250723,180000,25,25,25,25,170,0
IBTQ.US,60,20250723,200000,24.97,25.01,24.9615,25,6712,0
IBTQ.US,60,20250723,210000,24.98,24.98,24.98,24.98,120,0
IBTQ.US,60,20250723,220000,24.97,24.97,24.97,24.97,525,0
IBTQ.US,60,20250724,170000,24.93,24.93,24.93,24.93,153,0
IBTQ.US,60,20250724,180000,24.93,24.93,24.93,24.93,463,0
IBTQ.US,60,20250724,220000,24.93,24.93,24.93,24.93,200,0
IBTQ.US,60,20250725,170000,24.91,24.91,24.91,24.91,100,0
IBTQ.US,60,20250725,190000,24.97,24.97,24.97,24.97,120,0
IBTQ.US,60,20250725,210000,24.98,25.025,24.98,24.99,19717,0
IBTQ.US,60,20250725,220000,24.99,25.01,24.98,24.998,10705,0
IBTQ.US,60,20250728,160000,24.96,24.96,24.96,24.96,195,0
IBTQ.US,60,20250728,170000,24.9318,24.95,24.9318,24.95,682,0
IBTQ.US,60,20250728,180000,24.925,24.925,24.925,24.925,260,0
IBTQ.US,60,20250728,190000,24.93,24.93,24.93,24.93,200,0
IBTQ.US,60,20250728,200000,24.9491,24.9491,24.9491,24.9491,117,0
IBTQ.US,60,20250728,220000,24.9347,24.94,24.9347,24.938,2172,0
IBTQ.US,60,20250729,160000,24.97,24.97,24.97,24.97,112,0
IBTQ.US,60,20250729,180000,25.065,25.065,25.065,25.065,240,0
IBTQ.US,60,20250729,220000,25.107,25.12,25.1065,25.118,9851,0
IBTQ.US,60,20250730,160000,25.02,25.02,25.01,25.01,725,0
IBTQ.US,60,20250730,170000,25.03,25.0367,25.03,25.0367,300,0
IBTQ.US,60,20250730,180000,25.03,25.03,25.0247,25.0247,499,0
IBTQ.US,60,20250730,190000,25.04,25.04,25.04,25.04,100,0
IBTQ.US,60,20250730,200000,25.05,25.06,25.05,25.06,300,0
IBTQ.US,60,20250730,210000,25.08,25.08,25.08,25.08,100,0
IBTQ.US,60,20250730,220000,25.05,25.05,25.025,25.04,1477,0
IBTQ.US,60,20250731,160000,25.07,25.07,25.07,25.07,760,0
IBTQ.US,60,20250731,170000,25.0734,25.08,25.0734,25.08,700,0
IBTQ.US,60,20250731,180000,25.1,25.11,25.1,25.1099,300,0
IBTQ.US,60,20250731,190000,25.07,25.07,25.07,25.07,100,0
IBTQ.US,60,20250731,220000,25.0435,25.05,25.0435,25.048,2749,0
IBTQ.US,60,20250801,160000,25.21,25.21,25.2096,25.2096,219,0
IBTQ.US,60,20250801,170000,25.25,25.25,25.25,25.25,100,0
IBTQ.US,60,20250801,180000,25.245,25.245,25.245,25.245,199,0
IBTQ.US,60,20250801,200000,25.27,25.27,25.2699,25.2699,600,0
IBTQ.US,60,20250801,210000,25.28,25.28,25.28,25.28,100,0
IBTQ.US,60,20250801,220000,25.2999,25.3,25.29,25.299,833,0
IBTQ.US,60,20250804,160000,25.32,25.32,25.31,25.31,359,0
IBTQ.US,60,20250804,170000,25.28,25.29,25.27,25.27,500,0
IBTQ.US,60,20250804,180000,25.28,25.31,25.28,25.31,500,0
IBTQ.US,60,20250804,190000,25.31,25.32,25.31,25.32,1830,0
IBTQ.US,60,20250804,200000,25.32,25.32,25.32,25.32,374,0
IBTQ.US,60,20250804,210000,25.32,25.32,25.32,25.32,100,0
IBTQ.US,60,20250804,220000,25.33,25.34,25.3247,25.33,2356,0
IBTQ.US,60,20250805,160000,25.29,25.29,25.29,25.29,100,0
IBTQ.US,60,20250805,170000,25.295,25.3,25.295,25.3,784,0
IBTQ.US,60,20250805,180000,25.3396,25.34,25.3396,25.34,401,0
IBTQ.US,60,20250805,190000,25.31,25.31,25.31,25.31,100,0
IBTQ.US,60,20250805,200000,25.319,25.319,25.319,25.319,523,0
IBTQ.US,60,20250805,220000,25.32,25.32,25.319,25.32,1885,0
IBTQ.US,60,20250806,160000,25.2656,25.2656,25.2601,25.2601,636,0
IBTQ.US,60,20250806,170000,25.29,25.29,25.29,25.29,100,0
IBTQ.US,60,20250806,180000,25.2884,25.3,25.24,25.24,3916,0
IBTQ.US,60,20250806,190000,25.261,25.261,25.261,25.261,142,0
IBTQ.US,60,20250806,200000,25.255,25.255,25.255,25.255,742,0
IBTQ.US,60,20250806,210000,25.27,25.27,25.27,25.27,100,0
IBTQ.US,60,20250806,220000,25.267,25.29,25.267,25.29,2918,0
IBTQ.US,60,20250807,160000,25.31,25.31,25.31,25.31,100,0
IBTQ.US,60,20250807,180000,25.303,25.303,25.3,25.3,461,0
IBTQ.US,60,20250807,210000,25.27,25.27,25.2584,25.2584,235,0
IBTQ.US,60,20250807,220000,25.27,25.2888,25.25,25.277,13208,0
IBTQ.US,60,20250808,160000,25.22,25.22,25.21,25.21,200,0
IBTQ.US,60,20250808,180000,25.22,25.22,25.2072,25.21,1184,0
IBTQ.US,60,20250808,190000,25.21,25.21,25.21,25.21,100,0
IBTQ.US,60,20250808,200000,25.21,25.21,25.21,25.21,449,0
IBTQ.US,60,20250808,210000,25.2099,25.2099,25.2,25.2,855,0
IBTQ.US,60,20250808,220000,25.21,25.21,25.205,25.207,607,0
IBTQ.US,60,20250811,160000,25.24,25.24,25.22,25.22,3075,0
IBTQ.US,60,20250811,170000,25.23,25.23,25.22,25.22,465,0
IBTQ.US,60,20250811,180000,25.23,25.23,25.23,25.23,100,0
IBTQ.US,60,20250811,190000,25.25,25.26,25.25,25.26,327,0
IBTQ.US,60,20250811,200000,25.25,25.25,25.24,25.2489,1328,0
IBTQ.US,60,20250811,220000,25.2147,25.2289,25.2147,25.2289,1193,0
IBTQ.US,60,20250812,170000,25.17,25.17,25.17,25.17,100,0
IBTQ.US,60,20250812,190000,25.18,25.23,25.17,25.23,4550,0
IBTQ.US,60,20250812,200000,25.2,25.2,25.2,25.2,100,0
IBTQ.US,60,20250812,210000,25.1955,25.1955,25.1955,25.1955,200,0
IBTQ.US,60,20250812,220000,25.2,25.2399,25.1927,25.198,13335,0
IBTQ.US,60,20250813,160000,25.27,25.27,25.27,25.27,108,0
IBTQ.US,60,20250813,170000,25.31,25.31,25.31,25.31,100,0
IBTQ.US,60,20250813,180000,25.31,25.32,25.31,25.32,4049,0
IBTQ.US,60,20250813,210000,25.31,25.315,25.31,25.31,1189,0
IBTQ.US,60,20250813,220000,25.2951,25.3,25.2951,25.2999,3117,0
IBTQ.US,60,20250814,170000,25.2411,25.2411,25.2411,25.2411,107,0
IBTQ.US,60,20250814,180000,25.2202,25.23,25.205,25.2051,3792,0
IBTQ.US,60,20250814,190000,25.205,25.205,25.18,25.18,800,0
IBTQ.US,60,20250814,210000,25.19,25.19,25.19,25.19,396,0
IBTQ.US,60,20250814,220000,25.2086,25.2086,25.2086,25.2086,926,0
IBTQ.US,60,20250815,200000,25.15,25.155,25.15,25.155,455,0
IBTQ.US,60,20250815,210000,25.1395,25.1395,25.1395,25.1395,1200,0
IBTQ.US,60,20250815,220000,25.13,25.13,25.13,25.13,1033,0
IBTQ.US,60,20250818,170000,25.14,25.14,25.14,25.14,100,0
IBTQ.US,60,20250818,180000,25.13,25.13,25.13,25.13,200,0
IBTQ.US,60,20250818,190000,25.1254,25.13,25.1254,25.13,344,0
IBTQ.US,60,20250818,220000,25.12,25.12,25.1181,25.1181,1961,0
IBTQ.US,60,20250819,160000,25.1863,25.1863,25.1863,25.1863,650,0
IBTQ.US,60,20250819,170000,25.18,25.18,25.18,25.18,100,0
IBTQ.US,60,20250819,210000,25.1818,25.1818,25.1818,25.1818,619,0
IBTQ.US,60,20250819,220000,25.2,25.2052,25.19,25.2052,1678,0
IBTQ.US,60,20250820,170000,25.22,25.24,25.215,25.2289,4260,0
IBTQ.US,60,20250820,180000,25.2488,25.2488,25.2488,25.2488,175,0
IBTQ.US,60,20250820,210000,25.24,25.24,25.21,25.21,5028,0
IBTQ.US,60,20250820,220000,25.23,25.23,25.22,25.227,2445,0
IBTQ.US,60,20250821,170000,25.145,25.15,25.145,25.15,215,0
IBTQ.US,60,20250821,180000,25.15,25.15,25.15,25.15,200,0
IBTQ.US,60,20250821,200000,25.1499,25.1501,25.14,25.1401,6142,0
IBTQ.US,60,20250821,220000,25.15,25.16,25.15,25.157,17360,0
IBTQ.US,60,20250822,160000,25.18,25.1892,25.18,25.1892,2431,0
IBTQ.US,60,20250822,170000,25.2995,25.2999,25.28,25.28,5201,0
IBTQ.US,60,20250822,180000,25.3009,25.3009,25.3009,25.3009,106,0
IBTQ.US,60,20250822,190000,25.3,25.3,25.2999,25.2999,1200,0
IBTQ.US,60,20250822,220000,25.2952,25.3,25.2946,25.297,2366,0
IBTQ.US,60,20250825,160000,25.25,25.25,25.2392,25.2392,633,0
IBTQ.US,60,20250825,170000,25.2218,25.23,25.2218,25.23,365,0
IBTQ.US,60,20250825,180000,25.2475,25.25,25.2475,25.25,1871,0
IBTQ.US,60,20250825,190000,25.249,25.249,25.249,25.249,100,0
IBTQ.US,60,20250825,210000,25.2783,25.2783,25.2783,25.2783,396,0
IBTQ.US,60,20250825,220000,25.265,25.27,25.26,25.26,1474,0
IBTQ.US,60,20250826,170000,25.2518,25.2518,25.2518,25.2518,400,0
IBTQ.US,60,20250826,190000,25.26,25.3,25.26,25.3,1200,0
IBTQ.US,60,20250826,220000,25.3146,25.32,25.3146,25.32,1445,0
IBTQ.US,60,20250827,160000,25.26,25.288,25.26,25.27,1618,0
IBTQ.US,60,20250827,170000,25.265,25.27,25.265,25.27,600,0
IBTQ.US,60,20250827,180000,25.3,25.3,25.3,25.3,100,0
IBTQ.US,60,20250827,190000,25.27,25.31,25.27,25.31,900,0
IBTQ.US,60,20250827,200000,25.325,25.325,25.325,25.325,570,0
IBTQ.US,60,20250827,220000,25.3403,25.3403,25.3403,25.3403,1670,0
IBTQ.US,60,20250828,160000,25.36,25.37,25.359,25.362,1418,0
IBTQ.US,60,20250828,170000,25.36,25.39,25.36,25.39,568,0
IBTQ.US,60,20250828,180000,25.38,25.39,25.38,25.39,200,0
IBTQ.US,60,20250828,190000,25.39,25.41,25.385,25.39,737,0
IBTQ.US,60,20250828,220000,25.39,25.43,25.39,25.43,2138,0
IBTQ.US,60,20250829,160000,25.375,25.375,25.365,25.365,1530,0
IBTQ.US,60,20250829,170000,25.375,25.4,25.375,25.4,2998,0
IBTQ.US,60,20250829,180000,25.395,25.395,25.3663,25.39,2713,0
IBTQ.US,60,20250829,190000,25.39,25.41,25.39,25.4,1610,0
IBTQ.US,60,20250829,200000,25.4,25.4,25.4,25.4,200,0
IBTQ.US,60,20250829,210000,25.3972,25.3972,25.3972,25.3972,3200,0
IBTQ.US,60,20250829,220000,25.4043,25.4043,25.4043,25.4043,268,0
IBTQ.US,60,20250902,160000,25.2,25.2,25.2,25.2,135,0
IBTQ.US,60,20250902,170000,25.21,25.2389,25.21,25.2389,700,0
IBTQ.US,60,20250902,180000,25.23,25.23,25.22,25.22,300,0
IBTQ.US,60,20250902,190000,25.21,25.21,25.21,25.21,108,0
IBTQ.US,60,20250902,200000,25.22,25.22,25.22,25.22,100,0
IBTQ.US,60,20250902,220000,25.2045,25.21,25.2045,25.21,521,0
IBTQ.US,60,20250903,170000,25.29,25.34,25.28,25.34,872985,0
IBTQ.US,60,20250903,180000,25.33,25.33,25.3235,25.33,400,0
IBTQ.US,60,20250903,200000,25.36,25.36,25.36,25.36,100,0
IBTQ.US,60,20250903,220000,25.35,25.36,25.317,25.317,8234,0
IBTQ.US,60,20250904,170000,25.38,25.38,25.38,25.38,311,0
IBTQ.US,60,20250904,180000,25.37,25.37,25.37,25.37,100,0
IBTQ.US,60,20250904,190000,25.41,25.42,25.4099,25.41,9291,0
IBTQ.US,60,20250904,200000,25.4199,25.4199,25.4199,25.4199,13487,0
IBTQ.US,60,20250904,210000,25.405,25.41,25.405,25.41,1139,0
IBTQ.US,60,20250904,220000,25.44,25.44,25.4294,25.4399,23991,0
IBTQ.US,60,20250905,170000,25.6,25.61,25.6,25.61,549,0
IBTQ.US,60,20250905,180000,25.621,25.645,25.62,25.6299,6120,0
IBTQ.US,60,20250905,190000,25.635,25.64,25.6201,25.64,1908,0
IBTQ.US,60,20250905,200000,25.6358,25.6358,25.635,25.635,1610,0
IBTQ.US,60,20250905,210000,25.63,25.64,25.62,25.635,16844,0
IBTQ.US,60,20250905,220000,25.63,25.63,25.597,25.597,15892,0
IBTQ.US,60,20250908,160000,25.68,25.68,25.68,25.68,100,0
IBTQ.US,60,20250908,180000,25.68,25.92,25.67,25.67,25309,0
IBTQ.US,60,20250908,190000,25.68,25.68,25.65,25.6592,832,0
IBTQ.US,60,20250908,200000,25.66,25.66,25.66,25.66,100,0
IBTQ.US,60,20250908,210000,25.66,25.68,25.66,25.68,900,0
IBTQ.US,60,20250908,220000,25.68,25.6999,25.68,25.69,15041,0
IBTQ.US,60,20250909,160000,25.663,25.663,25.6599,25.6599,1363,0
IBTQ.US,60,20250909,170000,25.65,25.65,25.6299,25.6299,1270,0
IBTQ.US,60,20250909,180000,25.625,25.625,25.61,25.6199,6244,0
IBTQ.US,60,20250909,190000,25.6192,25.62,25.6157,25.62,2238,0
IBTQ.US,60,20250909,210000,25.637,25.637,25.6301,25.6301,624,0
IBTQ.US,60,20250909,220000,25.63,25.63,25.62,25.62,4474,0
IBTQ.US,60,20250910,170000,25.67,25.67,25.67,25.67,100,0
IBTQ.US,60,20250910,180000,25.6699,25.69,25.6699,25.69,1758,0
IBTQ.US,60,20250910,190000,25.69,25.76,25.6899,25.69,5250,0
IBTQ.US,60,20250910,210000,25.72,25.72,25.72,25.72,717,0
IBTQ.US,60,20250910,220000,25.7,25.71,25.7,25.7,2046,0
IBTQ.US,60,20250911,170000,25.78,25.78,25.78,25.78,100,0
IBTQ.US,60,20250911,180000,25.78,25.78,25.73,25.7465,6008,0
IBTQ.US,60,20250911,190000,25.7764,25.78,25.7764,25.78,5003,0
IBTQ.US,60,20250911,200000,25.77,25.77,25.77,25.77,200,0
IBTQ.US,60,20250911,210000,25.77,25.775,25.77,25.775,1800,0
IBTQ.US,60,20250911,220000,25.7788,25.7788,25.75,25.75,531,0
IBTQ.US,60,20250912,170000,25.6782,25.6782,25.65,25.659,6762,0
IBTQ.US,60,20250912,180000,25.66,25.66,25.66,25.66,200,0
IBTQ.US,60,20250912,190000,25.64,25.65,25.64,25.65,3162,0
IBTQ.US,60,20250912,210000,25.66,25.66,25.66,25.66,100,0
IBTQ.US,60,20250912,220000,25.6745,25.6792,25.6745,25.6792,809,0
IBTQ.US,60,20250915,160000,25.73,25.73,25.73,25.73,850,0
IBTQ.US,60,20250915,170000,25.71,25.71,25.7,25.71,17039,0
IBTQ.US,60,20250915,180000,25.7002,25.7002,25.7002,25.7002,1050,0
IBTQ.US,60,20250915,200000,25.7314,25.7314,25.7314,25.7314,125,0
IBTQ.US,60,20250915,210000,25.7283,25.7283,25.7283,25.7283,775,0
IBTQ.US,60,20250916,160000,25.75,25.75,25.7276,25.7276,3656,0
IBTQ.US,60,20250916,170000,25.72,25.73,25.72,25.73,877,0
IBTQ.US,60,20250916,180000,25.73,25.74,25.7001,25.7001,6430,0
IBTQ.US,60,20250916,190000,25.74,25.74,25.74,25.74,100,0
IBTQ.US,60,20250916,200000,25.75,25.75,25.7499,25.75,1492,0
IBTQ.US,60,20250916,210000,25.7491,25.7491,25.7462,25.7462,792,0
IBTQ.US,60,20250916,220000,25.74,25.7488,25.74,25.74,1102,0
IBTQ.US,60,20250917,170000,25.74,25.74,25.74,25.74,100,0
IBTQ.US,60,20250917,180000,25.73,25.74,25.7184,25.7184,1605,0
IBTQ.US,60,20250917,190000,25.7224,25.7236,25.72,25.72,2927,0
IBTQ.US,60,20250917,200000,25.6992,25.71,25.6992,25.71,390,0
IBTQ.US,60,20250917,210000,25.826,25.826,25.77,25.77,1300,0
IBTQ.US,60,20250917,220000,25.6699,25.6699,25.6699,25.6699,2280,0
IBTQ.US,60,20250918,160000,25.55,25.55,25.55,25.55,100,0
IBTQ.US,60,20250918,180000,25.569,25.569,25.569,25.569,391,0
IBTQ.US,60,20250918,210000,25.6,25.6,25.6,25.6,100,0
IBTQ.US,60,20250918,220000,25.6,25.6,25.59,25.59,1810,0
IBTQ.US,60,20250919,160000,25.565,25.565,25.565,25.565,158,0
IBTQ.US,60,20250919,170000,25.58,25.58,25.57,25.57,120736,0
IBTQ.US,60,20250919,180000,25.56,25.56,25.54,25.54,400,0
IBTQ.US,60,20250919,190000,25.54,25.55,25.54,25.55,673,0
IBTQ.US,60,20250919,200000,25.545,25.55,25.545,25.55,468,0
IBTQ.US,60,20250919,210000,25.5406,25.5406,25.5406,25.5406,251,0
IBTQ.US,60,20250919,220000,25.5592,25.57,25.5592,25.568,755,0
IBTQ.US,60,20250922,170000,25.57,25.57,25.55,25.55,1301,0
IBTQ.US,60,20250922,180000,25.55,25.55,25.54,25.54,200,0
IBTQ.US,60,20250922,200000,25.55,25.55,25.545,25.545,2612,0
IBTQ.US,60,20250922,210000,25.545,25.55,25.54,25.55,6803,0
IBTQ.US,60,20250922,220000,25.54,25.54,25.5247,25.53,1795,0
IBTQ.US,60,20250923,160000,25.56,25.56,25.558,25.558,1397,0
IBTQ.US,60,20250923,170000,25.54,25.54,25.535,25.54,1202,0
IBTQ.US,60,20250923,190000,25.57,25.57,25.57,25.57,100,0
IBTQ.US,60,20250923,200000,25.56,25.6,25.5394,25.59,5015,0
IBTQ.US,60,20250923,210000,25.585,25.59,25.585,25.59,3358,0
IBTQ.US,60,20250923,220000,25.6,25.6,25.5947,25.6,567,0
IBTQ.US,60,20250924,170000,25.545,25.55,25.545,25.55,200,0
IBTQ.US,60,20250924,180000,25.56,25.56,25.56,25.56,1587,0
IBTQ.US,60,20250924,210000,25.55,25.55,25.55,25.55,785,0
IBTQ.US,60,20250924,220000,25.5381,25.55,25.5381,25.55,5799,0
IBTQ.US,60,20250925,180000,25.45,25.45,25.45,25.45,500,0
IBTQ.US,60,20250925,200000,25.465,25.465,25.465,25.465,200,0
IBTQ.US,60,20250925,210000,25.46,25.46,25.46,25.46,698,0
IBTQ.US,60,20250925,220000,25.48,25.49,25.47,25.47,849,0
IBTQ.US,60,20250926,170000,25.4703,25.5135,25.4703,25.51,1387,0
IBTQ.US,60,20250926,180000,25.48,25.48,25.48,25.48,100,0
IBTQ.US,60,20250926,200000,25.4576,25.4698,25.4576,25.4599,2193,0
IBTQ.US,60,20250926,210000,25.4583,25.475,25.4583,25.47,3171,0
IBTQ.US,60,20250926,220000,25.4701,25.4701,25.44,25.469,2604,0
IBTQ.US,60,20250929,170000,25.54,25.54,25.535,25.54,696,0
IBTQ.US,60,20250929,190000,25.54,25.55,25.48,25.54,11813,0
IBTQ.US,60,20250929,220000,25.5499,25.55,25.53,25.5399,1713,0
IBTQ.US,60,20250930,160000,25.5999,25.5999,25.5994,25.5994,6204,0
IBTQ.US,60,20250930,170000,25.6,25.6,25.6,25.6,100,0
IBTQ.US,60,20250930,180000,25.58,25.58,25.58,25.58,100,0
IBTQ.US,60,20250930,200000,25.58,25.58,25.555,25.5563,1658,0
IBTQ.US,60,20250930,210000,25.56,25.56,25.55,25.55,500,0
IBTQ.US,60,20250930,220000,25.54,25.5497,25.54,25.5497,1850,0
IBTQ.US,60,20251001,160000,25.57,26,25.54,25.5713,6388,0
IBTQ.US,60,20251001,170000,25.54,25.54,25.54,25.54,100,0
IBTQ.US,60,20251001,180000,25.54,25.54,25.505,25.505,937,0
IBTQ.US,60,20251001,190000,25.5192,25.52,25.5192,25.5199,919,0
IBTQ.US,60,20251001,200000,25.54,25.54,25.53,25.53,215,0
IBTQ.US,60,20251001,210000,25.53,25.5318,25.53,25.5318,925,0
IBTQ.US,60,20251001,220000,25.548,25.548,25.548,25.548,140,0
IBTQ.US,60,20251002,170000,25.55,25.55,25.55,25.55,200,0
IBTQ.US,60,20251002,200000,25.59,25.59,25.589,25.589,328,0
IBTQ.US,60,20251002,210000,25.58,25.59,25.5778,25.5778,9992,0
IBTQ.US,60,20251002,220000,25.58,25.5882,25.57,25.58,690,0
IBTQ.US,60,20251003,160000,25.58,25.58,25.58,25.58,100,0
IBTQ.US,60,20251003,170000,25.545,25.55,25.5316,25.5316,7445,0
IBTQ.US,60,20251003,180000,25.56,25.56,25.56,25.56,100,0
IBTQ.US,60,20251003,190000,25.55,25.55,25.55,25.55,100,0
IBTQ.US,60,20251003,200000,25.5497,25.55,25.545,25.5462,3384,0
IBTQ.US,60,20251003,210000,25.54,25.54,25.54,25.54,100,0
IBTQ.US,60,20251006,160000,25.52,25.52,25.52,25.52,1015,0
IBTQ.US,60,20251006,170000,25.5,25.5,25.47,25.47,334,0
IBTQ.US,60,20251006,180000,25.47,25.47,25.47,25.47,100,0
IBTQ.US,60,20251006,200000,25.45,25.46,25.45,25.46,396,0
IBTQ.US,60,20251006,210000,25.45,25.45,25.45,25.45,257,0
IBTQ.US,60,20251006,220000,25.45,25.45,25.45,25.45,100,0
IBTQ.US,60,20251007,160000,25.4724,25.4724,25.4724,25.4724,160,0
IBTQ.US,60,20251007,170000,25.478,25.4899,25.478,25.4899,388,0
IBTQ.US,60,20251007,180000,25.51,25.52,25.5035,25.52,1082,0
IBTQ.US,60,20251007,190000,25.54,25.54,25.54,25.54,100,0
IBTQ.US,60,20251007,200000,25.55,25.55,25.5499,25.5499,450,0
IBTQ.US,60,20251007,210000,25.53,25.53,25.53,25.53,100,0
IBTQ.US,60,20251007,220000,25.5162,25.5199,25.5162,25.5199,1064,0
IBTQ.US,60,20251008,160000,25.54,25.54,25.54,25.54,100,0
IBTQ.US,60,20251008,170000,25.54,25.56,25.54,25.55,19677,0
IBTQ.US,60,20251008,180000,25.55,25.56,25.55,25.5538,3253,0
IBTQ.US,60,20251008,190000,25.53,25.56,25.53,25.56,2576,0
IBTQ.US,60,20251008,200000,25.54,25.54,25.52,25.52,7379,0
IBTQ.US,60,20251008,210000,25.51,25.51,25.5,25.51,3250,0
IBTQ.US,60,20251008,220000,25.51,25.52,25.51,25.52,2089,0
IBTQ.US,60,20251009,170000,25.49,25.49,25.49,25.49,100,0
IBTQ.US,60,20251009,180000,25.499,25.499,25.499,25.499,980,0
IBTQ.US,60,20251009,190000,25.4999,25.51,25.495,25.51,3901,0
IBTQ.US,60,20251009,210000,25.49,25.49,25.4835,25.49,760,0
IBTQ.US,60,20251009,220000,25.4999,25.4999,25.4999,25.4999,348,0
IBTQ.US,60,20251010,170000,25.6,25.6,25.5884,25.5884,414,0
IBTQ.US,60,20251010,190000,25.66,25.66,25.66,25.66,100,0
IBTQ.US,60,20251010,200000,25.6616,25.675,25.6616,25.675,1076,0
IBTQ.US,60,20251010,210000,25.6905,25.6905,25.6905,25.6905,5300,0
IBTQ.US,60,20251010,220000,25.68,25.68,25.67,25.67,200,0
IBTQ.US,60,20251013,160000,25.71,25.71,25.71,25.71,362,0
IBTQ.US,60,20251013,170000,25.65,25.65,25.643,25.643,1194,0
IBTQ.US,60,20251013,210000,25.6525,25.6632,25.6525,25.6632,859,0
IBTQ.US,60,20251013,220000,25.6776,25.7,25.6776,25.7,945,0
IBTQ.US,60,20251014,170000,25.7017,25.7139,25.7,25.7,799,0
IBTQ.US,60,20251014,200000,25.73,25.73,25.73,25.73,100,0
IBTQ.US,60,20251014,210000,25.7201,25.7201,25.7201,25.7201,1385,0
IBTQ.US,60,20251014,220000,25.75,25.75,25.75,25.75,200,0
IBTQ.US,60,20251015,170000,25.7601,25.77,25.7601,25.77,920,0
IBTQ.US,60,20251015,180000,25.77,25.78,25.74,25.74,3595,0
IBTQ.US,60,20251015,190000,25.73,25.73,25.73,25.73,100,0
IBTQ.US,60,20251015,200000,25.74,25.74,25.74,25.74,100,0
IBTQ.US,60,20251015,210000,25.71,25.71,25.71,25.71,200,0
IBTQ.US,60,20251015,220000,25.7,25.72,25.7,25.72,2480,0
IBTQ.US,60,20251016,170000,25.71,25.71,25.71,25.71,100,0
IBTQ.US,60,20251016,180000,25.72,25.75,25.72,25.75,1174,0
IBTQ.US,60,20251016,200000,25.82,25.82,25.82,25.82,100,0
IBTQ.US,60,20251016,210000,25.84,25.84,25.84,25.84,100,0
IBTQ.US,60,20251016,220000,25.86,25.86,25.845,25.8463,3860,0
IBTQ.US,60,20251017,170000,25.78,25.78,25.7688,25.7688,733,0
IBTQ.US,60,20251017,180000,25.81,25.81,25.81,25.81,100,0
IBTQ.US,60,20251017,190000,25.79,25.79,25.79,25.79,294,0
IBTQ.US,60,20251017,200000,25.81,25.81,25.81,25.81,100,0
IBTQ.US,60,20251017,210000,25.81,25.81,25.805,25.81,500,0
IBTQ.US,60,20251017,220000,25.8,25.81,25.79,25.81,954,0
IBTQ.US,60,20251020,160000,25.82,25.82,25.8018,25.81,460,0
IBTQ.US,60,20251020,170000,25.815,25.82,25.81,25.81,600,0
IBTQ.US,60,20251020,180000,25.8,25.8199,25.8,25.81,2521,0
IBTQ.US,60,20251020,210000,25.82,25.83,25.82,25.83,2440,0
IBTQ.US,60,20251020,220000,25.84,25.85,25.84,25.85,3413,0
IBTQ.US,60,20251021,160000,25.9098,25.9183,25.9098,25.9183,293,0
IBTQ.US,60,20251021,170000,25.91,25.91,25.8801,25.8999,2563,0
IBTQ.US,60,20251021,180000,25.89,25.895,25.89,25.89,687,0
IBTQ.US,60,20251021,190000,25.9,25.9,25.88,25.88,1187,0
IBTQ.US,60,20251021,200000,25.9,25.9,25.9,25.9,100,0
IBTQ.US,60,20251021,210000,25.8901,25.9,25.8901,25.9,1440,0
IBTQ.US,60,20251021,220000,25.9,25.91,25.89,25.899,3327,0
IBTQ.US,60,20251022,160000,25.8737,25.8737,25.8669,25.8669,2663,0
IBTQ.US,60,20251022,170000,25.87,25.87,25.865,25.865,273,0
IBTQ.US,60,20251022,180000,25.87,25.89,25.87,25.89,1390,0
IBTQ.US,60,20251022,200000,25.909,25.9186,25.909,25.9099,3861,0
IBTQ.US,60,20251022,210000,25.905,25.91,25.905,25.91,1627,0
IBTQ.US,60,20251022,220000,25.92,25.92,25.91,25.918,3227,0
IBTQ.US,60,20251023,160000,25.85,25.85,25.85,25.85,100,0
IBTQ.US,60,20251023,170000,25.8544,25.86,25.8535,25.8535,300,0
IBTQ.US,60,20251023,180000,25.85,25.85,25.82,25.82,1075,0
IBTQ.US,60,20251023,210000,25.83,25.83,25.8201,25.8275,1966,0
IBTQ.US,60,20251023,220000,25.825,25.83,25.81,25.83,7224,0
IBTQ.US,60,20251024,160000,25.8,25.8,25.8,25.8,100,0
IBTQ.US,60,20251024,170000,25.8357,25.84,25.8335,25.84,571,0
IBTQ.US,60,20251024,180000,25.8499,25.8499,25.83,25.83,2324,0
IBTQ.US,60,20251024,190000,25.83,25.84,25.83,25.84,394,0
IBTQ.US,60,20251024,200000,25.85,25.85,25.85,25.85,100,0
IBTQ.US,60,20251024,210000,25.84,25.84,25.84,25.84,100,0
IBTQ.US,60,20251024,220000,25.84,25.85,25.835,25.85,2067,0
IBTQ.US,60,20251027,160000,25.79,25.79,25.78,25.79,1521,0
IBTQ.US,60,20251027,170000,25.7846,25.79,25.78,25.79,500,0
IBTQ.US,60,20251027,180000,25.82,25.82,25.82,25.82,153,0
IBTQ.US,60,20251027,190000,25.8305,25.8305,25.82,25.82,805,0
IBTQ.US,60,20251027,200000,25.8297,25.8297,25.82,25.82,4100,0
IBTQ.US,60,20251027,210000,25.8316,25.86,25.8316,25.85,1384,0
IBTQ.US,60,20251028,150000,25.84,25.84,25.84,25.84,294,0
IBTQ.US,60,20251028,160000,25.8444,25.8444,25.8444,25.8444,157,0
IBTQ.US,60,20251028,170000,25.87,25.88,25.87,25.88,1900,0
IBTQ.US,60,20251028,180000,25.875,25.875,25.86,25.86,400,0
IBTQ.US,60,20251028,190000,25.8681,25.8681,25.8658,25.8658,675,0
IBTQ.US,60,20251028,200000,25.8646,25.8646,25.85,25.86,947,0
IBTQ.US,60,20251028,210000,25.85,25.88,25.85,25.88,3328,0
IBTQ.US,60,20251029,150000,25.85,25.85,25.85,25.85,100,0
IBTQ.US,60,20251029,160000,25.84,25.84,25.8301,25.8301,924,0
IBTQ.US,60,20251029,170000,25.85,25.85,25.85,25.85,100,0
IBTQ.US,60,20251029,180000,25.83,25.83,25.83,25.83,151,0
IBTQ.US,60,20251029,190000,25.8399,25.8399,25.81,25.81,645,0
IBTQ.US,60,20251029,200000,25.79,25.79,25.73,25.73,1052,0
IBTQ.US,60,20251029,210000,25.71,25.71,25.69,25.698,1062,0
IBTQ.US,60,20251030,150000,25.62,25.62,25.62,25.62,187,0
IBTQ.US,60,20251030,160000,25.63,25.63,25.63,25.63,100,0
IBTQ.US,60,20251030,170000,25.6688,25.6688,25.6688,25.6688,100,0
IBTQ.US,60,20251030,180000,25.66,25.66,25.66,25.66,200,0
IBTQ.US,60,20251030,190000,25.65,25.6545,25.65,25.6545,251,0
IBTQ.US,60,20251030,200000,25.6497,25.65,25.645,25.65,838,0
IBTQ.US,60,20251030,210000,25.64,25.6599,25.63,25.6499,4988,0
IBTQ.US,60,20251031,160000,25.69,25.69,25.6619,25.6619,519,0
IBTQ.US,60,20251031,170000,25.67,25.67,25.65,25.65,6151,0
IBTQ.US,60,20251031,180000,25.65,25.65,25.65,25.65,100,0
IBTQ.US,60,20251031,190000,25.6599,25.6599,25.655,25.655,2297,0
IBTQ.US,60,20251031,200000,25.65,25.66,25.65,25.66,200,0
IBTQ.US,60,20251031,210000,25.66,25.66,25.655,25.66,2400,0
IBTQ.US,60,20251103,160000,25.52,25.52,25.52,25.52,1147,0
IBTQ.US,60,20251103,170000,25.57,25.57,25.55,25.55,700,0
IBTQ.US,60,20251103,190000,25.51,25.5185,25.5,25.5001,5505,0
IBTQ.US,60,20251103,200000,25.54,25.54,25.54,25.54,5886,0
IBTQ.US,60,20251103,210000,25.53,25.53,25.53,25.53,273,0
IBTQ.US,60,20251103,220000,25.55,25.56,25.5468,25.56,793,0
IBTQ.US,60,20251104,160000,25.5703,25.58,25.5703,25.58,959,0
IBTQ.US,60,20251104,170000,25.57,25.62,25.57,25.6,5767,0
IBTQ.US,60,20251104,180000,25.6,25.6,25.58,25.59,1467,0
IBTQ.US,60,20251104,200000,25.59,25.59,25.585,25.585,260,0
IBTQ.US,60,20251104,210000,25.58,25.59,25.58,25.59,1800,0
IBTQ.US,60,20251104,220000,25.585,25.6,25.585,25.6,2010,0
IBTQ.US,60,20251105,170000,25.495,25.495,25.48,25.48,405,0
IBTQ.US,60,20251105,180000,25.47,25.47,25.45,25.455,7663,0
IBTQ.US,60,20251105,190000,25.46,25.46,25.4545,25.4545,528,0
IBTQ.US,60,20251105,200000,25.46,25.47,25.46,25.4645,1045,0
IBTQ.US,60,20251105,210000,25.465,25.465,25.44,25.45,1665,0
IBTQ.US,60,20251105,220000,25.46,25.46,25.458,25.458,202,0
IBTQ.US,60,20251106,170000,25.58,25.59,25.58,25.59,450,0
IBTQ.US,60,20251106,180000,25.59,25.61,25.59,25.5901,6038,0
IBTQ.US,60,20251106,190000,25.61,25.61,25.6055,25.6055,498,0
IBTQ.US,60,20251106,200000,25.61,25.61,25.6,25.6,200,0
IBTQ.US,60,20251106,210000,25.6,25.6,25.6,25.6,100,0
IBTQ.US,60,20251106,220000,25.58,25.595,25.58,25.595,5599,0
IBTQ.US,60,20251107,160000,25.58,25.58,25.58,25.58,100,0
IBTQ.US,60,20251107,170000,25.6,25.61,25.6,25.6,2929,0
IBTQ.US,60,20251107,180000,25.6124,25.63,25.6124,25.63,355,0
IBTQ.US,60,20251107,190000,25.63,25.63,25.62,25.63,562,0
IBTQ.US,60,20251107,200000,25.6212,25.6212,25.6212,25.6212,396,0
IBTQ.US,60,20251107,210000,25.625,25.625,25.62,25.62,209,0
IBTQ.US,60,20251107,220000,25.5993,25.6,25.5993,25.6,558,0
IBTQ.US,60,20251110,160000,25.57,25.57,25.5502,25.5602,1127,0
IBTQ.US,60,20251110,170000,25.5775,25.5775,25.5709,25.5709,716,0
IBTQ.US,60,20251110,190000,25.56,25.57,25.5541,25.5541,2575,0
IBTQ.US,60,20251110,200000,25.575,25.58,25.57,25.57,11722,0
IBTQ.US,60,20251110,210000,25.56,25.56,25.555,25.56,1206,0
IBTQ.US,60,20251110,220000,25.55,25.56,25.55,25.56,1037,0
IBTQ.US,60,20251111,170000,25.63,25.762,25.63,25.645,2036,0
IBTQ.US,60,20251111,210000,25.64,25.6499,25.64,25.6483,3861,0
IBTQ.US,60,20251111,220000,25.66,25.66,25.65,25.65,595,0
IBTQ.US,60,20251112,160000,25.64,25.64,25.6392,25.6392,1242,0
IBTQ.US,60,20251112,170000,25.6542,25.6542,25.6462,25.6462,234,0
IBTQ.US,60,20251112,180000,25.65,25.66,25.65,25.66,5285,0
IBTQ.US,60,20251112,190000,25.66,25.67,25.66,25.6625,956,0
IBTQ.US,60,20251112,200000,25.66,25.67,25.66,25.665,2300,0
IBTQ.US,60,20251112,210000,25.665,25.665,25.6601,25.6601,5284,0
IBTQ.US,60,20251112,220000,25.645,25.665,25.645,25.66,4366,0
IBTQ.US,60,20251113,160000,25.61,25.6199,25.61,25.6199,1396,0
IBTQ.US,60,20251113,170000,25.6,25.6,25.6,25.6,100,0
IBTQ.US,60,20251113,180000,25.61,25.62,25.605,25.62,16790,0
IBTQ.US,60,20251113,190000,25.62,25.62,25.6187,25.6187,609,0
IBTQ.US,60,20251113,200000,25.63,25.63,25.6,25.61,700,0
IBTQ.US,60,20251113,210000,25.605,25.61,25.605,25.61,2042,0
IBTQ.US,60,20251113,220000,25.6,25.6,25.58,25.58,3558,0
IBTQ.US,60,20251114,160000,25.66,25.66,25.65,25.65,307,0
IBTQ.US,60,20251114,170000,25.575,25.575,25.575,25.575,117,0
IBTQ.US,60,20251114,180000,25.58,25.58,25.57,25.57,417,0
IBTQ.US,60,20251114,190000,25.565,25.565,25.535,25.54,929,0
IBTQ.US,60,20251114,200000,25.5466,25.55,25.5466,25.55,200,0
IBTQ.US,60,20251114,210000,25.54,25.55,25.53,25.54,15282,0
IBTQ.US,60,20251114,220000,25.54,25.55,25.53,25.53,18569,0
IBTQ.US,60,20251117,170000,25.5501,25.5502,25.55,25.5502,613,0
IBTQ.US,60,20251117,180000,25.57,25.5751,25.57,25.5745,2518,0
IBTQ.US,60,20251117,190000,25.5747,25.5747,25.5747,25.5747,183,0
IBTQ.US,60,20251117,200000,25.57,25.5742,25.56,25.57,3479,0
IBTQ.US,60,20251117,210000,25.567,25.5735,25.567,25.5735,2764,0
IBTQ.US,60,20251117,220000,25.57,25.57,25.55,25.55,9816,0
IBTQ.US,60,20251118,160000,25.65,25.65,25.65,25.65,100,0
IBTQ.US,60,20251118,170000,25.64,25.64,25.64,25.64,300,0
IBTQ.US,60,20251118,180000,25.63,25.63,25.5765,25.59,7473,0
IBTQ.US,60,20251118,190000,25.59,25.59,25.575,25.575,3619,0
IBTQ.US,60,20251118,200000,25.58,25.58,25.58,25.58,100,0
IBTQ.US,60,20251118,210000,25.58,25.6,25.58,25.5998,19866,0
IBTQ.US,60,20251118,220000,25.6,25.6,25.5907,25.597,2030,0
IBTQ.US,60,20251119,160000,25.61,25.61,25.61,25.61,100,0
IBTQ.US,60,20251119,180000,25.6,25.62,25.5966,25.6102,3674,0
IBTQ.US,60,20251119,190000,25.63,25.63,25.615,25.6199,9001,0
IBTQ.US,60,20251119,200000,25.6245,25.6245,25.6245,25.6245,390,0
IBTQ.US,60,20251119,210000,25.62,25.62,25.6,25.6,600,0
IBTQ.US,60,20251119,220000,25.58,25.58,25.57,25.58,1861,0
IBTQ.US,60,20251120,160000,25.6,25.62,25.595,25.62,1317,0
IBTQ.US,60,20251120,170000,25.6131,25.6131,25.6099,25.6099,868,0
IBTQ.US,60,20251120,180000,25.625,25.65,25.62,25.65,1224,0
IBTQ.US,60,20251120,190000,25.6433,25.67,25.6433,25.66,343,0
IBTQ.US,60,20251120,200000,25.64,25.65,25.62,25.65,686,0
IBTQ.US,60,20251120,210000,25.64,25.64,25.64,25.64,1762,0
IBTQ.US,60,20251120,220000,25.64,25.67,25.64,25.665,11330,0
IBTQ.US,60,20251121,170000,25.7142,25.74,25.7035,25.71,2053,0
IBTQ.US,60,20251121,180000,25.71,25.71,25.71,25.71,100,0
IBTQ.US,60,20251121,190000,25.6973,25.6973,25.6973,25.6973,678,0
IBTQ.US,60,20251121,200000,25.71,25.71,25.71,25.71,543,0
IBTQ.US,60,20251121,210000,25.695,25.71,25.695,25.7037,1255,0
IBTQ.US,60,20251121,220000,25.72,25.727,25.7152,25.727,824,0
IBTQ.US,60,20251124,160000,25.77,25.77,25.77,25.77,100,0
IBTQ.US,60,20251124,170000,25.755,25.755,25.75,25.75,830,0
IBTQ.US,60,20251124,180000,25.7488,25.75,25.7488,25.75,966,0
IBTQ.US,60,20251124,190000,25.75,25.78,25.75,25.78,1557,0
IBTQ.US,60,20251124,200000,25.7771,25.7771,25.7771,25.7771,612,0
IBTQ.US,60,20251124,210000,25.7794,25.785,25.7752,25.78,1561,0
IBTQ.US,60,20251124,220000,25.775,25.78,25.76,25.78,8959,0
IBTQ.US,60,20251125,160000,25.83,25.83,25.83,25.83,100,0
IBTQ.US,60,20251125,170000,25.84,25.84,25.82,25.82,1590,0
IBTQ.US,60,20251125,180000,25.8299,25.8299,25.8299,25.8299,100,0
IBTQ.US,60,20251125,190000,25.83,25.87,25.83,25.87,446,0
IBTQ.US,60,20251125,200000,25.87,25.87,25.8575,25.8575,627,0
IBTQ.US,60,20251125,210000,25.86,25.86,25.86,25.86,100,0
IBTQ.US,60,20251125,220000,25.845,25.85,25.84,25.84,4004,0
IBTQ.US,60,20251126,160000,25.8,25.81,25.8,25.81,228,0
IBTQ.US,60,20251126,170000,25.8009,25.8101,25.8009,25.8101,889,0
IBTQ.US,60,20251126,180000,25.82,25.84,25.82,25.84,1335,0
IBTQ.US,60,20251126,220000,25.86,25.88,25.86,25.88,3899,0
IBTQ.US,60,20251128,160000,25.85,25.85,25.85,25.85,100,0
IBTQ.US,60,20251128,170000,25.8565,25.86,25.8,25.8,10175,0
IBTQ.US,60,20251128,180000,25.82,25.82,25.82,25.82,300,0
IBTQ.US,60,20251128,190000,25.83,25.84,25.83,25.83,735,0
IBTQ.US,60,20251201,160000,25.63,25.63,25.613,25.613,1393,0
IBTQ.US,60,20251201,170000,25.6205,25.6205,25.61,25.61,758,0
IBTQ.US,60,20251201,180000,25.61,25.61,25.61,25.61,100,0
IBTQ.US,60,20251201,190000,25.605,25.61,25.605,25.61,1655,0
IBTQ.US,60,20251201,200000,25.6,25.61,25.6,25.61,1076,0
IBTQ.US,60,20251201,210000,25.6,25.61,25.6,25.61,300,0
IBTQ.US,60,20251201,220000,25.6,25.62,25.6,25.607,8554,0
IBTQ.US,60,20251202,160000,25.63,25.63,25.63,25.63,2000,0
IBTQ.US,60,20251202,170000,25.59,25.6,25.59,25.6,386,0
IBTQ.US,60,20251202,180000,25.595,25.62,25.5901,25.62,1053,0
IBTQ.US,60,20251202,190000,25.61,25.61,25.61,25.61,100,0
IBTQ.US,60,20251202,200000,25.617,25.62,25.61,25.61,5607,0
IBTQ.US,60,20251202,210000,25.62,25.63,25.62,25.6245,400,0
IBTQ.US,60,20251202,220000,25.64,25.64,25.6158,25.62,1782,0
IBTQ.US,60,20251203,160000,25.67,25.67,25.67,25.67,100,0
IBTQ.US,60,20251203,170000,25.675,25.6882,25.64,25.64,1793,0
IBTQ.US,60,20251203,180000,25.65,25.65,25.6461,25.6461,254,0
IBTQ.US,60,20251203,190000,25.655,25.67,25.655,25.67,3522,0
IBTQ.US,60,20251203,200000,25.67,25.67,25.665,25.6661,947,0
IBTQ.US,60,20251203,210000,25.69,25.69,25.69,25.69,545,0
IBTQ.US,60,20251203,220000,25.675,25.6899,25.675,25.68,2667,0
IBTQ.US,60,20251204,160000,25.63,25.64,25.63,25.63,109140,0
IBTQ.US,60,20251204,170000,25.61,25.62,25.61,25.6182,1755,0
IBTQ.US,60,20251204,180000,25.61,25.61,25.5945,25.6,700,0
IBTQ.US,60,20251204,190000,25.6,25.605,25.6,25.605,581,0
IBTQ.US,60,20251204,200000,25.6045,25.61,25.6045,25.61,200,0
IBTQ.US,60,20251204,210000,25.5985,25.6,25.5945,25.6,7893,0
IBTQ.US,60,20251204,220000,25.59,25.5957,25.59,25.59,753,0
IBTQ.US,60,20251205,160000,25.58,25.59,25.58,25.59,553,0
IBTQ.US,60,20251205,170000,25.58,25.5855,25.55,25.56,2319,0
IBTQ.US,60,20251205,180000,25.56,25.56,25.54,25.54,596,0
IBTQ.US,60,20251205,190000,25.55,25.55,25.53,25.53,1233,0
IBTQ.US,60,20251205,200000,25.53,25.5345,25.53,25.5345,999,0
IBTQ.US,60,20251205,210000,25.54,25.54,25.54,25.54,2544,0
IBTQ.US,60,20251205,220000,25.5358,25.54,25.53,25.5352,1343,0
IBTQ.US,60,20251208,160000,25.5277,25.53,25.468,25.47,10318,0
IBTQ.US,60,20251208,170000,25.4683,25.4683,25.44,25.45,5291,0
IBTQ.US,60,20251208,180000,25.45,25.46,25.445,25.46,942,0
IBTQ.US,60,20251208,190000,25.4615,25.47,25.4615,25.47,464,0
IBTQ.US,60,20251208,200000,25.46,25.48,25.46,25.48,5644,0
IBTQ.US,60,20251208,210000,25.4781,25.49,25.475,25.475,71557,0
IBTQ.US,60,20251208,220000,25.4747,25.49,25.4747,25.49,21524,0
IBTQ.US,60,20251209,160000,25.51,25.51,25.51,25.51,100,0
IBTQ.US,60,20251209,170000,25.47,25.48,25.4545,25.46,3486,0
IBTQ.US,60,20251209,180000,25.4511,25.48,25.4511,25.48,2240,0
IBTQ.US,60,20251209,190000,25.48,25.48,25.4642,25.465,2218,0
IBTQ.US,60,20251209,200000,25.48,25.48,25.46,25.46,775,0
IBTQ.US,60,20251209,210000,25.45,25.46,25.44,25.44,8589,0
IBTQ.US,60,20251209,220000,25.45,25.46,25.445,25.45,2378,0
IBTQ.US,60,20251210,160000,25.47,25.47,25.4501,25.4501,1997,0
IBTQ.US,60,20251210,170000,25.4796,25.48,25.4643,25.4643,2307,0
IBTQ.US,60,20251210,180000,25.47,25.47,25.47,25.47,100,0
IBTQ.US,60,20251210,200000,25.495,25.495,25.49,25.49,2100,0
IBTQ.US,60,20251210,210000,25.5,25.5,25.48,25.48,1047,0
IBTQ.US,60,20251210,220000,25.515,25.535,25.515,25.5258,3478,0
IBTQ.US,60,20251211,170000,25.58,25.585,25.58,25.58,400,0
IBTQ.US,60,20251211,180000,25.5782,25.5782,25.5782,25.5782,105,0
IBTQ.US,60,20251211,190000,25.58,25.5883,25.545,25.57,7842,0
IBTQ.US,60,20251211,200000,25.57,25.5799,25.57,25.5799,2054,0
IBTQ.US,60,20251211,210000,25.56,25.56,25.55,25.55,400,0
IBTQ.US,60,20251211,220000,25.53,25.55,25.525,25.55,4805,0
IBTQ.US,60,20251212,160000,25.46,25.46,25.455,25.455,610,0
IBTQ.US,60,20251212,170000,25.4543,25.4543,25.4543,25.4543,1001,0
IBTQ.US,60,20251212,180000,25.46,25.46,25.4598,25.4598,2437,0
IBTQ.US,60,20251212,190000,25.4442,25.4442,25.4442,25.4442,255,0
IBTQ.US,60,20251212,200000,25.445,25.459,25.445,25.459,605,0
IBTQ.US,60,20251212,210000,25.4584,25.4584,25.4545,25.4584,1070,0
IBTQ.US,60,20251212,220000,25.45,25.46,25.44,25.4575,1394,0
IBTQ.US,60,20251215,180000,25.5199,25.5199,25.5,25.5,296,0
IBTQ.US,60,20251215,190000,25.475,25.475,25.47,25.47,239,0
IBTQ.US,60,20251215,210000,25.4797,25.4797,25.475,25.475,688,0
IBTQ.US,60,20251215,220000,25.4621,25.48,25.4621,25.48,306606,0
IBTQ.US,60,20251216,160000,25.47,25.47,25.46,25.47,1985,0
IBTQ.US,60,20251216,170000,25.5098,25.525,25.5056,25.51,3351,0
IBTQ.US,60,20251216,180000,25.4997,25.5399,25.4997,25.5399,3868,0
IBTQ.US,60,20251216,190000,25.5391,25.5391,25.5391,25.5391,1631,0
IBTQ.US,60,20251216,210000,25.535,25.56,25.53,25.53,52889,0
IBTQ.US,60,20251216,220000,25.5458,25.555,25.54,25.555,1756,0
IBTQ.US,60,20251217,170000,25.53,25.55,25.52,25.5499,8174,0
IBTQ.US,60,20251217,180000,25.54,25.54,25.5244,25.5244,522,0
IBTQ.US,60,20251217,190000,25.5202,25.53,25.5202,25.53,245134,0
IBTQ.US,60,20251217,200000,25.537,25.54,25.52,25.5299,2858,0
IBTQ.US,60,20251217,210000,25.53,25.55,25.5299,25.55,1791,0
IBTQ.US,60,20251217,220000,25.545,25.555,25.545,25.555,2176,0
IBTQ.US,60,20251218,160000,25.6255,25.6255,25.6255,25.6255,336,0
IBTQ.US,60,20251218,170000,25.6294,25.6294,25.61,25.629,3432,0
IBTQ.US,60,20251218,180000,25.62,25.625,25.62,25.625,314,0
IBTQ.US,60,20251218,200000,25.61,25.62,25.5984,25.61,13095,0
IBTQ.US,60,20251218,210000,25.6,25.605,25.59,25.6044,8533,0
IBTQ.US,60,20251218,220000,25.615,25.63,25.615,25.63,9866,0
IBTQ.US,60,20251219,160000,25.51,25.51,25.4895,25.5,10856,0
IBTQ.US,60,20251219,170000,25.5,25.52,25.495,25.52,5924,0
IBTQ.US,60,20251219,180000,25.515,25.53,25.504,25.505,7039,0
IBTQ.US,60,20251219,190000,25.51,25.51,25.4885,25.5,3416,0
IBTQ.US,60,20251219,200000,25.5,25.5,25.495,25.495,26594,0
IBTQ.US,60,20251219,210000,25.495,25.4999,25.49,25.4999,22263,0
IBTQ.US,60,20251219,220000,25.495,25.51,25.48,25.49,100675,0
IBTQ.US,60,20251222,160000,25.47,25.475,25.46,25.475,3093,0
IBTQ.US,60,20251222,170000,25.4599,25.47,25.455,25.465,9845,0
IBTQ.US,60,20251222,180000,25.4694,25.4799,25.4644,25.475,3421,0
IBTQ.US,60,20251222,190000,25.4799,25.4799,25.475,25.475,747,0
IBTQ.US,60,20251222,200000,25.47,25.47,25.445,25.45,2183,0
IBTQ.US,60,20251222,220000,25.4544,25.46,25.4501,25.46,11332,0
IBTQ.US,60,20251223,160000,25.4,25.4,25.395,25.395,448,0
IBTQ.US,60,20251223,180000,25.4301,25.4497,25.4301,25.4497,5546,0
IBTQ.US,60,20251223,190000,25.4465,25.46,25.4465,25.4597,12912,0
IBTQ.US,60,20251223,200000,25.455,25.46,25.455,25.4556,6753,0
IBTQ.US,60,20251223,210000,25.46,25.465,25.4599,25.465,1331,0
IBTQ.US,60,20251223,220000,25.465,25.47,25.46,25.465,7373,0
IBTQ.US,60,20251224,160000,25.5,25.5,25.49,25.49,200,0
IBTQ.US,60,20251224,170000,25.49,25.49,25.4814,25.49,4487,0
IBTQ.US,60,20251224,180000,25.4855,25.52,25.4855,25.5199,5946,0
IBTQ.US,60,20251224,190000,25.52,25.53,25.5157,25.53,4111,0
IBTQ.US,60,20251226,160000,25.57,25.57,25.56,25.56,922,0
IBTQ.US,60,20251226,170000,25.5503,25.56,25.55,25.55,2350,0
IBTQ.US,60,20251226,180000,25.565,25.57,25.52,25.52,1636,0
IBTQ.US,60,20251226,190000,25.53,25.53,25.52,25.525,8575,0
IBTQ.US,60,20251226,200000,25.53,25.53,25.5299,25.53,596,0
IBTQ.US,60,20251226,210000,25.5289,25.545,25.5289,25.545,2860,0
IBTQ.US,60,20251226,220000,25.54,25.55,25.53,25.548,2279,0
