<TICKER>,<PER>,<DATE>,<TIME>,<OPEN>,<HIGH>,<LOW>,<CLOSE>,<VOL>,<OPENINT>
JAPN.US,60,20250514,160000,25.3299,25.4,25.3299,25.3599,2800,0
JAPN.US,60,20250514,170000,25.359,25.36,25.359,25.359,1300,0
JAPN.US,60,20250514,180000,25.25,25.25,25.25,25.25,400,0
JAPN.US,60,20250514,190000,25.2362,25.28,25.19,25.19,8020,0
JAPN.US,60,20250514,200000,25.25,25.27,25.25,25.27,200,0
JAPN.US,60,20250514,220000,25.25,25.26,25.25,25.26,700,0
JAPN.US,60,20250515,170000,25.5686,25.64,25.48,25.625,12200,0
JAPN.US,60,20250515,180000,25.6,25.6,25.6,25.6,500,0
JAPN.US,60,20250515,200000,25.64,25.64,25.62,25.62,1505,0
JAPN.US,60,20250515,210000,25.56,25.56,25.56,25.56,100,0
JAPN.US,60,20250515,220000,25.61,25.66,25.605,25.6475,5568,0
JAPN.US,60,20250516,160000,25.98,25.98,25.98,25.98,140,0
JAPN.US,60,20250516,170000,25.97,25.97,25.97,25.97,100,0
JAPN.US,60,20250516,180000,25.96,25.99,25.9402,25.99,5293,0
JAPN.US,60,20250516,190000,25.98,25.987,25.98,25.987,1400,0
JAPN.US,60,20250516,200000,26.05,26.05,26.01,26.03,2677,0
JAPN.US,60,20250516,210000,26.04,26.04,26.04,26.04,1000,0
JAPN.US,60,20250516,220000,26.04,26.04,26.01,26.01,700,0
JAPN.US,60,20250519,170000,25.876,25.876,25.876,25.876,200,0
JAPN.US,60,20250519,180000,25.873,25.873,25.873,25.873,300,0
JAPN.US,60,20250519,200000,25.89,25.9,25.89,25.9,473,0
JAPN.US,60,20250519,210000,25.89,25.89,25.89,25.89,100,0
JAPN.US,60,20250519,220000,25.91,25.91,25.91,25.91,2800,0
JAPN.US,60,20250520,160000,25.971,26.08,25.971,26.08,3082,0
JAPN.US,60,20250520,170000,26.04,26.045,26.04,26.045,300,0
JAPN.US,60,20250520,180000,26.05,26.08,26,26,964,0
JAPN.US,60,20250520,190000,26.04,26.08,26.02,26.02,60181,0
JAPN.US,60,20250520,200000,26.04,26.04,26.039,26.039,3300,0
JAPN.US,60,20250520,210000,26.05,26.05,26.01,26.01,300,0
JAPN.US,60,20250520,220000,26.0046,26.06,26,26.0101,2900,0
JAPN.US,60,20250521,160000,25.65,25.87,25.65,25.86,7000,0
JAPN.US,60,20250521,170000,25.85,25.9699,25.845,25.845,1400,0
JAPN.US,60,20250521,180000,25.84,25.9206,25.84,25.9206,1070,0
JAPN.US,60,20250521,190000,25.91,25.91,25.91,25.91,100,0
JAPN.US,60,20250521,200000,25.76,25.76,25.49,25.49,4542,0
JAPN.US,60,20250521,210000,25.61,25.65,25.585,25.6399,1800,0
JAPN.US,60,20250521,220000,25.58,25.66,25.52,25.5848,1350,0
JAPN.US,60,20250522,160000,25.74,25.74,25.74,25.74,100,0
JAPN.US,60,20250522,170000,25.71,25.71,25.71,25.71,2500,0
JAPN.US,60,20250522,180000,25.87,25.87,25.85,25.855,900,0
JAPN.US,60,20250522,190000,25.85,25.85,25.7995,25.7995,5425,0
JAPN.US,60,20250522,200000,25.8699,25.8699,25.8699,25.8699,250,0
JAPN.US,60,20250522,220000,25.82,25.82,25.82,25.82,100,0
JAPN.US,60,20250523,180000,26.06,26.07,25.86,25.86,6550,0
JAPN.US,60,20250523,200000,26.05,26.05,26.05,26.05,500,0
JAPN.US,60,20250523,210000,26.0025,26.11,25.87,26.05,1700,0
JAPN.US,60,20250523,220000,26.07,26.07,26.07,26.07,3500,0
JAPN.US,60,20250527,160000,27.26,27.3,26.4,26.51,550,0
JAPN.US,60,20250527,170000,26.6,26.76,26.56,26.62,6692,0
JAPN.US,60,20250527,180000,26.585,26.61,26.57,26.61,800,0
JAPN.US,60,20250527,190000,26.64,27.35,26.61,26.63,500,0
JAPN.US,60,20250527,200000,26.62,26.62,26.62,26.62,500,0
JAPN.US,60,20250527,210000,26.64,26.64,26.64,26.64,100,0
JAPN.US,60,20250527,220000,26.69,26.69,26.65,26.65,200,0
JAPN.US,60,20250528,160000,26.51,26.51,26,26.485,2740,0
JAPN.US,60,20250528,170000,26.4,26.4,26.4,26.4,250,0
JAPN.US,60,20250528,180000,26.4,26.4,26.4,26.4,300,0
JAPN.US,60,20250528,200000,26.31,26.31,26.31,26.31,1000,0
JAPN.US,60,20250528,210000,26.12,26.14,26.11,26.1156,3140,0
JAPN.US,60,20250528,220000,26.1346,26.175,26.11,26.175,3550,0
JAPN.US,60,20250529,160000,26.03,26.03,26.01,26.01,760,0
JAPN.US,60,20250529,170000,26.03,26.04,26.02,26.03,3525,0
JAPN.US,60,20250529,190000,26.12,26.12,26.12,26.12,300,0
JAPN.US,60,20250529,200000,26.18,26.19,26.1,26.1,5481,0
JAPN.US,60,20250530,160000,26.31,26.35,26.31,26.35,1230,0
JAPN.US,60,20250530,180000,26.405,26.405,26.405,26.405,190,0
JAPN.US,60,20250530,190000,26.4299,26.44,26.39,26.439,2691,0
JAPN.US,60,20250530,200000,26.45,26.57,26.41,26.42,2200,0
JAPN.US,60,20250530,210000,26.42,26.42,26.42,26.42,1000,0
JAPN.US,60,20250530,220000,26.5,26.51,26.5,26.51,757,0
JAPN.US,60,20250602,160000,26.83,26.84,26.83,26.84,200,0
JAPN.US,60,20250602,170000,26.72,27.04,26.72,27.04,8438,0
JAPN.US,60,20250602,180000,26.99,27.05,26.975,27.05,500,0
JAPN.US,60,20250602,190000,27.0499,27.0499,27.0499,27.0499,225,0
JAPN.US,60,20250602,200000,27.0336,27.05,27,27.05,2200,0
JAPN.US,60,20250602,210000,27.035,27.12,27.035,27.12,740,0
JAPN.US,60,20250602,220000,27.05,27.1,27.05,27.1,2300,0
JAPN.US,60,20250603,160000,26.92,26.92,26.92,26.92,300,0
JAPN.US,60,20250603,170000,26.81,26.88,26.81,26.88,200,0
JAPN.US,60,20250603,190000,26.85,26.92,26.84,26.92,3293,0
JAPN.US,60,20250603,200000,26.84,26.84,26.84,26.84,1250,0
JAPN.US,60,20250603,210000,26.9,26.9,26.9,26.9,100,0
JAPN.US,60,20250603,220000,26.92,26.92,26.78,26.78,800,0
JAPN.US,60,20250604,160000,26.87,26.87,26.87,26.87,100,0
JAPN.US,60,20250604,170000,26.93,27.0784,26.93,27.07,4700,0
JAPN.US,60,20250604,180000,27.05,27.05,27.05,27.05,471,0
JAPN.US,60,20250604,190000,26.97,26.97,26.97,26.97,100,0
JAPN.US,60,20250604,210000,27.1,27.11,27.05,27.08,2142,0
JAPN.US,60,20250604,220000,27.075,27.1,27.075,27.1,400,0
JAPN.US,60,20250605,170000,26.97,27.16,26.94,27.145,3340,0
JAPN.US,60,20250605,180000,27.09,27.09,27.09,27.09,300,0
JAPN.US,60,20250605,190000,27.075,27.075,27.075,27.075,500,0
JAPN.US,60,20250605,210000,27.075,27.075,27.075,27.075,150,0
JAPN.US,60,20250605,220000,27.07,27.07,27.05,27.05,1200,0
JAPN.US,60,20250606,160000,27.16,27.16,27.15,27.15,7500,0
JAPN.US,60,20250606,170000,27.07,27.085,27.07,27.085,750,0
JAPN.US,60,20250606,180000,27,27,26.92,26.95,550,0
JAPN.US,60,20250606,190000,26.93,26.96,26.93,26.96,1200,0
JAPN.US,60,20250606,200000,26.95,26.96,26.91,26.95,2100,0
JAPN.US,60,20250606,210000,27.03,27.03,26.9525,26.9525,500,0
JAPN.US,60,20250606,220000,27.04,27.04,27.04,27.04,100,0
JAPN.US,60,20250609,170000,27.11,27.12,27.045,27.12,800,0
JAPN.US,60,20250609,180000,27.15,27.21,27.15,27.15,1248,0
JAPN.US,60,20250609,190000,27.17,27.4,27.15,27.3,9824,0
JAPN.US,60,20250609,200000,27.36,27.36,27.22,27.23,3456,0
JAPN.US,60,20250609,210000,27.265,27.37,27.16,27.17,900,0
JAPN.US,60,20250609,220000,27.27,27.27,27.27,27.27,803,0
JAPN.US,60,20250610,180000,27.4099,27.4099,27.08,27.08,2210,0
JAPN.US,60,20250610,190000,27.135,27.25,27.135,27.25,470,0
JAPN.US,60,20250610,200000,27.3054,27.3054,27.3,27.3,2000,0
JAPN.US,60,20250610,210000,27.02,27.3,27.02,27.25,6400,0
JAPN.US,60,20250611,170000,27.135,27.6,27.11,27.11,1711,0
JAPN.US,60,20250611,180000,27.19,27.22,27.165,27.22,350,0
JAPN.US,60,20250611,190000,27.24,27.24,27.14,27.14,3388,0
JAPN.US,60,20250611,210000,27.3,27.33,27.3,27.3,1918,0
JAPN.US,60,20250611,220000,27.41,27.41,27.39,27.41,500,0
JAPN.US,60,20250612,160000,27.48,27.48,27.48,27.48,200,0
JAPN.US,60,20250612,170000,27.66,27.6655,27.66,27.6655,1100,0
JAPN.US,60,20250612,180000,27.67,27.7299,27.525,27.66,650,0
JAPN.US,60,20250612,190000,27.55,27.55,27.46,27.53,3200,0
JAPN.US,60,20250612,200000,27.49,27.51,27.4022,27.51,800,0
JAPN.US,60,20250612,210000,27.51,27.515,27.49,27.515,1400,0
JAPN.US,60,20250612,220000,27.515,27.52,27.51,27.51,515,0
JAPN.US,60,20250613,160000,27.35,27.35,27.35,27.35,100,0
JAPN.US,60,20250613,170000,27.35,27.39,27.35,27.39,850,0
JAPN.US,60,20250613,180000,27.4,27.455,27.4,27.445,1300,0
JAPN.US,60,20250613,190000,27.44,27.46,27.44,27.45,900,0
JAPN.US,60,20250613,200000,27.44,27.44,27.4,27.4,600,0
JAPN.US,60,20250613,210000,27.395,27.395,27.35,27.39,700,0
JAPN.US,60,20250613,220000,27.36,27.37,27.3,27.33,7309,0
JAPN.US,60,20250616,160000,28.2,28.2,28.2,28.2,120,0
JAPN.US,60,20250616,170000,27.4259,27.4799,27.4259,27.45,850,0
JAPN.US,60,20250616,180000,27.425,27.5,27.425,27.5,900,0
JAPN.US,60,20250616,190000,27.52,27.52,27.45,27.5001,1700,0
JAPN.US,60,20250616,200000,27.51,27.52,27.51,27.52,350,0
JAPN.US,60,20250616,210000,27.52,27.52,27.39,27.42,600,0
JAPN.US,60,20250616,220000,27.4692,27.4692,27.385,27.385,480,0
JAPN.US,60,20250617,160000,27.565,27.565,27.565,27.565,650,0
JAPN.US,60,20250617,170000,27.5,27.5,27.17,27.32,4150,0
JAPN.US,60,20250617,180000,27.3784,27.3784,27.21,27.23,4732,0
JAPN.US,60,20250617,190000,27.25,27.28,27.15,27.15,4000,0
JAPN.US,60,20250617,200000,27.155,27.155,27.155,27.155,300,0
JAPN.US,60,20250617,210000,27.11,27.155,27.1,27.155,735,0
JAPN.US,60,20250617,220000,27.12,27.12,27.01,27.12,2000,0
JAPN.US,60,20250618,170000,27.6,27.622,27.6,27.622,280,0
JAPN.US,60,20250618,180000,27.62,27.64,27.62,27.64,300,0
JAPN.US,60,20250618,190000,27.65,27.65,27.595,27.6137,581,0
JAPN.US,60,20250618,200000,27.66,27.66,27.57,27.57,200,0
JAPN.US,60,20250618,210000,27.63,27.63,27.619,27.62,5520,0
JAPN.US,60,20250618,220000,27.619,27.87,27.3101,27.87,4598,0
JAPN.US,60,20250620,160000,27.8702,27.9028,27.87,27.87,500,0
JAPN.US,60,20250620,170000,27.41,27.4304,27.41,27.42,450,0
JAPN.US,60,20250620,180000,27.43,27.43,27.4,27.4,200,0
JAPN.US,60,20250620,190000,27.4,27.4,27.4,27.4,300,0
JAPN.US,60,20250620,200000,27.4,27.4,27.4,27.4,200,0
JAPN.US,60,20250620,210000,27.4,27.4,27.4,27.4,200,0
JAPN.US,60,20250620,220000,27.37,27.37,27.355,27.355,200,0
JAPN.US,60,20250623,160000,27.13,27.13,27.13,27.13,100,0
JAPN.US,60,20250623,170000,27.27,27.32,27.2304,27.24,1100,0
JAPN.US,60,20250623,180000,27.25,27.37,27.25,27.32,300,0
JAPN.US,60,20250623,190000,27.35,27.35,27.13,27.32,2149,0
JAPN.US,60,20250623,200000,27.4,27.4,27.4,27.4,100,0
JAPN.US,60,20250623,210000,27.46,27.48,27.46,27.47,400,0
JAPN.US,60,20250623,220000,27.5,27.5,27.43,27.47,411,0
JAPN.US,60,20250624,160000,27.65,27.6746,27.65,27.66,6798,0
JAPN.US,60,20250624,170000,27.655,27.81,27.655,27.72,2421,0
JAPN.US,60,20250624,180000,27.75,27.759,27.705,27.73,7913,0
JAPN.US,60,20250624,190000,27.73,27.75,27.7053,27.75,1881,0
JAPN.US,60,20250624,200000,27.7358,27.7599,27.73,27.75,2302,0
JAPN.US,60,20250624,210000,27.775,27.775,27.75,27.75,670,0
JAPN.US,60,20250624,220000,27.75,27.8099,27.75,27.76,8528,0
JAPN.US,60,20250625,160000,27.8,27.8,27.8,27.8,300,0
JAPN.US,60,20250625,170000,27.78,27.78,27.77,27.78,1000,0
JAPN.US,60,20250625,180000,27.73,27.74,27.6756,27.74,13550,0
JAPN.US,60,20250625,190000,27.6971,27.6971,27.67,27.67,285,0
JAPN.US,60,20250625,210000,27.6,27.6,27.6,27.6,1100,0
JAPN.US,60,20250625,220000,27.6,27.75,27.5937,27.7492,2956,0
JAPN.US,60,20250626,160000,27.75,28.12,27.75,28.12,4030,0
JAPN.US,60,20250626,170000,28.125,28.1552,28.125,28.155,1650,0
JAPN.US,60,20250626,180000,28.125,28.1374,28.095,28.1367,4100,0
JAPN.US,60,20250626,190000,28.14,28.14,28.139,28.139,515,0
JAPN.US,60,20250626,200000,28.17,28.25,28.17,28.23,2200,0
JAPN.US,60,20250626,210000,28.18,28.2599,28.18,28.18,1750,0
JAPN.US,60,20250626,220000,28.25,28.25,28.2232,28.2232,1500,0
JAPN.US,60,20250627,170000,28.13,28.15,28.087,28.13,1100,0
JAPN.US,60,20250627,180000,28.125,28.25,28.125,28.25,686,0
JAPN.US,60,20250627,190000,28.2703,28.29,28.2703,28.29,350,0
JAPN.US,60,20250627,210000,28.29,28.29,28.21,28.21,848,0
JAPN.US,60,20250627,220000,28.22,28.2704,28.2,28.24,2948,0
JAPN.US,60,20250630,160000,27.996,27.996,27.996,27.996,100,0
JAPN.US,60,20250630,170000,28.04,28.04,28.0035,28.0035,617,0
JAPN.US,60,20250630,180000,28.025,28.025,28,28,2696,0
JAPN.US,60,20250630,190000,28.0014,28.09,28.0014,28.035,3975,0
JAPN.US,60,20250630,210000,28.0455,28.08,28.0455,28.0799,718,0
JAPN.US,60,20250630,220000,28.0378,28.0378,28.0378,28.0378,1000,0
JAPN.US,60,20250701,160000,27.56,27.93,27.56,27.91,2300,0
JAPN.US,60,20250701,170000,27.87,27.87,27.86,27.86,200,0
JAPN.US,60,20250701,180000,27.8692,27.8692,27.8692,27.8692,200,0
JAPN.US,60,20250701,190000,27.92,27.93,27.86,27.929,2768,0
JAPN.US,60,20250701,200000,27.895,27.895,27.895,27.895,100,0
JAPN.US,60,20250701,210000,27.93,27.93,27.93,27.93,700,0
JAPN.US,60,20250701,220000,27.8916,27.925,27.8916,27.925,2100,0
JAPN.US,60,20250702,160000,27.516,27.5476,27.48,27.48,1150,0
JAPN.US,60,20250702,180000,27.59,27.59,27.59,27.59,100,0
JAPN.US,60,20250702,190000,27.5,27.585,27.5,27.585,1000,0
JAPN.US,60,20250702,210000,27.546,27.73,27.546,27.73,200,0
JAPN.US,60,20250702,220000,27.5699,27.64,27.5432,27.64,1208,0
JAPN.US,60,20250703,160000,27.275,27.38,27.275,27.38,1200,0
JAPN.US,60,20250703,170000,27.35,27.35,27,27.24,2446,0
JAPN.US,60,20250703,180000,27.268,27.3099,27.268,27.3099,500,0
JAPN.US,60,20250703,190000,27.2264,27.2264,27.2264,27.2264,721,0
JAPN.US,60,20250707,160000,27.23,27.56,27.23,27.5492,2128,0
JAPN.US,60,20250707,170000,27.535,27.535,27.52,27.52,1572,0
JAPN.US,60,20250707,180000,28.07,28.07,27.49,27.5,3048,0
JAPN.US,60,20250707,190000,27.49,27.49,27.3,27.3,900,0
JAPN.US,60,20250707,200000,27.26,27.31,27.23,27.29,2600,0
JAPN.US,60,20250708,160000,28.22,28.22,27.3825,27.46,1320,0
JAPN.US,60,20250708,170000,27.53,27.53,27.5,27.53,4200,0
JAPN.US,60,20250708,180000,27.56,27.56,27.55,27.55,300,0
JAPN.US,60,20250708,200000,27.5505,27.5505,27.5505,27.5505,200,0
JAPN.US,60,20250708,220000,27.54,27.54,27.54,27.54,1200,0
JAPN.US,60,20250709,170000,27.515,27.515,27.5,27.5,2200,0
JAPN.US,60,20250709,180000,27.4014,27.4236,27.38,27.38,925,0
JAPN.US,60,20250709,190000,27.3909,27.3909,27.3909,27.3909,100,0
JAPN.US,60,20250709,210000,27.5399,27.54,27.495,27.5399,1690,0
JAPN.US,60,20250709,220000,27.5297,27.5403,27.49,27.51,1987,0
JAPN.US,60,20250710,160000,27.53,27.602,27.52,27.55,2809,0
JAPN.US,60,20250710,170000,27.52,28.35,27.52,27.6201,3080,0
JAPN.US,60,20250710,190000,27.7269,27.75,27.68,27.7202,1600,0
JAPN.US,60,20250710,200000,27.7202,27.7202,27.7202,27.7202,150,0
JAPN.US,60,20250710,210000,27.7204,27.7204,27.7204,27.7204,106,0
JAPN.US,60,20250711,180000,27.2387,27.2387,27.2133,27.2133,3000,0
JAPN.US,60,20250711,200000,27.257,27.257,26.76,26.8,8938,0
JAPN.US,60,20250711,210000,27.15,27.2387,27.15,27.2387,445,0
JAPN.US,60,20250714,160000,26.89,26.95,26.89,26.95,200,0
JAPN.US,60,20250714,170000,27.0422,27.05,27.0378,27.05,700,0
JAPN.US,60,20250714,190000,27.1412,27.1412,27.1,27.1,500,0
JAPN.US,60,20250714,200000,27.06,27.06,27.0599,27.0599,600,0
JAPN.US,60,20250714,210000,27.05,27.08,27.05,27.05,3237,0
JAPN.US,60,20250714,220000,27.075,27.0835,27.075,27.0835,600,0
JAPN.US,60,20250715,160000,27,27,26.715,26.715,550,0
JAPN.US,60,20250715,170000,26.69,26.7201,26.68,26.68,300,0
JAPN.US,60,20250715,180000,26.635,26.68,26.635,26.6699,1200,0
JAPN.US,60,20250715,190000,26.7,26.7,26.7,26.7,100,0
JAPN.US,60,20250715,210000,26.6268,26.6268,26.6001,26.6001,434,0
JAPN.US,60,20250715,220000,26.67,26.67,26.63,26.63,1304,0
JAPN.US,60,20250716,170000,26.73,26.76,26.7267,26.76,4508,0
JAPN.US,60,20250716,180000,26.77,26.8476,26.66,26.83,3397,0
JAPN.US,60,20250716,190000,26.7906,26.87,26.7701,26.78,5559,0
JAPN.US,60,20250716,200000,26.83,26.83,26.83,26.83,100,0
JAPN.US,60,20250716,220000,26.8822,26.8822,26.8822,26.8822,200,0
JAPN.US,60,20250717,160000,27.04,27.095,27.04,27.095,200,0
JAPN.US,60,20250717,180000,27.2006,27.2006,27.2006,27.2006,100,0
JAPN.US,60,20250717,190000,27.16,27.16,27.16,27.16,100,0
JAPN.US,60,20250717,210000,27.25,27.25,27.1701,27.25,2917,0
JAPN.US,60,20250717,220000,27.33,27.33,27.33,27.33,100,0
JAPN.US,60,20250718,160000,27.33,27.33,26.9968,27,2679,0
JAPN.US,60,20250718,180000,27.01,27.01,27,27,250,0
JAPN.US,60,20250718,190000,27.01,27.01,27,27,200,0
JAPN.US,60,20250718,200000,26.9,27.04,26.9,26.9,2336,0
JAPN.US,60,20250718,210000,26.87,26.905,26.85,26.905,2485,0
JAPN.US,60,20250721,160000,26.98,26.98,26.98,26.98,100,0
JAPN.US,60,20250721,180000,27.31,27.33,27.25,27.33,610,0
JAPN.US,60,20250721,200000,27.32,27.32,27.32,27.32,150,0
JAPN.US,60,20250722,180000,27.34,27.34,27.34,27.34,100,0
JAPN.US,60,20250722,190000,27.375,27.375,27.375,27.375,128,0
JAPN.US,60,20250722,200000,27.33,27.33,27.33,27.33,100,0
JAPN.US,60,20250722,220000,27.3361,27.3361,27.3361,27.3361,207,0
JAPN.US,60,20250723,160000,27.45,27.53,27.448,27.51,3288,0
JAPN.US,60,20250723,170000,27.4772,27.54,27.4772,27.54,999,0
JAPN.US,60,20250723,180000,27.58,27.59,27.58,27.58,300,0
JAPN.US,60,20250723,190000,27.53,27.75,27.5,27.5,1497,0
JAPN.US,60,20250723,200000,27.575,27.575,27.57,27.57,350,0
JAPN.US,60,20250723,210000,27.655,27.655,27.51,27.55,1300,0
JAPN.US,60,20250723,220000,27.55,27.55,27.485,27.52,2846,0
JAPN.US,60,20250724,160000,27.36,27.36,27.36,27.36,199,0
JAPN.US,60,20250724,210000,27.4189,27.42,27.4189,27.42,2100,0
JAPN.US,60,20250725,170000,27.36,27.36,27.36,27.36,400,0
JAPN.US,60,20250725,180000,27.42,27.42,27.42,27.42,100,0
JAPN.US,60,20250728,160000,27.3,27.3,26.58,26.9346,1861,0
JAPN.US,60,20250728,170000,27.055,27.055,27.055,27.055,250,0
JAPN.US,60,20250728,180000,27.14,27.14,27.14,27.14,100,0
JAPN.US,60,20250728,200000,27.13,27.13,27.13,27.13,100,0
JAPN.US,60,20250728,210000,26.95,26.99,26.9301,26.9301,837,0
JAPN.US,60,20250728,220000,26.93,26.93,26.93,26.93,200,0
JAPN.US,60,20250729,160000,27.415,27.415,26.94,26.98,710,0
JAPN.US,60,20250729,180000,27.07,27.1,27.07,27.08,900,0
JAPN.US,60,20250729,200000,27.17,27.17,27.17,27.17,100,0
JAPN.US,60,20250729,210000,27.0696,27.0696,27.0696,27.0696,100,0
JAPN.US,60,20250729,220000,27.05,27.05,27.05,27.05,2600,0
JAPN.US,60,20250730,160000,27.16,27.16,27.16,27.16,200,0
JAPN.US,60,20250730,170000,27.25,27.35,27.1917,27.1917,300,0
JAPN.US,60,20250730,180000,27.24,27.24,27.24,27.24,3676,0
JAPN.US,60,20250730,210000,27.22,27.69,27.22,27.65,390,0
JAPN.US,60,20250730,220000,27.26,27.26,27.1605,27.1605,300,0
JAPN.US,60,20250731,160000,27.325,27.325,27.325,27.325,550,0
JAPN.US,60,20250731,170000,27.315,27.36,27.27,27.27,2400,0
JAPN.US,60,20250731,180000,27.215,27.215,27.215,27.215,1000,0
JAPN.US,60,20250731,190000,27.17,27.17,27.17,27.17,200,0
JAPN.US,60,20250731,210000,27.17,27.17,27.17,27.17,100,0
JAPN.US,60,20250731,220000,27.2,27.2,27.2,27.2,1000,0
JAPN.US,60,20250801,160000,27.43,27.43,27.35,27.37,2300,0
JAPN.US,60,20250801,170000,27.42,27.51,27.41,27.51,1000,0
JAPN.US,60,20250801,180000,27.58,27.58,27.58,27.58,635,0
JAPN.US,60,20250801,190000,27.55,27.55,27.55,27.55,100,0
JAPN.US,60,20250801,220000,27.55,27.57,27.55,27.57,400,0
JAPN.US,60,20250804,170000,28.045,28.045,27.98,27.98,600,0
JAPN.US,60,20250804,180000,28.01,28.01,28.01,28.01,400,0
JAPN.US,60,20250804,190000,28.08,28.08,28.08,28.08,600,0
JAPN.US,60,20250804,200000,28.12,28.12,28.07,28.07,600,0
JAPN.US,60,20250804,210000,28.08,28.1036,28.08,28.0904,550,0
JAPN.US,60,20250804,220000,28.1,28.1176,28.1,28.1176,300,0
JAPN.US,60,20250805,170000,28.1,28.1,27.9584,27.9584,703,0
JAPN.US,60,20250805,190000,28.02,28.04,28.02,28.04,240,0
JAPN.US,60,20250805,200000,28.11,28.11,28.1099,28.1099,600,0
JAPN.US,60,20250805,210000,28.0704,28.0704,27.99,27.99,300,0
JAPN.US,60,20250805,220000,28.1,28.1,28.065,28.065,590,0
JAPN.US,60,20250806,160000,27.75,28.146,27.75,28.146,280,0
JAPN.US,60,20250806,170000,28.16,28.25,28.16,28.25,4300,0
JAPN.US,60,20250806,180000,28.2267,28.27,28.2267,28.27,200,0
JAPN.US,60,20250806,200000,28.18,28.18,28.18,28.18,737,0
JAPN.US,60,20250806,210000,28.2933,28.32,28.275,28.32,520,0
JAPN.US,60,20250806,220000,28.385,28.39,28.38,28.38,1000,0
JAPN.US,60,20250807,160000,28.8121,29.73,28.75,29.73,575,0
JAPN.US,60,20250807,170000,28.74,28.7693,28.69,28.7693,2644,0
JAPN.US,60,20250807,180000,28.77,28.77,28.5854,28.752,2481,0
JAPN.US,60,20250807,190000,28.713,29.1767,28.65,28.65,3659,0
JAPN.US,60,20250807,200000,28.66,28.8,28.66,28.8,400,0
JAPN.US,60,20250807,210000,28.82,28.85,28.68,28.76,5955,0
JAPN.US,60,20250807,220000,28.7,28.905,28.7,28.865,6574,0
JAPN.US,60,20250808,160000,30.25,30.25,28.69,28.91,665,0
JAPN.US,60,20250808,170000,28.695,28.91,28.695,28.88,8932,0
JAPN.US,60,20250808,180000,28.8979,29,28.8979,29,350,0
JAPN.US,60,20250808,190000,28.9547,28.9547,28.84,28.84,4450,0
JAPN.US,60,20250808,200000,28.84,29.17,28.84,29.17,1200,0
JAPN.US,60,20250808,210000,28.89,29.01,28.84,29.01,2418,0
JAPN.US,60,20250808,220000,29.01,29.01,28.63,28.63,1100,0
JAPN.US,60,20250811,160000,29.33,29.33,28.59,28.67,1882,0
JAPN.US,60,20250811,170000,28.65,28.835,28.65,28.8294,1148,0
JAPN.US,60,20250811,180000,29.04,29.04,29.04,29.04,220,0
JAPN.US,60,20250811,190000,29.0361,29.11,29.0361,29.11,203,0
JAPN.US,60,20250811,200000,28.895,29.02,28.895,29.02,1000,0
JAPN.US,60,20250811,210000,29,29,28.65,28.7,1423,0
JAPN.US,60,20250811,220000,28.71,28.77,28.61,28.61,5550,0
JAPN.US,60,20250812,160000,28.765,28.85,28.765,28.8,1114,0
JAPN.US,60,20250812,170000,28.8,28.8,28.8,28.8,3000,0
JAPN.US,60,20250812,180000,28.84,28.8497,28.84,28.8497,400,0
JAPN.US,60,20250812,190000,28.9799,28.9799,28.9799,28.9799,500,0
JAPN.US,60,20250812,200000,28.8558,28.97,28.8558,28.97,1580,0
JAPN.US,60,20250812,220000,28.9799,28.9799,28.85,28.88,1900,0
JAPN.US,60,20250813,170000,28.985,28.985,28.985,28.985,800,0
JAPN.US,60,20250813,180000,29.015,29.03,29,29,992,0
JAPN.US,60,20250813,190000,29,29.0924,29,29.0771,2800,0
JAPN.US,60,20250813,210000,29.065,29.065,29,29,1300,0
JAPN.US,60,20250813,220000,29,29.01,28.9,28.9,1685,0
JAPN.US,60,20250814,160000,28.75,28.75,28.75,28.75,100,0
JAPN.US,60,20250814,180000,28.8,28.8,28.8,28.8,200,0
JAPN.US,60,20250814,190000,28.85,28.85,28.778,28.8,2787,0
JAPN.US,60,20250814,200000,28.8299,28.83,28.8299,28.83,800,0
JAPN.US,60,20250814,210000,28.8,28.8,28.75,28.75,473,0
JAPN.US,60,20250815,160000,28.824,28.9,28.7105,28.72,5862,0
JAPN.US,60,20250815,170000,28.8299,28.9,28.8,28.835,7967,0
JAPN.US,60,20250815,180000,28.82,28.82,28.82,28.82,500,0
JAPN.US,60,20250815,190000,28.82,28.82,28.82,28.82,1300,0
JAPN.US,60,20250815,200000,28.79,28.806,28.75,28.79,2952,0
JAPN.US,60,20250815,210000,28.8321,28.8321,28.8321,28.8321,1000,0
JAPN.US,60,20250815,220000,28.8553,28.8553,28.77,28.77,2860,0
JAPN.US,60,20250818,160000,28.93,29.1199,28.92,29.1199,728,0
JAPN.US,60,20250818,170000,29.05,29.1299,29.05,29.11,2077,0
JAPN.US,60,20250818,180000,29.1279,29.17,29.09,29.09,800,0
JAPN.US,60,20250818,190000,29.09,29.17,29.09,29.17,250,0
JAPN.US,60,20250818,200000,29,29.05,28.95,28.95,2322,0
JAPN.US,60,20250818,210000,28.95,28.96,28.9,28.945,1707,0
JAPN.US,60,20250818,220000,29.07,29.07,28.96,29,11271,0
JAPN.US,60,20250819,160000,28.985,28.985,28.985,28.985,600,0
JAPN.US,60,20250819,180000,29.04,29.09,28.99,28.99,1640,0
JAPN.US,60,20250819,190000,29.04,29.04,28.807,28.81,9209,0
JAPN.US,60,20250819,200000,28.8336,28.89,28.8336,28.89,7877,0
JAPN.US,60,20250819,210000,28.93,28.96,28.93,28.96,836,0
JAPN.US,60,20250819,220000,28.94,28.9792,28.915,28.934,2941,0
JAPN.US,60,20250820,160000,28.8,28.91,28.7,28.7,3800,0
JAPN.US,60,20250820,170000,28.8,28.8,28.72,28.72,5220,0
JAPN.US,60,20250820,180000,28.695,28.695,28.695,28.695,100,0
JAPN.US,60,20250820,190000,28.7295,28.7295,28.7295,28.7295,5000,0
JAPN.US,60,20250820,200000,28.7334,28.7334,28.7334,28.7334,100,0
JAPN.US,60,20250820,210000,28.705,28.71,28.7,28.71,514,0
JAPN.US,60,20250820,220000,28.695,28.695,28.66,28.66,510,0
JAPN.US,60,20250821,170000,28.66,28.66,28.6599,28.6599,245,0
JAPN.US,60,20250821,180000,28.655,28.66,28.6546,28.6546,1359,0
JAPN.US,60,20250821,190000,28.4653,28.4653,28.4653,28.4653,100,0
JAPN.US,60,20250821,200000,28.443,28.47,28.4317,28.4317,3112,0
JAPN.US,60,20250821,220000,28.47,28.47,28.41,28.4362,1998,0
JAPN.US,60,20250822,160000,28.39,28.43,28.39,28.43,1170,0
JAPN.US,60,20250822,170000,28.54,28.76,28.54,28.665,3637,0
JAPN.US,60,20250822,180000,28.7,28.74,28.7,28.74,450,0
JAPN.US,60,20250822,190000,28.8573,28.8573,28.8573,28.8573,140,0
JAPN.US,60,20250822,210000,28.8,28.8,28.8,28.8,374,0
JAPN.US,60,20250822,220000,28.765,28.765,28.765,28.765,675,0
JAPN.US,60,20250825,160000,28.75,28.75,28.75,28.75,260,0
JAPN.US,60,20250825,170000,28.5125,28.645,28.5125,28.645,3636,0
JAPN.US,60,20250825,180000,28.63,28.67,28.6,28.65,2572,0
JAPN.US,60,20250825,190000,28.585,28.65,28.5,28.6,8195,0
JAPN.US,60,20250825,200000,28.555,28.6,28.555,28.5624,696,0
JAPN.US,60,20250825,210000,28.546,28.59,28.546,28.59,2700,0
JAPN.US,60,20250825,220000,28.55,28.55,28.55,28.55,1500,0
JAPN.US,60,20250826,160000,28.46,28.49,28.46,28.49,1000,0
JAPN.US,60,20250826,170000,28.5481,28.615,28.5481,28.615,4204,0
JAPN.US,60,20250826,180000,28.6,28.61,28.555,28.6,5673,0
JAPN.US,60,20250826,190000,28.6,28.62,28.58,28.58,5848,0
JAPN.US,60,20250826,200000,28.545,28.545,28.44,28.5001,3589,0
JAPN.US,60,20250826,210000,28.57,28.57,28.57,28.57,100,0
JAPN.US,60,20250826,220000,28.44,28.59,28.44,28.59,2641,0
JAPN.US,60,20250827,160000,28.26,28.38,28.125,28.125,1647,0
JAPN.US,60,20250827,170000,28.1,28.705,28.1,28.19,444,0
JAPN.US,60,20250827,180000,28.2084,28.22,28.16,28.191,3626,0
JAPN.US,60,20250827,190000,28.22,28.22,28.17,28.1801,670,0
JAPN.US,60,20250827,200000,28.26,28.26,28.26,28.26,100,0
JAPN.US,60,20250827,210000,28.2,28.225,28.2,28.225,3000,0
JAPN.US,60,20250827,220000,28.2699,28.2699,28.22,28.22,1360,0
JAPN.US,60,20250828,160000,28.31,28.315,28.2799,28.3,6020,0
JAPN.US,60,20250828,170000,28.32,28.4,28.32,28.4,1400,0
JAPN.US,60,20250828,180000,28.36,28.36,28.36,28.36,5000,0
JAPN.US,60,20250828,190000,28.4,28.4,28.3677,28.3782,2690,0
JAPN.US,60,20250828,200000,28.355,28.4099,28.355,28.4,1600,0
JAPN.US,60,20250828,210000,28.355,28.43,28.3,28.4083,40620,0
JAPN.US,60,20250828,220000,28.3,28.4,28.19,28.2,5147,0
JAPN.US,60,20250829,170000,28.27,28.27,28.27,28.27,100,0
JAPN.US,60,20250829,180000,28.29,28.29,28.2016,28.23,346,0
JAPN.US,60,20250829,190000,28.29,28.32,28.29,28.3199,800,0
JAPN.US,60,20250902,160000,28.3,28.3,28.01,28.02,962,0
JAPN.US,60,20250902,170000,28.9,28.9,28.05,28.095,49294,0
JAPN.US,60,20250902,180000,28.0601,28.0601,28,28.015,1042,0
JAPN.US,60,20250902,190000,28.04,28.04,28.04,28.04,100,0
JAPN.US,60,20250902,220000,28.095,28.21,28.0937,28.14,1500,0
JAPN.US,60,20250903,160000,28,28,27.9276,27.9276,1017,0
JAPN.US,60,20250903,170000,27.97,28.02,27.97,28,2787,0
JAPN.US,60,20250903,180000,27.99,28.005,27.99,28.005,1750,0
JAPN.US,60,20250903,190000,28.02,28.03,28.005,28.01,19800,0
JAPN.US,60,20250903,200000,28,28.0399,27.97,28,38992,0
JAPN.US,60,20250903,210000,27.98,27.985,27.98,27.985,300,0
JAPN.US,60,20250903,220000,27.973,28.02,27.97,28.0069,2179,0
JAPN.US,60,20250904,160000,28.04,28.04,28.04,28.04,100,0
JAPN.US,60,20250904,170000,28.0899,28.09,28.0899,28.09,280,0
JAPN.US,60,20250904,180000,28.0998,28.13,28.0998,28.13,200,0
JAPN.US,60,20250904,190000,28.1399,28.1399,28.09,28.12,1400,0
JAPN.US,60,20250904,210000,28.1399,28.1399,28.1399,28.1399,100,0
JAPN.US,60,20250904,220000,28.12,28.15,28.1122,28.1122,342,0
JAPN.US,60,20250905,160000,28.45,28.45,28.45,28.45,100,0
JAPN.US,60,20250905,170000,28.29,28.31,28.28,28.28,800,0
JAPN.US,60,20250905,180000,28.3,28.36,28.3,28.36,1491,0
JAPN.US,60,20250905,190000,28.3525,28.3899,28.35,28.36,2000,0
JAPN.US,60,20250905,200000,28.3269,28.3269,28.3,28.3,1608,0
JAPN.US,60,20250905,210000,28.33,28.33,28.3222,28.3222,2050,0
JAPN.US,60,20250908,170000,28.56,28.56,28.55,28.56,381,0
JAPN.US,60,20250908,180000,28.6615,28.71,28.6615,28.71,2900,0
JAPN.US,60,20250908,190000,28.71,28.73,28.7,28.715,3429,0
JAPN.US,60,20250908,200000,28.76,28.76,28.7135,28.75,1675,0
JAPN.US,60,20250908,210000,28.715,28.7896,28.71,28.755,3904,0
JAPN.US,60,20250908,220000,28.77,28.81,28.77,28.8,1140,0
JAPN.US,60,20250909,160000,28.44,28.51,28.44,28.51,400,0
JAPN.US,60,20250909,170000,28.5,28.5,28.5,28.5,100,0
JAPN.US,60,20250909,180000,28.455,28.56,28.38,28.472,2000,0
JAPN.US,60,20250909,190000,28.57,28.57,28.57,28.57,100,0
JAPN.US,60,20250909,200000,28.5737,28.5737,28.5076,28.5076,700,0
JAPN.US,60,20250909,220000,28.54,28.5583,28.5107,28.55,2100,0
JAPN.US,60,20250910,170000,28.71,28.76,28.68,28.73,1882,0
JAPN.US,60,20250910,180000,28.68,28.74,28.65,28.65,3923,0
JAPN.US,60,20250910,190000,28.601,28.601,28.601,28.601,100,0
JAPN.US,60,20250910,200000,28.675,28.72,28.66,28.67,4400,0
JAPN.US,60,20250910,210000,28.6799,28.6799,28.66,28.6711,1600,0
JAPN.US,60,20250910,220000,28.66,28.67,28.63,28.63,1786,0
JAPN.US,60,20250911,160000,28.6,28.6,28.49,28.58,5877,0
JAPN.US,60,20250911,170000,28.66,28.68,28.64,28.68,1000,0
JAPN.US,60,20250911,180000,28.65,28.68,28.65,28.68,603,0
JAPN.US,60,20250911,190000,28.68,28.68,28.68,28.68,481,0
JAPN.US,60,20250911,200000,28.6,28.6,28.6,28.6,200,0
JAPN.US,60,20250911,210000,28.65,28.6595,28.6,28.6595,2120,0
JAPN.US,60,20250911,220000,28.68,29.09,28.625,29.09,5489,0
JAPN.US,60,20250912,160000,28.71,28.71,28.45,28.45,1604,0
JAPN.US,60,20250912,170000,28.3801,28.3801,28.3801,28.3801,100,0
JAPN.US,60,20250912,180000,28.42,28.42,28.38,28.38,1100,0
JAPN.US,60,20250912,200000,28.48,28.48,28.48,28.48,300,0
JAPN.US,60,20250912,210000,28.49,28.49,28.4899,28.49,3500,0
JAPN.US,60,20250912,220000,28.485,28.535,28.44,28.535,1999,0
JAPN.US,60,20250915,160000,29.0918,29.0918,28.4121,28.46,572,0
JAPN.US,60,20250915,170000,28.4701,28.6382,28.4701,28.6382,1053,0
JAPN.US,60,20250915,180000,28.5795,28.64,28.5795,28.5885,793,0
JAPN.US,60,20250915,200000,28.69,28.75,28.64,28.75,2148,0
JAPN.US,60,20250915,210000,28.6007,28.6007,28.6007,28.6007,700,0
JAPN.US,60,20250915,220000,28.65,28.65,28.65,28.65,1400,0
JAPN.US,60,20250916,160000,28.56,28.56,28.56,28.56,175,0
JAPN.US,60,20250916,180000,28.52,28.6087,28.52,28.6087,3170,0
JAPN.US,60,20250916,200000,28.55,28.59,28.55,28.567,1200,0
JAPN.US,60,20250916,210000,28.5086,28.55,28.5086,28.535,1400,0
JAPN.US,60,20250916,220000,28.515,28.665,28.49,28.665,1150,0
JAPN.US,60,20250917,160000,28.66,28.66,28.615,28.615,400,0
JAPN.US,60,20250917,190000,28.64,28.64,28.64,28.64,1397,0
JAPN.US,60,20250917,210000,28.75,28.75,28.535,28.54,1299,0
JAPN.US,60,20250917,220000,28.67,28.67,28.585,28.585,4739,0
JAPN.US,60,20250918,170000,28.5801,28.64,28.5801,28.64,400,0
JAPN.US,60,20250918,180000,28.65,28.65,28.59,28.59,1203,0
JAPN.US,60,20250918,190000,28.6251,28.6682,28.6251,28.6682,3000,0
JAPN.US,60,20250918,200000,28.645,28.645,28.645,28.645,100,0
JAPN.US,60,20250918,210000,28.64,28.65,28.62,28.62,300,0
JAPN.US,60,20250918,220000,28.625,28.71,28.59,28.71,9660,0
JAPN.US,60,20250919,160000,28.565,28.565,28.42,28.45,1716,0
JAPN.US,60,20250919,180000,28.55,28.57,28.36,28.36,2400,0
JAPN.US,60,20250919,190000,28.305,28.32,28.305,28.32,5400,0
JAPN.US,60,20250919,200000,28.36,28.43,28.36,28.39,1100,0
JAPN.US,60,20250919,210000,28.3,28.3,28.3,28.3,300,0
JAPN.US,60,20250919,220000,28.25,28.25,28.23,28.23,477,0
JAPN.US,60,20250922,160000,28.3,28.3,28.3,28.3,100,0
JAPN.US,60,20250922,180000,28.4,28.45,28.365,28.42,1775,0
JAPN.US,60,20250922,200000,28.42,28.97,28.42,28.97,1047,0
JAPN.US,60,20250922,210000,28.4829,28.51,28.48,28.485,1300,0
JAPN.US,60,20250922,220000,28.5,28.53,28.48,28.53,3065,0
JAPN.US,60,20250923,160000,28.19,28.44,28.19,28.44,200,0
JAPN.US,60,20250923,170000,28.42,28.5399,28.41,28.41,684,0
JAPN.US,60,20250923,180000,28.49,28.55,28.49,28.55,200,0
JAPN.US,60,20250923,190000,28.4982,28.4982,28.4982,28.4982,626,0
JAPN.US,60,20250923,200000,28.3958,28.3958,28.3958,28.3958,200,0
JAPN.US,60,20250923,210000,28.45,28.45,28.45,28.45,100,0
JAPN.US,60,20250923,220000,28.46,28.47,28.3301,28.47,1700,0
JAPN.US,60,20250924,160000,28.4076,28.4076,28.4076,28.4076,100,0
JAPN.US,60,20250924,170000,28.455,28.455,28.455,28.455,100,0
JAPN.US,60,20250924,190000,28.37,28.42,28.352,28.42,476,0
JAPN.US,60,20250924,200000,28.415,28.43,28.415,28.43,1300,0
JAPN.US,60,20250924,210000,28.425,28.425,28.425,28.425,100,0
JAPN.US,60,20250924,220000,28.415,28.48,28.415,28.48,4562,0
JAPN.US,60,20250925,160000,28.39,28.39,28.125,28.125,2053,0
JAPN.US,60,20250925,180000,28.31,28.31,28.1795,28.21,1600,0
JAPN.US,60,20250925,200000,28.21,28.21,28.21,28.21,100,0
JAPN.US,60,20250925,210000,28.209,28.21,28.209,28.2099,700,0
JAPN.US,60,20250926,170000,28.3194,28.3194,28.3104,28.3104,300,0
JAPN.US,60,20250926,180000,28.2775,28.2775,28.2436,28.2436,204,0
JAPN.US,60,20250926,190000,28.28,28.34,28.2799,28.32,7040,0
JAPN.US,60,20250926,210000,28.35,28.4,28.35,28.39,4600,0
JAPN.US,60,20250926,220000,28.3311,28.38,28.3311,28.38,450,0
JAPN.US,60,20250929,170000,28.2823,28.29,28.2823,28.29,2200,0
JAPN.US,60,20250929,180000,28.28,28.36,28.2799,28.31,3390,0
JAPN.US,60,20250929,190000,28.35,28.35,28.35,28.35,200,0
JAPN.US,60,20250929,200000,28.36,28.36,28.36,28.36,100,0
JAPN.US,60,20250929,210000,28.33,28.36,28.3,28.3,16665,0
JAPN.US,60,20250930,160000,28.57,28.57,28.1564,28.1564,300,0
JAPN.US,60,20250930,170000,28.139,28.1495,28.13,28.1495,4181,0
JAPN.US,60,20250930,180000,28.119,28.145,28.1184,28.14,1550,0
JAPN.US,60,20250930,190000,28.1389,28.139,28.1389,28.139,1598,0
JAPN.US,60,20250930,200000,28.14,28.1976,28.1325,28.181,500,0
JAPN.US,60,20250930,210000,28.13,28.13,28.13,28.13,200,0
JAPN.US,60,20250930,220000,28.16,28.16,28.16,28.16,400,0
JAPN.US,60,20251001,160000,28.01,28.39,28.01,28.03,4449,0
JAPN.US,60,20251001,170000,28,28,27.88,27.88,22650,0
JAPN.US,60,20251001,180000,27.88,27.9289,27.85,27.85,7408,0
JAPN.US,60,20251001,190000,27.9,27.9,27.9,27.9,400,0
JAPN.US,60,20251001,200000,27.89,27.89,27.89,27.89,250,0
JAPN.US,60,20251001,210000,27.88,27.88,27.85,27.85,859,0
JAPN.US,60,20251001,220000,27.9,27.91,27.9,27.91,1000,0
JAPN.US,60,20251002,160000,28.09,28.09,27.4,27.5,6319,0
JAPN.US,60,20251002,170000,27.48,27.61,27.48,27.61,5400,0
JAPN.US,60,20251002,180000,27.6,27.6,27.6,27.6,825,0
JAPN.US,60,20251002,190000,27.52,27.52,27.52,27.52,2284,0
JAPN.US,60,20251002,210000,27.55,27.55,27.55,27.55,100,0
JAPN.US,60,20251002,220000,27.52,27.52,27.52,27.52,347,0
JAPN.US,60,20251003,160000,27.835,28.04,27.835,27.965,4972,0
JAPN.US,60,20251003,170000,28.01,28.0544,28.01,28.0364,4290,0
JAPN.US,60,20251003,180000,28.01,28.08,27.93,28.015,6309,0
JAPN.US,60,20251003,190000,28.015,28.0999,27.995,27.995,4285,0
JAPN.US,60,20251003,200000,27.955,27.965,27.89,27.92,19039,0
JAPN.US,60,20251003,210000,27.925,27.95,27.8971,27.95,8200,0
JAPN.US,60,20251003,220000,27.9429,27.96,27.905,27.9375,21051,0
JAPN.US,60,20251006,160000,28.46,28.46,28.155,28.1935,9451,0
JAPN.US,60,20251006,170000,28.195,28.24,28.16,28.24,4022,0
JAPN.US,60,20251006,180000,28.28,28.41,28.27,28.41,6702,0
JAPN.US,60,20251006,190000,28.36,28.39,28.27,28.39,1000,0
JAPN.US,60,20251006,200000,28.3,28.3,28.22,28.22,1100,0
JAPN.US,60,20251006,210000,28.26,28.26,28.26,28.26,14707,0
JAPN.US,60,20251006,220000,28.245,28.285,28.245,28.28,1400,0
JAPN.US,60,20251007,170000,28.065,28.065,28.065,28.065,239,0
JAPN.US,60,20251007,180000,28.05,28.11,28.05,28.11,3059,0
JAPN.US,60,20251007,190000,28.09,28.11,28.09,28.11,200,0
JAPN.US,60,20251007,200000,28.05,28.07,27.93,27.93,4700,0
JAPN.US,60,20251007,210000,28,28,28,28,300,0
JAPN.US,60,20251007,220000,28,28.04,27.955,27.96,2460,0
JAPN.US,60,20251008,160000,28.105,28.14,28.105,28.14,400,0
JAPN.US,60,20251008,170000,28.105,28.17,28.105,28.11,4899,0
JAPN.US,60,20251008,180000,28.11,28.11,28.11,28.11,100,0
JAPN.US,60,20251008,190000,28,28.06,28,28.06,1100,0
JAPN.US,60,20251008,200000,28.1,28.1182,28.05,28.1182,4350,0
JAPN.US,60,20251008,210000,28.06,28.06,28,28.02,7027,0
JAPN.US,60,20251008,220000,28.0389,28.06,28.02,28.06,3953,0
JAPN.US,60,20251009,160000,28,28,28,28,200,0
JAPN.US,60,20251009,170000,28,28,27.95,27.95,800,0
JAPN.US,60,20251009,190000,27.91,27.99,27.91,27.99,1026,0
JAPN.US,60,20251009,200000,27.94,27.94,27.94,27.94,200,0
JAPN.US,60,20251009,210000,27.94,27.96,27.9115,27.9115,650,0
JAPN.US,60,20251009,220000,27.9,27.9,27.82,27.82,19738,0
JAPN.US,60,20251010,160000,27.6172,27.729,27.6172,27.728,600,0
JAPN.US,60,20251010,170000,27.739,27.739,27.4664,27.57,4447,0
JAPN.US,60,20251010,180000,27.53,27.53,27.32,27.32,7498,0
JAPN.US,60,20251010,190000,27.355,27.44,27.35,27.44,4600,0
JAPN.US,60,20251010,200000,27.37,27.395,27.29,27.29,8974,0
JAPN.US,60,20251010,210000,27.39,27.52,27.39,27.4,4895,0
JAPN.US,60,20251013,160000,27.4,27.45,27.4,27.4325,5436,0
JAPN.US,60,20251013,170000,27.35,27.35,27.35,27.35,136,0
JAPN.US,60,20251013,180000,27.4499,27.51,27.43,27.51,1400,0
JAPN.US,60,20251014,160000,27.27,27.49,27.27,27.49,2000,0
JAPN.US,60,20251014,180000,27.65,27.795,27.65,27.75,2800,0
JAPN.US,60,20251014,190000,27.76,27.8,27.75,27.75,3000,0
JAPN.US,60,20251014,200000,27.78,27.78,27.78,27.78,300,0
JAPN.US,60,20251014,220000,27.755,27.755,27.69,27.73,2467,0
JAPN.US,60,20251015,160000,28.345,28.345,27.89,27.92,1100,0
JAPN.US,60,20251015,170000,28,28,27.9314,27.9314,378,0
JAPN.US,60,20251015,200000,28.03,28.06,28.03,28.03,500,0
JAPN.US,60,20251015,210000,27.965,27.965,27.965,27.965,1000,0
JAPN.US,60,20251015,220000,28,28,28,28,1000,0
JAPN.US,60,20251016,160000,28.08,28.08,27.96,27.99,1061,0
JAPN.US,60,20251016,170000,28,28,27.94,27.94,400,0
JAPN.US,60,20251016,200000,28.025,28.04,28.025,28.04,1018,0
JAPN.US,60,20251016,210000,28.01,28.01,28.01,28.01,100,0
JAPN.US,60,20251017,160000,28.03,28.03,28.03,28.03,2000,0
JAPN.US,60,20251017,170000,28.04,28.085,28.04,28.085,3622,0
JAPN.US,60,20251017,180000,28.1,28.1,28.045,28.05,4681,0
JAPN.US,60,20251017,190000,28.03,28.0499,28.03,28.03,1099,0
JAPN.US,60,20251017,200000,28.03,28.039,28.03,28.039,1300,0
JAPN.US,60,20251017,210000,28.045,28.045,28.045,28.045,715,0
JAPN.US,60,20251020,160000,28.54,28.54,28.54,28.54,500,0
JAPN.US,60,20251020,180000,28.6,28.605,28.57,28.605,3797,0
JAPN.US,60,20251020,190000,28.61,28.61,28.6,28.6,1000,0
JAPN.US,60,20251020,200000,28.6287,28.685,28.6287,28.63,6713,0
JAPN.US,60,20251020,210000,28.63,28.63,28.615,28.62,700,0
JAPN.US,60,20251020,220000,28.69,28.69,28.62,28.62,500,0
JAPN.US,60,20251021,160000,28.25,28.25,28.25,28.25,100,0
JAPN.US,60,20251021,170000,28.3484,28.3484,28.3484,28.3484,4450,0
JAPN.US,60,20251021,180000,28.32,28.37,28.2827,28.37,4675,0
JAPN.US,60,20251021,190000,28.34,28.34,28.31,28.31,300,0
JAPN.US,60,20251021,200000,28.28,28.33,28.22,28.22,16798,0
JAPN.US,60,20251021,210000,28.22,28.25,28.21,28.21,1400,0
JAPN.US,60,20251022,190000,28.53,28.53,28.53,28.53,769,0
JAPN.US,60,20251022,200000,28.58,28.645,28.49,28.58,4357,0
JAPN.US,60,20251022,210000,28.61,28.61,28.47,28.475,2600,0
JAPN.US,60,20251022,220000,28.61,28.635,28.6,28.6,974,0
JAPN.US,60,20251023,180000,28.53,28.58,28.51,28.51,7800,0
JAPN.US,60,20251023,190000,28.55,28.55,28.55,28.55,100,0
JAPN.US,60,20251023,200000,28.62,28.62,28.57,28.57,275,0
JAPN.US,60,20251023,210000,28.59,28.59,28.5868,28.5868,400,0
JAPN.US,60,20251023,220000,28.58,28.6,28.58,28.6,798,0
JAPN.US,60,20251024,170000,28.32,28.32,28.32,28.32,100,0
JAPN.US,60,20251024,200000,28.32,28.34,28.32,28.34,200,0
JAPN.US,60,20251024,210000,28.32,28.32,28.32,28.32,112,0
JAPN.US,60,20251024,220000,28.335,28.335,28.335,28.335,300,0
JAPN.US,60,20251027,160000,28.5607,28.5607,28.5607,28.5607,699,0
JAPN.US,60,20251027,170000,28.55,28.635,28.54,28.635,4331,0
JAPN.US,60,20251027,190000,28.62,28.63,28.6002,28.63,1871,0
JAPN.US,60,20251027,200000,28.63,28.63,28.62,28.6281,1069,0
JAPN.US,60,20251027,210000,28.625,28.625,28.625,28.625,200,0
JAPN.US,60,20251028,150000,28.32,28.32,28.32,28.32,1500,0
JAPN.US,60,20251028,160000,28.22,28.225,28.22,28.225,1600,0
JAPN.US,60,20251028,170000,28.33,28.339,28.305,28.32,1400,0
JAPN.US,60,20251028,180000,28.31,28.34,28.31,28.34,509,0
JAPN.US,60,20251028,190000,28.37,28.37,28.35,28.35,580,0
JAPN.US,60,20251029,150000,27.6599,27.6599,27.63,27.63,4000,0
JAPN.US,60,20251029,160000,27.6294,27.64,27.6,27.64,1900,0
JAPN.US,60,20251029,190000,27.69,27.69,27.69,27.69,400,0
JAPN.US,60,20251029,200000,27.655,27.655,27.5,27.6,17466,0
JAPN.US,60,20251029,210000,27.75,27.75,27.75,27.75,929,0
JAPN.US,60,20251030,150000,27.58,27.58,27.38,27.56,3580,0
JAPN.US,60,20251031,170000,27.625,27.625,27.43,27.43,1178,0
JAPN.US,60,20251031,180000,27.3168,27.3168,27.3168,27.3168,300,0
JAPN.US,60,20251031,210000,27.295,27.295,27.26,27.26,200,0
JAPN.US,60,20251103,170000,27.34,27.3405,27.2,27.2,16101,0
JAPN.US,60,20251103,180000,27.2385,27.2385,27.2385,27.2385,100,0
JAPN.US,60,20251103,190000,27.31,27.31,27.3,27.3,2105,0
JAPN.US,60,20251103,220000,27.2895,27.2895,27.2895,27.2895,274,0
JAPN.US,60,20251104,160000,27.15,27.25,27.15,27.25,1171,0
JAPN.US,60,20251104,180000,27.2572,27.2572,27.2572,27.2572,400,0
JAPN.US,60,20251104,190000,27.23,27.239,27.17,27.205,635,0
JAPN.US,60,20251104,200000,27.2025,27.2025,27.09,27.18,7797,0
JAPN.US,60,20251105,160000,27.3,27.3,27.3,27.3,100,0
JAPN.US,60,20251105,200000,27.37,27.3754,27.37,27.3754,886,0
JAPN.US,60,20251105,220000,27.41,27.425,27.36,27.425,2900,0
JAPN.US,60,20251106,170000,27,27,26.97,26.97,500,0
JAPN.US,60,20251106,180000,27.0099,27.0099,26.94,26.94,707,0
JAPN.US,60,20251106,200000,26.98,27.015,26.975,27.015,921,0
JAPN.US,60,20251106,210000,27.06,27.069,27.0287,27.055,1390,0
JAPN.US,60,20251106,220000,27.045,27.06,26.91,27.025,2274,0
JAPN.US,60,20251107,160000,26.78,26.78,26.78,26.78,448,0
JAPN.US,60,20251107,170000,26.79,26.79,26.79,26.79,100,0
JAPN.US,60,20251107,190000,26.735,26.7564,26.735,26.7564,200,0
JAPN.US,60,20251107,210000,26.848,26.92,26.848,26.92,1188,0
JAPN.US,60,20251107,220000,26.8994,26.92,26.86,26.89,869,0
JAPN.US,60,20251110,160000,26.8485,26.8485,26.8485,26.8485,700,0
JAPN.US,60,20251110,180000,26.889,26.889,26.889,26.889,500,0
JAPN.US,60,20251110,190000,26.93,26.93,26.93,26.93,200,0
JAPN.US,60,20251110,200000,26.9805,26.9805,26.9805,26.9805,151,0
JAPN.US,60,20251110,210000,26.985,26.985,26.985,26.985,100,0
JAPN.US,60,20251110,220000,27.0121,27.0121,27.0121,27.0121,500,0
JAPN.US,60,20251111,160000,26.85,26.85,26.76,26.76,200,0
JAPN.US,60,20251111,170000,26.76,26.84,26.76,26.7853,2600,0
JAPN.US,60,20251111,180000,26.78,26.81,26.7706,26.78,2401,0
JAPN.US,60,20251111,190000,26.7805,26.7997,26.77,26.7835,9450,0
JAPN.US,60,20251111,200000,26.8,26.87,26.8,26.87,2600,0
JAPN.US,60,20251111,210000,26.85,26.8985,26.85,26.8985,800,0
JAPN.US,60,20251111,220000,26.835,26.91,26.835,26.91,300,0
JAPN.US,60,20251112,160000,26.91,26.91,26.91,26.91,100,0
JAPN.US,60,20251112,170000,26.98,26.98,26.93,26.95,1400,0
JAPN.US,60,20251112,180000,26.98,27.0693,26.98,27.03,2220,0
JAPN.US,60,20251112,190000,27.07,27.07,27.07,27.07,100,0
JAPN.US,60,20251112,200000,27.025,27.025,27.025,27.025,100,0
JAPN.US,60,20251112,210000,27.04,27.04,26.95,27.02,3000,0
JAPN.US,60,20251112,220000,27.02,27.12,26.99,27,2050,0
JAPN.US,60,20251113,160000,26.7718,26.7718,26.7718,26.7718,100,0
JAPN.US,60,20251113,170000,26.75,26.8099,26.7,26.755,1000,0
JAPN.US,60,20251113,180000,26.7,26.7,26.65,26.7,2800,0
JAPN.US,60,20251113,190000,26.78,26.78,26.78,26.78,100,0
JAPN.US,60,20251113,200000,26.8199,26.8199,26.8199,26.8199,140,0
JAPN.US,60,20251113,220000,26.57,26.57,26.51,26.51,575,0
JAPN.US,60,20251114,170000,26.572,26.572,26.5642,26.57,1000,0
JAPN.US,60,20251114,180000,26.625,26.625,26.625,26.625,100,0
JAPN.US,60,20251114,190000,26.63,26.63,26.5795,26.5795,765,0
JAPN.US,60,20251114,210000,26.5519,26.5519,26.5519,26.5519,113,0
JAPN.US,60,20251114,220000,26.56,26.575,26.56,26.5735,5485,0
JAPN.US,60,20251117,160000,26.5,26.5,26.5,26.5,204,0
JAPN.US,60,20251117,170000,26.0941,26.0941,26.03,26.03,882,0
JAPN.US,60,20251117,180000,26.115,26.34,26.115,26.2638,8950,0
JAPN.US,60,20251117,210000,26.07,26.15,26.01,26.01,900,0
JAPN.US,60,20251117,220000,26.16,26.16,26,26,11446,0
JAPN.US,60,20251118,160000,25.83,25.83,25.83,25.83,258,0
JAPN.US,60,20251118,170000,25.62,25.62,25.5854,25.62,450,0
JAPN.US,60,20251118,180000,25.62,25.65,25.62,25.63,900,0
JAPN.US,60,20251118,190000,25.6325,25.6325,25.56,25.56,200,0
JAPN.US,60,20251118,210000,25.67,25.67,25.67,25.67,100,0
JAPN.US,60,20251118,220000,25.6899,25.6899,25.6475,25.6475,300,0
JAPN.US,60,20251119,160000,25.7,25.7,25.7,25.7,1500,0
JAPN.US,60,20251119,170000,25.72,25.7201,25.64,25.64,300,0
JAPN.US,60,20251119,180000,25.6,25.6,25.5041,25.5612,1154,0
JAPN.US,60,20251119,190000,25.58,25.58,25.58,25.58,100,0
JAPN.US,60,20251119,200000,25.59,25.67,25.59,25.666,795,0
JAPN.US,60,20251119,210000,25.57,25.57,25.57,25.57,400,0
JAPN.US,60,20251119,220000,25.57,25.6999,25.57,25.58,4225,0
JAPN.US,60,20251120,160000,25.61,25.61,25.61,25.61,100,0
JAPN.US,60,20251120,180000,25.65,25.6501,25.53,25.53,488,0
JAPN.US,60,20251120,190000,25.41,25.46,25.4,25.4,400,0
JAPN.US,60,20251120,200000,25.34,25.34,25.27,25.27,31015,0
JAPN.US,60,20251120,220000,25.325,25.325,25.325,25.325,900,0
JAPN.US,60,20251121,170000,25.96,26.005,25.96,25.99,1000,0
JAPN.US,60,20251121,180000,25.99,25.99,25.9,25.9,1909,0
JAPN.US,60,20251121,190000,26.087,26.087,26.087,26.087,550,0
JAPN.US,60,20251121,200000,26.06,26.1299,26.06,26.095,607,0
JAPN.US,60,20251124,160000,26.13,26.13,26.13,26.13,400,0
JAPN.US,60,20251124,170000,26.04,26.04,26.04,26.04,439,0
JAPN.US,60,20251124,180000,26.13,26.13,26.13,26.13,264,0
JAPN.US,60,20251124,210000,26.145,26.145,26.145,26.145,700,0
JAPN.US,60,20251124,220000,26.1,26.22,26.1,26.18,5048,0
JAPN.US,60,20251125,200000,26.0846,26.095,26.0846,26.095,697,0
JAPN.US,60,20251125,210000,26.14,26.15,26.1299,26.1299,900,0
JAPN.US,60,20251125,220000,26.12,26.13,26.105,26.13,2210,0
JAPN.US,60,20251126,170000,26.2066,26.23,26.2066,26.23,600,0
JAPN.US,60,20251126,180000,26.23,26.355,26.23,26.3339,2242,0
JAPN.US,60,20251126,190000,26.37,26.37,26.37,26.37,100,0
JAPN.US,60,20251126,200000,26.437,26.437,26.38,26.38,333,0
JAPN.US,60,20251126,210000,26.3537,26.47,26.3537,26.43,3169,0
JAPN.US,60,20251126,220000,26.465,26.49,26.33,26.4,17051,0
JAPN.US,60,20251128,160000,26.33,26.4,26.33,26.4,2162,0
JAPN.US,60,20251128,180000,26.5465,26.5993,26.54,26.56,8550,0
JAPN.US,60,20251128,190000,26.57,26.5899,26.555,26.57,1250,0
JAPN.US,60,20251201,160000,26.56,26.56,26.4,26.4,1080,0
JAPN.US,60,20251201,170000,26.48,26.48,26.48,26.48,100,0
JAPN.US,60,20251201,180000,26.4866,26.5049,26.475,26.475,3720,0
JAPN.US,60,20251201,190000,26.4958,26.4988,26.475,26.475,5300,0
JAPN.US,60,20251201,200000,26.45,26.45,26.45,26.45,100,0
JAPN.US,60,20251201,210000,26.43,26.44,26.43,26.44,2100,0
JAPN.US,60,20251201,220000,26.37,26.37,26.37,26.37,100,0
JAPN.US,60,20251202,170000,25.79,25.87,25.7844,25.84,2985,0
JAPN.US,60,20251202,180000,25.84,25.8599,25.76,25.77,2786,0
JAPN.US,60,20251202,200000,25.75,25.79,25.75,25.79,700,0
JAPN.US,60,20251202,220000,25.779,25.779,25.779,25.779,100,0
JAPN.US,60,20251203,160000,25.68,25.68,25.68,25.68,100,0
JAPN.US,60,20251203,170000,25.66,25.72,25.51,25.6296,10876,0
JAPN.US,60,20251203,180000,25.68,25.76,25.6595,25.6595,630,0
JAPN.US,60,20251203,190000,25.65,25.65,25.65,25.65,100,0
JAPN.US,60,20251203,200000,25.68,25.68,25.67,25.67,1400,0
JAPN.US,60,20251203,220000,25.68,25.68,25.6,25.65,1070,0
JAPN.US,60,20251204,160000,25.9,25.9,25.9,25.9,100,0
JAPN.US,60,20251204,180000,25.85,25.85,25.85,25.85,100,0
JAPN.US,60,20251204,210000,25.74,25.74,25.71,25.71,8000,0
JAPN.US,60,20251204,220000,25.74,25.78,25.72,25.77,4533,0
JAPN.US,60,20251205,170000,25.775,25.775,25.775,25.775,100,0
JAPN.US,60,20251205,180000,25.79,25.85,25.79,25.85,2000,0
JAPN.US,60,20251205,190000,25.88,25.89,25.87,25.89,4000,0
JAPN.US,60,20251205,200000,25.93,25.93,25.93,25.93,200,0
JAPN.US,60,20251205,210000,25.91,25.92,25.8819,25.885,4423,0
JAPN.US,60,20251205,220000,25.9399,25.9399,25.89,25.92,4200,0
JAPN.US,60,20251208,160000,25.71,25.75,25.71,25.75,200,0
JAPN.US,60,20251208,170000,25.745,25.745,25.7325,25.7325,1217,0
JAPN.US,60,20251208,180000,25.74,25.74,25.74,25.74,300,0
JAPN.US,60,20251208,200000,25.72,25.73,25.7,25.7,1000,0
JAPN.US,60,20251208,220000,25.87,25.87,25.87,25.87,100,0
JAPN.US,60,20251209,160000,25.5,25.5,25.5,25.5,100,0
JAPN.US,60,20251209,180000,25.625,25.625,25.58,25.58,400,0
JAPN.US,60,20251209,190000,25.625,25.625,25.625,25.625,100,0
JAPN.US,60,20251209,210000,25.545,25.65,25.49,25.53,24044,0
JAPN.US,60,20251209,220000,25.6,25.61,25.537,25.61,2870,0
JAPN.US,60,20251210,160000,25.4,25.45,25.4,25.44,300,0
JAPN.US,60,20251210,180000,25.47,25.51,25.47,25.51,2787,0
JAPN.US,60,20251210,210000,25.5,25.5,25.49,25.4901,1026,0
JAPN.US,60,20251210,220000,25.621,25.621,25.621,25.621,929,0
JAPN.US,60,20251211,160000,25.52,25.7,25.52,25.59,600,0
JAPN.US,60,20251211,170000,25.6,25.64,25.59,25.64,5473,0
JAPN.US,60,20251211,190000,25.64,25.67,25.64,25.65,581,0
JAPN.US,60,20251211,200000,25.6584,25.6584,25.6584,25.6584,200,0
JAPN.US,60,20251211,210000,25.6999,25.6999,25.6999,25.6999,118,0
JAPN.US,60,20251211,220000,25.63,25.63,25.63,25.63,1100,0
JAPN.US,60,20251212,160000,25.47,25.55,25.47,25.55,200,0
JAPN.US,60,20251212,170000,25.4805,25.495,25.4805,25.495,336,0
JAPN.US,60,20251212,180000,25.54,25.54,25.5009,25.5009,600,0
JAPN.US,60,20251212,190000,25.57,25.57,25.56,25.561,900,0
JAPN.US,60,20251212,200000,25.565,25.57,25.5,25.5,6799,0
JAPN.US,60,20251212,210000,25.55,25.55,25.55,25.55,100,0
JAPN.US,60,20251212,220000,25.5,25.5,25.5,25.5,200,0
JAPN.US,60,20251215,160000,26,26,26,26,144,0
JAPN.US,60,20251215,170000,25.9363,25.94,25.92,25.94,390,0
JAPN.US,60,20251215,180000,25.96,25.96,25.95,25.95,450,0
JAPN.US,60,20251216,160000,25.77,25.77,25.695,25.695,400,0
JAPN.US,60,20251216,170000,25.6801,25.705,25.66,25.705,994,0
JAPN.US,60,20251216,180000,25.62,25.63,25.59,25.59,14594,0
JAPN.US,60,20251216,190000,25.6,25.6,25.6,25.6,2948,0
JAPN.US,60,20251216,200000,25.67,25.67,25.62,25.62,4688,0
JAPN.US,60,20251216,210000,25.6002,25.6002,25.58,25.5804,779,0
JAPN.US,60,20251216,220000,25.64,25.64,25.54,25.54,455,0
JAPN.US,60,20251217,160000,25.65,25.65,25.625,25.625,500,0
JAPN.US,60,20251217,180000,25.5609,25.5609,25.5,25.5,10429,0
JAPN.US,60,20251217,190000,25.55,25.5554,25.54,25.54,786,0
JAPN.US,60,20251217,210000,25.5,25.51,25.4858,25.4858,633,0
JAPN.US,60,20251218,160000,25.62,25.62,25.61,25.61,200,0
JAPN.US,60,20251218,180000,25.585,25.585,25.57,25.57,572,0
JAPN.US,60,20251218,190000,25.53,25.53,25.35,25.395,46004,0
JAPN.US,60,20251218,200000,25.44,25.495,25.44,25.495,200,0
JAPN.US,60,20251218,210000,25.43,25.49,25.43,25.49,308,0
JAPN.US,60,20251218,220000,25.46,25.51,25.44,25.45,1563,0
JAPN.US,60,20251219,160000,25.67,25.67,25.6,25.66,8322,0
JAPN.US,60,20251219,170000,25.685,25.685,25.66,25.66,400,0
JAPN.US,60,20251219,180000,25.69,25.69,25.6891,25.6891,761,0
JAPN.US,60,20251219,190000,25.69,25.69,25.663,25.665,2950,0
JAPN.US,60,20251219,200000,25.68,25.68,25.65,25.67,3929,0
JAPN.US,60,20251219,210000,25.68,25.76,25.68,25.7,3387,0
JAPN.US,60,20251219,220000,25.75,25.762,25.65,25.65,3100,0
JAPN.US,60,20251222,160000,25.23,25.255,25.2101,25.255,1718,0
JAPN.US,60,20251222,170000,25.36,25.36,25.2898,25.345,300,0
JAPN.US,60,20251222,180000,25.35,25.4,25.35,25.36,1912,0
JAPN.US,60,20251222,190000,25.3934,25.3934,25.3107,25.3107,2250,0
JAPN.US,60,20251222,200000,25.31,25.31,25.31,25.31,100,0
JAPN.US,60,20251222,210000,25.35,25.35,25.33,25.33,300,0
JAPN.US,60,20251222,220000,25.3,25.3,25.3,25.3,120,0
JAPN.US,60,20251223,160000,25.28,25.64,25.28,25.64,500,0
JAPN.US,60,20251223,170000,25.7593,25.7593,25.7593,25.7593,300,0
JAPN.US,60,20251223,180000,25.7569,25.7569,25.75,25.75,700,0
JAPN.US,60,20251223,220000,25.73,25.73,25.73,25.73,168,0
JAPN.US,60,20251224,170000,25.78,25.78,25.78,25.78,100,0
JAPN.US,60,20251224,180000,25.84,25.8793,25.84,25.8793,4100,0
JAPN.US,60,20251226,160000,25.76,25.76,25.76,25.76,100,0
JAPN.US,60,20251226,170000,25.74,25.74,25.7268,25.7268,626,0
JAPN.US,60,20251226,200000,25.7396,25.8,25.72,25.8,2697,0
JAPN.US,60,20251226,210000,25.82,25.82,25.75,25.75,6770,0
JAPN.US,60,20251226,220000,25.755,25.86,25.6999,25.86,13300,0
