<TICKER>,<PER>,<DATE>,<TIME>,<OPEN>,<HIGH>,<LOW>,<CLOSE>,<VOL>,<OPENINT>
QCML.US,60,20250214,160000,25.499,25.499,25.499,25.499,100,0
QCML.US,60,20250214,170000,25.31,25.52,25.31,25.52,400,0
QCML.US,60,20250214,180000,25.59,25.61,25.49,25.49,3800,0
QCML.US,60,20250214,190000,25.48,25.48,25.25,25.25,1300,0
QCML.US,60,20250214,200000,25.5099,25.5099,25.5099,25.5099,100,0
QCML.US,60,20250214,210000,25.6,25.6,25.52,25.52,200,0
QCML.US,60,20250214,220000,25.51,25.56,25.51,25.54,900,0
QCML.US,60,20250218,160000,25.391,25.391,25.391,25.391,200,0
QCML.US,60,20250218,170000,25.7325,25.7325,25.48,25.48,3359,0
QCML.US,60,20250218,190000,25.8104,25.8104,25.7989,25.7989,800,0
QCML.US,60,20250218,200000,25.82,25.82,25.8,25.8,800,0
QCML.US,60,20250218,210000,25.8,25.8,25.8,25.8,300,0
QCML.US,60,20250218,220000,25.9386,25.9386,25.735,25.735,600,0
QCML.US,60,20250219,160000,26.18,26.68,26.18,26.65,2396,0
QCML.US,60,20250219,170000,26.39,26.59,26.39,26.51,600,0
QCML.US,60,20250219,180000,26.6198,26.68,26.599,26.68,2102,0
QCML.US,60,20250219,190000,26.3,26.369,26.13,26.369,1432,0
QCML.US,60,20250219,210000,26.38,26.46,26.38,26.46,600,0
QCML.US,60,20250220,160000,26.565,26.565,26.241,26.275,750,0
QCML.US,60,20250220,170000,25.935,25.935,25.921,25.921,599,0
QCML.US,60,20250220,180000,26.0179,26.0179,25.78,25.78,900,0
QCML.US,60,20250220,190000,25.95,25.95,25.871,25.871,880,0
QCML.US,60,20250220,200000,25.77,25.77,25.77,25.77,300,0
QCML.US,60,20250220,210000,25.81,25.81,25.81,25.81,1200,0
QCML.US,60,20250220,220000,25.73,25.81,25.73,25.81,590,0
QCML.US,60,20250221,180000,24.03,24.25,23.89,24.08,500,0
QCML.US,60,20250221,190000,24.05,24.05,24.05,24.05,200,0
QCML.US,60,20250221,210000,23.5715,23.5715,23.5715,23.5715,800,0
QCML.US,60,20250221,220000,23.6967,23.6967,23.65,23.65,1000,0
QCML.US,60,20250224,160000,23.63,23.64,23.499,23.51,439,0
QCML.US,60,20250224,170000,23.18,23.18,23.18,23.18,100,0
QCML.US,60,20250224,180000,23.052,23.052,23.052,23.052,100,0
QCML.US,60,20250224,200000,23.28,23.28,23.24,23.24,200,0
QCML.US,60,20250224,220000,22.4,22.4,22.4,22.4,100,0
QCML.US,60,20250225,160000,22.38,22.78,22.38,22.78,620,0
QCML.US,60,20250225,170000,22.34,22.34,22.11,22.11,420,0
QCML.US,60,20250225,180000,22.09,22.09,22.09,22.09,100,0
QCML.US,60,20250225,190000,22.03,22.31,22.03,22.25,500,0
QCML.US,60,20250225,210000,22.2,22.23,22.18,22.23,600,0
QCML.US,60,20250226,170000,22.8,22.8,22.8,22.8,100,0
QCML.US,60,20250226,200000,22.28,22.28,22.28,22.28,200,0
QCML.US,60,20250226,220000,22.281,22.51,22.28,22.51,3100,0
QCML.US,60,20250227,160000,22.5,22.5,22.5,22.5,120,0
QCML.US,60,20250227,170000,22,22,22,22,130,0
QCML.US,60,20250227,180000,21.785,21.785,21.785,21.785,317,0
QCML.US,60,20250227,200000,21.6,21.6,21.6,21.6,100,0
QCML.US,60,20250227,210000,21.09,21.09,21.09,21.09,488,0
QCML.US,60,20250227,220000,20.41,20.41,20.39,20.39,200,0
QCML.US,60,20250228,160000,20.35,20.4799,20.35,20.4799,473,0
QCML.US,60,20250228,190000,20.604,20.6592,20.604,20.6592,592,0
QCML.US,60,20250303,160000,21.21,21.21,21.21,21.21,100,0
QCML.US,60,20250303,170000,21.43,21.69,21.43,21.69,1281,0
QCML.US,60,20250303,180000,21.3,21.3,21.25,21.25,300,0
QCML.US,60,20250303,220000,20.5,20.5,20.01,20.01,200,0
QCML.US,60,20250304,170000,19.7101,19.7101,19.7101,19.7101,200,0
QCML.US,60,20250304,210000,20.599,20.599,20.59,20.59,212,0
QCML.US,60,20250305,220000,20.23,21.34,20.23,21.34,300,0
QCML.US,60,20250306,160000,20.9627,20.9627,20.9627,20.9627,122,0
QCML.US,60,20250306,170000,21.13,21.13,21.13,21.13,100,0
QCML.US,60,20250306,180000,21,21,21,21,100,0
QCML.US,60,20250306,220000,20.9,20.95,20.899,20.899,441,0
QCML.US,60,20250307,180000,21.309,21.309,21.309,21.309,100,0
QCML.US,60,20250310,160000,21.38,21.38,21.38,21.38,100,0
QCML.US,60,20250310,180000,21,21,20.8788,20.8788,304,0
QCML.US,60,20250310,190000,20.83,20.83,20.83,20.83,1701,0
QCML.US,60,20250310,210000,19.94,20.43,19.94,20.43,1051,0
QCML.US,60,20250311,150000,20.459,20.459,20.459,20.459,120,0
QCML.US,60,20250311,160000,19.78,19.78,19.78,19.78,200,0
QCML.US,60,20250311,210000,20.44,20.44,20.16,20.24,1100,0
QCML.US,60,20250312,160000,20.55,20.55,20.55,20.55,200,0
QCML.US,60,20250312,210000,19.85,19.85,19.85,19.85,700,0
QCML.US,60,20250313,150000,20.04,20.04,20.04,20.04,200,0
QCML.US,60,20250313,170000,20.08,20.08,20.08,20.08,100,0
QCML.US,60,20250313,180000,19.86,19.86,19.86,19.86,200,0
QCML.US,60,20250313,200000,19.7499,19.7499,19.7499,19.7499,126,0
QCML.US,60,20250314,150000,20.409,20.409,20.409,20.409,100,0
QCML.US,60,20250314,160000,20.5,20.5,20.5,20.5,463,0
QCML.US,60,20250314,170000,20.75,20.75,20.75,20.75,200,0
QCML.US,60,20250314,190000,20.92,20.92,20.92,20.92,200,0
QCML.US,60,20250318,160000,21.52,21.69,21.52,21.69,349,0
QCML.US,60,20250318,180000,21.36,21.39,21.31,21.31,2250,0
QCML.US,60,20250318,200000,21.08,21.08,21.07,21.07,1000,0
QCML.US,60,20250319,160000,20.92,20.92,20.92,20.92,250,0
QCML.US,60,20250319,200000,21.1152,21.1152,21.1152,21.1152,319,0
QCML.US,60,20250319,210000,21.77,21.77,21.47,21.47,1102,0
QCML.US,60,20250320,160000,21.25,21.27,21.25,21.27,1031,0
QCML.US,60,20250320,170000,21.45,21.45,21.45,21.45,500,0
QCML.US,60,20250320,180000,21.135,21.1437,21.135,21.1437,1000,0
QCML.US,60,20250320,210000,21.17,21.17,21.17,21.17,300,0
QCML.US,60,20250321,190000,20.959,20.959,20.959,20.959,100,0
QCML.US,60,20250321,200000,20.93,20.93,20.93,20.93,500,0
QCML.US,60,20250321,210000,20.99,20.99,20.93,20.94,4690,0
QCML.US,60,20250324,160000,21.7788,21.7788,21.74,21.74,650,0
QCML.US,60,20250324,170000,21.985,21.985,21.985,21.985,100,0
QCML.US,60,20250324,180000,21.8701,21.8701,21.8,21.83,1280,0
QCML.US,60,20250324,190000,21.83,21.83,21.83,21.83,100,0
QCML.US,60,20250324,200000,21.751,21.751,21.751,21.751,200,0
QCML.US,60,20250325,150000,21.741,22,21.741,22,613,0
QCML.US,60,20250325,160000,21.95,21.95,21.95,21.95,100,0
QCML.US,60,20250326,170000,21.895,21.895,21.35,21.35,600,0
QCML.US,60,20250326,190000,21,21,21,21,200,0
QCML.US,60,20250327,180000,20.9515,20.9515,20.9515,20.9515,100,0
QCML.US,60,20250327,210000,21.439,21.439,21.439,21.439,170,0
QCML.US,60,20250328,160000,20.13,20.13,20.13,20.13,100,0
QCML.US,60,20250328,170000,19.75,19.75,19.75,19.75,100,0
QCML.US,60,20250328,190000,19.6431,19.6431,19.5209,19.5209,1055,0
QCML.US,60,20250328,210000,19.75,19.75,19.75,19.75,200,0
QCML.US,60,20250401,160000,19.6,19.6,19.6,19.6,1000,0
QCML.US,60,20250401,170000,19.32,19.32,19.32,19.32,500,0
QCML.US,60,20250401,190000,19.85,19.9054,19.85,19.9054,780,0
QCML.US,60,20250401,200000,19.7299,19.7299,19.72,19.72,1000,0
QCML.US,60,20250402,170000,19.86,19.86,19.86,19.86,100,0
QCML.US,60,20250402,190000,20.109,20.109,20.109,20.109,100,0
QCML.US,60,20250403,160000,18.329,18.329,18.329,18.329,100,0
QCML.US,60,20250403,180000,16.95,17.189,16.95,17.189,2218,0
QCML.US,60,20250403,210000,16.75,16.76,16.75,16.76,233,0
QCML.US,60,20250403,220000,16.4,16.45,16.259,16.44,6800,0
QCML.US,60,20250404,160000,15.16,15.16,15,15.04,2079,0
QCML.US,60,20250404,170000,15.08,15.08,14.9,14.9,349,0
QCML.US,60,20250404,190000,14.3419,14.3419,13.9797,13.9797,713,0
QCML.US,60,20250404,210000,14.2054,14.22,13.741,13.741,638,0
QCML.US,60,20250404,220000,13.655,13.94,13.655,13.94,700,0
QCML.US,60,20250407,160000,12.5883,12.5883,12.18,12.18,200,0
QCML.US,60,20250407,170000,14.4893,14.4893,13.35,13.35,457,0
QCML.US,60,20250407,220000,13.93,13.93,13.93,13.93,198,0
QCML.US,60,20250408,160000,14.38,14.39,14.29,14.29,3300,0
QCML.US,60,20250408,170000,14.87,15,14.87,15,402,0
QCML.US,60,20250408,190000,14.45,14.45,14.45,14.45,123,0
QCML.US,60,20250408,200000,13.91,13.91,13.91,13.91,102,0
QCML.US,60,20250408,210000,13.53,13.53,13.53,13.53,219,0
QCML.US,60,20250408,220000,12.9798,12.9798,12.86,12.86,427,0
QCML.US,60,20250409,200000,13.43,15.66,13.32,15.6,7800,0
QCML.US,60,20250409,210000,15.901,16.3844,15.901,16.3844,200,0
QCML.US,60,20250409,220000,15.819,16.95,15.819,16.95,2900,0
QCML.US,60,20250410,160000,15.456,15.456,15.456,15.456,100,0
QCML.US,60,20250410,200000,13.889,14.39,13.889,14.39,256,0
QCML.US,60,20250410,210000,14.2501,14.58,14.2501,14.58,1588,0
QCML.US,60,20250411,200000,15.4,15.729,15.4,15.729,200,0
QCML.US,60,20250411,210000,15.64,15.64,15.6,15.6,200,0
QCML.US,60,20250411,220000,15.78,15.78,15.6813,15.7152,3190,0
QCML.US,60,20250414,160000,16.43,16.43,16.16,16.16,200,0
QCML.US,60,20250414,180000,15.23,15.23,15.1798,15.1798,361,0
QCML.US,60,20250414,190000,15.22,15.49,15.22,15.49,700,0
QCML.US,60,20250414,200000,15.4,15.52,15.4,15.52,229,0
QCML.US,60,20250414,220000,15.8694,15.8694,15.76,15.76,400,0
QCML.US,60,20250415,180000,15.8,15.8,15.72,15.72,533,0
QCML.US,60,20250415,210000,15.579,15.5896,15.562,15.589,1304,0
QCML.US,60,20250415,220000,15.51,15.519,15.47,15.51,12629,0
QCML.US,60,20250416,170000,15.04,15.04,15.04,15.04,321,0
QCML.US,60,20250416,180000,15.03,15.03,15,15,200,0
QCML.US,60,20250416,200000,14.5,14.51,14.5,14.51,200,0
QCML.US,60,20250416,220000,14.17,14.2699,14.17,14.2699,493,0
QCML.US,60,20250417,170000,15.1,15.1,15.04,15.04,300,0
QCML.US,60,20250417,180000,14.88,14.88,14.88,14.88,133,0
QCML.US,60,20250417,190000,15.27,15.27,15.27,15.27,100,0
QCML.US,60,20250417,200000,15.2318,15.34,15.2318,15.34,300,0
QCML.US,60,20250417,210000,15.249,15.249,15.1,15.1,824,0
QCML.US,60,20250417,220000,15.0896,15.0896,15.07,15.08,594,0
QCML.US,60,20250421,160000,14.71,14.71,14.62,14.63,441,0
QCML.US,60,20250421,170000,14.51,14.51,14.45,14.47,717,0
QCML.US,60,20250421,180000,14.52,14.52,14.52,14.52,106,0
QCML.US,60,20250421,190000,14.4305,14.4305,14.4305,14.4305,150,0
QCML.US,60,20250421,200000,14.4017,14.42,14.4017,14.42,250,0
QCML.US,60,20250421,220000,14.65,14.77,14.65,14.77,200,0
QCML.US,60,20250422,160000,15.18,15.18,15.14,15.14,206,0
QCML.US,60,20250422,170000,15.49,15.49,15.37,15.405,596,0
QCML.US,60,20250422,180000,15.44,15.44,15.18,15.18,425,0
QCML.US,60,20250422,190000,15.489,15.489,15.39,15.39,400,0
QCML.US,60,20250422,200000,15.1659,15.22,15.1659,15.22,300,0
QCML.US,60,20250422,210000,15.429,15.429,15.429,15.429,100,0
QCML.US,60,20250422,220000,15.1,15.11,15.1,15.11,200,0
QCML.US,60,20250423,160000,16.248,16.4889,16.1596,16.479,3023,0
QCML.US,60,20250423,170000,16.51,16.56,16.43,16.56,660,0
QCML.US,60,20250423,180000,16.38,16.38,16.1,16.1,200,0
QCML.US,60,20250423,190000,15.9702,15.9702,15.9702,15.9702,100,0
QCML.US,60,20250423,200000,16.1,16.1,16.1,16.1,100,0
QCML.US,60,20250423,210000,16.23,16.309,16.15,16.15,1600,0
QCML.US,60,20250424,160000,16.35,16.35,16.35,16.35,100,0
QCML.US,60,20250424,170000,17.005,17.08,16.8718,16.8718,409,0
QCML.US,60,20250424,180000,17.13,17.13,17.05,17.05,200,0
QCML.US,60,20250424,200000,17.429,17.48,17.429,17.48,1387,0
QCML.US,60,20250424,210000,17.52,17.52,17.359,17.37,1300,0
QCML.US,60,20250424,220000,17.319,17.319,17.319,17.319,400,0
QCML.US,60,20250425,170000,17.38,17.38,17.38,17.38,1000,0
QCML.US,60,20250425,180000,17.37,17.37,17.37,17.37,500,0
QCML.US,60,20250425,190000,17.5701,17.5701,17.5701,17.5701,623,0
QCML.US,60,20250425,200000,17.729,17.739,17.715,17.715,2644,0
QCML.US,60,20250428,160000,17.7594,17.7594,17.7594,17.7594,298,0
QCML.US,60,20250428,190000,17.1,17.1,17.1,17.1,100,0
QCML.US,60,20250428,200000,17.1,17.1,17.039,17.039,200,0
QCML.US,60,20250428,210000,17.25,17.25,17.25,17.25,100,0
QCML.US,60,20250428,220000,17.42,17.52,17.39,17.52,1976,0
QCML.US,60,20250429,160000,17.129,17.129,17.129,17.129,100,0
QCML.US,60,20250429,170000,17.45,17.45,17.27,17.37,404,0
QCML.US,60,20250429,190000,17.09,17.09,17.09,17.09,1000,0
QCML.US,60,20250429,200000,17.3,17.489,17.3,17.489,1000,0
QCML.US,60,20250429,210000,17.5148,17.604,17.5148,17.604,400,0
QCML.US,60,20250429,220000,17.52,17.53,17.2308,17.3,4200,0
QCML.US,60,20250430,170000,16.895,17.04,16.895,16.99,722,0
QCML.US,60,20250430,190000,17.2193,17.2193,17.1339,17.14,2907,0
QCML.US,60,20250430,200000,17.17,17.35,17.14,17.28,1670,0
QCML.US,60,20250430,210000,17.22,17.5,17.22,17.499,3590,0
QCML.US,60,20250430,220000,17.45,17.7,17.32,17.669,33942,0
QCML.US,60,20250501,160000,15.27,15.28,14.44,14.8088,66758,0
QCML.US,60,20250501,170000,14.8427,15.01,14.55,14.58,73604,0
QCML.US,60,20250501,180000,14.57,14.985,14.56,14.6,69406,0
QCML.US,60,20250501,190000,14.6,14.82,14.6,14.78,26170,0
QCML.US,60,20250501,200000,14.7857,14.939,14.73,14.7901,33276,0
QCML.US,60,20250501,210000,14.85,14.93,14.81,14.89,12073,0
QCML.US,60,20250501,220000,14.88,14.9,14.53,14.5301,18151,0
QCML.US,60,20250502,160000,14.98,15.18,14.98,15.0702,16310,0
QCML.US,60,20250502,170000,15.1,15.4526,15.1,15.45,24712,0
QCML.US,60,20250502,180000,15.451,15.72,15.45,15.72,23077,0
QCML.US,60,20250502,190000,15.6604,15.8,15.6504,15.702,6957,0
QCML.US,60,20250502,200000,15.71,15.71,15.6,15.611,2776,0
QCML.US,60,20250502,210000,15.586,15.586,15.419,15.42,6131,0
QCML.US,60,20250502,220000,15.42,15.55,15.35,15.46,14222,0
QCML.US,60,20250505,160000,15.275,15.4,15.26,15.38,10083,0
QCML.US,60,20250505,170000,15.38,15.53,15.38,15.53,6490,0
QCML.US,60,20250505,180000,15.555,15.64,15.51,15.52,2457,0
QCML.US,60,20250505,190000,15.5,15.5,15.5,15.5,1000,0
QCML.US,60,20250505,200000,15.52,15.58,15.51,15.58,1920,0
QCML.US,60,20250505,210000,15.5665,15.58,15.55,15.565,1005,0
QCML.US,60,20250505,220000,15.49,15.499,15.46,15.479,792,0
QCML.US,60,20250506,160000,15.3149,15.315,14.99,15.06,3781,0
QCML.US,60,20250506,170000,15.07,15.3,15.07,15.3,1070,0
QCML.US,60,20250506,180000,15.34,15.35,15.34,15.35,300,0
QCML.US,60,20250506,190000,15.371,15.4,15.31,15.31,1640,0
QCML.US,60,20250506,200000,15.3399,15.34,15.3398,15.3398,3798,0
QCML.US,60,20250506,210000,15.41,15.475,15.41,15.475,350,0
QCML.US,60,20250506,220000,15.571,15.571,15.571,15.571,200,0
QCML.US,60,20250507,160000,15.755,15.895,15.755,15.89,1150,0
QCML.US,60,20250507,170000,15.9245,15.96,15.88,15.96,3193,0
QCML.US,60,20250507,180000,15.89,16.02,15.7956,16.02,955,0
QCML.US,60,20250507,190000,16.12,16.1304,16.05,16.05,1613,0
QCML.US,60,20250507,200000,16.25,16.26,16.12,16.12,5738,0
QCML.US,60,20250507,210000,15.9,16.06,15.89,16.06,2695,0
QCML.US,60,20250507,220000,16.08,16.5073,16.08,16.5073,1534,0
QCML.US,60,20250508,160000,16.67,16.67,16.57,16.57,1430,0
QCML.US,60,20250508,170000,16.66,16.66,16.411,16.53,5756,0
QCML.US,60,20250508,180000,16.4714,17,16.4714,17,7800,0
QCML.US,60,20250508,190000,16.9965,17.14,16.94,17.14,4265,0
QCML.US,60,20250508,200000,17.11,17.11,17.0803,17.0803,552,0
QCML.US,60,20250508,210000,16.89,16.89,16.861,16.88,3164,0
QCML.US,60,20250508,220000,17,17.08,16.88,16.89,2101,0
QCML.US,60,20250509,160000,16.81,16.9,16.81,16.9,200,0
QCML.US,60,20250509,170000,16.7,16.7,16.58,16.58,6948,0
QCML.US,60,20250509,180000,16.67,16.691,16.61,16.61,360,0
QCML.US,60,20250509,190000,16.62,16.62,16.62,16.62,250,0
QCML.US,60,20250509,200000,16.71,16.71,16.71,16.71,100,0
QCML.US,60,20250509,210000,16.84,16.84,16.84,16.84,305,0
QCML.US,60,20250509,220000,16.8176,16.8176,16.635,16.635,309,0
QCML.US,60,20250512,160000,18.445,18.445,17.69,17.91,837,0
QCML.US,60,20250512,170000,18.22,18.28,17.895,17.895,2460,0
QCML.US,60,20250512,180000,17.99,18.06,17.99,18.06,900,0
QCML.US,60,20250512,190000,18.12,18.3296,18.12,18.3296,2669,0
QCML.US,60,20250512,200000,18.31,18.4,18.31,18.361,2630,0
QCML.US,60,20250512,210000,18.1,18.12,18.09,18.0901,4288,0
QCML.US,60,20250512,220000,18.14,18.31,18.105,18.31,606,0
QCML.US,60,20250513,160000,18.4,18.4,18.4,18.4,202,0
QCML.US,60,20250513,170000,18.306,18.41,18.18,18.23,6337,0
QCML.US,60,20250513,180000,18.31,18.4684,18.31,18.39,1980,0
QCML.US,60,20250513,190000,18.26,18.3,18.181,18.25,3400,0
QCML.US,60,20250513,200000,18.2084,18.23,18.11,18.11,450,0
QCML.US,60,20250513,210000,18.23,18.23,18.13,18.14,2588,0
QCML.US,60,20250513,220000,18.17,18.18,17.9701,17.9701,2399,0
QCML.US,60,20250514,160000,18.04,18.04,17.8,17.8,2442,0
QCML.US,60,20250514,170000,18.13,18.23,18.13,18.23,699,0
QCML.US,60,20250514,180000,18.14,18.22,18.13,18.22,4210,0
QCML.US,60,20250514,190000,18.22,18.45,18.22,18.4122,3018,0
QCML.US,60,20250514,200000,18.25,18.379,18.25,18.379,1710,0
QCML.US,60,20250514,210000,18.369,18.44,18.31,18.44,335,0
QCML.US,60,20250514,220000,18.35,18.4383,18.29,18.4383,1940,0
QCML.US,60,20250515,160000,17.96,18.1786,17.9332,17.9332,420,0
QCML.US,60,20250515,170000,17.931,18.11,17.931,18.09,1671,0
QCML.US,60,20250515,180000,18.1232,18.281,18.1232,18.281,5225,0
QCML.US,60,20250515,190000,18.3599,18.3599,18.3599,18.3599,200,0
QCML.US,60,20250515,200000,18.3704,18.3704,18.3615,18.3615,425,0
QCML.US,60,20250515,210000,18.13,18.13,18.13,18.13,452,0
QCML.US,60,20250515,220000,18.11,18.2499,18.11,18.2176,538,0
QCML.US,60,20250516,160000,18.2,18.34,18.2,18.34,2158,0
QCML.US,60,20250516,170000,18.38,18.38,18.15,18.15,1126,0
QCML.US,60,20250516,180000,18.22,18.22,18.201,18.201,1600,0
QCML.US,60,20250516,190000,18.205,18.205,18.205,18.205,750,0
QCML.US,60,20250516,200000,18.293,18.293,18.2576,18.29,1057,0
QCML.US,60,20250516,210000,18.3276,18.3276,18.3276,18.3276,301,0
QCML.US,60,20250516,220000,18.348,18.3499,18.319,18.319,582,0
QCML.US,60,20250519,160000,18,18,17.8,17.915,743,0
QCML.US,60,20250519,170000,17.9612,18.26,17.9612,18.26,9636,0
QCML.US,60,20250519,180000,18.26,18.315,18.21,18.29,3650,0
QCML.US,60,20250519,190000,18.346,18.3722,18.26,18.32,1097,0
QCML.US,60,20250519,200000,18.47,18.54,18.4642,18.54,5594,0
QCML.US,60,20250519,210000,18.58,18.59,18.54,18.54,2928,0
QCML.US,60,20250519,220000,18.55,18.62,18.511,18.62,4008,0
QCML.US,60,20250520,160000,18.19,18.261,18.19,18.261,500,0
QCML.US,60,20250520,170000,18.31,18.4,18.3,18.349,3000,0
QCML.US,60,20250520,180000,18.359,18.37,18.32,18.351,1275,0
QCML.US,60,20250520,190000,18.455,18.461,18.455,18.461,439,0
QCML.US,60,20250520,200000,18.5,18.555,18.5,18.555,950,0
QCML.US,60,20250520,210000,18.5278,18.5278,18.43,18.431,1107,0
QCML.US,60,20250520,220000,18.36,18.59,18.35,18.59,800,0
QCML.US,60,20250521,160000,18.53,18.53,18.53,18.53,640,0
QCML.US,60,20250521,170000,18.58,18.58,18.5042,18.575,1042,0
QCML.US,60,20250521,180000,18.68,18.931,18.68,18.92,2052,0
QCML.US,60,20250521,190000,19.0912,19.12,19.0912,19.12,902,0
QCML.US,60,20250521,200000,18.9619,18.9873,18.33,18.381,1484,0
QCML.US,60,20250521,210000,18.2115,18.2115,18.15,18.15,200,0
QCML.US,60,20250521,220000,18,18.065,18,18,600,0
QCML.US,60,20250522,160000,17.58,17.58,17.5,17.5,1847,0
QCML.US,60,20250522,170000,17.685,17.759,17.25,17.3,7670,0
QCML.US,60,20250522,180000,17.3685,17.39,17.365,17.389,2600,0
QCML.US,60,20250522,190000,17.47,17.535,17.279,17.289,9062,0
QCML.US,60,20250522,200000,17.27,17.35,17.27,17.35,2100,0
QCML.US,60,20250522,210000,17.33,17.33,17.2,17.2,3200,0
QCML.US,60,20250522,220000,17.285,17.31,17.12,17.12,3683,0
QCML.US,60,20250523,160000,16.01,16.039,15.9,16.039,2819,0
QCML.US,60,20250523,170000,16.15,16.15,16.0316,16.0316,1350,0
QCML.US,60,20250523,180000,16.1201,16.425,16.1201,16.425,1708,0
QCML.US,60,20250523,190000,16.42,16.43,16.42,16.43,542,0
QCML.US,60,20250523,200000,16.75,16.75,16.75,16.75,100,0
QCML.US,60,20250523,210000,16.81,16.81,16.64,16.64,759,0
QCML.US,60,20250523,220000,16.581,16.63,16.55,16.55,699,0
QCML.US,60,20250527,160000,16.92,17.249,16.8313,17.249,6067,0
QCML.US,60,20250527,170000,17.3,17.39,17.26,17.39,2410,0
QCML.US,60,20250527,180000,17.3709,17.39,17.35,17.39,2914,0
QCML.US,60,20250527,190000,17.37,17.37,17.37,17.37,807,0
QCML.US,60,20250527,200000,17.4499,17.4499,17.28,17.39,5024,0
QCML.US,60,20250527,210000,17.26,17.26,17.26,17.26,200,0
QCML.US,60,20250527,220000,17.22,17.22,17.22,17.22,2027,0
QCML.US,60,20250528,160000,17.26,17.29,17.26,17.29,2500,0
QCML.US,60,20250528,170000,17.3202,17.3202,17.125,17.125,4695,0
QCML.US,60,20250528,180000,17.265,17.265,17.2,17.2,2296,0
QCML.US,60,20250528,190000,17.27,17.27,17.27,17.27,201,0
QCML.US,60,20250528,200000,17.3196,17.3196,17.3196,17.3196,1000,0
QCML.US,60,20250528,210000,17.345,17.345,17.345,17.345,135,0
QCML.US,60,20250528,220000,17.35,17.35,17.09,17.09,7058,0
QCML.US,60,20250529,160000,17.491,17.5305,17.34,17.3605,4244,0
QCML.US,60,20250529,170000,17.2485,17.26,17.18,17.25,3010,0
QCML.US,60,20250529,180000,17.35,17.35,17.31,17.31,2822,0
QCML.US,60,20250529,190000,17.1,17.229,17.0854,17.229,3966,0
QCML.US,60,20250529,200000,17.16,17.16,17.16,17.16,415,0
QCML.US,60,20250529,210000,17.101,17.15,17.0801,17.0801,3302,0
QCML.US,60,20250529,220000,17.111,17.24,17.1,17.24,3583,0
QCML.US,60,20250530,160000,16.8296,16.8296,16.76,16.76,353,0
QCML.US,60,20250530,170000,16.871,16.871,16.871,16.871,100,0
QCML.US,60,20250530,190000,16.645,16.645,16.149,16.149,3350,0
QCML.US,60,20250530,200000,16.24,16.393,16.24,16.38,836,0
QCML.US,60,20250530,210000,16.52,16.5999,16.5,16.5999,950,0
QCML.US,60,20250530,220000,16.701,16.73,16.57,16.57,1131,0
QCML.US,60,20250602,160000,16.42,16.68,16.42,16.68,372,0
QCML.US,60,20250602,170000,16.579,16.69,16.579,16.69,1250,0
QCML.US,60,20250602,180000,16.65,16.65,16.48,16.48,874,0
QCML.US,60,20250602,190000,16.635,16.635,16.635,16.635,219,0
QCML.US,60,20250602,210000,16.86,16.86,16.853,16.853,277,0
QCML.US,60,20250603,160000,16.934,16.98,16.86,16.98,1407,0
QCML.US,60,20250603,170000,17.1,17.25,17.1,17.25,884,0
QCML.US,60,20250603,180000,17.42,17.42,17.3105,17.3105,1169,0
QCML.US,60,20250603,190000,17.3731,17.44,17.3731,17.44,1300,0
QCML.US,60,20250603,200000,17.45,17.45,17.34,17.35,2072,0
QCML.US,60,20250603,210000,17.29,17.29,17.22,17.22,200,0
QCML.US,60,20250603,220000,17.314,17.319,17.26,17.26,950,0
QCML.US,60,20250604,160000,17.53,17.53,17.28,17.28,2099,0
QCML.US,60,20250604,170000,17.28,17.415,17.27,17.415,1000,0
QCML.US,60,20250604,180000,17.45,17.55,17.36,17.36,3027,0
QCML.US,60,20250604,190000,17.3889,17.485,17.3889,17.485,446,0
QCML.US,60,20250604,200000,17.44,17.4779,17.43,17.43,1068,0
QCML.US,60,20250604,210000,17.479,17.495,17.41,17.41,8713,0
QCML.US,60,20250604,220000,17.4084,17.4368,17.4084,17.4368,600,0
QCML.US,60,20250605,170000,17.26,17.38,17.25,17.38,1437,0
QCML.US,60,20250605,180000,17.6176,17.7908,17.61,17.7908,2411,0
QCML.US,60,20250605,190000,17.745,17.745,17.69,17.72,807,0
QCML.US,60,20250605,200000,17.5,17.5,17.5,17.5,429,0
QCML.US,60,20250605,220000,17.25,17.39,17.2,17.39,794,0
QCML.US,60,20250606,160000,17.8053,17.8053,17.8053,17.8053,301,0
QCML.US,60,20250606,170000,17.77,17.771,17.64,17.64,10432,0
QCML.US,60,20250606,180000,17.8,17.87,17.8,17.865,2340,0
QCML.US,60,20250606,190000,17.89,17.8991,17.6815,17.6815,880,0
QCML.US,60,20250606,200000,17.705,17.705,17.705,17.705,225,0
QCML.US,60,20250606,210000,17.72,17.72,17.67,17.67,437,0
QCML.US,60,20250606,220000,17.697,17.697,17.697,17.697,178,0
QCML.US,60,20250609,160000,18.2,19.111,18.2,18.8387,5255,0
QCML.US,60,20250609,170000,18.83,19.1616,18.82,18.945,4223,0
QCML.US,60,20250609,180000,19.07,19.17,18.75,18.88,10667,0
QCML.US,60,20250609,190000,18.84,19.0838,18.75,19.0838,5062,0
QCML.US,60,20250609,200000,19.085,19.22,19.05,19.18,3428,0
QCML.US,60,20250609,210000,19.1585,19.24,19.1585,19.18,4264,0
QCML.US,60,20250609,220000,19.17,19.17,19.06,19.07,1992,0
QCML.US,60,20250610,160000,19.3,19.42,19.07,19.419,26823,0
QCML.US,60,20250610,170000,19.4399,19.68,19.39,19.68,10809,0
QCML.US,60,20250610,180000,19.71,19.82,19.5912,19.77,15861,0
QCML.US,60,20250610,190000,19.8199,20,19.74,19.9061,3788,0
QCML.US,60,20250610,200000,20.01,20.01,19.84,19.9,1896,0
QCML.US,60,20250610,210000,19.85,19.88,19.74,19.745,1850,0
QCML.US,60,20250610,220000,19.91,20.04,19.91,20.04,16113,0
QCML.US,60,20250611,160000,20.22,20.35,20.111,20.29,16220,0
QCML.US,60,20250611,170000,20.5,20.65,20.35,20.65,4058,0
QCML.US,60,20250611,180000,20.66,20.71,20.29,20.29,7929,0
QCML.US,60,20250611,190000,20,20.04,19.86,20,6000,0
QCML.US,60,20250611,200000,20.03,20.08,20,20,1539,0
QCML.US,60,20250611,210000,19.9,19.91,19.7994,19.91,675,0
QCML.US,60,20250611,220000,19.84,20.13,19.811,20.13,3973,0
QCML.US,60,20250612,160000,19.86,19.89,19.78,19.86,6058,0
QCML.US,60,20250612,170000,19.86,19.89,19.77,19.77,1339,0
QCML.US,60,20250612,180000,19.85,19.85,19.67,19.67,2900,0
QCML.US,60,20250612,190000,19.89,19.94,19.88,19.88,4298,0
QCML.US,60,20250612,210000,19.84,19.97,19.84,19.85,1399,0
QCML.US,60,20250612,220000,19.9,19.9,19.85,19.85,1677,0
QCML.US,60,20250613,160000,19.2,19.35,19.18,19.3,1000,0
QCML.US,60,20250613,170000,19.03,19.03,19,19,1419,0
QCML.US,60,20250613,180000,19,19.2491,19,19.161,3131,0
QCML.US,60,20250613,190000,19.251,19.3799,19.2,19.32,3099,0
QCML.US,60,20250613,200000,19.32,19.32,19.32,19.32,445,0
QCML.US,60,20250613,210000,19.19,19.19,18.87,18.9525,1205,0
QCML.US,60,20250613,220000,18.99,18.9962,18.81,18.81,4988,0
QCML.US,60,20250616,160000,19.4,19.4,19.38,19.38,2057,0
QCML.US,60,20250616,170000,19.6046,19.695,19.25,19.25,11076,0
QCML.US,60,20250616,180000,19.17,19.17,19.17,19.17,2251,0
QCML.US,60,20250616,190000,19.14,19.14,19.14,19.14,200,0
QCML.US,60,20250616,200000,19.13,19.2124,19.13,19.14,2008,0
QCML.US,60,20250616,210000,19.1,19.1,19.1,19.1,100,0
QCML.US,60,20250616,220000,19.27,19.31,19.27,19.31,600,0
QCML.US,60,20250617,160000,19.2505,19.2505,19.2505,19.2505,575,0
QCML.US,60,20250617,170000,19.3973,19.49,19.3146,19.45,9381,0
QCML.US,60,20250617,180000,19.3299,19.34,19.22,19.22,1813,0
QCML.US,60,20250617,190000,19.219,19.25,19.1,19.1,11044,0
QCML.US,60,20250617,200000,19,19,18.86,18.86,7680,0
QCML.US,60,20250617,210000,18.7722,18.82,18.771,18.82,1910,0
QCML.US,60,20250617,220000,18.89,18.89,18.76,18.76,940,0
QCML.US,60,20250618,160000,18.8296,18.87,18.8296,18.87,241,0
QCML.US,60,20250618,170000,19.02,19.121,18.96,18.96,9226,0
QCML.US,60,20250618,180000,18.94,18.94,18.94,18.94,1182,0
QCML.US,60,20250618,190000,18.9,18.9,18.895,18.9,10077,0
QCML.US,60,20250618,200000,18.8005,18.8005,18.77,18.77,2222,0
QCML.US,60,20250618,210000,18.93,18.93,18.48,18.48,641,0
QCML.US,60,20250618,220000,18.5785,18.5785,18.54,18.56,1435,0
QCML.US,60,20250620,160000,18.91,18.91,18.6,18.6,1000,0
QCML.US,60,20250620,170000,18.61,18.61,17.94,17.94,3004,0
QCML.US,60,20250620,180000,17.83,18.19,17.82,18.04,2552,0
QCML.US,60,20250620,190000,18.16,18.23,18.0703,18.16,2882,0
QCML.US,60,20250620,200000,18.14,18.14,17.98,18.06,800,0
QCML.US,60,20250620,210000,18.14,18.28,18.14,18.21,1500,0
QCML.US,60,20250620,220000,18.13,18.13,17.95,17.98,2590,0
QCML.US,60,20250623,160000,18.09,18.09,18.05,18.06,810,0
QCML.US,60,20250623,170000,18.1526,18.26,18.089,18.1,4963,0
QCML.US,60,20250623,180000,18.03,18.03,17.9474,17.9474,796,0
QCML.US,60,20250623,190000,17.9,17.9,17.6884,17.69,810,0
QCML.US,60,20250623,200000,18.22,18.31,18.22,18.31,2415,0
QCML.US,60,20250623,210000,18.4896,18.4896,18.31,18.31,3685,0
QCML.US,60,20250623,220000,18.35,18.4,18.3201,18.4,380,0
QCML.US,60,20250624,160000,18.88,19.1199,18.7,18.965,8274,0
QCML.US,60,20250624,170000,18.88,19.04,18.88,19.04,5991,0
QCML.US,60,20250624,180000,19.1,19.1124,18.9807,18.99,5204,0
QCML.US,60,20250624,190000,19,19.03,19,19.03,1385,0
QCML.US,60,20250624,200000,19.043,19.043,19.009,19.009,1300,0
QCML.US,60,20250624,210000,19.0117,19.0117,18.981,18.981,2250,0
QCML.US,60,20250624,220000,19,19.03,18.91,19.0212,2274,0
QCML.US,60,20250625,160000,19,19,18.7308,18.85,9556,0
QCML.US,60,20250625,170000,18.9,19.029,18.85,19,4942,0
QCML.US,60,20250625,180000,18.9001,19.2405,18.9001,19.1707,4799,0
QCML.US,60,20250625,190000,19.17,19.22,19,19.06,8374,0
QCML.US,60,20250625,200000,19.06,19.06,18.91,18.91,854,0
QCML.US,60,20250625,210000,18.89,19.1,18.8809,19.09,2400,0
QCML.US,60,20250625,220000,19.05,19.09,19.001,19.07,4945,0
QCML.US,60,20250626,160000,19.25,19.27,19.12,19.27,2000,0
QCML.US,60,20250626,170000,19.35,19.6,19.3488,19.55,11676,0
QCML.US,60,20250626,180000,19.54,19.54,19.3965,19.4011,1078,0
QCML.US,60,20250626,190000,19.45,19.4695,19.401,19.44,3765,0
QCML.US,60,20250626,200000,19.46,19.53,19.46,19.53,749,0
QCML.US,60,20250626,210000,19.65,19.6592,19.63,19.6525,2029,0
QCML.US,60,20250626,220000,19.61,19.6499,19.51,19.6499,9771,0
QCML.US,60,20250627,160000,19.65,20.19,19.65,20.18,12990,0
QCML.US,60,20250627,170000,20.25,20.3,20,20.12,6320,0
QCML.US,60,20250627,180000,20.13,20.189,19.985,19.985,3716,0
QCML.US,60,20250627,190000,19.87,19.87,19.8,19.8,600,0
QCML.US,60,20250627,200000,19.815,19.82,19.7,19.7,1000,0
QCML.US,60,20250627,210000,19.59,19.66,19.53,19.53,1337,0
QCML.US,60,20250627,220000,19.55,19.78,19.55,19.6,6275,0
QCML.US,60,20250630,160000,19.61,19.6541,19.59,19.6032,4490,0
QCML.US,60,20250630,170000,19.61,19.69,19.61,19.69,3660,0
QCML.US,60,20250630,180000,19.6401,19.8294,19.6401,19.8294,1899,0
QCML.US,60,20250630,190000,20,20,19.9293,19.9293,4150,0
QCML.US,60,20250630,200000,19.74,19.82,19.74,19.79,2936,0
QCML.US,60,20250630,210000,19.8,19.8,19.66,19.66,372,0
QCML.US,60,20250630,220000,19.7645,19.8,19.72,19.8,2480,0
QCML.US,60,20250701,160000,19.63,19.75,19.55,19.67,1822,0
QCML.US,60,20250701,170000,19.56,19.6855,19.56,19.6855,850,0
QCML.US,60,20250701,180000,19.78,20.03,19.56,19.985,4062,0
QCML.US,60,20250701,190000,20.04,20.45,20.04,20.085,3479,0
QCML.US,60,20250701,200000,20.05,20.17,20.05,20.17,319,0
QCML.US,60,20250701,210000,20.2,20.23,20.17,20.23,1281,0
QCML.US,60,20250701,220000,20.101,20.101,19.89,19.89,6706,0
QCML.US,60,20250702,160000,20.159,20.159,19.94,19.94,1400,0
QCML.US,60,20250702,170000,19.9,20.24,19.9,20.24,17001,0
QCML.US,60,20250702,180000,20.45,20.455,20.44,20.455,2117,0
QCML.US,60,20250702,190000,20.35,20.4412,20.35,20.4412,2330,0
QCML.US,60,20250702,200000,20.4094,20.57,20.4094,20.57,3700,0
QCML.US,60,20250702,210000,20.5901,20.7396,20.59,20.69,2782,0
QCML.US,60,20250702,220000,20.7341,20.7401,20.5821,20.6037,1754,0
QCML.US,60,20250703,160000,20.86,20.9391,20.79,20.82,1097,0
QCML.US,60,20250703,170000,20.8601,20.96,20.81,20.81,2045,0
QCML.US,60,20250703,180000,20.92,21,20.8,20.8,10377,0
QCML.US,60,20250703,190000,20.8,20.8,20.55,20.58,2725,0
QCML.US,60,20250707,160000,20.001,20.02,19.82,19.82,1735,0
QCML.US,60,20250707,170000,19.9,19.9,19.5,19.53,7249,0
QCML.US,60,20250707,180000,19.5297,19.64,19.52,19.64,5146,0
QCML.US,60,20250707,190000,19.905,19.905,19.71,19.71,2964,0
QCML.US,60,20250707,200000,19.7568,19.7568,19.6302,19.6302,350,0
QCML.US,60,20250707,210000,19.661,19.661,19.62,19.62,2624,0
QCML.US,60,20250707,220000,19.55,19.6,19.55,19.6,600,0
QCML.US,60,20250708,160000,19.87,19.92,19.86,19.92,5767,0
QCML.US,60,20250708,170000,19.67,20.11,19.67,20.11,370,0
QCML.US,60,20250708,180000,20.38,20.38,20.0681,20.0681,1559,0
QCML.US,60,20250708,190000,20.035,20.1276,20.035,20.11,1035,0
QCML.US,60,20250708,200000,20,20,20,20,500,0
QCML.US,60,20250708,210000,20.11,20.11,20.11,20.11,200,0
QCML.US,60,20250708,220000,19.931,19.931,19.931,19.931,1100,0
QCML.US,60,20250709,160000,19.91,20.33,19.91,20.13,1483,0
QCML.US,60,20250709,170000,20.14,20.15,19.7407,19.7407,4737,0
QCML.US,60,20250709,180000,19.6,19.7493,19.58,19.7493,2012,0
QCML.US,60,20250709,190000,19.66,19.71,19.64,19.68,2245,0
QCML.US,60,20250709,200000,19.8282,19.879,19.82,19.879,1209,0
QCML.US,60,20250709,210000,19.87,19.87,19.83,19.83,3242,0
QCML.US,60,20250709,220000,19.829,19.85,19.789,19.85,1500,0
QCML.US,60,20250710,160000,19.67,19.72,19.51,19.55,1977,0
QCML.US,60,20250710,170000,19.78,20.0464,19.78,19.8765,2190,0
QCML.US,60,20250710,180000,19.9771,19.9771,19.93,19.96,1460,0
QCML.US,60,20250710,190000,19.99,19.99,19.91,19.91,750,0
QCML.US,60,20250710,200000,19.88,20,19.88,19.989,3525,0
QCML.US,60,20250710,210000,19.979,19.979,19.89,19.89,1829,0
QCML.US,60,20250710,220000,19.8999,19.9,19.73,19.73,1050,0
QCML.US,60,20250711,180000,19.57,19.589,19.57,19.589,600,0
QCML.US,60,20250711,190000,19.45,19.51,19.45,19.499,1600,0
QCML.US,60,20250711,200000,19.58,19.58,19.55,19.55,500,0
QCML.US,60,20250711,210000,19.5304,19.5304,19.5304,19.5304,300,0
QCML.US,60,20250711,220000,19.53,19.53,19.45,19.46,1687,0
QCML.US,60,20250714,160000,19,19,18.4501,18.5,8792,0
QCML.US,60,20250714,170000,18.48,18.6367,18.4212,18.4212,4240,0
QCML.US,60,20250714,180000,18.4293,18.509,18.385,18.39,3966,0
QCML.US,60,20250714,190000,18.445,18.53,18.4431,18.5,3615,0
QCML.US,60,20250714,200000,18.6,18.6,18.5859,18.5859,741,0
QCML.US,60,20250714,210000,18.52,18.64,18.5,18.6,2444,0
QCML.US,60,20250714,220000,18.58,18.6048,18.47,18.54,3924,0
QCML.US,60,20250715,160000,19,19.05,18.92,18.92,3645,0
QCML.US,60,20250715,170000,18.8488,18.8799,18.6332,18.6332,5041,0
QCML.US,60,20250715,180000,18.7435,18.78,18.6865,18.6882,3410,0
QCML.US,60,20250715,190000,18.6688,18.67,18.54,18.54,602,0
QCML.US,60,20250715,200000,18.6915,18.7089,18.67,18.67,560,0
QCML.US,60,20250715,210000,18.769,18.8142,18.7517,18.79,5964,0
QCML.US,60,20250715,220000,18.63,18.7,18.58,18.58,2685,0
QCML.US,60,20250716,160000,18.47,18.4963,18.34,18.34,879,0
QCML.US,60,20250716,170000,18.26,18.4367,18.24,18.24,11083,0
QCML.US,60,20250716,180000,18.2815,18.3,18.05,18.09,2200,0
QCML.US,60,20250716,190000,18.31,18.31,18.21,18.25,1254,0
QCML.US,60,20250716,200000,18.3995,18.409,18.34,18.34,1342,0
QCML.US,60,20250716,210000,18.3369,18.4,18.3,18.38,470,0
QCML.US,60,20250716,220000,18.4705,18.55,18.47,18.47,3790,0
QCML.US,60,20250717,160000,18.069,18.2278,18.069,18.2278,1378,0
QCML.US,60,20250717,170000,18.17,18.215,18.05,18.2073,3038,0
QCML.US,60,20250717,180000,18.25,18.3267,18.24,18.32,5836,0
QCML.US,60,20250717,190000,18.31,18.311,18.21,18.2584,4571,0
QCML.US,60,20250717,200000,18.27,18.315,18.27,18.315,710,0
QCML.US,60,20250717,210000,18.31,18.31,18.19,18.19,5902,0
QCML.US,60,20250717,220000,18.15,18.18,18.1,18.1799,8339,0
QCML.US,60,20250718,160000,18.21,18.435,18.19,18.305,5982,0
QCML.US,60,20250718,170000,18.36,18.64,18.22,18.55,7150,0
QCML.US,60,20250718,180000,18.61,18.8,18.57,18.655,12634,0
QCML.US,60,20250718,190000,18.6271,18.6271,18.49,18.5,2486,0
QCML.US,60,20250718,200000,18.5896,18.6,18.521,18.55,1060,0
QCML.US,60,20250718,210000,18.52,18.52,18.44,18.5,806,0
QCML.US,60,20250718,220000,18.55,18.65,18.55,18.65,1374,0
QCML.US,60,20250721,160000,18.8,19.29,18.8,19.235,8049,0
QCML.US,60,20250721,170000,19.3515,19.66,19.3032,19.5434,6580,0
QCML.US,60,20250721,180000,19.54,19.5867,19.47,19.5451,3231,0
QCML.US,60,20250721,190000,19.62,19.64,19.58,19.58,8119,0
QCML.US,60,20250721,200000,19.6908,19.77,19.6908,19.77,1970,0
QCML.US,60,20250721,210000,19.79,19.83,19.7704,19.7704,1698,0
QCML.US,60,20250721,220000,19.71,19.73,19.61,19.61,2460,0
QCML.US,60,20250722,160000,19.59,19.6,19.181,19.24,4341,0
QCML.US,60,20250722,170000,19,19.4895,19,19.4289,7007,0
QCML.US,60,20250722,180000,19.39,19.49,19.385,19.49,1227,0
QCML.US,60,20250722,190000,19.39,19.45,19.37,19.45,833,0
QCML.US,60,20250722,200000,19.21,19.2461,19.21,19.2461,1300,0
QCML.US,60,20250722,220000,19.48,19.49,19.36,19.41,21952,0
QCML.US,60,20250723,160000,19.46,19.46,19.24,19.3186,2590,0
QCML.US,60,20250723,170000,19.34,19.55,19.34,19.5,3916,0
QCML.US,60,20250723,180000,19.4367,19.67,19.42,19.67,3381,0
QCML.US,60,20250723,190000,19.7,19.731,19.62,19.73,2260,0
QCML.US,60,20250723,200000,19.72,19.821,19.72,19.791,993,0
QCML.US,60,20250723,220000,19.815,19.825,19.751,19.825,2487,0
QCML.US,60,20250724,160000,19.375,19.45,19.15,19.2833,8314,0
QCML.US,60,20250724,170000,19.2951,19.5834,19.26,19.4499,6721,0
QCML.US,60,20250724,180000,19.43,19.46,19.34,19.3996,1710,0
QCML.US,60,20250724,190000,19.3933,19.3933,19.34,19.34,200,0
QCML.US,60,20250724,200000,19.421,19.421,19.421,19.421,100,0
QCML.US,60,20250724,210000,19.45,19.45,19.43,19.44,1691,0
QCML.US,60,20250724,220000,19.48,19.63,19.48,19.63,1061,0
QCML.US,60,20250725,160000,19.606,19.606,19.33,19.385,1293,0
QCML.US,60,20250725,170000,19.35,19.42,19.35,19.42,442,0
QCML.US,60,20250725,180000,19.43,19.4899,19.42,19.4467,3080,0
QCML.US,60,20250725,190000,19.5657,19.5657,19.5609,19.5609,218,0
QCML.US,60,20250725,210000,19.55,19.56,19.55,19.56,1300,0
QCML.US,60,20250725,220000,19.5,19.5214,19.5,19.51,871,0
QCML.US,60,20250728,160000,19.79,19.9472,19.79,19.91,4902,0
QCML.US,60,20250728,170000,19.9201,20.08,19.9,20.08,14624,0
QCML.US,60,20250728,180000,20.09,20.2699,20.09,20.2699,5558,0
QCML.US,60,20250728,190000,20.275,20.34,20.18,20.21,6968,0
QCML.US,60,20250728,200000,20.22,20.22,20.18,20.2,1523,0
QCML.US,60,20250728,210000,20.2,20.2,20.15,20.16,501,0
QCML.US,60,20250728,220000,20.15,20.15,19.82,20.15,6062,0
QCML.US,60,20250729,160000,20.35,20.534,20.35,20.46,13160,0
QCML.US,60,20250729,170000,20.519,20.69,20.41,20.41,12370,0
QCML.US,60,20250729,180000,20.435,20.435,20.15,20.38,4648,0
QCML.US,60,20250729,190000,20.36,20.4899,20.36,20.4614,2023,0
QCML.US,60,20250729,200000,20.55,20.58,20.49,20.57,11825,0
QCML.US,60,20250729,210000,20.56,20.75,20.52,20.7201,10369,0
QCML.US,60,20250729,220000,20.67,20.7193,20.34,20.38,10943,0
QCML.US,60,20250730,160000,20.62,20.62,20.05,20.2197,13853,0
QCML.US,60,20250730,170000,20.179,20.18,20.05,20.08,12116,0
QCML.US,60,20250730,180000,20.0599,20.0599,19.8494,20.0299,13018,0
QCML.US,60,20250730,190000,20.03,20.09,19.95,20.09,7297,0
QCML.US,60,20250730,200000,20.08,20.17,20.0735,20.14,22975,0
QCML.US,60,20250730,210000,20.14,20.18,19.7685,19.7685,15309,0
QCML.US,60,20250730,220000,19.82,19.84,19.59,19.59,108022,0
QCML.US,60,20250731,160000,17.86,19.2,17.8,18,119298,0
QCML.US,60,20250731,170000,17.8,18.05,17.53,17.54,28664,0
QCML.US,60,20250731,180000,17.5501,17.56,17.3,17.3,19101,0
QCML.US,60,20250731,190000,17.3,17.44,17.09,17.09,33224,0
QCML.US,60,20250731,200000,17.1,17.13,16.44,16.45,51386,0
QCML.US,60,20250731,210000,16.57,16.7799,16.3094,16.64,21871,0
QCML.US,60,20250731,220000,16.6305,16.98,16.54,16.98,57763,0
QCML.US,60,20250801,160000,16.5,16.89,16.48,16.56,18441,0
QCML.US,60,20250801,170000,16.5,16.93,16.27,16.93,34453,0
QCML.US,60,20250801,180000,16.93,16.945,16.75,16.94,16105,0
QCML.US,60,20250801,190000,16.99,17.1,16.84,16.845,4893,0
QCML.US,60,20250801,200000,16.85,16.85,16.666,16.695,3781,0
QCML.US,60,20250801,210000,16.63,16.83,16.63,16.77,4714,0
QCML.US,60,20250801,220000,16.8004,16.93,16.75,16.88,2503,0
QCML.US,60,20250804,160000,17,17.441,17,17.16,14254,0
QCML.US,60,20250804,170000,17.21,17.21,16.8208,16.8208,5879,0
QCML.US,60,20250804,180000,16.75,16.87,16.75,16.8349,8507,0
QCML.US,60,20250804,190000,16.81,16.88,16.81,16.8793,4068,0
QCML.US,60,20250804,200000,16.88,16.895,16.84,16.84,3884,0
QCML.US,60,20250804,210000,16.7604,16.7799,16.75,16.7799,2510,0
QCML.US,60,20250804,220000,16.7417,16.7588,16.67,16.72,1378,0
QCML.US,60,20250805,160000,16.94,16.9497,16.75,16.75,4417,0
QCML.US,60,20250805,170000,16.68,16.68,16.35,16.4,7157,0
QCML.US,60,20250805,180000,16.49,16.6,16.49,16.6,2721,0
QCML.US,60,20250805,190000,16.6166,16.66,16.57,16.57,1441,0
QCML.US,60,20250805,200000,16.59,16.67,16.59,16.67,2161,0
QCML.US,60,20250805,210000,16.73,16.73,16.67,16.67,1000,0
QCML.US,60,20250805,220000,16.62,16.7,16.53,16.58,4653,0
QCML.US,60,20250806,160000,16.5001,16.5001,16.06,16.17,6713,0
QCML.US,60,20250806,170000,16.04,16.19,16,16.19,1279,0
QCML.US,60,20250806,180000,16.28,16.28,16.231,16.265,1311,0
QCML.US,60,20250806,190000,16.35,16.35,16.25,16.26,881,0
QCML.US,60,20250806,200000,16.27,16.3217,16.27,16.3217,1775,0
QCML.US,60,20250806,210000,16.35,16.35,16.35,16.35,100,0
QCML.US,60,20250806,220000,16.32,16.44,16.32,16.38,1949,0
QCML.US,60,20250807,160000,16.82,16.82,16.55,16.8,14633,0
QCML.US,60,20250807,170000,16.6589,16.6589,16.149,16.149,4338,0
QCML.US,60,20250807,180000,16.161,16.3662,16.161,16.3416,2535,0
QCML.US,60,20250807,190000,16.4,16.4,16.3,16.4,2200,0
QCML.US,60,20250807,200000,16.29,16.29,16.2641,16.2641,350,0
QCML.US,60,20250807,210000,16.31,16.35,16.31,16.35,550,0
QCML.US,60,20250807,220000,16.34,16.34,16.26,16.34,3024,0
QCML.US,60,20250808,160000,16.64,16.74,16.6,16.74,1947,0
QCML.US,60,20250808,170000,16.75,16.76,16.6,16.6899,4310,0
QCML.US,60,20250808,180000,16.75,16.77,16.61,16.77,5114,0
QCML.US,60,20250808,190000,16.74,16.76,16.7,16.7293,4055,0
QCML.US,60,20250808,200000,16.72,16.72,16.635,16.635,714,0
QCML.US,60,20250808,210000,16.6953,16.73,16.68,16.71,9364,0
QCML.US,60,20250808,220000,16.692,16.78,16.69,16.73,5384,0
QCML.US,60,20250811,160000,16.98,17.47,16.96,17.425,24862,0
QCML.US,60,20250811,170000,17.28,17.28,17.03,17.03,11737,0
QCML.US,60,20250811,180000,17.09,17.139,17,17.11,3867,0
QCML.US,60,20250811,190000,17.13,17.15,17.02,17.02,5192,0
QCML.US,60,20250811,200000,17.04,17.04,16.87,16.87,3038,0
QCML.US,60,20250811,210000,16.8791,16.8791,16.8791,16.8791,442,0
QCML.US,60,20250811,220000,16.92,16.92,16.7727,16.8,2644,0
QCML.US,60,20250812,160000,17.08,17.3196,16.95,17.27,36625,0
QCML.US,60,20250812,170000,17.3911,17.82,17.389,17.68,39381,0
QCML.US,60,20250812,180000,17.74,18,17.7267,17.96,5315,0
QCML.US,60,20250812,190000,17.96,18.01,17.935,17.95,8393,0
QCML.US,60,20250812,200000,17.94,18,17.91,17.91,5374,0
QCML.US,60,20250812,210000,17.9916,17.9916,17.8901,17.91,1783,0
QCML.US,60,20250812,220000,17.911,18.12,17.911,18.1,7477,0
QCML.US,60,20250813,160000,18.2,18.53,18.12,18.445,33965,0
QCML.US,60,20250813,170000,18.37,18.52,18.26,18.445,18404,0
QCML.US,60,20250813,180000,18.5,18.7382,18.44,18.55,20802,0
QCML.US,60,20250813,190000,18.61,18.8,18.6,18.8,6907,0
QCML.US,60,20250813,200000,18.73,18.829,18.7124,18.7124,9064,0
QCML.US,60,20250813,210000,18.79,18.79,18.75,18.77,1700,0
QCML.US,60,20250813,220000,18.81,18.895,18.765,18.8,12414,0
QCML.US,60,20250814,160000,18.39,18.78,18.37,18.5781,15471,0
QCML.US,60,20250814,170000,18.859,19.21,18.85,19.12,25767,0
QCML.US,60,20250814,180000,19.1049,19.2,19.05,19.2,15150,0
QCML.US,60,20250814,190000,19.12,19.163,18.95,19.126,4686,0
QCML.US,60,20250814,200000,19.1,19.1396,19.0374,19.1396,1849,0
QCML.US,60,20250814,210000,19.13,19.1341,19,19.01,2822,0
QCML.US,60,20250814,220000,18.93,19.27,18.93,19.19,9955,0
QCML.US,60,20250815,160000,19.05,19.39,18.9239,19.15,27234,0
QCML.US,60,20250815,170000,19.09,19.11,18.99,19.03,1268,0
QCML.US,60,20250815,180000,18.92,18.92,18.92,18.92,349,0
QCML.US,60,20250815,190000,18.9,18.97,18.8408,18.97,1930,0
QCML.US,60,20250815,200000,18.9989,19.05,18.96,19.05,750,0
QCML.US,60,20250815,210000,19.06,19.06,18.9574,19.02,2286,0
QCML.US,60,20250815,220000,19.05,19.145,19.045,19.09,22560,0
QCML.US,60,20250818,160000,18.96,19.299,18.92,19.21,17613,0
QCML.US,60,20250818,170000,19.2268,19.429,19.2268,19.2501,23805,0
QCML.US,60,20250818,180000,19.3,19.36,19.2999,19.33,8206,0
QCML.US,60,20250818,190000,19.32,19.421,19.32,19.421,8709,0
QCML.US,60,20250818,200000,19.44,19.5,19.381,19.4,6960,0
QCML.US,60,20250818,210000,19.351,19.42,19.34,19.38,5166,0
QCML.US,60,20250818,220000,19.36,19.36,19.29,19.29,650,0
QCML.US,60,20250819,160000,19.3,19.3616,18.945,18.95,30884,0
QCML.US,60,20250819,170000,18.92,19.1,18.9,18.9,4131,0
QCML.US,60,20250819,180000,18.76,18.89,18.76,18.89,2650,0
QCML.US,60,20250819,190000,18.74,18.77,18.711,18.75,9285,0
QCML.US,60,20250819,200000,18.72,18.81,18.7,18.81,2038,0
QCML.US,60,20250819,210000,18.65,18.71,18.65,18.7,1660,0
QCML.US,60,20250819,220000,18.71,18.83,18.63,18.7,5578,0
QCML.US,60,20250820,160000,18.66,18.73,18.3201,18.51,6872,0
QCML.US,60,20250820,170000,18.21,18.35,18.05,18.15,4127,0
QCML.US,60,20250820,180000,18.141,18.435,18.141,18.27,1062,0
QCML.US,60,20250820,190000,18.24,18.261,18.22,18.22,1599,0
QCML.US,60,20250820,200000,18.1226,18.29,18.1226,18.29,324,0
QCML.US,60,20250820,210000,18.3,18.3764,18.3,18.34,1500,0
QCML.US,60,20250820,220000,18.4223,18.49,18.4,18.49,861,0
QCML.US,60,20250821,160000,18.3505,18.3505,18.07,18.07,943,0
QCML.US,60,20250821,170000,18.03,18.33,18.03,18.2072,1157,0
QCML.US,60,20250821,180000,18.1,18.1,18,18,3151,0
QCML.US,60,20250821,190000,17.9,18.02,17.88,18.02,2096,0
QCML.US,60,20250821,200000,17.9874,18.11,17.95,18.0604,3364,0
QCML.US,60,20250821,210000,18.05,18.08,18.05,18.07,607,0
QCML.US,60,20250821,220000,18.09,18.17,18.05,18.17,3932,0
QCML.US,60,20250822,160000,18.33,18.68,18.33,18.63,3849,0
QCML.US,60,20250822,170000,19.1136,19.43,19.1136,19.26,19807,0
QCML.US,60,20250822,180000,19.31,19.31,19,19,1942,0
QCML.US,60,20250822,190000,19.091,19.091,18.9005,18.9005,1788,0
QCML.US,60,20250822,200000,18.99,19.1732,18.99,19.15,4861,0
QCML.US,60,20250822,210000,19.17,19.17,19.17,19.17,250,0
QCML.US,60,20250822,220000,19.181,19.181,19,19.02,3890,0
QCML.US,60,20250825,160000,18.6,18.6,18.4557,18.52,844,0
QCML.US,60,20250825,170000,18.535,18.65,18.42,18.65,4715,0
QCML.US,60,20250825,180000,18.6031,18.6031,18.6031,18.6031,110,0
QCML.US,60,20250825,190000,18.64,18.64,18.64,18.64,100,0
QCML.US,60,20250825,220000,18.65,18.71,18.65,18.66,877,0
QCML.US,60,20250826,160000,18.9,19.38,18.9,19.283,15070,0
QCML.US,60,20250826,170000,19.35,19.38,19.26,19.3,15552,0
QCML.US,60,20250826,180000,19.405,19.4485,19.38,19.4001,1606,0
QCML.US,60,20250826,190000,19.39,19.5,19.39,19.46,5221,0
QCML.US,60,20250826,200000,19.399,19.41,19.399,19.4,1193,0
QCML.US,60,20250826,210000,19.4063,19.44,19.4063,19.42,2900,0
QCML.US,60,20250826,220000,19.32,19.37,19.22,19.33,10247,0
QCML.US,60,20250827,160000,19,19.22,19,19.22,3328,0
QCML.US,60,20250827,170000,19.03,19.15,19.03,19.14,1369,0
QCML.US,60,20250827,180000,19.2079,19.2079,19.2079,19.2079,200,0
QCML.US,60,20250827,190000,19.4,19.4563,19.331,19.4463,2350,0
QCML.US,60,20250827,200000,19.4514,19.4514,19.42,19.437,1950,0
QCML.US,60,20250827,210000,19.45,19.4599,19.37,19.37,1038,0
QCML.US,60,20250827,220000,19.37,19.4805,19.37,19.48,1214,0
QCML.US,60,20250828,160000,19.575,19.8,19.44,19.44,10509,0
QCML.US,60,20250828,170000,19.42,19.48,19.36,19.48,3552,0
QCML.US,60,20250828,180000,19.479,19.479,19.479,19.479,300,0
QCML.US,60,20250828,190000,19.5,19.55,19.5,19.55,300,0
QCML.US,60,20250828,200000,19.49,19.49,19.49,19.49,100,0
QCML.US,60,20250828,210000,19.46,19.52,19.3783,19.52,600,0
QCML.US,60,20250828,220000,19.56,19.74,19.56,19.7,7179,0
QCML.US,60,20250829,160000,19.5,19.7868,19.47,19.7101,5798,0
QCML.US,60,20250829,170000,19.8,19.825,19.439,19.5416,3833,0
QCML.US,60,20250829,180000,19.5799,19.62,19.5799,19.61,1271,0
QCML.US,60,20250829,190000,19.7,19.7,19.6458,19.6458,360,0
QCML.US,60,20250829,200000,19.5394,19.7,19.5394,19.7,1000,0
QCML.US,60,20250829,210000,19.623,19.6654,19.623,19.6654,362,0
QCML.US,60,20250829,220000,19.75,19.85,19.62,19.67,5005,0
QCML.US,60,20250902,160000,18.6878,18.6878,18.6878,18.6878,507,0
QCML.US,60,20250902,170000,18.69,18.725,18.5,18.5,1079,0
QCML.US,60,20250902,180000,18.45,18.45,18.3786,18.3786,312,0
QCML.US,60,20250902,190000,18.43,18.47,18.4005,18.47,825,0
QCML.US,60,20250902,200000,18.57,18.6999,18.57,18.6999,485,0
QCML.US,60,20250902,210000,18.76,18.79,18.76,18.78,965,0
QCML.US,60,20250902,220000,18.84,19.185,18.84,19.185,1486,0
QCML.US,60,20250903,160000,19.07,19.07,19.07,19.07,100,0
QCML.US,60,20250903,170000,18.83,19.0324,18.83,19,706,0
QCML.US,60,20250903,180000,19.04,19.04,18.6139,18.6139,560,0
QCML.US,60,20250903,190000,18.62,18.66,18.62,18.66,250,0
QCML.US,60,20250903,200000,18.6,18.63,18.6,18.63,368,0
QCML.US,60,20250903,210000,18.58,18.6,18.51,18.6,757,0
QCML.US,60,20250903,220000,18.59,18.8,18.59,18.8,465,0
QCML.US,60,20250904,160000,18.7,18.7,18.549,18.58,5200,0
QCML.US,60,20250904,170000,18.7048,18.8935,18.7,18.8901,7690,0
QCML.US,60,20250904,180000,18.9631,19.0411,18.9631,19.0411,800,0
QCML.US,60,20250904,190000,19.2699,19.35,19.2699,19.35,300,0
QCML.US,60,20250904,200000,19.32,19.5769,19.28,19.5769,2521,0
QCML.US,60,20250904,210000,19.56,19.56,19.49,19.52,415,0
QCML.US,60,20250904,220000,19.55,19.64,19.5,19.64,4354,0
QCML.US,60,20250905,160000,19.76,20.33,19.65,20.33,21679,0
QCML.US,60,20250905,170000,20.345,20.4838,19.58,19.6515,17405,0
QCML.US,60,20250905,180000,19.6079,19.73,19.6001,19.73,1281,0
QCML.US,60,20250905,190000,19.8199,19.8199,19.5381,19.5381,1535,0
QCML.US,60,20250905,200000,19.55,19.55,19.54,19.54,738,0
QCML.US,60,20250905,210000,19.63,19.7,19.63,19.7,6398,0
QCML.US,60,20250905,220000,19.7185,19.7185,19.56,19.62,2420,0
QCML.US,60,20250908,160000,19.66,19.699,19.31,19.32,2198,0
QCML.US,60,20250908,170000,19.199,19.66,19.199,19.66,10005,0
QCML.US,60,20250908,180000,19.63,19.66,19.55,19.59,750,0
QCML.US,60,20250908,190000,19.5725,19.5954,19.42,19.45,3754,0
QCML.US,60,20250908,200000,19.45,19.509,19.45,19.48,700,0
QCML.US,60,20250908,210000,19.381,19.62,19.381,19.57,1973,0
QCML.US,60,20250908,220000,19.5425,19.73,19.4,19.73,4580,0
QCML.US,60,20250909,160000,19.8,20.02,19.63,19.78,6610,0
QCML.US,60,20250909,170000,19.7806,19.8299,19.435,19.4841,2314,0
QCML.US,60,20250909,180000,19.4,19.673,19.37,19.5934,1683,0
QCML.US,60,20250909,190000,19.55,19.55,19.55,19.55,478,0
QCML.US,60,20250909,200000,19.53,19.53,19.12,19.42,7310,0
QCML.US,60,20250909,210000,19.5,19.5232,19.459,19.459,450,0
QCML.US,60,20250909,220000,19.4,19.4,19.25,19.32,3337,0
QCML.US,60,20250910,160000,19.35,19.35,18.92,19.13,3093,0
QCML.US,60,20250910,170000,19.18,19.18,18.85,18.87,6388,0
QCML.US,60,20250910,180000,18.8704,19.14,18.87,19.1,4674,0
QCML.US,60,20250910,190000,19.14,19.2042,19.05,19.05,1757,0
QCML.US,60,20250910,200000,19.14,19.14,19.07,19.14,2933,0
QCML.US,60,20250910,210000,19.123,19.22,19.11,19.22,1117,0
QCML.US,60,20250910,220000,19.17,19.4378,19.09,19.38,4679,0
QCML.US,60,20250911,160000,19.37,19.699,19.22,19.6003,10027,0
QCML.US,60,20250911,170000,19.69,19.89,19.599,19.8399,9972,0
QCML.US,60,20250911,180000,19.89,19.95,19.8,19.9,5794,0
QCML.US,60,20250911,190000,20,20,19.835,19.8501,5509,0
QCML.US,60,20250911,200000,19.93,20.11,19.91,20.11,3527,0
QCML.US,60,20250911,210000,20.149,20.149,19.98,20.07,4093,0
QCML.US,60,20250911,220000,20.01,20.04,19.911,19.92,8373,0
QCML.US,60,20250912,160000,19.95,19.99,19.54,19.61,3408,0
QCML.US,60,20250912,170000,19.66,19.7,19.57,19.66,2405,0
QCML.US,60,20250912,180000,19.739,19.88,19.729,19.88,1450,0
QCML.US,60,20250912,190000,19.89,19.97,19.89,19.97,6989,0
QCML.US,60,20250912,200000,19.93,19.98,19.88,19.96,4100,0
QCML.US,60,20250912,210000,19.95,20.0998,19.95,20.05,2436,0
QCML.US,60,20250912,220000,20.1,20.157,20.0768,20.0768,3223,0
QCML.US,60,20250915,160000,19.95,20.255,19.76,20.255,5061,0
QCML.US,60,20250915,170000,20.166,20.166,19.79,20.0342,2997,0
QCML.US,60,20250915,180000,19.96,19.96,19.7514,19.76,2146,0
QCML.US,60,20250915,190000,19.8,19.925,19.8,19.83,5005,0
QCML.US,60,20250915,200000,19.75,19.8536,19.75,19.8536,1127,0
QCML.US,60,20250915,210000,19.79,19.79,19.69,19.7589,737,0
QCML.US,60,20250915,220000,19.77,19.92,19.77,19.92,3407,0
QCML.US,60,20250916,160000,20.1,20.5,20.04,20.5,29714,0
QCML.US,60,20250916,170000,20.405,20.7999,20.381,20.7999,36336,0
QCML.US,60,20250916,180000,20.79,20.8397,20.71,20.77,24504,0
QCML.US,60,20250916,190000,20.803543,20.803543,20.52,20.52,5203,0
QCML.US,60,20250916,200000,20.51,20.5699,20.4667,20.5699,3903,0
QCML.US,60,20250916,210000,20.58,20.73,20.54,20.73,757,0
QCML.US,60,20250916,220000,20.7071,20.76,20.53,20.61,2506,0
QCML.US,60,20250917,160000,20.77,20.95,20.55,20.825,24528,0
QCML.US,60,20250917,170000,20.83,20.8701,20.65,20.79,5197,0
QCML.US,60,20250917,180000,20.825,20.89,20.72,20.89,1438,0
QCML.US,60,20250917,190000,20.82,20.87,20.8,20.8,3768,0
QCML.US,60,20250917,200000,20.82,20.92,20.79,20.82,4556,0
QCML.US,60,20250917,210000,21.08,21.1699,20.44,20.6,8884,0
QCML.US,60,20250917,220000,20.875,21.0199,20.82,20.88,10261,0
QCML.US,60,20250918,160000,21.35,21.55,21.2,21.42,26552,0
QCML.US,60,20250918,170000,21.59,21.78,21.41,21.41,10405,0
QCML.US,60,20250918,180000,21.41,21.65,21.41,21.5372,6995,0
QCML.US,60,20250918,190000,21.52,21.6027,21.52,21.5795,1323,0
QCML.US,60,20250918,200000,21.54,21.54,21.29,21.29,2141,0
QCML.US,60,20250918,210000,21.35,21.35,21.17,21.295,3466,0
QCML.US,60,20250918,220000,21.4,21.621,21.34,21.62,4288,0
QCML.US,60,20250919,160000,21.919,21.999,21.5,21.5,7798,0
QCML.US,60,20250919,170000,21.56,21.65,21.2,21.35,10046,0
QCML.US,60,20250919,180000,21.37,21.37,21.1901,21.31,4984,0
QCML.US,60,20250919,190000,21.34,21.47,21.34,21.43,569,0
QCML.US,60,20250919,200000,21.49,21.59,21.49,21.546,1100,0
QCML.US,60,20250919,210000,21.59,21.6,21.58,21.6,1600,0
QCML.US,60,20250919,220000,21.53,21.63,21.17,21.26,6618,0
QCML.US,60,20250922,160000,21.2,21.5,21.11,21.4765,3984,0
QCML.US,60,20250922,170000,21.49,21.66,21.31,21.4486,12108,0
QCML.US,60,20250922,180000,21.6407,21.8107,21.6407,21.68,4532,0
QCML.US,60,20250922,190000,21.71,21.939,21.71,21.84,7609,0
QCML.US,60,20250922,200000,21.9,21.95,21.871,21.95,1066,0
QCML.US,60,20250922,210000,21.91,21.9695,21.88,21.94,1924,0
QCML.US,60,20250922,220000,21.93,22.15,21.93,22.04,6201,0
QCML.US,60,20250923,160000,22.04,22.2828,21.955,22.23,7907,0
QCML.US,60,20250923,170000,22.15,22.2687,21.9,22.0905,9549,0
QCML.US,60,20250923,180000,22.1,22.25,22.1,22.2,5713,0
QCML.US,60,20250923,190000,22.09,22.09,21.871,21.885,891,0
QCML.US,60,20250923,200000,21.94,21.9485,21.7,21.71,7788,0
QCML.US,60,20250923,210000,21.7404,21.871,21.74,21.861,3870,0
QCML.US,60,20250923,220000,21.896,21.95,21.83,21.95,4905,0
QCML.US,60,20250924,160000,21.87,22.0826,21.7649,22.01,4823,0
QCML.US,60,20250924,170000,22.1625,22.6948,22.13,22.6948,9160,0
QCML.US,60,20250924,180000,22.64,23.019,22.64,22.71,7252,0
QCML.US,60,20250924,190000,22.7,22.85,22.63,22.85,2190,0
QCML.US,60,20250924,200000,22.8,23.1134,22.8,23.06,4976,0
QCML.US,60,20250924,210000,23.09,23.23,23.09,23.17,805,0
QCML.US,60,20250924,220000,23.0654,23.0981,22.925,22.99,3645,0
QCML.US,60,20250925,160000,22.46,22.54,21.8,21.8,16046,0
QCML.US,60,20250925,170000,21.78,22.34,21.78,22.34,4654,0
QCML.US,60,20250925,180000,22.46,22.5,22.23,22.4299,4057,0
QCML.US,60,20250925,190000,22.409,22.409,21.96,22.11,7426,0
QCML.US,60,20250925,200000,22.07,22.08,21.8,21.8,5140,0
QCML.US,60,20250925,210000,21.57,22.01,21.54,22.01,1850,0
QCML.US,60,20250925,220000,21.97,22.05,21.849,21.93,2813,0
QCML.US,60,20250926,160000,21.98,22.14,21.6,22.0556,2173,0
QCML.US,60,20250926,170000,21.97,21.979,21.68,21.68,888,0
QCML.US,60,20250926,180000,21.79,21.8,21.69,21.77,900,0
QCML.US,60,20250926,190000,21.82,21.99,21.82,21.99,1879,0
QCML.US,60,20250926,200000,22.03,22.075,21.86,21.86,1530,0
QCML.US,60,20250926,210000,21.86,21.959,21.855,21.855,600,0
QCML.US,60,20250926,220000,21.93,21.97,21.81,21.81,921,0
QCML.US,60,20250929,160000,21.85,21.89,21.18,21.5225,7739,0
QCML.US,60,20250929,170000,21.57,21.57,21.125,21.135,6098,0
QCML.US,60,20250929,180000,21.12,21.12,20.8711,20.98,16937,0
QCML.US,60,20250929,190000,20.921,21.01,20.8504,20.97,1940,0
QCML.US,60,20250929,200000,21.02,21.03,20.93,21,2400,0
QCML.US,60,20250929,210000,20.903878,20.96,20.81,20.81,3861,0
QCML.US,60,20250929,220000,20.84,20.885,20.74,20.8,5203,0
QCML.US,60,20250930,160000,20.87,20.91,20.74,20.76,3444,0
QCML.US,60,20250930,170000,20.87,21.18,20.84,21.16,4637,0
QCML.US,60,20250930,180000,21.13,21.1641,20.98,21.05,9236,0
QCML.US,60,20250930,190000,21.07,21.12,21.04,21.04,4328,0
QCML.US,60,20250930,200000,21.04,21.04,20.84,20.97,600,0
QCML.US,60,20250930,210000,20.97,21.069,20.94,21.05,1900,0
QCML.US,60,20250930,220000,21.07,21.14,21,21.09,2543,0
QCML.US,60,20251001,160000,20.98,21.015,20.71,20.83,9197,0
QCML.US,60,20251001,170000,20.93,21.08,20.77,20.77,7042,0
QCML.US,60,20251001,180000,20.81,20.81,20.67,20.73,5695,0
QCML.US,60,20251001,190000,20.74,20.86,20.74,20.79,2846,0
QCML.US,60,20251001,200000,20.8,20.86,20.7401,20.7401,6808,0
QCML.US,60,20251001,210000,20.78,20.87,20.78,20.8387,1530,0
QCML.US,60,20251001,220000,20.814,21.15,20.81,21.15,4721,0
QCML.US,60,20251002,160000,21.48,21.69,21.39,21.68,17814,0
QCML.US,60,20251002,170000,21.73,21.73,21.3404,21.3404,15401,0
QCML.US,60,20251002,180000,21.41,21.5394,21.32,21.36,2985,0
QCML.US,60,20251002,190000,21.3325,21.47,21.3325,21.4,700,0
QCML.US,60,20251002,200000,21.58,21.83,21.58,21.83,3021,0
QCML.US,60,20251002,210000,21.83,21.85,21.7,21.765,3690,0
QCML.US,60,20251002,220000,21.76,21.84,21.72,21.73,4016,0
QCML.US,60,20251003,160000,21.77,22.39,21.77,22.19,18346,0
QCML.US,60,20251003,170000,22.25,22.25,21.87,21.96,17050,0
QCML.US,60,20251003,180000,21.92,22.0594,21.889,22.04,5298,0
QCML.US,60,20251003,190000,22.16,22.16,22.028,22.04,8100,0
QCML.US,60,20251003,200000,22.0559,22.1,21.8,21.87,8763,0
QCML.US,60,20251003,210000,21.775,21.9194,21.7697,21.9,4123,0
QCML.US,60,20251003,220000,21.7952,21.86,21.76,21.76,1676,0
QCML.US,60,20251006,160000,22.21,22.21,21.72,21.8,10058,0
QCML.US,60,20251006,170000,21.72,21.7206,21.4017,21.65,24752,0
QCML.US,60,20251006,180000,21.7195,21.935,21.68,21.78,23308,0
QCML.US,60,20251006,190000,21.82,21.862,21.75,21.77,10317,0
QCML.US,60,20251006,200000,21.7353,21.81,21.66,21.81,3428,0
QCML.US,60,20251006,210000,21.805,21.833,21.69,21.77,15919,0
QCML.US,60,20251006,220000,21.78,21.82,21.58,21.636,20709,0
QCML.US,60,20251007,160000,22,22.5,21.93,22.417,88505,0
QCML.US,60,20251007,170000,22.15,22.15,21.545,21.5684,41634,0
QCML.US,60,20251007,180000,21.629,21.64,21.26,21.32,42309,0
QCML.US,60,20251007,190000,21.28,21.4,21.027,21.0904,26301,0
QCML.US,60,20251007,200000,21.169,21.239,20.855,20.87,8664,0
QCML.US,60,20251007,210000,20.819,20.93,20.819,20.93,5989,0
QCML.US,60,20251007,220000,20.93,20.958,20.75,20.84,11635,0
QCML.US,60,20251008,160000,20.95,20.95,20.555,20.79,18173,0
QCML.US,60,20251008,170000,20.8412,21.22,20.8001,21.22,31142,0
QCML.US,60,20251008,180000,21.245,21.5508,21.24,21.485,45464,0
QCML.US,60,20251008,190000,21.36,21.37,20.96,20.985,23050,0
QCML.US,60,20251008,200000,21.0941,21.16,21.071,21.1,4090,0
QCML.US,60,20251008,210000,21.0627,21.19,21.05,21.1356,9044,0
QCML.US,60,20251008,220000,21.18,21.38,21.18,21.36,7777,0
QCML.US,60,20251009,160000,21.26,21.26,20.709,20.76,28161,0
QCML.US,60,20251009,170000,20.777,20.8519,20.519,20.599,42381,0
QCML.US,60,20251009,180000,20.629,20.7386,20.42,20.4445,28729,0
QCML.US,60,20251009,190000,20.3638,20.48,20.35,20.385,6757,0
QCML.US,60,20251009,200000,20.3,20.4287,20.24,20.4287,4981,0
QCML.US,60,20251009,210000,20.3837,20.645,20.3837,20.63,13770,0
QCML.US,60,20251009,220000,20.67,20.88,20.6,20.88,12870,0
QCML.US,60,20251010,160000,20.62,20.67,20.129,20.286,41170,0
QCML.US,60,20251010,170000,20.25,20.33,19.995,19.995,10532,0
QCML.US,60,20251010,180000,19.94,19.94,18.81,18.92,53962,0
QCML.US,60,20251010,190000,18.96,19.0036,18.6801,18.6801,17845,0
QCML.US,60,20251010,200000,18.709,18.88,18.5,18.74,13897,0
QCML.US,60,20251010,210000,18.71,18.74,18.3,18.32,7548,0
QCML.US,60,20251010,220000,18.41,18.41,17.778,17.82,27437,0
QCML.US,60,20251013,160000,18.43,18.89,18.42,18.8784,14339,0
QCML.US,60,20251013,170000,18.9,19.1495,18.7662,19.115,27469,0
QCML.US,60,20251013,180000,19.185,19.54,19.185,19.49,54684,0
QCML.US,60,20251013,190000,19.49,19.59,19.46,19.5301,11951,0
QCML.US,60,20251013,200000,19.6299,19.662,19.57,19.662,9459,0
QCML.US,60,20251013,210000,19.7175,19.83,19.67,19.67,12812,0
QCML.US,60,20251013,220000,19.74,19.7901,19.594,19.7,6601,0
QCML.US,60,20251014,160000,19.08,19.67,19.08,19.67,22268,0
QCML.US,60,20251014,170000,19.62,19.9761,19.58,19.79,38732,0
QCML.US,60,20251014,180000,19.86,19.96,19.78,19.95,7680,0
QCML.US,60,20251014,190000,19.96,20.2738,19.94,20.18,21786,0
QCML.US,60,20251014,200000,20.16,20.3,20.1257,20.23,12524,0
QCML.US,60,20251014,210000,20.24,20.3094,20.1145,20.15,6938,0
QCML.US,60,20251014,220000,20.21,20.26,19.6,19.665,10379,0
QCML.US,60,20251015,160000,20.22,20.2795,19.6,19.7794,11889,0
QCML.US,60,20251015,170000,19.78,19.9694,19.76,19.8598,12303,0
QCML.US,60,20251015,180000,19.865,19.865,19.4,19.5,15495,0
QCML.US,60,20251015,190000,19.5,19.707,19.49,19.65,13695,0
QCML.US,60,20251015,200000,19.6401,19.87,19.41,19.845,7828,0
QCML.US,60,20251015,210000,19.85,19.85,19.72,19.788,8100,0
QCML.US,60,20251015,220000,19.72,20,19.6509,20,24673,0
QCML.US,60,20251016,160000,20.35,20.4422,20.11,20.201,41051,0
QCML.US,60,20251016,170000,20.345,20.4726,20.16,20.3001,21991,0
QCML.US,60,20251016,180000,20.36,20.51,20.3,20.33,24922,0
QCML.US,60,20251016,190000,20.35,20.4027,19.8806,20.24,8978,0
QCML.US,60,20251016,200000,20.1325,20.25,20.041,20.0709,9229,0
QCML.US,60,20251016,210000,20.01,20.12,19.7817,20.08,5761,0
QCML.US,60,20251016,220000,20.12,20.27,19.95,20.27,11943,0
QCML.US,60,20251017,160000,19.88,20.06,19.85,20.04,6716,0
QCML.US,60,20251017,170000,19.96,20.035,19.65,19.82,4431,0
QCML.US,60,20251017,180000,19.8741,19.97,19.63,19.97,6911,0
QCML.US,60,20251017,190000,19.94,19.941,19.81,19.81,1423,0
QCML.US,60,20251017,200000,19.77,19.84,19.77,19.77,563,0
QCML.US,60,20251017,210000,19.85,19.9796,19.85,19.9796,450,0
QCML.US,60,20251017,220000,19.965,20.0996,19.965,20.08,3195,0
QCML.US,60,20251020,160000,20.2,20.3,19.7067,20.195,15982,0
QCML.US,60,20251020,170000,20.2386,20.55,20.14,20.46,53005,0
QCML.US,60,20251020,180000,20.475,20.94,20.45,20.88,60680,0
QCML.US,60,20251020,190000,20.9168,20.99,20.83,20.88,27066,0
QCML.US,60,20251020,200000,20.881,20.98,20.77,20.98,20119,0
QCML.US,60,20251020,210000,20.95,21.015,20.9164,21.0001,7774,0
QCML.US,60,20251020,220000,21.0158,21.07,20.86,20.92,32161,0
QCML.US,60,20251021,160000,20.88,21.0297,20.81,20.93,15560,0
QCML.US,60,20251021,170000,21.014,21.229,20.935,21.21,108661,0
QCML.US,60,20251021,180000,21.205,21.39,21.115,21.39,57647,0
QCML.US,60,20251021,190000,21.3662,21.41,21.26,21.26,23234,0
QCML.US,60,20251021,200000,21.174,21.43,21.08,21.43,16327,0
QCML.US,60,20251021,210000,21.407,21.45,21.29,21.29,20964,0
QCML.US,60,20251021,220000,21.2549,21.45,21.25,21.36,8345,0
QCML.US,60,20251022,160000,21.01,21.059,20.75,20.76,10261,0
QCML.US,60,20251022,170000,20.785,21.431,20.785,21.431,33166,0
QCML.US,60,20251022,180000,21.3914,21.6,21.0721,21.53,37040,0
QCML.US,60,20251022,190000,21.4525,21.455,21.06,21.18,6920,0
QCML.US,60,20251022,200000,21.09,21.185,20.88,20.88,4955,0
QCML.US,60,20251022,210000,21,21.11,20.9501,21.04,3582,0
QCML.US,60,20251022,220000,21.15,21.5,21.12,21.47,14361,0
QCML.US,60,20251023,160000,21.32,21.82,21.27,21.78,44984,0
QCML.US,60,20251023,170000,21.8442,21.879,21.4302,21.595,36517,0
QCML.US,60,20251023,180000,21.59,21.8596,21.581,21.82,12413,0
QCML.US,60,20251023,190000,21.804,21.98,21.8,21.88,27887,0
QCML.US,60,20251023,200000,21.8727,21.9,21.751,21.84,3711,0
QCML.US,60,20251023,210000,21.82,21.85,21.7,21.73,6333,0
QCML.US,60,20251023,220000,21.74,21.78,21.5896,21.7,6907,0
QCML.US,60,20251024,160000,22.05,22.3,21.7701,21.8726,53799,0
QCML.US,60,20251024,170000,21.86,21.86,21.34,21.3584,23265,0
QCML.US,60,20251024,180000,21.339,21.6282,21.31,21.564,20046,0
QCML.US,60,20251024,190000,21.58,21.75,21.58,21.75,3435,0
QCML.US,60,20251024,200000,21.75,21.88,21.73,21.84,5123,0
QCML.US,60,20251024,210000,21.85,21.85,21.58,21.66,4698,0
QCML.US,60,20251024,220000,21.65,21.65,21.38,21.41,9113,0
QCML.US,60,20251027,150000,21.495,21.88,21.39,21.67,21465,0
QCML.US,60,20251027,160000,21.81,30.56,21.81,27.4101,2074972,0
QCML.US,60,20251027,170000,27.53,28.18,26.352,26.86,663919,0
QCML.US,60,20251027,180000,26.9,27.1299,26.38,26.86,188058,0
QCML.US,60,20251027,190000,26.72,26.929,26.16,26.705,109315,0
QCML.US,60,20251027,200000,26.68,26.85,26.57,26.8,63015,0
QCML.US,60,20251027,210000,26.75,26.807,25.925,26.16,125687,0
QCML.US,60,20251028,150000,25.05,25.55,24.12,24.45,285770,0
QCML.US,60,20251028,160000,24.48,24.78,23.855,24.17,243617,0
QCML.US,60,20251028,170000,24.2,24.5955,24.19,24.41,141919,0
QCML.US,60,20251028,180000,24.435,24.6807,24.39,24.53,84385,0
QCML.US,60,20251028,190000,24.64,24.825,24.55,24.5632,66071,0
QCML.US,60,20251028,200000,24.53,24.77,24.44,24.5081,32729,0
QCML.US,60,20251028,210000,24.56,24.7,24.26,24.28,64522,0
QCML.US,60,20251029,150000,24.45,24.94,24.219169,24.58,196264,0
QCML.US,60,20251029,160000,24.62,24.68,24.3,24.61,65230,0
QCML.US,60,20251029,170000,24.64,24.66,24.262,24.35,31517,0
QCML.US,60,20251029,180000,24.315,24.348,24,24.29,32346,0
QCML.US,60,20251029,190000,24.29,24.3873,24.18,24.3,16376,0
QCML.US,60,20251029,200000,24.371,24.38,23.667,23.82,39487,0
QCML.US,60,20251029,210000,23.83,23.83,23.55,23.68,21112,0
QCML.US,60,20251030,150000,23.62,23.93,23.32,23.83,58899,0
QCML.US,60,20251030,160000,23.8,24,23.29,23.53,109764,0
QCML.US,60,20251030,170000,23.475,23.8,23.39,23.695,18138,0
QCML.US,60,20251030,180000,23.6887,23.87,23.6501,23.79,6840,0
QCML.US,60,20251030,190000,23.7,23.88,23.64,23.8275,13715,0
QCML.US,60,20251030,200000,23.75,23.75,23.56,23.5819,6960,0
QCML.US,60,20251030,210000,23.5485,23.6155,23.04,23.04,56731,0
QCML.US,60,20251031,150000,23.46,23.7499,23.31,23.44,17138,0
QCML.US,60,20251031,160000,23.4354,24.3999,23.38,24.24,45207,0
QCML.US,60,20251031,170000,24.22,24.5,24.1101,24.3,37357,0
QCML.US,60,20251031,180000,24.25,24.49,24.18,24.3043,16789,0
QCML.US,60,20251031,190000,24.31,24.31,24,24.0044,19551,0
QCML.US,60,20251031,200000,24.0301,24.36,24.0301,24.3484,17576,0
QCML.US,60,20251031,210000,24.3315,24.4694,24.22,24.28,15751,0
QCML.US,60,20251103,160000,24.79,24.84,24.08,24.19,26564,0
QCML.US,60,20251103,170000,24.466,24.466,23.9,24.03,29943,0
QCML.US,60,20251103,180000,24,24.1064,23.67,23.87,11735,0
QCML.US,60,20251103,190000,23.84,23.9399,23.78,23.83,17950,0
QCML.US,60,20251103,200000,23.84,23.871,23.75,23.83,5288,0
QCML.US,60,20251103,210000,23.9,24.115,23.9,24.02,3149,0
QCML.US,60,20251103,220000,24.01,24.2227,23.83,24.17,6921,0
QCML.US,60,20251104,160000,23.38,23.505,22.81,23.5,42115,0
QCML.US,60,20251104,170000,23.6288,23.6288,23.14,23.14,11298,0
QCML.US,60,20251104,180000,23.15,23.15,22.7,22.76,12431,0
QCML.US,60,20251104,190000,22.7407,22.7407,22.51873,22.67,18055,0
QCML.US,60,20251104,200000,22.581,22.67,22.51,22.54,6614,0
QCML.US,60,20251104,210000,22.54,22.7,22.53,22.62,3782,0
QCML.US,60,20251104,220000,22.62,22.62,21.945,22.01,19226,0
QCML.US,60,20251105,160000,22.54,23.1129,22.43,23.0701,23514,0
QCML.US,60,20251105,170000,23.07,23.1,22.6,22.7301,48224,0
QCML.US,60,20251105,180000,22.85,23.51,22.79,23.5059,27894,0
QCML.US,60,20251105,190000,23.48,23.72,23.37,23.64,28458,0
QCML.US,60,20251105,200000,23.65,24.3399,23.65,24.26,57223,0
QCML.US,60,20251105,210000,24.15,24.34,24.14,24.29,50942,0
QCML.US,60,20251105,220000,24.25,24.699,23.62,23.62,178673,0
QCML.US,60,20251106,160000,23.18,23.35,22.4,22.98,48633,0
QCML.US,60,20251106,170000,22.94,23.34,21.675,21.7765,77944,0
QCML.US,60,20251106,180000,21.83,21.94,21.22,21.22,35121,0
QCML.US,60,20251106,190000,21.38,22.0545,21.3531,21.98,17276,0
QCML.US,60,20251106,200000,22.029,22.45,21.77,22.155,13950,0
QCML.US,60,20251106,210000,22.24,22.37,22.02,22.2199,3867,0
QCML.US,60,20251106,220000,22.25,22.35,21.95,22,16066,0
QCML.US,60,20251107,160000,21.83,22.2,21.625,21.775,19578,0
QCML.US,60,20251107,170000,21.705,21.935,21.29,21.35,24309,0
QCML.US,60,20251107,180000,21.43,21.48,20.97,21.02,15999,0
QCML.US,60,20251107,190000,21.03,21.08,20.78,20.9058,14908,0
QCML.US,60,20251107,200000,20.9342,21.06,20.78,21.06,7183,0
QCML.US,60,20251107,210000,20.99,21.3244,20.99,21.16,11761,0
QCML.US,60,20251107,220000,21.1817,21.45,21.09,21.45,74670,0
QCML.US,60,20251110,160000,22.155,22.33,21.66,21.76,34797,0
QCML.US,60,20251110,170000,21.7,21.81,21.11,21.255,38413,0
QCML.US,60,20251110,180000,21.24,21.3428,21.16,21.32,11029,0
QCML.US,60,20251110,190000,21.335,21.5002,21.29,21.346,11765,0
QCML.US,60,20251110,200000,21.35,21.4009,21.26,21.4,4674,0
QCML.US,60,20251110,210000,21.48,21.6198,21.48,21.55,4635,0
QCML.US,60,20251110,220000,21.51,21.68,21.505,21.61,9705,0
QCML.US,60,20251111,160000,21.46,22.16,21.46,22.08,17792,0
QCML.US,60,20251111,170000,22.12,22.7064,22.08,22.27,56266,0
QCML.US,60,20251111,180000,22.23,22.25,22.01,22.1507,9455,0
QCML.US,60,20251111,190000,22.15,22.35,22.08,22.29,4679,0
QCML.US,60,20251111,200000,22.38,22.38,22.245,22.2815,1774,0
QCML.US,60,20251111,210000,22.2,22.275,22.13,22.23,3435,0
QCML.US,60,20251111,220000,22.22,22.28,22.1106,22.23,4440,0
QCML.US,60,20251112,160000,22.48,23,22.48,22.94,26329,0
QCML.US,60,20251112,170000,22.8979,23.0527,22.59,22.92,12876,0
QCML.US,60,20251112,180000,23,23.05,22.7718,23.035,15815,0
QCML.US,60,20251112,190000,22.965,23.0365,22.6816,22.79,11555,0
QCML.US,60,20251112,200000,22.9649,23.01,22.78,23.01,6957,0
QCML.US,60,20251112,210000,23.0122,23.09,22.63,22.75,5610,0
QCML.US,60,20251112,220000,22.68,22.9,22.67,22.9,11859,0
QCML.US,60,20251113,160000,22.78,23.4246,22.78,23.06,71382,0
QCML.US,60,20251113,170000,23.07,23.21,22.51,22.52,36601,0
QCML.US,60,20251113,180000,22.62,22.64,22.19,22.285,7526,0
QCML.US,60,20251113,190000,22.42,22.52,22.3,22.41,10052,0
QCML.US,60,20251113,200000,22.505,22.56,22.1001,22.21,15013,0
QCML.US,60,20251113,210000,22.2,22.3,22.17,22.17,6554,0
QCML.US,60,20251113,220000,22.13,22.405,21.96,22.33,12856,0
QCML.US,60,20251114,160000,21.65,22.12,21.55,21.98,21984,0
QCML.US,60,20251114,170000,21.93,22.6,21.84,22.38,8929,0
QCML.US,60,20251114,180000,22.37,22.53,22.315,22.43,3626,0
QCML.US,60,20251114,190000,22.4032,22.46,22.3513,22.39,4419,0
QCML.US,60,20251114,200000,22.39,22.47,22.18,22.41,4157,0
QCML.US,60,20251114,210000,22.42,22.42,22.3062,22.4,2137,0
QCML.US,60,20251114,220000,22.43,22.43,22.08,22.17,7637,0
QCML.US,60,20251117,160000,22,22.3886,21.88,21.88,15142,0
QCML.US,60,20251117,170000,21.9,21.9,21.13,21.13,25253,0
QCML.US,60,20251117,180000,21.03,21.135,20.81,21.075,16397,0
QCML.US,60,20251117,190000,21.09,21.18,20.865,20.865,5584,0
QCML.US,60,20251117,200000,20.81,20.85,20.641,20.641,7118,0
QCML.US,60,20251117,210000,20.665,20.665,20.38,20.38,6635,0
QCML.US,60,20251117,220000,20.35,20.35,19.95,20.315,8967,0
QCML.US,60,20251118,160000,19.86,19.915,19.236878,19.315,23156,0
QCML.US,60,20251118,170000,19.2457,19.38,19.12,19.21,17921,0
QCML.US,60,20251118,180000,19.01,19.68,19.01,19.51,26193,0
QCML.US,60,20251118,190000,19.59,19.8955,19.48,19.85,5300,0
QCML.US,60,20251118,200000,20,20.165,19.995,20.085,10089,0
QCML.US,60,20251118,210000,20.06,20.26,20.035,20.23,5769,0
QCML.US,60,20251118,220000,20.25,20.3,19.895,19.91,5187,0
QCML.US,60,20251119,160000,19.79,20.22,19.704,20.22,8206,0
QCML.US,60,20251119,170000,20.17,20.466,19.995,20,18287,0
QCML.US,60,20251119,180000,20.05,20.12,19.885,19.91,4223,0
QCML.US,60,20251119,190000,20.09,20.21,19.92,20.21,14794,0
QCML.US,60,20251119,200000,20.25,20.34,20.1519,20.33,5554,0
QCML.US,60,20251119,210000,20.2731,20.35,20.13,20.17,2484,0
QCML.US,60,20251119,220000,20.255,20.47,20.09,20.125,12825,0
QCML.US,60,20251120,160000,20.49,20.8,20.49,20.61,26559,0
QCML.US,60,20251120,170000,20.5796,20.72,20.52,20.53,12600,0
QCML.US,60,20251120,180000,20.48,20.48,19.57,19.595,15090,0
QCML.US,60,20251120,190000,19.61,19.715,19.13,19.13,8612,0
QCML.US,60,20251120,200000,19.21,19.6001,18.96,18.98,9770,0
QCML.US,60,20251120,210000,18.94,19.16,18.87,19.155,2350,0
QCML.US,60,20251120,220000,19.185,19.185,18.45,18.63,14226,0
QCML.US,60,20251121,160000,18.74,19,18.74,18.89,9013,0
QCML.US,60,20251121,170000,19.04,19.075,18.5,18.76,3896,0
QCML.US,60,20251121,180000,18.61,19.28,18.47,19.25,5572,0
QCML.US,60,20251121,190000,19.3902,19.51,19.37,19.37,3112,0
QCML.US,60,20251121,200000,19.3351,19.74,19.1,19.64,2750,0
QCML.US,60,20251121,210000,19.67,19.85,19.595,19.595,1424,0
QCML.US,60,20251121,220000,19.83,19.83,19.404,19.404,2994,0
QCML.US,60,20251124,160000,19.6,19.925,19.6,19.905,7057,0
QCML.US,60,20251124,170000,19.97,20.19,19.8142,20.115,16663,0
QCML.US,60,20251124,180000,20.1,20.2814,20.1,20.13,7291,0
QCML.US,60,20251124,190000,20.13,20.13,19.98,20.11,3381,0
QCML.US,60,20251124,200000,20.05,20.21,20.05,20.1,1675,0
QCML.US,60,20251124,210000,20.085,20.22,20.02,20.02,2100,0
QCML.US,60,20251124,220000,20.02,20.1895,19.82,19.82,9115,0
QCML.US,60,20251125,160000,19.72,19.72,19.1,19.2872,9351,0
QCML.US,60,20251125,170000,19.19,19.53,19.16,19.22,6714,0
QCML.US,60,20251125,180000,19.44,19.48,19.365,19.39,2391,0
QCML.US,60,20251125,190000,19.44,19.69,19.425,19.69,860,0
QCML.US,60,20251125,200000,19.59,19.59,19.5,19.57,7015,0
QCML.US,60,20251125,210000,19.44,19.44,19.44,19.44,100,0
QCML.US,60,20251125,220000,19.52,19.52,19.4,19.4,3356,0
QCML.US,60,20251126,160000,19.51,19.7634,19.4,19.53,12627,0
QCML.US,60,20251126,170000,19.59,19.8046,19.52,19.8046,3563,0
QCML.US,60,20251126,180000,19.87,19.95,19.84,19.925,7877,0
QCML.US,60,20251126,190000,19.88,19.88,19.7908,19.7908,400,0
QCML.US,60,20251126,200000,19.84,19.87,19.79,19.86,1062,0
QCML.US,60,20251126,210000,19.89,19.99,19.89,19.99,1000,0
QCML.US,60,20251126,220000,19.95,20.0899,19.875,19.93,8387,0
QCML.US,60,20251128,160000,19.85,19.97,19.65,19.97,3422,0
QCML.US,60,20251128,170000,19.92,20.24,19.92,20.24,2421,0
QCML.US,60,20251128,180000,20.2,20.428,20.2,20.4173,8158,0
QCML.US,60,20251128,190000,20.39,20.49,20.27,20.47,5157,0
QCML.US,60,20251201,160000,19.98,20.3301,19.95,20.322,11347,0
QCML.US,60,20251201,170000,20.32,20.4973,20.15,20.49,11254,0
QCML.US,60,20251201,180000,20.4808,20.5799,20.44,20.5507,10087,0
QCML.US,60,20251201,190000,20.62,20.7,20.565,20.64,12825,0
QCML.US,60,20251201,200000,20.6731,20.7547,20.66,20.7547,3334,0
QCML.US,60,20251201,210000,20.699,20.699,20.56,20.5873,7346,0
QCML.US,60,20251201,220000,20.56,20.6,20.5,20.53,3749,0
QCML.US,60,20251202,160000,20.6,20.64,20.6,20.64,265,0
QCML.US,60,20251202,170000,20.6,21.01,20.6,20.91,13406,0
QCML.US,60,20251202,180000,20.93,21.01,20.4384,20.775,9740,0
QCML.US,60,20251202,190000,20.91,21.005,20.91,20.92,3750,0
QCML.US,60,20251202,200000,20.91,21,20.88,20.92,2656,0
QCML.US,60,20251202,210000,21,21.1,21,21.07,2555,0
QCML.US,60,20251202,220000,21.2,21.25,21.0501,21.22,3518,0
QCML.US,60,20251203,160000,21.27,21.63,21.27,21.49,46900,0
QCML.US,60,20251203,170000,21.605,21.63,21.42,21.5127,5685,0
QCML.US,60,20251203,180000,21.53,21.7359,21.51,21.5965,6458,0
QCML.US,60,20251203,190000,21.6,21.6,21.4334,21.53,2583,0
QCML.US,60,20251203,200000,21.54,21.882,21.54,21.87,11403,0
QCML.US,60,20251203,210000,21.9,21.97,21.9,21.945,18761,0
QCML.US,60,20251203,220000,21.937,22.24,21.937,22.24,27183,0
QCML.US,60,20251204,160000,22.25,22.38,22.102,22.38,18162,0
QCML.US,60,20251204,170000,22.28,22.295,22.058,22.1998,13236,0
QCML.US,60,20251204,180000,22.298,22.3392,22.13,22.3392,8325,0
QCML.US,60,20251204,190000,22.32,22.32,22.23,22.295,2600,0
QCML.US,60,20251204,200000,22.25,22.345,22.25,22.32,2537,0
QCML.US,60,20251204,210000,22.28,22.29,22.1004,22.16,3832,0
QCML.US,60,20251204,220000,22.08,22.27,22,22.27,14595,0
QCML.US,60,20251205,160000,22.4,22.782,22.38,22.7685,31729,0
QCML.US,60,20251205,170000,22.79,23,22.46,22.495,10210,0
QCML.US,60,20251205,180000,22.56,22.78,22.471,22.64,7545,0
QCML.US,60,20251205,190000,22.57,22.67,22.515,22.67,2567,0
QCML.US,60,20251205,200000,22.63,22.791,22.63,22.7586,6208,0
QCML.US,60,20251205,210000,22.86,22.885,22.7999,22.885,1748,0
QCML.US,60,20251205,220000,22.841,22.841,22.37,22.37,4264,0
QCML.US,60,20251208,160000,22.31,22.3115,22.12,22.23,16720,0
QCML.US,60,20251208,170000,22.16,22.47,22.16,22.429,20828,0
QCML.US,60,20251208,180000,22.3539,22.36,22.235,22.24,11701,0
QCML.US,60,20251208,190000,22.19,22.33,22.19,22.33,1688,0
QCML.US,60,20251208,200000,22.46,22.46,22.46,22.46,100,0
QCML.US,60,20251208,210000,22.2075,22.28,22.16,22.28,2663,0
QCML.US,60,20251208,220000,22.35,22.5,22.34,22.45,5160,0
QCML.US,60,20251209,160000,22.39,22.39,21.7715,21.97,8511,0
QCML.US,60,20251209,170000,22.069,22.31,22.0378,22.29,7438,0
QCML.US,60,20251209,180000,22.3,22.43,22.2659,22.3,3833,0
QCML.US,60,20251209,190000,22.39,22.68,22.39,22.6735,10254,0
QCML.US,60,20251209,200000,22.72,22.72,22.57,22.57,903,0
QCML.US,60,20251209,210000,22.66,22.74,22.66,22.74,500,0
QCML.US,60,20251209,220000,22.74,22.75,22.67,22.7,3867,0
QCML.US,60,20251210,160000,22.54,23.2,22.54,23.165,21662,0
QCML.US,60,20251210,170000,23.141,23.67,23.1101,23.455,56227,0
QCML.US,60,20251210,180000,23.34,23.9,23.34,23.82,6695,0
QCML.US,60,20251210,190000,23.8319,23.8319,23.57,23.59,6996,0
QCML.US,60,20251210,200000,23.54,23.74,23.51,23.70234,5730,0
QCML.US,60,20251210,210000,23.83,24.38,23.76,24.38,35834,0
QCML.US,60,20251210,220000,24.371,24.57,24.29,24.3,46330,0
QCML.US,60,20251211,160000,23.79,23.88,23.33,23.37,11018,0
QCML.US,60,20251211,170000,23.311,23.6987,23.23,23.515,13421,0
QCML.US,60,20251211,180000,23.48,23.4835,23.24,23.24,3344,0
QCML.US,60,20251211,190000,23.34,23.3598,23.27,23.27,7540,0
QCML.US,60,20251211,200000,23.18,23.41,23.18,23.25,8074,0
QCML.US,60,20251211,210000,23.264,23.69,23.264,23.6,18887,0
QCML.US,60,20251211,220000,23.7,24.04,23.68,24.02,18899,0
QCML.US,60,20251212,160000,23.91,24.48,23.91,24.23,16644,0
QCML.US,60,20251212,170000,24.15,24.18,23.66,23.66,17530,0
QCML.US,60,20251212,180000,23.7601,23.7601,23.345,23.3601,11346,0
QCML.US,60,20251212,190000,23.49,23.75,23.49,23.61,4359,0
QCML.US,60,20251212,200000,23.7,23.7255,23.6,23.66,7409,0
QCML.US,60,20251212,210000,23.58,23.6,23.36,23.42,2828,0
QCML.US,60,20251212,220000,23.5,23.63,23.14,23.21,9443,0
QCML.US,60,20251215,160000,23.5,23.74,23.06,23.2,9247,0
QCML.US,60,20251215,170000,23.1219,23.24,22.77,23.18,5492,0
QCML.US,60,20251215,180000,23.19,23.34,23.1,23.1,1763,0
QCML.US,60,20251215,190000,23.005,23.2359,22.985,23.13,1428,0
QCML.US,60,20251215,200000,23.31,23.4,23.21,23.37,4100,0
QCML.US,60,20251215,210000,23.53,23.6,23.53,23.6,3207,0
QCML.US,60,20251215,220000,23.65,23.69,23.38,23.43,5660,0
QCML.US,60,20251216,160000,23.01,23.22,22.99,23.1301,11356,0
QCML.US,60,20251216,170000,23.27,23.27,22.4326,22.6474,5314,0
QCML.US,60,20251216,180000,22.76,22.7601,22.6,22.72,5708,0
QCML.US,60,20251216,190000,22.86,22.86,22.56,22.56,2295,0
QCML.US,60,20251216,200000,22.53,22.61,22.485,22.55,5929,0
QCML.US,60,20251216,210000,22.4,22.501,22.31,22.33,948,0
QCML.US,60,20251216,220000,22.51,22.84,22.51,22.62,5598,0
QCML.US,60,20251217,160000,22.72,22.9892,22.71,22.79,6454,0
QCML.US,60,20251217,170000,22.75,22.75,22.18,22.19,6943,0
QCML.US,60,20251217,180000,22.181,22.312,22.06,22.22,11666,0
QCML.US,60,20251217,190000,22.19,22.19,21.95,22.04,2144,0
QCML.US,60,20251217,200000,22.021,22.021,21.8151,21.8151,2015,0
QCML.US,60,20251217,210000,21.83,21.84,21.83,21.84,1140,0
QCML.US,60,20251217,220000,21.7235,21.82,21.63,21.675,9717,0
QCML.US,60,20251218,160000,22.64,22.64,22.475,22.61,3587,0
QCML.US,60,20251218,170000,22.56,22.56,22.01,22.38,4942,0
QCML.US,60,20251218,180000,22.43,22.4696,22.386,22.46,1598,0
QCML.US,60,20251218,190000,22.39,22.3901,22.07,22.37,5978,0
QCML.US,60,20251218,210000,22.332,22.332,22.14,22.14,984,0
QCML.US,60,20251218,220000,22.13,22.32,22.13,22.22,5951,0
QCML.US,60,20251219,160000,22.51,22.645,22.4972,22.531,4288,0
QCML.US,60,20251219,170000,22.6,22.76,22.5816,22.7,9049,0
QCML.US,60,20251219,180000,22.8,22.8679,22.67,22.67,2485,0
QCML.US,60,20251219,190000,22.6635,22.784,22.63,22.7529,3585,0
QCML.US,60,20251219,200000,22.65,22.65,22.62,22.62,1100,0
QCML.US,60,20251219,210000,22.45,22.47,22.3315,22.46,2400,0
QCML.US,60,20251219,220000,22.46,22.55,22.3417,22.36,10692,0
QCML.US,60,20251222,160000,22.92,23.14,22.42,22.61,13769,0
QCML.US,60,20251222,170000,22.482,22.482,22.3301,22.42,9422,0
QCML.US,60,20251222,180000,22.49,22.49,22.370146,22.42,822,0
QCML.US,60,20251222,190000,22.29,22.3105,22.29,22.3,393,0
QCML.US,60,20251222,200000,22.3,22.3,22.2,22.2,700,0
QCML.US,60,20251222,210000,22.11,22.21,22.066979,22.101,2757,0
QCML.US,60,20251222,220000,22.07,22.2398,22.07,22.106,4197,0
QCML.US,60,20251223,160000,22.08,22.11,22.08,22.11,230,0
QCML.US,60,20251223,170000,22.14,22.3013,22.13,22.2264,1130,0
QCML.US,60,20251223,180000,22.14,22.2253,22.14,22.2253,1137,0
QCML.US,60,20251223,190000,22.27,22.27,22.1878,22.1878,1063,0
QCML.US,60,20251223,200000,22.35,22.35,22.28,22.28,701,0
QCML.US,60,20251223,210000,22.29,22.29,22.24,22.24,500,0
QCML.US,60,20251223,220000,22.25,22.29,22.21,22.21,1371,0
QCML.US,60,20251224,160000,22.3543,22.3543,22.23,22.29,1428,0
QCML.US,60,20251224,170000,22.3,22.3,22.1665,22.1665,2914,0
QCML.US,60,20251224,180000,22.279281,22.279281,22.279281,22.279281,426,0
QCML.US,60,20251224,190000,22.295,22.32,22.23,22.23,1290,0
QCML.US,60,20251226,160000,22.18,22.32,22.18,22.22,6899,0
QCML.US,60,20251226,170000,22.28,22.41,22.2458,22.33,6200,0
QCML.US,60,20251226,180000,22.34,22.39,22.3315,22.39,400,0
QCML.US,60,20251226,190000,22.305,22.305,22.305,22.305,100,0
QCML.US,60,20251226,200000,22.34,22.34,22.34,22.34,200,0
QCML.US,60,20251226,210000,22.24,22.24,22.24,22.24,222,0
QCML.US,60,20251226,220000,22.2374,22.31,22.19,22.19,1422,0
