<TICKER>,<PER>,<DATE>,<TIME>,<OPEN>,<HIGH>,<LOW>,<CLOSE>,<VOL>,<OPENINT>
QCMU.US,60,20250625,170000,24.715,24.985,24.705,24.985,4300,0
QCMU.US,60,20250625,210000,25.0186,25.019,25.0186,25.019,200,0
QCMU.US,60,20250625,220000,24.9,24.9,24.9,24.9,100,0
QCMU.US,60,20250626,160000,25.3,25.3,25.07,25.07,814,0
QCMU.US,60,20250626,180000,25.62,25.63,25.6,25.6,882,0
QCMU.US,60,20250626,190000,25.519,25.52,25.519,25.52,500,0
QCMU.US,60,20250626,220000,25.7,25.7,25.7,25.7,150,0
QCMU.US,60,20250627,180000,26.2094,26.2094,26.2094,26.2094,100,0
QCMU.US,60,20250627,220000,25.75,25.78,25.75,25.78,1535,0
QCMU.US,60,20250630,160000,25.9,25.9,25.75,25.75,450,0
QCMU.US,60,20250630,170000,25.85,25.879,25.85,25.879,360,0
QCMU.US,60,20250630,210000,26.045,26.045,25.94,25.94,1970,0
QCMU.US,60,20250630,220000,26.041,26.041,26.041,26.041,100,0
QCMU.US,60,20250701,170000,25.96,25.96,25.87,25.87,206,0
QCMU.US,60,20250701,190000,26.7506,26.7506,26.7506,26.7506,199,0
QCMU.US,60,20250701,200000,26.4144,26.4436,26.4144,26.4436,366,0
QCMU.US,60,20250701,220000,26.305,26.305,26.18,26.18,300,0
QCMU.US,60,20250702,170000,26.2,26.21,26.2,26.21,700,0
QCMU.US,60,20250702,180000,26.83,26.9,26.81,26.9,832,0
QCMU.US,60,20250702,190000,26.71,26.71,26.71,26.71,100,0
QCMU.US,60,20250702,200000,26.9,26.9,26.9,26.9,200,0
QCMU.US,60,20250702,210000,27.03,27.09,27,27.09,400,0
QCMU.US,60,20250702,220000,27.165,27.165,27.089,27.089,330,0
QCMU.US,60,20250703,160000,27.35,27.35,27.35,27.35,108,0
QCMU.US,60,20250703,170000,27.39,27.39,27.3562,27.3562,600,0
QCMU.US,60,20250703,180000,27.4876,27.559,27.4876,27.559,1190,0
QCMU.US,60,20250703,190000,27.28,27.28,27.2773,27.2773,374,0
QCMU.US,60,20250707,160000,26.06,26.06,26.06,26.06,100,0
QCMU.US,60,20250707,170000,25.995,25.995,25.995,25.995,100,0
QCMU.US,60,20250707,210000,25.64,25.79,25.64,25.79,700,0
QCMU.US,60,20250707,220000,25.73,25.73,25.64,25.64,403,0
QCMU.US,60,20250708,170000,26.191,26.191,26.191,26.191,123,0
QCMU.US,60,20250709,160000,26.63,26.63,26.5411,26.5411,200,0
QCMU.US,60,20250709,180000,25.7,25.7,25.7,25.7,376,0
QCMU.US,60,20250710,160000,25.73,25.73,25.73,25.73,100,0
QCMU.US,60,20250710,170000,26.12,26.23,26.12,26.17,1345,0
QCMU.US,60,20250710,190000,26.195,26.195,26.195,26.195,100,0
QCMU.US,60,20250711,220000,25.87,25.87,25.45,25.46,1200,0
QCMU.US,60,20250714,170000,24.38,24.38,24.38,24.38,1000,0
QCMU.US,60,20250714,180000,24.2999,24.2999,24.2615,24.2615,800,0
QCMU.US,60,20250714,220000,24.34,24.34,24.34,24.34,100,0
QCMU.US,60,20250715,160000,25,25,24.8,24.8,1200,0
QCMU.US,60,20250715,170000,24.85,24.85,24.55,24.55,600,0
QCMU.US,60,20250715,180000,24.401,24.401,24.3904,24.3904,500,0
QCMU.US,60,20250716,160000,24,24,24,24,100,0
QCMU.US,60,20250716,170000,24,24,24,24,100,0
QCMU.US,60,20250716,180000,23.77,23.77,23.77,23.77,100,0
QCMU.US,60,20250717,170000,23.85,23.8825,23.79,23.826,1048,0
QCMU.US,60,20250717,190000,23.93,23.93,23.93,23.93,100,0
QCMU.US,60,20250717,220000,23.8,23.8,23.8,23.8,470,0
QCMU.US,60,20250718,170000,24,24.01,23.95,23.95,600,0
QCMU.US,60,20250718,180000,24.5792,24.5792,24.5,24.5,867,0
QCMU.US,60,20250718,190000,24.32,24.32,24.32,24.32,190,0
QCMU.US,60,20250718,220000,24.35,24.35,24.35,24.35,500,0
QCMU.US,60,20250721,170000,25.62,25.7601,25.62,25.63,452,0
QCMU.US,60,20250721,180000,25.57,25.57,25.569,25.569,450,0
QCMU.US,60,20250721,190000,25.75,25.75,25.7,25.7,235,0
QCMU.US,60,20250721,200000,25.94,25.94,25.94,25.94,177,0
QCMU.US,60,20250721,210000,26.06,26.06,26.06,26.06,119,0
QCMU.US,60,20250721,220000,25.8,25.8,25.75,25.75,800,0
QCMU.US,60,20250722,160000,25.67,25.67,25.22,25.22,635,0
QCMU.US,60,20250722,170000,25,25.3,25,25.3,400,0
QCMU.US,60,20250722,180000,25.37,25.54,25.37,25.54,230,0
QCMU.US,60,20250722,210000,25.4196,25.4196,25.4196,25.4196,100,0
QCMU.US,60,20250723,160000,25.34,25.34,25.34,25.34,135,0
QCMU.US,60,20250723,190000,25.815,25.815,25.7009,25.7009,200,0
QCMU.US,60,20250723,200000,25.981,26.05,25.981,26.05,360,0
QCMU.US,60,20250723,220000,25.87,25.87,25.87,25.87,177,0
QCMU.US,60,20250724,170000,25.5,25.5,25.37,25.37,460,0
QCMU.US,60,20250724,220000,25.62,25.73,25.62,25.73,2111,0
QCMU.US,60,20250725,160000,25.4561,25.4561,25.4,25.4,300,0
QCMU.US,60,20250725,170000,25.5,25.5,25.5,25.5,1000,0
QCMU.US,60,20250725,200000,25.6725,25.7306,25.6725,25.7306,200,0
QCMU.US,60,20250725,220000,25.5509,25.5509,25.5509,25.5509,100,0
QCMU.US,60,20250728,160000,26.01,26.02,25.88,26.02,375,0
QCMU.US,60,20250728,170000,26.45,26.45,25.951,25.951,255,0
QCMU.US,60,20250728,190000,26.5213,26.5588,26.442,26.442,1349,0
QCMU.US,60,20250728,200000,26.5088,26.5088,26.48,26.48,2042,0
QCMU.US,60,20250728,220000,26.21,26.4,26.21,26.4,2287,0
QCMU.US,60,20250729,160000,26.96,26.96,26.7691,26.8915,400,0
QCMU.US,60,20250729,170000,27.04,27.04,26.835,26.93,3306,0
QCMU.US,60,20250729,180000,26.49,26.49,26.4601,26.4601,600,0
QCMU.US,60,20250729,190000,26.77,26.77,26.77,26.77,100,0
QCMU.US,60,20250729,200000,26.88,26.88,26.88,26.88,400,0
QCMU.US,60,20250729,210000,26.9576,27.09,26.9576,26.98,870,0
QCMU.US,60,20250729,220000,27.0752,27.13,26.82,26.82,600,0
QCMU.US,60,20250730,160000,26.54,26.66,26.315,26.51,3674,0
QCMU.US,60,20250730,170000,26.469,26.469,26.25,26.3299,9349,0
QCMU.US,60,20250730,180000,26.02,26.2187,26.02,26.2187,900,0
QCMU.US,60,20250730,190000,26.18,26.2116,26.148,26.2116,1324,0
QCMU.US,60,20250730,200000,26.36,26.36,26.31,26.32,500,0
QCMU.US,60,20250730,210000,26.26,26.3296,26.23,26.23,1261,0
QCMU.US,60,20250730,220000,25.97,25.97,25.7,25.709,741,0
QCMU.US,60,20250731,160000,23.75,24.8949,23.45,23.45,11817,0
QCMU.US,60,20250731,170000,23.3,23.43,23.08,23.32,2777,0
QCMU.US,60,20250731,180000,22.99,22.99,22.99,22.99,100,0
QCMU.US,60,20250731,190000,22.5301,22.6376,22.36,22.36,3608,0
QCMU.US,60,20250731,200000,22.2601,22.32,21.53,21.6299,3284,0
QCMU.US,60,20250731,210000,21.59,21.91,21.41,21.91,6179,0
QCMU.US,60,20250731,220000,21.775,21.89,21.68,21.68,2893,0
QCMU.US,60,20250801,160000,21.701,21.701,21.701,21.701,324,0
QCMU.US,60,20250801,170000,21.81,22.23,21.75,22.23,2542,0
QCMU.US,60,20250801,180000,22.031,22.13,22.031,22.13,898,0
QCMU.US,60,20250801,190000,22.2,22.27,22.028,22.028,2473,0
QCMU.US,60,20250801,200000,21.995,21.995,21.75,21.75,3000,0
QCMU.US,60,20250801,210000,21.76,21.76,21.72,21.72,1667,0
QCMU.US,60,20250801,220000,22.03,22.1377,22.03,22.12,1600,0
QCMU.US,60,20250804,160000,22.835,22.88,22.74,22.7713,3656,0
QCMU.US,60,20250804,170000,22.58,22.58,21.985,21.985,1700,0
QCMU.US,60,20250804,180000,21.96,21.97,21.94,21.94,811,0
QCMU.US,60,20250804,190000,22.06,22.09,22.06,22.09,1750,0
QCMU.US,60,20250804,200000,22.08,22.1,22.08,22.1,500,0
QCMU.US,60,20250804,210000,21.94,21.94,21.9,21.9,500,0
QCMU.US,60,20250804,220000,21.9,21.93,21.8672,21.875,3782,0
QCMU.US,60,20250805,160000,21.95,21.95,21.95,21.95,100,0
QCMU.US,60,20250805,170000,21.6,21.6,21.56,21.56,500,0
QCMU.US,60,20250805,210000,21.871,21.9,21.77,21.77,677,0
QCMU.US,60,20250805,220000,21.78,21.78,21.62,21.62,681,0
QCMU.US,60,20250806,160000,21.48,21.54,21,21,1550,0
QCMU.US,60,20250806,170000,20.96,21.18,20.9,21.18,3256,0
QCMU.US,60,20250806,180000,21.1666,21.315,21.1666,21.27,1050,0
QCMU.US,60,20250806,190000,21.32,21.32,21.315,21.315,270,0
QCMU.US,60,20250806,200000,21.359,21.359,21.33,21.34,470,0
QCMU.US,60,20250806,210000,21.45,21.45,21.4,21.43,3371,0
QCMU.US,60,20250807,160000,21.69,22,21.67,22,731,0
QCMU.US,60,20250807,170000,21.35,21.35,21.28,21.28,1278,0
QCMU.US,60,20250807,200000,21.4,21.4,21.4,21.4,400,0
QCMU.US,60,20250807,220000,21.36,21.36,21.36,21.36,100,0
QCMU.US,60,20250808,160000,21.7144,21.7144,21.572,21.572,1362,0
QCMU.US,60,20250808,170000,21.74,21.82,21.74,21.82,350,0
QCMU.US,60,20250808,180000,21.8,21.8,21.72,21.72,280,0
QCMU.US,60,20250808,190000,21.93,21.93,21.93,21.93,100,0
QCMU.US,60,20250808,200000,21.8585,21.8585,21.8585,21.8585,100,0
QCMU.US,60,20250808,210000,21.8,21.8,21.8,21.8,100,0
QCMU.US,60,20250811,160000,22.21,22.79,22.21,22.74,2386,0
QCMU.US,60,20250811,170000,22.503,22.51,22.503,22.51,600,0
QCMU.US,60,20250811,190000,22.37,22.37,22.28,22.28,444,0
QCMU.US,60,20250811,200000,22.15,22.15,22.0401,22.125,640,0
QCMU.US,60,20250811,210000,22.08,22.17,22.08,22.17,200,0
QCMU.US,60,20250811,220000,21.96,21.96,21.96,21.96,200,0
QCMU.US,60,20250812,160000,22.34,22.34,22.1566,22.25,2130,0
QCMU.US,60,20250812,170000,23.06,23.06,23.06,23.06,100,0
QCMU.US,60,20250812,180000,23.24,23.28,23.21,23.28,450,0
QCMU.US,60,20250812,200000,23.465,23.52,23.39,23.3901,1979,0
QCMU.US,60,20250812,210000,23.443,23.443,23.443,23.443,100,0
QCMU.US,60,20250812,220000,23.53,23.68,23.48,23.68,2598,0
QCMU.US,60,20250813,160000,23.74,23.95,23.74,23.95,711,0
QCMU.US,60,20250813,170000,23.97,24,23.94,24,617,0
QCMU.US,60,20250813,180000,24.45,24.45,24.45,24.45,100,0
QCMU.US,60,20250813,190000,24.29,24.5,24.29,24.5,300,0
QCMU.US,60,20250813,200000,24.43,24.6,24.43,24.49,3300,0
QCMU.US,60,20250814,170000,24.55,25.001,24.55,25,3849,0
QCMU.US,60,20250814,190000,24.993,25.05,24.993,25.05,208,0
QCMU.US,60,20250814,210000,24.97,24.97,24.97,24.97,929,0
QCMU.US,60,20250815,160000,24.8,24.8,24.8,24.8,1000,0
QCMU.US,60,20250815,170000,24.8904,24.8904,24.8774,24.8774,200,0
QCMU.US,60,20250815,180000,24.811,24.811,24.811,24.811,636,0
QCMU.US,60,20250815,200000,24.74,24.74,24.74,24.74,100,0
QCMU.US,60,20250815,220000,24.94,25.06,24.94,25.06,200,0
QCMU.US,60,20250818,160000,24.96,25.2216,24.96,25.2216,716,0
QCMU.US,60,20250818,170000,25.05,25.17,25.05,25.17,1703,0
QCMU.US,60,20250819,160000,24.999,24.999,24.93,24.93,430,0
QCMU.US,60,20250819,170000,24.74,24.92,24.74,24.92,5590,0
QCMU.US,60,20250819,200000,24.48,24.48,24.48,24.48,100,0
QCMU.US,60,20250819,220000,24.3411,24.63,24.3411,24.63,410,0
QCMU.US,60,20250820,160000,24.35,24.41,24.0501,24.0501,5030,0
QCMU.US,60,20250820,170000,23.8578,23.8578,23.7936,23.7936,1200,0
QCMU.US,60,20250820,190000,23.776,23.776,23.776,23.776,100,0
QCMU.US,60,20250821,160000,23.78,23.78,23.6322,23.6322,1648,0
QCMU.US,60,20250821,180000,23.61,23.61,23.61,23.61,1924,0
QCMU.US,60,20250822,160000,24.4356,24.4356,24.381,24.39,2114,0
QCMU.US,60,20250822,170000,25.17,25.279,25.17,25.279,1200,0
QCMU.US,60,20250822,180000,25.151,25.151,25.151,25.151,200,0
QCMU.US,60,20250822,210000,25.11,25.17,25.11,25.17,755,0
QCMU.US,60,20250822,220000,24.98,25.035,24.89,24.91,1069,0
QCMU.US,60,20250825,170000,24.3,24.3189,24.3,24.3189,1758,0
QCMU.US,60,20250825,200000,24.4555,24.4555,24.4555,24.4555,200,0
QCMU.US,60,20250826,160000,25.18,25.18,25.18,25.18,100,0
QCMU.US,60,20250826,170000,25.245,25.245,25.24,25.24,400,0
QCMU.US,60,20250826,200000,25.33,25.36,25.33,25.36,500,0
QCMU.US,60,20250826,220000,25.2,25.2,25.19,25.19,560,0
QCMU.US,60,20250827,160000,24.98,24.99,24.98,24.99,300,0
QCMU.US,60,20250828,210000,25.384,25.384,25.384,25.384,133,0
QCMU.US,60,20250829,220000,25.8599,25.8599,25.8599,25.8599,100,0
QCMU.US,60,20250902,170000,24.43,24.49,24.43,24.49,2671,0
QCMU.US,60,20250904,200000,25.22,25.22,25.22,25.22,100,0
QCMU.US,60,20250904,210000,25.56,25.56,25.559,25.559,1073,0
QCMU.US,60,20250905,170000,26.26,26.26,26.1,26.1,750,0
QCMU.US,60,20250905,200000,25.43,25.43,25.43,25.43,100,0
QCMU.US,60,20250908,170000,25.27,25.27,25.27,25.27,300,0
QCMU.US,60,20250908,220000,25.5,25.5,25.5,25.5,286,0
QCMU.US,60,20250909,160000,26.0874,26.0874,26.0874,26.0874,233,0
QCMU.US,60,20250910,170000,24.785,24.82,24.785,24.82,1082,0
QCMU.US,60,20250910,180000,24.649,24.649,24.649,24.649,1000,0
QCMU.US,60,20250911,160000,25.29,25.29,25.29,25.29,200,0
QCMU.US,60,20250911,170000,25.5,25.63,25.5,25.5,2646,0
QCMU.US,60,20250911,200000,25.97,26.14,25.97,26.14,700,0
QCMU.US,60,20250911,220000,26.18,26.18,26.1799,26.1799,200,0
QCMU.US,60,20250912,190000,25.987,25.987,25.987,25.987,500,0
QCMU.US,60,20250912,200000,25.995,26.119,25.995,26.119,484,0
QCMU.US,60,20250912,210000,26.14,26.199,26.1,26.1,1145,0
QCMU.US,60,20250912,220000,26.1401,26.2899,26.1401,26.2899,340,0
QCMU.US,60,20250915,160000,25.949,26.361,25.949,26.361,421,0
QCMU.US,60,20250915,170000,25.8,26.2,25.79,26.199,840,0
QCMU.US,60,20250915,180000,25.762,25.79,25.762,25.79,800,0
QCMU.US,60,20250915,190000,25.959,25.959,25.811,25.811,800,0
QCMU.US,60,20250915,220000,25.845,25.845,25.76,25.76,1523,0
QCMU.US,60,20250916,170000,26.67,27.105,26.67,27.105,6202,0
QCMU.US,60,20250916,180000,27.2,27.215,27.05,27.13,2775,0
QCMU.US,60,20250916,190000,26.95,26.95,26.75,26.75,655,0
QCMU.US,60,20250916,200000,26.7219,26.803,26.7219,26.803,353,0
QCMU.US,60,20250916,210000,26.7501,27,26.7501,27,1470,0
QCMU.US,60,20250916,220000,26.85,27,26.85,26.97,400,0
QCMU.US,60,20250917,160000,27.09,27.17,26.999,27.15,2119,0
QCMU.US,60,20250917,170000,27.08,27.22,26.97,26.97,1694,0
QCMU.US,60,20250917,180000,27.1,27.3,27.05,27.3,541,0
QCMU.US,60,20250917,190000,27.1,27.1,27.1,27.1,100,0
QCMU.US,60,20250917,200000,27.22,27.3771,27.22,27.3771,500,0
QCMU.US,60,20250917,210000,27.4,27.541,27.08,27.08,1397,0
QCMU.US,60,20250917,220000,27.35,27.35,27.27,27.279,4400,0
QCMU.US,60,20250918,160000,27.67,28.25,27.6223,27.95,2039,0
QCMU.US,60,20250918,170000,28.13,28.33,28.0273,28.09,1000,0
QCMU.US,60,20250918,180000,27.95,28,27.95,28,617,0
QCMU.US,60,20250918,210000,27.6781,27.75,27.6781,27.75,220,0
QCMU.US,60,20250919,160000,28.26,28.28,28.215,28.235,900,0
QCMU.US,60,20250919,170000,28.06,28.06,27.735,27.735,250,0
QCMU.US,60,20250919,180000,27.6655,27.82,27.6655,27.82,1355,0
QCMU.US,60,20250919,200000,27.87,27.87,27.8692,27.8692,200,0
QCMU.US,60,20250919,210000,28.1634,28.1634,28.1634,28.1634,900,0
QCMU.US,60,20250919,220000,28.1591,28.1591,27.68,27.68,2218,0
QCMU.US,60,20250922,160000,27.69,27.79,27.435,27.79,437,0
QCMU.US,60,20250922,180000,28.29,28.29,28.29,28.29,100,0
QCMU.US,60,20250922,190000,28.255,28.589,28.255,28.5584,362,0
QCMU.US,60,20250922,200000,28.66,28.67,28.66,28.67,471,0
QCMU.US,60,20250922,210000,28.58,28.68,28.58,28.68,300,0
QCMU.US,60,20250922,220000,28.7,28.7,28.65,28.7,726,0
QCMU.US,60,20250923,160000,28.57,28.57,28.57,28.57,146,0
QCMU.US,60,20250923,170000,28.591,28.73,28.38,28.38,325,0
QCMU.US,60,20250923,180000,28.7192,28.7192,28.6,28.6,300,0
QCMU.US,60,20250923,200000,28.3549,28.4376,28.3549,28.3904,660,0
QCMU.US,60,20250923,210000,28.145,28.319,28.145,28.319,371,0
QCMU.US,60,20250923,220000,28.33,28.38,28.3,28.3101,650,0
QCMU.US,60,20250924,170000,28.9,29.215,28.8411,29.1201,5810,0
QCMU.US,60,20250924,180000,29.28,29.8,29.28,29.375,2651,0
QCMU.US,60,20250924,190000,29.395,29.58,29.371,29.58,1500,0
QCMU.US,60,20250924,210000,29.7723,29.9308,29.7723,29.92,600,0
QCMU.US,60,20250924,220000,29.771,29.771,29.77,29.77,2500,0
QCMU.US,60,20250925,160000,28.38,28.38,28.18,28.18,1034,0
QCMU.US,60,20250925,170000,28.65,28.65,28.639,28.639,3023,0
QCMU.US,60,20250925,180000,29.05,29.05,28.71,28.71,300,0
QCMU.US,60,20250925,200000,28.46,28.46,28.2,28.2,3573,0
QCMU.US,60,20250925,210000,27.79,28.48,27.77,28.48,2453,0
QCMU.US,60,20250925,220000,28.39,28.45,28.25,28.435,835,0
QCMU.US,60,20250926,160000,28.4175,28.4175,28.4175,28.4175,360,0
QCMU.US,60,20250926,170000,28.19,28.19,28.19,28.19,600,0
QCMU.US,60,20250926,180000,28.22,28.24,28.19,28.24,5100,0
QCMU.US,60,20250926,190000,28.3,28.37,28.2204,28.37,1200,0
QCMU.US,60,20250926,200000,28.47,28.47,28.387,28.399,2508,0
QCMU.US,60,20250926,210000,28.4,28.4,28.29,28.29,2495,0
QCMU.US,60,20250926,220000,28.42,28.44,28.3132,28.41,1900,0
QCMU.US,60,20250929,170000,27.78,27.78,27.46,27.46,2781,0
QCMU.US,60,20250929,180000,27.021,27.021,27.017,27.017,200,0
QCMU.US,60,20250929,190000,27,27,27,27,725,0
QCMU.US,60,20250929,210000,27,27,27,27,100,0
QCMU.US,60,20250929,220000,26.84,26.93,26.84,26.9,3700,0
QCMU.US,60,20250930,160000,26.97,27.1092,26.97,27.1092,1717,0
QCMU.US,60,20250930,170000,27.14,27.25,27.08,27.25,2910,0
QCMU.US,60,20250930,180000,27.219,27.219,27.111,27.121,2985,0
QCMU.US,60,20250930,190000,27.2,27.33,27.17,27.185,950,0
QCMU.US,60,20250930,200000,27.11,27.11,27,27,568,0
QCMU.US,60,20250930,210000,27.1604,27.24,27.1604,27.24,394,0
QCMU.US,60,20251001,170000,27,27.27,26.93,26.93,718,0
QCMU.US,60,20251001,180000,26.85,26.85,26.6504,26.84,5082,0
QCMU.US,60,20251001,190000,26.9,26.9,26.88,26.88,200,0
QCMU.US,60,20251001,200000,26.87,26.935,26.87,26.935,1663,0
QCMU.US,60,20251001,210000,27.04,27.04,26.9687,26.9687,1300,0
QCMU.US,60,20251001,220000,26.93,27.33,26.93,27.33,4000,0
QCMU.US,60,20251002,160000,27.64,28.07,27.64,27.9842,2858,0
QCMU.US,60,20251002,170000,28.06,28.06,28.06,28.06,100,0
QCMU.US,60,20251002,180000,27.7025,27.7025,27.6374,27.652,800,0
QCMU.US,60,20251002,190000,27.6399,27.81,27.6399,27.665,696,0
QCMU.US,60,20251002,200000,28,28.25,28,28.25,1450,0
QCMU.US,60,20251002,210000,28.14,28.14,28.14,28.14,100,0
QCMU.US,60,20251002,220000,28.1,28.2899,27.935,28.05,1647,0
QCMU.US,60,20251003,160000,29,29,28.66,28.66,1604,0
QCMU.US,60,20251003,170000,28.7,28.7,28.46,28.46,1430,0
QCMU.US,60,20251003,180000,28.24,28.24,28.24,28.24,100,0
QCMU.US,60,20251003,190000,28.5501,28.5501,28.5501,28.5501,314,0
QCMU.US,60,20251003,200000,28.51,28.51,28.28,28.28,300,0
QCMU.US,60,20251003,210000,28.27,28.27,28.27,28.27,2097,0
QCMU.US,60,20251006,160000,28.36,28.36,28.08,28.08,1693,0
QCMU.US,60,20251006,170000,27.89,27.975,27.7696,27.975,738,0
QCMU.US,60,20251006,180000,28.209,28.362,28.209,28.362,2605,0
QCMU.US,60,20251006,190000,28.1,28.1,28.1,28.1,150,0
QCMU.US,60,20251006,200000,28.07,28.07,28,28,2630,0
QCMU.US,60,20251006,210000,28.225,28.225,27.97,28.11,5990,0
QCMU.US,60,20251006,220000,27.931,28.03,27.9246,28.03,2710,0
QCMU.US,60,20251007,160000,28.72,28.93,28.72,28.93,921,0
QCMU.US,60,20251007,170000,28.8508,28.88,27.89,27.89,6043,0
QCMU.US,60,20251007,190000,27.32,27.42,27.32,27.42,3060,0
QCMU.US,60,20251007,200000,27.27,27.27,27.27,27.27,100,0
QCMU.US,60,20251008,160000,26.9,26.9,26.46,26.81,2028,0
QCMU.US,60,20251008,170000,26.93,27.26,26.93,27.229,4256,0
QCMU.US,60,20251008,180000,27.4363,27.7059,27.4363,27.7059,920,0
QCMU.US,60,20251008,190000,27.55,27.55,27.2764,27.2764,200,0
QCMU.US,60,20251008,200000,27.27,27.27,27.16,27.16,3119,0
QCMU.US,60,20251008,210000,27.28,27.39,27.23,27.39,1054,0
QCMU.US,60,20251008,220000,27.3325,27.65,27.3325,27.6,1400,0
QCMU.US,60,20251009,160000,27.63,27.63,26.75,26.8999,1531,0
QCMU.US,60,20251009,170000,26.69,26.91,26.6799,26.6799,573,0
QCMU.US,60,20251009,180000,26.67,26.67,26.34,26.34,612,0
QCMU.US,60,20251009,190000,26.39,26.419,26.32,26.4,877,0
QCMU.US,60,20251009,200000,26.36,26.36,26.22,26.3567,1180,0
QCMU.US,60,20251009,210000,26.63,26.63,26.63,26.63,100,0
QCMU.US,60,20251009,220000,26.74,26.86,26.685,26.86,2950,0
QCMU.US,60,20251010,160000,26.73,26.73,26.48,26.63,1122,0
QCMU.US,60,20251010,170000,26.05,26.2011,26,26.2,13202,0
QCMU.US,60,20251010,180000,25.46,25.46,24.12,24.22,3315,0
QCMU.US,60,20251010,190000,24.39,24.74,24.2372,24.2372,3758,0
QCMU.US,60,20251010,210000,24.389,24.39,23.7,23.7,1182,0
QCMU.US,60,20251010,220000,23.68,23.825,22.655,23.0085,7471,0
QCMU.US,60,20251013,160000,23.79,24,23.79,23.9,2744,0
QCMU.US,60,20251013,170000,24.42,24.739,24.42,24.739,6940,0
QCMU.US,60,20251013,180000,24.86,25.0206,24.86,25.0206,204,0
QCMU.US,60,20251013,190000,25.25,25.35,25.25,25.34,700,0
QCMU.US,60,20251013,200000,25.37,25.37,25.36,25.36,451,0
QCMU.US,60,20251013,210000,25.6953,25.6953,25.24,25.4984,4125,0
QCMU.US,60,20251013,220000,25.44,25.44,25.44,25.44,500,0
QCMU.US,60,20251014,160000,24.89,25.23,24.71,25.18,3112,0
QCMU.US,60,20251014,170000,25.2217,25.8,25.2217,25.8,16946,0
QCMU.US,60,20251014,190000,25.95,26.1696,25.95,26.1521,300,0
QCMU.US,60,20251014,200000,26.0408,26.0408,26.0408,26.0408,131,0
QCMU.US,60,20251014,210000,26.1745,26.1745,26.15,26.15,490,0
QCMU.US,60,20251014,220000,26.16,26.16,25.465,25.465,1423,0
QCMU.US,60,20251015,160000,25.7488,25.7488,25.41,25.41,634,0
QCMU.US,60,20251015,170000,25.5582,25.5582,25.5582,25.5582,135,0
QCMU.US,60,20251015,180000,25.54,25.545,25.2656,25.4894,4789,0
QCMU.US,60,20251015,190000,25.432,25.435,25.39,25.435,600,0
QCMU.US,60,20251015,200000,25.06,25.25,24.91,25.25,5658,0
QCMU.US,60,20251015,210000,25.5,25.5,25.5,25.5,100,0
QCMU.US,60,20251015,220000,25.5013,25.7398,25.5013,25.725,778,0
QCMU.US,60,20251016,160000,26.2003,26.23,25.991,25.991,942,0
QCMU.US,60,20251016,170000,26.13,26.478,26.09,26.23,7227,0
QCMU.US,60,20251016,180000,26.32,26.3401,26.1804,26.2792,1931,0
QCMU.US,60,20251016,190000,26.3,26.3,26.05,26.05,5590,0
QCMU.US,60,20251016,200000,26.2096,26.23,25.9,26.01,3350,0
QCMU.US,60,20251016,210000,25.71,25.8692,25.71,25.8692,550,0
QCMU.US,60,20251016,220000,25.86,26.21,25.77,26.21,1200,0
QCMU.US,60,20251017,160000,25.7,25.89,25.63,25.87,3000,0
QCMU.US,60,20251017,170000,25.77,25.78,25.3204,25.3204,750,0
QCMU.US,60,20251017,180000,25.59,25.78,25.59,25.78,200,0
QCMU.US,60,20251017,190000,25.69,25.7,25.69,25.7,1395,0
QCMU.US,60,20251017,200000,25.6,25.6,25.6,25.6,100,0
QCMU.US,60,20251020,160000,25.93,26.05,25.93,26.05,287,0
QCMU.US,60,20251020,170000,26.05,26.59,26.05,26.43,10146,0
QCMU.US,60,20251020,180000,26.56,27,26.56,26.98,3538,0
QCMU.US,60,20251020,190000,27.1136,27.119,26.92,26.92,5732,0
QCMU.US,60,20251020,200000,26.86,26.86,26.86,26.86,103,0
QCMU.US,60,20251020,220000,27.06,27.2,27.06,27.15,2692,0
QCMU.US,60,20251021,160000,27.07,27.07,26.88,26.98,2296,0
QCMU.US,60,20251021,170000,27.08,27.24,27.04,27.24,4818,0
QCMU.US,60,20251021,180000,27.4,27.4,27.3804,27.3804,343,0
QCMU.US,60,20251021,200000,27.34,27.4279,27.19,27.4279,3336,0
QCMU.US,60,20251021,210000,27.56,27.63,27.56,27.565,6306,0
QCMU.US,60,20251021,220000,27.41,27.41,27.41,27.41,100,0
QCMU.US,60,20251022,160000,27.01,27.01,26.7816,26.7816,3252,0
QCMU.US,60,20251022,170000,27.01,27.57,27.01,27.57,817,0
QCMU.US,60,20251022,180000,27.5,27.7,27.3,27.7,447,0
QCMU.US,60,20251022,190000,27.5018,27.5018,27.3,27.3,468,0
QCMU.US,60,20251022,200000,26.97,26.97,26.97,26.97,3823,0
QCMU.US,60,20251022,210000,27.15,27.15,27.12,27.12,259,0
QCMU.US,60,20251023,160000,27.375,27.6,27.375,27.6,1085,0
QCMU.US,60,20251023,170000,27.69,27.94,27.63,27.94,2502,0
QCMU.US,60,20251023,180000,27.8,28.15,27.8,28.15,769,0
QCMU.US,60,20251023,190000,28.1804,28.376,28.1804,28.376,3023,0
QCMU.US,60,20251023,200000,28.1385,28.17,28.1385,28.17,300,0
QCMU.US,60,20251023,210000,28.1655,28.1655,27.88,27.88,3936,0
QCMU.US,60,20251023,220000,28.02,28.02,27.9016,27.94,600,0
QCMU.US,60,20251024,160000,28.76,28.76,28.05,28.05,1426,0
QCMU.US,60,20251024,170000,27.925,27.93,27.925,27.93,1200,0
QCMU.US,60,20251024,180000,27.7,27.82,27.7,27.82,300,0
QCMU.US,60,20251024,190000,28.05,28.07,27.98,27.98,9160,0
QCMU.US,60,20251024,200000,27.98,28.232,27.97,28.232,2078,0
QCMU.US,60,20251024,210000,28.2047,28.2047,28.015,28.015,705,0
QCMU.US,60,20251024,220000,27.95,27.95,27.843,27.86,1086,0
QCMU.US,60,20251027,150000,27.76,27.901,27.5208,27.5208,7400,0
QCMU.US,60,20251027,160000,28.57,39.45,28.4,35.3301,518972,0
QCMU.US,60,20251027,170000,35.33,36.329,34.16,34.52,144770,0
QCMU.US,60,20251027,180000,34.2,34.9,34.1,34.54,28531,0
QCMU.US,60,20251027,190000,34.5,34.5699,33.8,34.47,17307,0
QCMU.US,60,20251027,200000,34.48,34.62,34.31,34.55,5657,0
QCMU.US,60,20251027,210000,34.6189,34.6189,33.42,33.72,19528,0
QCMU.US,60,20251028,150000,32.5,33.085,31.2,31.544,51416,0
QCMU.US,60,20251028,160000,31.42,31.965,30.75,31.16,43135,0
QCMU.US,60,20251028,170000,31.36,31.639,31.2,31.45,8434,0
QCMU.US,60,20251028,180000,31.6,31.8,31.46,31.6381,12718,0
QCMU.US,60,20251028,190000,31.75,32.02,31.61,31.62,6582,0
QCMU.US,60,20251028,200000,31.679,31.95,31.49,31.55,10994,0
QCMU.US,60,20251028,210000,31.55,31.8,31.3484,31.4,4067,0
QCMU.US,60,20251029,150000,31.76,32.01,31.2,31.67,21741,0
QCMU.US,60,20251029,160000,31.77,31.77,31.38,31.52,38091,0
QCMU.US,60,20251029,170000,31.743653,31.8,31.32,31.32,13178,0
QCMU.US,60,20251029,180000,31.1204,31.4,30.951,31.395,3837,0
QCMU.US,60,20251029,190000,31.24,31.3995,31.24,31.38,2094,0
QCMU.US,60,20251029,200000,31.131,31.2,30.58,30.7496,4509,0
QCMU.US,60,20251029,210000,30.5,30.6,30.4,30.4,14050,0
QCMU.US,60,20251030,150000,30.55,30.685,30.2,30.685,4401,0
QCMU.US,60,20251030,160000,30.75,30.75,30.05,30.46,10988,0
QCMU.US,60,20251030,170000,30.48,30.635,30.37,30.37,1336,0
QCMU.US,60,20251030,180000,30.5672,30.83,30.5672,30.72,750,0
QCMU.US,60,20251030,190000,30.55,30.799,30.49,30.63,4109,0
QCMU.US,60,20251030,200000,30.61,30.61,30.305,30.305,700,0
QCMU.US,60,20251030,210000,30.31,30.44,30.23,30.3284,3270,0
QCMU.US,60,20251031,150000,30.2942,30.48,30.13,30.13,1362,0
QCMU.US,60,20251031,160000,30.24,31.82,30.23,31.3502,10365,0
QCMU.US,60,20251031,170000,31.08,31.64,31.08,31.27,5777,0
QCMU.US,60,20251031,180000,31.2001,31.565,31.2001,31.351,3380,0
QCMU.US,60,20251031,190000,31.374,31.44,31,31,1390,0
QCMU.US,60,20251031,200000,31.01,31.01,31.01,31.01,400,0
QCMU.US,60,20251031,210000,31.52,31.61,31.21,31.21,7859,0
QCMU.US,60,20251103,160000,31.85,32.06,31.09,31.165,14180,0
QCMU.US,60,20251103,170000,31.4885,31.4885,30.8,31.07,15896,0
QCMU.US,60,20251103,180000,31.09,31.09,30.8,30.8,2869,0
QCMU.US,60,20251103,190000,30.8315,30.8315,30.7436,30.76,1777,0
QCMU.US,60,20251103,200000,30.74,30.74,30.65,30.73,2361,0
QCMU.US,60,20251103,210000,30.806,31.0502,30.8004,31.01,922,0
QCMU.US,60,20251103,220000,30.99,31.06,30.95,30.95,4182,0
QCMU.US,60,20251104,160000,29.86,30.62,28.9,30.32,4480,0
QCMU.US,60,20251104,170000,30.321,30.365,29.87,29.87,4744,0
QCMU.US,60,20251104,180000,29.857,29.88,29.26,29.42,9301,0
QCMU.US,60,20251104,190000,29.285,29.345,29.11,29.175,2462,0
QCMU.US,60,20251104,200000,29.2182,29.2182,29.07,29.07,2886,0
QCMU.US,60,20251104,210000,29.054,29.054,29,29,300,0
QCMU.US,60,20251104,220000,28.8,28.81,28.3275,28.4,1779,0
QCMU.US,60,20251105,160000,28.4,29.6712,28.4,29.6712,10916,0
QCMU.US,60,20251105,170000,29.7,29.79,29.18,29.45,32471,0
QCMU.US,60,20251105,180000,29.465,29.85,29.465,29.85,7540,0
QCMU.US,60,20251105,190000,30.32,30.68,30.3,30.51,4025,0
QCMU.US,60,20251105,200000,30.4855,31.3228,30.4855,31.31,10164,0
QCMU.US,60,20251105,210000,31.225,31.64,31.15,31.64,12300,0
QCMU.US,60,20251105,220000,31.3,31.93,30.5,30.5,54110,0
QCMU.US,60,20251106,160000,30.08,30.08,29.1431,29.69,19385,0
QCMU.US,60,20251106,170000,29.65,29.9,27.91,28.2047,52892,0
QCMU.US,60,20251106,180000,27.95,27.95,27.38,27.38,8616,0
QCMU.US,60,20251106,190000,27.55,28.4,27.45,28.4,17160,0
QCMU.US,60,20251106,200000,28.32,28.9206,28.04,28.6521,25202,0
QCMU.US,60,20251106,210000,28.789,28.789,28.478,28.6597,3765,0
QCMU.US,60,20251106,220000,28.623,28.82,28.291,28.291,11607,0
QCMU.US,60,20251107,160000,28.531,28.531,27.73,27.73,2011,0
QCMU.US,60,20251107,170000,27.835,27.835,27.49,27.49,1600,0
QCMU.US,60,20251107,180000,27.5313,27.54,27.23,27.26,10361,0
QCMU.US,60,20251107,190000,26.9362,27.16,26.83,26.885,10849,0
QCMU.US,60,20251107,200000,26.9185,27.21,26.825,27.17,20940,0
QCMU.US,60,20251107,210000,27.13,27.5075,27.13,27.355,2111,0
QCMU.US,60,20251107,220000,27.409,27.69,27.155,27.69,3128,0
QCMU.US,60,20251110,160000,28.18,28.6592,28.04,28.04,4941,0
QCMU.US,60,20251110,170000,27.63,27.63,27.251,27.4899,10117,0
QCMU.US,60,20251110,180000,27.29,27.485,27.29,27.435,2164,0
QCMU.US,60,20251110,190000,27.5,27.5,27.4378,27.4378,550,0
QCMU.US,60,20251110,200000,27.44,27.57,27.44,27.57,3323,0
QCMU.US,60,20251110,210000,27.8099,27.8122,27.69,27.8122,1191,0
QCMU.US,60,20251110,220000,27.7442,27.9,27.7442,27.847,2889,0
QCMU.US,60,20251111,160000,28.47,28.5,28.23,28.43,4192,0
QCMU.US,60,20251111,170000,28.62,29.2525,28.62,28.83,38879,0
QCMU.US,60,20251111,180000,28.465,28.5535,28.465,28.5535,1057,0
QCMU.US,60,20251111,190000,28.3968,28.7899,28.36,28.7899,4196,0
QCMU.US,60,20251111,200000,28.8199,28.8199,28.75,28.75,755,0
QCMU.US,60,20251111,210000,28.58,28.59,28.529,28.59,569,0
QCMU.US,60,20251111,220000,28.6,28.74,28.5,28.74,2231,0
QCMU.US,60,20251112,160000,29.09,29.5796,29.09,29.51,17359,0
QCMU.US,60,20251112,170000,29.68,29.68,29.18,29.62,16392,0
QCMU.US,60,20251112,180000,29.63,29.7,29.32,29.64,8340,0
QCMU.US,60,20251112,190000,29.65,29.65,29.27,29.3,2668,0
QCMU.US,60,20251112,200000,29.43,29.43,29.3595,29.4,2708,0
QCMU.US,60,20251112,210000,29.63,29.63,29.24,29.24,1696,0
QCMU.US,60,20251112,220000,29.3,29.44,29.3,29.44,820,0
QCMU.US,60,20251113,160000,28.67,30.15,28.67,29.9,11016,0
QCMU.US,60,20251113,170000,29.75,29.75,29.01,29.01,8939,0
QCMU.US,60,20251113,180000,29.1888,29.1888,28.58,28.66,6227,0
QCMU.US,60,20251113,190000,28.72,28.97,28.72,28.875,1392,0
QCMU.US,60,20251113,200000,28.93,28.93,28.5,28.57,1844,0
QCMU.US,60,20251113,210000,28.55,28.68,28.53,28.68,1429,0
QCMU.US,60,20251113,220000,28.35,28.905,28.251,28.71,3490,0
QCMU.US,60,20251114,160000,27.99,28.5,27.95,28.26,8496,0
QCMU.US,60,20251114,170000,28.1034,29,28.1034,28.84,3900,0
QCMU.US,60,20251114,180000,28.8,29.02,28.75,28.86,530,0
QCMU.US,60,20251114,190000,28.95,28.95,28.82,28.87,2955,0
QCMU.US,60,20251114,200000,28.83,28.83,28.56,28.56,200,0
QCMU.US,60,20251114,210000,28.74,28.8,28.71,28.71,309,0
QCMU.US,60,20251114,220000,28.886,28.89,28.56,28.56,921,0
QCMU.US,60,20251117,160000,28.06,28.56,28.06,28.27,400,0
QCMU.US,60,20251117,170000,28.1084,28.17,27.49,27.49,3162,0
QCMU.US,60,20251117,180000,27.095,27.2,26.8643,27.17,17179,0
QCMU.US,60,20251117,190000,27.27,27.28,26.88,26.88,1194,0
QCMU.US,60,20251117,200000,26.74,26.81,26.73,26.73,425,0
QCMU.US,60,20251117,210000,26.55,26.55,26.27,26.27,10130,0
QCMU.US,60,20251117,220000,26,26.16,25.77,26.16,12093,0
QCMU.US,60,20251118,160000,25.53,25.68,24.9184,24.9184,2000,0
QCMU.US,60,20251118,170000,25,25,24.65,24.65,2388,0
QCMU.US,60,20251118,180000,24.65,25.23,24.65,25.23,910,0
QCMU.US,60,20251118,190000,25.705,25.705,25.7,25.7,1300,0
QCMU.US,60,20251118,200000,25.9,25.91,25.81,25.91,1404,0
QCMU.US,60,20251118,210000,25.905,26.03,25.905,26.03,300,0
QCMU.US,60,20251118,220000,26.015,26.015,25.670313,25.670313,1720,0
QCMU.US,60,20251119,160000,25.62,25.62,25.62,25.62,100,0
QCMU.US,60,20251119,170000,26.1,26.3,25.9704,25.9704,940,0
QCMU.US,60,20251119,180000,25.7997,25.7997,25.53,25.63,461,0
QCMU.US,60,20251119,190000,25.9725,26.0127,25.89,26.0127,2628,0
QCMU.US,60,20251119,200000,26.07,26.07,26.07,26.07,1200,0
QCMU.US,60,20251120,160000,26.71,26.71,26.46,26.46,510,0
QCMU.US,60,20251120,170000,26.508,26.508,26.5,26.5,496,0
QCMU.US,60,20251120,180000,26.182,26.182,25.23,25.23,4546,0
QCMU.US,60,20251120,190000,25.21,25.21,24.68,24.7371,3660,0
QCMU.US,60,20251120,200000,25.17,25.17,24.33,24.33,375,0
QCMU.US,60,20251120,210000,24.2951,24.71,24.2951,24.71,751,0
QCMU.US,60,20251120,220000,24.7499,24.7499,23.74,23.74,3818,0
QCMU.US,60,20251121,160000,24.13,24.43,24.13,24.36,6151,0
QCMU.US,60,20251121,170000,24.28,24.39,24.14,24.2979,821,0
QCMU.US,60,20251121,180000,23.81,25.07,23.77,25.07,3749,0
QCMU.US,60,20251121,190000,24.96,25,24.9254,24.9254,1579,0
QCMU.US,60,20251121,200000,24.5345,25.35,24.5345,25.35,1068,0
QCMU.US,60,20251121,210000,25.24,25.47,25.24,25.4261,8540,0
QCMU.US,60,20251121,220000,25.4066,25.4108,25.25,25.25,1926,0
QCMU.US,60,20251124,160000,25.16,25.5611,25.16,25.5611,1511,0
QCMU.US,60,20251124,170000,25.685,25.73,25.46,25.71,1800,0
QCMU.US,60,20251124,180000,25.91,25.96,25.91,25.91,12345,0
QCMU.US,60,20251124,190000,25.84,25.93,25.77,25.93,3294,0
QCMU.US,60,20251124,200000,25.92,25.92,25.92,25.92,700,0
QCMU.US,60,20251125,160000,25.23,25.23,24.6792,24.9205,1434,0
QCMU.US,60,20251125,170000,24.6901,25.0792,24.6555,24.77,2095,0
QCMU.US,60,20251125,180000,24.85,24.93,24.85,24.93,200,0
QCMU.US,60,20251125,200000,25.0832,25.0832,25.0832,25.0832,1500,0
QCMU.US,60,20251125,210000,25.13,25.13,25.07,25.07,803,0
QCMU.US,60,20251125,220000,25.02,25.03,24.96,24.96,612,0
QCMU.US,60,20251126,160000,25.24,25.33,25.12,25.33,416,0
QCMU.US,60,20251126,170000,25.19,25.44,25.14,25.44,6644,0
QCMU.US,60,20251126,180000,25.629,25.629,25.5925,25.5925,550,0
QCMU.US,60,20251126,190000,25.52,25.57,25.43,25.48,1895,0
QCMU.US,60,20251126,200000,25.54,25.6,25.41,25.6,5625,0
QCMU.US,60,20251126,210000,25.53,25.68,25.5,25.67,4066,0
QCMU.US,60,20251126,220000,25.75,25.82,25.375,25.49,3528,0
QCMU.US,60,20251128,160000,25.57,25.57,25.25,25.25,1667,0
QCMU.US,60,20251128,170000,25.6197,25.99,25.6197,25.99,964,0
QCMU.US,60,20251128,180000,26.1,26.15,26.1,26.13,521,0
QCMU.US,60,20251128,190000,26.1821,26.1821,26.1426,26.1426,200,0
QCMU.US,60,20251201,160000,25.79,25.79,25.69,25.69,2640,0
QCMU.US,60,20251201,170000,26.1153,26.28,26.1153,26.28,4730,0
QCMU.US,60,20251201,180000,26.3217,26.4672,26.28,26.4672,1270,0
QCMU.US,60,20251201,190000,26.4601,26.571,26.43,26.5405,11529,0
QCMU.US,60,20251201,200000,26.59,26.645,26.54,26.6,1725,0
QCMU.US,60,20251201,210000,26.4302,26.51,26.43,26.43,810,0
QCMU.US,60,20251201,220000,26.44,26.44,26.44,26.44,109,0
QCMU.US,60,20251202,170000,26.46,26.94,26.46,26.8188,10223,0
QCMU.US,60,20251202,180000,26.85,26.85,26.3134,26.6401,3934,0
QCMU.US,60,20251202,190000,26.874,26.99,26.874,26.895,12359,0
QCMU.US,60,20251202,200000,26.8025,26.8025,26.8025,26.8025,1000,0
QCMU.US,60,20251202,210000,27.0007,27.0007,27.0007,27.0007,123,0
QCMU.US,60,20251202,220000,27.5,27.5,27.08,27.08,450,0
QCMU.US,60,20251203,160000,27.72,27.72,27.72,27.72,100,0
QCMU.US,60,20251203,170000,27.625,27.7863,27.55,27.7,806,0
QCMU.US,60,20251203,180000,27.72,27.9398,27.7,27.77,4285,0
QCMU.US,60,20251203,190000,27.85,27.85,27.58,27.58,1411,0
QCMU.US,60,20251203,200000,27.755,28.11,27.755,28.11,930,0
QCMU.US,60,20251203,210000,28.13,28.2656,28.13,28.15,7000,0
QCMU.US,60,20251203,220000,28.22,28.563,28.22,28.563,600,0
QCMU.US,60,20251204,160000,28.55,28.55,28.55,28.55,495,0
QCMU.US,60,20251204,170000,28.4106,28.54,28.3953,28.48,4311,0
QCMU.US,60,20251204,180000,28.7005,28.7005,28.7005,28.7005,100,0
QCMU.US,60,20251204,200000,28.59,28.75,28.59,28.7,1257,0
QCMU.US,60,20251204,210000,28.4352,28.4352,28.4352,28.4352,110,0
QCMU.US,60,20251204,220000,28.3907,28.5,28.39,28.5,963,0
QCMU.US,60,20251205,160000,28.81,28.9983,28.81,28.98,1271,0
QCMU.US,60,20251205,170000,29.48,29.48,28.95,28.95,3467,0
QCMU.US,60,20251205,180000,28.8984,29.19,28.88,29.19,400,0
QCMU.US,60,20251205,190000,28.9819,28.9819,28.9819,28.9819,482,0
QCMU.US,60,20251205,210000,29.328,29.46,29.24,29.24,9064,0
QCMU.US,60,20251205,220000,29.27,29.28,29.26,29.26,7492,0
QCMU.US,60,20251208,160000,28.83,28.83,28.5,28.52,1467,0
QCMU.US,60,20251208,170000,28.75,28.75,28.74,28.74,1500,0
QCMU.US,60,20251209,160000,28.32,28.32,28.0963,28.0963,1350,0
QCMU.US,60,20251209,170000,28.2,28.5552,28.2,28.5552,1159,0
QCMU.US,60,20251209,180000,28.59,28.7,28.58,28.62,3300,0
QCMU.US,60,20251209,190000,29.14,29.315,29.14,29.315,542,0
QCMU.US,60,20251209,200000,28.905,29.0908,28.9,29.0908,3587,0
QCMU.US,60,20251209,210000,29.08,29.08,29.08,29.08,100,0
QCMU.US,60,20251209,220000,29.08,29.21,29.08,29.21,371,0
QCMU.US,60,20251210,160000,29.6297,29.6297,29.6297,29.6297,167,0
QCMU.US,60,20251210,170000,29.62,30.3715,29.62,30.3,1281,0
QCMU.US,60,20251210,180000,29.9824,30.6,29.9824,30.6,4070,0
QCMU.US,60,20251210,190000,30.42,30.5,30.4,30.5,750,0
QCMU.US,60,20251210,200000,30.4,30.4,30.4,30.4,499,0
QCMU.US,60,20251210,210000,30.6,31.1215,30.5,31.1215,3812,0
QCMU.US,60,20251210,220000,31.14,31.54,31.14,31.35,3256,0
QCMU.US,60,20251211,160000,30.68,30.68,30.4706,30.4706,789,0
QCMU.US,60,20251211,170000,30.0674,30.3211,29.4443,30.3211,1721,0
QCMU.US,60,20251211,190000,30,30,30,30,100,0
QCMU.US,60,20251211,200000,29.76,30.02,29.73,29.85,8336,0
QCMU.US,60,20251211,220000,30.5,30.8,30.5,30.8,1100,0
QCMU.US,60,20251212,160000,30.9543,31.444,30.9543,31.21,3285,0
QCMU.US,60,20251212,170000,31,31.08,30.47,30.5708,18272,0
QCMU.US,60,20251212,180000,30.51,30.51,30,30,1501,0
QCMU.US,60,20251212,200000,30.35,30.4,30.35,30.4,2368,0
QCMU.US,60,20251215,160000,30.3,30.3,29.745,29.745,1587,0
QCMU.US,60,20251215,170000,29.8097,29.8097,29.2233,29.58,2338,0
QCMU.US,60,20251215,180000,29.87,29.93,29.69,29.69,1023,0
QCMU.US,60,20251215,190000,29.615,29.8,29.43,29.75,1452,0
QCMU.US,60,20251215,200000,29.88,29.99,29.88,29.99,200,0
QCMU.US,60,20251215,220000,30.38,30.4006,30.1615,30.1615,13246,0
QCMU.US,60,20251216,160000,29.5246,29.845,29.5246,29.845,937,0
QCMU.US,60,20251216,170000,29.332,29.389,28.94,29.389,735,0
QCMU.US,60,20251216,180000,29.01,29.195,29.01,29.195,200,0
QCMU.US,60,20251216,210000,28.9236,28.9236,28.92,28.92,420,0
QCMU.US,60,20251217,170000,29.22,29.22,29.09,29.09,1153,0
QCMU.US,60,20251217,180000,28.5725,28.634,28.28,28.28,922,0
QCMU.US,60,20251217,190000,28.42,28.521,28.21,28.21,5845,0
QCMU.US,60,20251217,200000,28.2,28.2,28,28,259,0
QCMU.US,60,20251217,210000,28.08,28.08,28.08,28.08,100,0
QCMU.US,60,20251217,220000,27.84,27.87,27.79,27.79,802,0
QCMU.US,60,20251218,160000,29.08,29.19,29.08,29.19,200,0
QCMU.US,60,20251218,170000,28.95,28.95,28.5,28.9,1706,0
QCMU.US,60,20251218,190000,28.5,28.65,28.5,28.6205,687,0
QCMU.US,60,20251218,200000,28.69,28.69,28.69,28.69,100,0
QCMU.US,60,20251218,210000,28.4,28.4,28.4,28.4,196,0
QCMU.US,60,20251219,160000,28.925,29,28.925,29,212,0
QCMU.US,60,20251219,170000,29.28,29.28,29,29,550,0
QCMU.US,60,20251219,190000,29.16,29.16,29.16,29.16,700,0
QCMU.US,60,20251219,200000,28.92,28.92,28.92,28.92,127,0
QCMU.US,60,20251219,210000,28.8659,28.8659,28.8659,28.8659,200,0
QCMU.US,60,20251219,220000,28.8168,28.94,28.73,28.9184,2361,0
QCMU.US,60,20251222,160000,29.5,29.5415,29.5,29.5415,400,0
QCMU.US,60,20251222,170000,28.765,28.84,28.68,28.84,1298,0
QCMU.US,60,20251222,180000,28.75,28.76,28.75,28.76,1045,0
QCMU.US,60,20251222,210000,28.4,28.42,28.34,28.34,1000,0
QCMU.US,60,20251223,160000,28.1304,28.2,28.1304,28.2,735,0
QCMU.US,60,20251223,170000,28.33,28.33,28.33,28.33,100,0
QCMU.US,60,20251223,180000,28.1756,28.1756,28.1756,28.1756,150,0
QCMU.US,60,20251223,190000,28.3,28.3,28.3,28.3,500,0
QCMU.US,60,20251223,200000,28.34,28.34,28.34,28.34,100,0
QCMU.US,60,20251223,210000,28.34,28.34,28.25,28.25,200,0
QCMU.US,60,20251224,170000,28.45,28.45,28.28,28.28,1200,0
QCMU.US,60,20251224,180000,28.4,28.4,28.4,28.4,100,0
QCMU.US,60,20251226,160000,28.3114,28.3114,28.3114,28.3114,500,0
QCMU.US,60,20251226,170000,28.34,28.34,28.34,28.34,100,0
QCMU.US,60,20251226,180000,28.415,28.4448,28.39,28.42,2634,0
QCMU.US,60,20251226,200000,28.4,28.4,28.4,28.4,200,0
QCMU.US,60,20251226,210000,28.38,28.38,28.27,28.27,630,0
