<TICKER>,<PER>,<DATE>,<TIME>,<OPEN>,<HIGH>,<LOW>,<CLOSE>,<VOL>,<OPENINT>
RGLO.US,60,20250602,190000,25.425,25.425,25.425,25.425,400,0
RGLO.US,60,20250603,200000,25.66,25.71,25.66,25.7,1660,0
RGLO.US,60,20250603,220000,25.64,25.68,25.6,25.6,1000,0
RGLO.US,60,20250604,170000,26.07,26.07,26.07,26.07,100,0
RGLO.US,60,20250604,180000,25.75,25.76,25.75,25.7599,6130,0
RGLO.US,60,20250604,190000,25.7,25.7,25.7,25.7,300,0
RGLO.US,60,20250604,200000,25.71,25.73,25.71,25.73,500,0
RGLO.US,60,20250604,210000,25.74,25.74,25.74,25.74,100,0
RGLO.US,60,20250604,220000,25.72,25.76,25.72,25.76,8300,0
RGLO.US,60,20250605,160000,25.71,25.71,25.71,25.71,165,0
RGLO.US,60,20250605,210000,25.73,25.76,25.73,25.76,200,0
RGLO.US,60,20250609,170000,25.84,25.91,25.84,25.885,2690,0
RGLO.US,60,20250609,180000,25.95,25.98,25.95,25.97,2954,0
RGLO.US,60,20250609,210000,26.02,26.31,26.02,26.02,2559,0
RGLO.US,60,20250610,170000,25.8968,26.02,25.8968,26,580905,0
RGLO.US,60,20250610,180000,26,26.01,25.9,25.9,737231,0
RGLO.US,60,20250610,190000,25.94,25.94,25.93,25.93,51997,0
RGLO.US,60,20250610,200000,26.01,26.03,25.985,25.985,133381,0
RGLO.US,60,20250610,210000,25.975,25.975,25.97,25.97,201,0
RGLO.US,60,20250610,220000,25.98,26.01,25.97,26,355010,0
RGLO.US,60,20250611,160000,26.03,26.03,26.03,26.03,100,0
RGLO.US,60,20250611,170000,26.07,26.07,26.05,26.06,1919211,0
RGLO.US,60,20250611,180000,26.065,26.065,26.06,26.06,4896,0
RGLO.US,60,20250611,190000,26.04,26.04,26.0046,26.0046,24817,0
RGLO.US,60,20250611,200000,26.0192,26.05,26.0192,26.03,2945,0
RGLO.US,60,20250611,210000,25.97,25.99,25.95,25.95,26986,0
RGLO.US,60,20250611,220000,25.95,25.95,25.88,25.9101,6282,0
RGLO.US,60,20250612,160000,25.87,25.87,25.87,25.87,100,0
RGLO.US,60,20250612,170000,26.0099,26.0199,26.0099,26.0199,1265,0
RGLO.US,60,20250612,180000,25.985,25.99,25.985,25.99,882,0
RGLO.US,60,20250612,190000,25.99,26.01,25.99,25.9999,21275,0
RGLO.US,60,20250613,170000,25.75,25.75,25.6893,25.6893,1031,0
RGLO.US,60,20250613,180000,25.6803,25.8625,25.6803,25.8625,12656,0
RGLO.US,60,20250613,190000,25.8999,25.8999,25.8493,25.8493,6208,0
RGLO.US,60,20250613,200000,25.84,25.8402,25.74,25.78,2958,0
RGLO.US,60,20250613,210000,25.755,25.755,25.68,25.68,3472,0
RGLO.US,60,20250613,220000,25.665,25.67,25.66,25.66,670,0
RGLO.US,60,20250616,170000,25.98,26.02,25.98,26.02,3615,0
RGLO.US,60,20250616,180000,26,26,25.97,25.97,5554,0
RGLO.US,60,20250616,190000,26,26,25.91,25.9601,8635,0
RGLO.US,60,20250616,200000,25.949,26.42,25.945,25.97,1837,0
RGLO.US,60,20250616,210000,25.935,25.96,25.9295,25.93,3545,0
RGLO.US,60,20250616,220000,25.93,25.955,25.91,25.94,10764,0
RGLO.US,60,20250617,170000,25.78,25.81,25.77,25.78,7358,0
RGLO.US,60,20250617,180000,25.77,25.78,25.77,25.78,1480,0
RGLO.US,60,20250617,190000,25.807,25.8162,25.78,25.78,1930,0
RGLO.US,60,20250617,200000,25.7195,25.73,25.655,25.655,1439,0
RGLO.US,60,20250617,220000,25.67,25.67,25.67,25.67,719,0
RGLO.US,60,20250618,160000,25.68,25.68,25.68,25.68,100,0
RGLO.US,60,20250618,170000,25.75,25.7731,25.75,25.7731,989,0
RGLO.US,60,20250618,180000,25.75,25.77,25.74,25.75,8113,0
RGLO.US,60,20250618,190000,25.7179,25.7179,25.7179,25.7179,214,0
RGLO.US,60,20250618,200000,25.6992,25.6992,25.69,25.69,1074,0
RGLO.US,60,20250618,210000,25.72,25.73,25.61,25.61,10297,0
RGLO.US,60,20250618,220000,25.615,25.68,25.595,25.61,13242,0
RGLO.US,60,20250620,170000,25.5412,25.62,25.4699,25.4699,8438,0
RGLO.US,60,20250620,180000,25.5,25.5194,25.49,25.5194,2511,0
RGLO.US,60,20250620,190000,25.51,25.5299,25.48,25.515,37718,0
RGLO.US,60,20250620,200000,25.515,25.53,25.48,25.48,7220,0
RGLO.US,60,20250620,210000,25.48,25.48,25.48,25.48,100,0
RGLO.US,60,20250620,220000,25.4604,25.4604,25.46,25.46,291,0
RGLO.US,60,20250623,170000,25.4755,25.54,25.4755,25.4768,6101,0
RGLO.US,60,20250623,180000,25.49,25.58,25.49,25.5,4956,0
RGLO.US,60,20250623,190000,25.3404,25.3404,25.3404,25.3404,162,0
RGLO.US,60,20250623,200000,25.42,25.527,25.41,25.527,650,0
RGLO.US,60,20250623,220000,25.605,25.62,25.59,25.59,4462,0
RGLO.US,60,20250624,170000,25.9022,25.9022,25.8645,25.8645,1151,0
RGLO.US,60,20250624,180000,25.9286,25.96,25.9286,25.96,3534,0
RGLO.US,60,20250624,190000,25.979,26,25.979,25.999,1973,0
RGLO.US,60,20250624,200000,25.9418,26.0299,25.9418,26.0299,420,0
RGLO.US,60,20250624,210000,26.04,26.04,25.96,26.04,5537,0
RGLO.US,60,20250624,220000,26.0399,26.0399,25.98,25.99,1853,0
RGLO.US,60,20250625,170000,25.91,25.9471,25.9,25.9471,6062,0
RGLO.US,60,20250625,200000,25.9194,25.92,25.885,25.9122,4109,0
RGLO.US,60,20250625,220000,25.9059,25.9443,25.9059,25.9443,4914,0
RGLO.US,60,20250626,170000,26.018,26.09,26.018,26.078,1763,0
RGLO.US,60,20250626,180000,26.13,26.14,26.13,26.1338,6291,0
RGLO.US,60,20250626,200000,26.13,26.193,26.125,26.193,11980,0
RGLO.US,60,20250626,210000,26.2133,26.2199,26.14,26.14,1204,0
RGLO.US,60,20250626,220000,26.17,26.19,26.14,26.19,3152,0
RGLO.US,60,20250627,170000,26.3289,26.36,26.3,26.36,1253,0
RGLO.US,60,20250627,190000,26.4,26.405,26.4,26.405,3652,0
RGLO.US,60,20250627,200000,26.4023,26.4023,26.3645,26.3645,417,0
RGLO.US,60,20250627,210000,26.31,26.31,26.31,26.31,300,0
RGLO.US,60,20250627,220000,26.2575,26.38,26.2575,26.38,269,0
RGLO.US,60,20250630,170000,26.38,26.43,26.341,26.39,6964,0
RGLO.US,60,20250630,180000,26.42,26.42,26.42,26.42,100,0
RGLO.US,60,20250630,190000,26.4528,26.46,26.45,26.45,11728,0
RGLO.US,60,20250630,200000,26.39,26.45,26.39,26.45,542,0
RGLO.US,60,20250630,210000,26.43,26.43,26.4296,26.4296,2946,0
RGLO.US,60,20250630,220000,26.48,26.53,26.48,26.51,15226,0
RGLO.US,60,20250701,170000,26.3551,26.3551,26.3551,26.3551,288,0
RGLO.US,60,20250701,190000,26.39,26.48,26.3701,26.445,20991,0
RGLO.US,60,20250701,210000,26.49,26.49,26.4645,26.4645,9200,0
RGLO.US,60,20250701,220000,26.47,26.52,26.43,26.52,4500,0
RGLO.US,60,20250702,180000,26.5,26.512,26.49,26.512,2795,0
RGLO.US,60,20250702,190000,26.53,26.53,26.47,26.47,600,0
RGLO.US,60,20250702,200000,26.5132,26.5132,26.5132,26.5132,1108,0
RGLO.US,60,20250702,210000,26.54,26.54,26.4866,26.4866,26329,0
RGLO.US,60,20250702,220000,26.532,26.58,26.532,26.58,1612,0
RGLO.US,60,20250703,170000,26.6583,26.665,26.62,26.6576,6138,0
RGLO.US,60,20250703,180000,26.69,26.69,26.69,26.69,115,0
RGLO.US,60,20250703,190000,26.6545,26.73,26.6545,26.73,1038,0
RGLO.US,60,20250707,160000,26.39,26.61,26.39,26.61,575,0
RGLO.US,60,20250707,170000,26.62,26.65,26.5819,26.615,7393,0
RGLO.US,60,20250707,180000,26.63,26.63,26.6263,26.6263,1120,0
RGLO.US,60,20250707,190000,26.58,26.58,26.4735,26.5308,3974,0
RGLO.US,60,20250707,200000,26.52,26.56,26.4978,26.5121,2877,0
RGLO.US,60,20250707,210000,26.495,26.5,26.45,26.45,700,0
RGLO.US,60,20250707,220000,26.4572,26.56,26.45,26.56,4263,0
RGLO.US,60,20250708,170000,26.4932,26.5226,26.4932,26.5226,588,0
RGLO.US,60,20250708,180000,26.4929,26.4929,26.4929,26.4929,174,0
RGLO.US,60,20250708,190000,26.57,26.57,26.55,26.56,2541,0
RGLO.US,60,20250708,200000,26.5344,26.5799,26.5344,26.56,1339,0
RGLO.US,60,20250708,220000,26.5579,26.59,26.5301,26.58,1091,0
RGLO.US,60,20250709,170000,26.68,26.7,26.5976,26.5976,4868,0
RGLO.US,60,20250709,180000,26.63,26.63,26.57,26.57,1746,0
RGLO.US,60,20250709,190000,26.64,26.6499,26.64,26.6499,392,0
RGLO.US,60,20250709,200000,26.659,26.66,26.659,26.6599,1191,0
RGLO.US,60,20250709,220000,26.7,26.72,26.68,26.72,4696,0
RGLO.US,60,20250710,160000,26.74,26.74,26.66,26.66,800,0
RGLO.US,60,20250710,170000,26.69,26.72,26.69,26.72,500,0
RGLO.US,60,20250710,180000,26.74,26.76,26.69,26.76,5046,0
RGLO.US,60,20250710,190000,26.77,26.77,26.74,26.752,861,0
RGLO.US,60,20250710,200000,27.09,27.12,26.745,26.81,921,0
RGLO.US,60,20250710,210000,26.775,26.81,26.775,26.81,1314,0
RGLO.US,60,20250710,220000,26.81,26.81,26.7748,26.79,3449,0
RGLO.US,60,20250711,190000,26.61,26.675,26.54,26.66,20107,0
RGLO.US,60,20250711,200000,26.66,26.66,26.66,26.66,1700,0
RGLO.US,60,20250711,210000,26.6439,26.6621,26.6439,26.6621,1076,0
RGLO.US,60,20250711,220000,26.67,26.68,26.6573,26.66,4896,0
RGLO.US,60,20250714,170000,26.6,26.62,26.6,26.62,345,0
RGLO.US,60,20250714,190000,26.676,26.68,26.676,26.68,820,0
RGLO.US,60,20250714,200000,26.7,26.7,26.7,26.7,2172,0
RGLO.US,60,20250714,210000,26.64,26.68,26.64,26.68,9839,0
RGLO.US,60,20250714,220000,26.68,26.7,26.68,26.7,9060,0
RGLO.US,60,20250715,170000,26.6,26.639,26.6,26.639,1717,0
RGLO.US,60,20250715,180000,26.63,26.63,26.63,26.63,1593,0
RGLO.US,60,20250715,190000,26.5886,26.6131,26.5365,26.61,8011,0
RGLO.US,60,20250715,200000,26.516,26.6,26.516,26.6,266,0
RGLO.US,60,20250715,220000,26.5655,26.5655,26.5242,26.5571,5921,0
RGLO.US,60,20250716,170000,26.5,27.245,26.45,26.5193,4954,0
RGLO.US,60,20250716,180000,26.56,26.56,26.56,26.56,2275,0
RGLO.US,60,20250716,190000,26.4964,26.4989,26.4964,26.4989,502,0
RGLO.US,60,20250716,200000,26.57,26.58,26.5112,26.58,1376,0
RGLO.US,60,20250716,210000,26.53,26.5312,26.53,26.5312,1168,0
RGLO.US,60,20250716,220000,26.58,26.61,26.58,26.61,3358,0
RGLO.US,60,20250717,170000,26.5853,26.75,26.5853,26.6001,1856,0
RGLO.US,60,20250717,180000,26.665,26.665,26.665,26.665,675,0
RGLO.US,60,20250717,190000,26.69,26.69,26.66,26.66,9117,0
RGLO.US,60,20250717,200000,26.69,26.6978,26.69,26.6978,415,0
RGLO.US,60,20250717,210000,26.71,26.71,26.68,26.6802,1308,0
RGLO.US,60,20250717,220000,26.73,26.7607,26.73,26.74,4380,0
RGLO.US,60,20250718,170000,26.6637,26.69,26.6637,26.6739,1633,0
RGLO.US,60,20250718,180000,26.6932,26.6932,26.6932,26.6932,577,0
RGLO.US,60,20250718,190000,26.67,26.7,26.67,26.7,1319,0
RGLO.US,60,20250718,200000,26.6493,26.65,26.6493,26.65,506,0
RGLO.US,60,20250718,210000,26.65,26.65,26.65,26.65,26400,0
RGLO.US,60,20250718,220000,26.65,26.66,26.6409,26.66,5248,0
RGLO.US,60,20250721,160000,26.7,26.7,26.69,26.69,300,0
RGLO.US,60,20250721,170000,26.8,26.84,26.74,26.84,2667,0
RGLO.US,60,20250721,180000,26.85,26.87,26.85,26.87,200,0
RGLO.US,60,20250721,190000,26.86,26.86,26.85,26.86,3246,0
RGLO.US,60,20250721,200000,26.8268,26.86,26.8219,26.86,4254,0
RGLO.US,60,20250721,210000,26.86,26.86,26.7801,26.7801,568,0
RGLO.US,60,20250721,220000,26.8,26.81,26.76,26.79,4132,0
RGLO.US,60,20250722,170000,26.7276,26.7289,26.7105,26.7289,1908,0
RGLO.US,60,20250722,180000,26.75,26.75,26.74,26.74,2054,0
RGLO.US,60,20250722,190000,26.75,26.75,26.75,26.75,1402,0
RGLO.US,60,20250722,200000,26.7892,26.7892,26.7892,26.7892,160,0
RGLO.US,60,20250722,210000,26.75,26.75,26.75,26.75,159,0
RGLO.US,60,20250722,220000,26.8,26.84,26.72,26.84,5569,0
RGLO.US,60,20250723,180000,26.9272,27.005,26.9272,27.005,1495,0
RGLO.US,60,20250723,190000,27.1256,27.1256,27.0922,27.0922,1420,0
RGLO.US,60,20250723,200000,26.9461,27.0485,26.9461,27.0485,4499,0
RGLO.US,60,20250723,220000,27.23,27.28,27.03,27.03,16362,0
RGLO.US,60,20250724,160000,27.33,27.51,27.21,27.3,900,0
RGLO.US,60,20250724,170000,27.395,27.395,27.2425,27.3,4357,0
RGLO.US,60,20250724,180000,27.355,27.36,27.27,27.29,3592,0
RGLO.US,60,20250724,190000,27.27,27.28,27.265,27.27,4300,0
RGLO.US,60,20250724,200000,27.3,27.34,27.27,27.29,9603,0
RGLO.US,60,20250724,210000,27.29,27.34,27.29,27.31,3000,0
RGLO.US,60,20250724,220000,27.31,27.33,27.303,27.33,6876,0
RGLO.US,60,20250725,160000,27.23,27.23,27.23,27.23,100,0
RGLO.US,60,20250725,170000,27.2222,27.26,27.2222,27.239,3368,0
RGLO.US,60,20250725,180000,27.22,27.28,27.22,27.28,2475,0
RGLO.US,60,20250725,190000,27.28,27.31,27.28,27.31,2970,0
RGLO.US,60,20250725,200000,27.31,27.31,27.24,27.285,3372,0
RGLO.US,60,20250725,220000,27.34,27.46,27.315,27.34,5145,0
RGLO.US,60,20250728,160000,27.22,27.22,27.19,27.2,1059,0
RGLO.US,60,20250728,170000,27.18,27.22,27.1701,27.1875,6795,0
RGLO.US,60,20250728,180000,27.21,27.21,27.13,27.21,2168,0
RGLO.US,60,20250728,190000,27.22,27.22,27.1,27.1,7205,0
RGLO.US,60,20250728,200000,27.1155,27.14,27.0601,27.08,8880,0
RGLO.US,60,20250728,210000,27.06,27.13,27.06,27.06,4000,0
RGLO.US,60,20250728,220000,27.11,27.16,27.06,27.16,7815,0
RGLO.US,60,20250729,160000,27.1519,27.1519,27.1101,27.1101,2102,0
RGLO.US,60,20250729,170000,27.18,27.18,27.1,27.1,1795,0
RGLO.US,60,20250729,180000,27.07,27.07,27.07,27.07,200,0
RGLO.US,60,20250729,190000,27.12,27.12,27.065,27.065,5393,0
RGLO.US,60,20250729,200000,27.125,27.16,27.12,27.16,13000,0
RGLO.US,60,20250729,220000,27.1,27.19,27.01,27.09,10474,0
RGLO.US,60,20250730,170000,27.0183,27.0588,27.0183,27.0588,6140,0
RGLO.US,60,20250730,180000,27.01,27.01,27.01,27.01,800,0
RGLO.US,60,20250730,200000,27.0574,27.065,27.0339,27.0447,2071,0
RGLO.US,60,20250730,210000,27.03,27.03,26.9201,26.9201,587,0
RGLO.US,60,20250730,220000,26.91,27.01,26.8708,27.01,635,0
RGLO.US,60,20250731,160000,27.08,27.08,27.08,27.08,700,0
RGLO.US,60,20250731,170000,27.16,27.16,26.99,27.0699,9745,0
RGLO.US,60,20250731,180000,26.99,26.99,26.99,26.99,200,0
RGLO.US,60,20250731,190000,27,27.11,27,27.04,15076,0
RGLO.US,60,20250731,200000,27.02,27.02,26.91,26.91,5300,0
RGLO.US,60,20250731,210000,26.87,26.98,26.87,26.98,300,0
RGLO.US,60,20250731,220000,26.9,26.96,26.81,26.81,6724,0
RGLO.US,60,20250801,170000,26.485,26.485,26.44,26.44,973,0
RGLO.US,60,20250801,180000,26.49,26.54,26.49,26.515,6112,0
RGLO.US,60,20250801,200000,26.44,26.44,26.415,26.415,4918,0
RGLO.US,60,20250801,210000,26.46,26.46,26.46,26.46,18227,0
RGLO.US,60,20250801,220000,26.43,26.48,26.395,26.43,2531,0
RGLO.US,60,20250804,160000,26.83,26.83,26.83,26.83,100,0
RGLO.US,60,20250804,170000,26.8139,26.8139,26.78,26.78,4914,0
RGLO.US,60,20250804,180000,26.8,26.84,26.76,26.78,9354,0
RGLO.US,60,20250804,190000,26.86,26.8799,26.83,26.8799,464,0
RGLO.US,60,20250804,200000,26.87,26.87,26.81,26.8628,1213,0
RGLO.US,60,20250804,210000,26.87,26.87,26.8272,26.84,1996,0
RGLO.US,60,20250804,220000,26.87,26.92,26.8308,26.88,666661,0
RGLO.US,60,20250805,160000,26.9,26.9,26.88,26.88,1900,0
RGLO.US,60,20250805,170000,26.85,26.87,26.69,26.69,7971,0
RGLO.US,60,20250805,180000,26.78,26.79,26.76,26.76,2229,0
RGLO.US,60,20250805,190000,26.77,26.8,26.76,26.786,5943,0
RGLO.US,60,20250805,200000,26.82,26.82,26.78,26.82,16914,0
RGLO.US,60,20250805,210000,26.82,26.821,26.75,26.75,8000,0
RGLO.US,60,20250805,220000,26.77,26.8,26.7302,26.755,362122,0
RGLO.US,60,20250806,160000,26.83,26.9,26.83,26.88,292850,0
RGLO.US,60,20250806,170000,26.85,26.9236,26.83,26.92,1026,0
RGLO.US,60,20250806,180000,26.87,26.92,26.87,26.92,2129,0
RGLO.US,60,20250806,190000,26.9887,26.9992,26.881,26.93,8663,0
RGLO.US,60,20250806,200000,26.92,26.98,26.92,26.98,1349,0
RGLO.US,60,20250806,220000,26.9163,26.96,26.9163,26.955,619,0
RGLO.US,60,20250807,170000,27.08,27.09,27.0201,27.06,5937,0
RGLO.US,60,20250807,180000,27.012,27.04,27.012,27.04,5517,0
RGLO.US,60,20250807,190000,26.9462,26.9723,26.9462,26.96,975,0
RGLO.US,60,20250807,200000,26.9442,27.04,26.87,26.87,4413,0
RGLO.US,60,20250807,210000,26.9099,26.9099,26.9099,26.9099,210,0
RGLO.US,60,20250807,220000,26.95,27.14,26.905,27.14,364559,0
RGLO.US,60,20250808,170000,27.1213,27.1268,27.0967,27.0967,1782,0
RGLO.US,60,20250808,180000,27.31,27.31,27.126,27.126,3052,0
RGLO.US,60,20250808,190000,27.1765,27.2033,27.1622,27.1622,1678,0
RGLO.US,60,20250808,220000,27.195,27.32,27.19,27.32,708,0
RGLO.US,60,20250811,170000,27.191,27.2,27.13,27.13,785,0
RGLO.US,60,20250811,180000,27.185,27.2,27.14,27.2,1710,0
RGLO.US,60,20250811,190000,27.274,27.274,27.2699,27.2699,1431,0
RGLO.US,60,20250811,200000,27.222,27.222,27.13,27.1301,2549,0
RGLO.US,60,20250811,210000,27.155,27.155,27.155,27.155,878,0
RGLO.US,60,20250811,220000,27.15,27.175,27.15,27.175,277,0
RGLO.US,60,20250812,170000,27.32,27.3486,27.278,27.3486,2147,0
RGLO.US,60,20250812,180000,27.3888,27.3888,27.38,27.38,3667,0
RGLO.US,60,20250812,190000,27.45,27.4725,27.4053,27.4725,4915,0
RGLO.US,60,20250812,200000,27.435,27.4447,27.4,27.4447,2865,0
RGLO.US,60,20250812,220000,27.44,27.48,27.438,27.44,2772,0
RGLO.US,60,20250813,170000,27.4847,27.542,27.4806,27.4806,3896,0
RGLO.US,60,20250813,180000,27.5069,27.53,27.45,27.4937,3579,0
RGLO.US,60,20250813,190000,27.52,27.52,27.52,27.52,228,0
RGLO.US,60,20250813,200000,27.49,27.53,27.4729,27.53,11199,0
RGLO.US,60,20250813,220000,27.52,27.52,27.52,27.52,716,0
RGLO.US,60,20250814,160000,27.3652,27.3652,27.3652,27.3652,155,0
RGLO.US,60,20250814,170000,27.52,27.5899,27.4601,27.5899,3232,0
RGLO.US,60,20250814,180000,27.5649,27.5649,27.5023,27.5023,1691,0
RGLO.US,60,20250814,190000,27.52,27.7469,27.52,27.7469,3024,0
RGLO.US,60,20250814,200000,27.58,27.58,27.57,27.57,756,0
RGLO.US,60,20250814,210000,27.57,27.62,27.57,27.62,11437,0
RGLO.US,60,20250814,220000,27.615,27.685,27.54,27.64,1745,0
RGLO.US,60,20250815,170000,27.6,27.63,27.54,27.6,6871,0
RGLO.US,60,20250815,180000,27.64,27.68,27.56,27.57,9151,0
RGLO.US,60,20250815,190000,27.63,27.63,27.6299,27.6299,1128,0
RGLO.US,60,20250815,200000,27.6074,27.6074,27.57,27.57,1489,0
RGLO.US,60,20250815,210000,27.5851,27.74,27.5851,27.74,547,0
RGLO.US,60,20250815,220000,27.5845,27.6,27.5845,27.6,446,0
RGLO.US,60,20250818,170000,27.53,27.5488,27.4801,27.5275,4947,0
RGLO.US,60,20250818,180000,27.5156,27.5156,27.48,27.4801,3927,0
RGLO.US,60,20250818,190000,27.58,27.58,27.49,27.5698,8664,0
RGLO.US,60,20250818,200000,27.5532,27.5532,27.55,27.55,322,0
RGLO.US,60,20250818,220000,27.54,27.79,27.51,27.69,6740,0
RGLO.US,60,20250819,160000,27.49,27.59,27.49,27.59,995,0
RGLO.US,60,20250819,170000,27.67,27.675,27.5,27.51,3975,0
RGLO.US,60,20250819,180000,27.645,27.81,27.55,27.5599,2244,0
RGLO.US,60,20250819,190000,27.445,27.585,27.445,27.534,2322,0
RGLO.US,60,20250819,200000,27.4818,27.5,27.4708,27.5,4941,0
RGLO.US,60,20250819,210000,27.5,27.5,27.3601,27.3601,1603,0
RGLO.US,60,20250819,220000,27.399,27.42,27.36,27.42,4261,0
RGLO.US,60,20250820,170000,27.2619,27.2619,27.2,27.2599,1957,0
RGLO.US,60,20250820,180000,27.35,27.36,27.269,27.36,11380,0
RGLO.US,60,20250820,190000,27.3747,27.3747,27.3747,27.3747,458,0
RGLO.US,60,20250820,200000,27.45,27.7399,27.3,27.335,2008,0
RGLO.US,60,20250820,220000,27.36,27.54,27.36,27.39,1732,0
RGLO.US,60,20250821,170000,27.36,27.4045,27.34,27.34,4086,0
RGLO.US,60,20250821,180000,27.39,27.39,27.39,27.39,310,0
RGLO.US,60,20250821,190000,27.34,27.42,27.2406,27.2406,4884,0
RGLO.US,60,20250821,200000,27.245,27.455,27.2249,27.2746,2225,0
RGLO.US,60,20250821,220000,27.34,27.4,27.29,27.4,2917,0
RGLO.US,60,20250822,170000,27.49,27.82,27.49,27.7192,2530,0
RGLO.US,60,20250822,180000,27.78,27.78,27.7668,27.7668,2871,0
RGLO.US,60,20250822,190000,27.76,28.17,27.725,27.725,4431,0
RGLO.US,60,20250822,200000,27.789,27.81,27.74,27.765,7030,0
RGLO.US,60,20250822,210000,27.7676,27.7676,27.728,27.76,3592,0
RGLO.US,60,20250822,220000,27.7013,28.04,27.7013,27.825,764,0
RGLO.US,60,20250825,170000,27.7,27.75,27.6613,27.7,2379,0
RGLO.US,60,20250825,180000,27.73,27.73,27.69,27.71,2839,0
RGLO.US,60,20250825,200000,27.695,27.695,27.67,27.68,4298,0
RGLO.US,60,20250825,210000,27.7,27.7,27.7,27.7,100,0
RGLO.US,60,20250825,220000,27.6255,27.635,27.57,27.615,5175,0
RGLO.US,60,20250826,160000,27.58,27.58,27.58,27.58,100,0
RGLO.US,60,20250826,170000,27.57,27.59,27.57,27.575,3258,0
RGLO.US,60,20250826,180000,27.59,27.59,27.5339,27.555,3229,0
RGLO.US,60,20250826,190000,27.58,27.58,27.5408,27.575,1717,0
RGLO.US,60,20250826,200000,27.6044,27.6062,27.57,27.57,1813,0
RGLO.US,60,20250826,210000,27.5998,27.5998,27.5998,27.5998,945,0
RGLO.US,60,20250826,220000,27.625,27.65,27.625,27.645,2058,0
RGLO.US,60,20250827,160000,27.65,27.65,27.62,27.62,253,0
RGLO.US,60,20250827,170000,27.58,27.6368,27.5532,27.595,8366,0
RGLO.US,60,20250827,180000,27.5987,27.69,27.5603,27.69,2316,0
RGLO.US,60,20250827,190000,27.6,27.645,27.54,27.645,4782,0
RGLO.US,60,20250827,200000,27.69,27.7,27.645,27.7,1558,0
RGLO.US,60,20250827,210000,27.699,27.71,27.655,27.69,2004,0
RGLO.US,60,20250827,220000,27.63,27.7,27.63,27.675,8530,0
RGLO.US,60,20250828,160000,27.66,27.66,27.66,27.66,200,0
RGLO.US,60,20250828,170000,27.66,27.727,27.617,27.7,5678,0
RGLO.US,60,20250828,180000,27.715,27.75,27.68,27.75,5423,0
RGLO.US,60,20250828,190000,27.725,27.78,27.72,27.76,6239,0
RGLO.US,60,20250828,200000,27.755,27.98,27.69,27.8099,957,0
RGLO.US,60,20250828,210000,27.81,27.81,27.78,27.78,223,0
RGLO.US,60,20250828,220000,27.82,27.83,27.78,27.78,3588,0
RGLO.US,60,20250829,170000,27.601,27.6637,27.53,27.5975,2979,0
RGLO.US,60,20250829,180000,27.63,27.63,27.63,27.63,100,0
RGLO.US,60,20250829,190000,27.66,27.66,27.62,27.62,6772,0
RGLO.US,60,20250829,200000,27.629,27.64,27.5842,27.63,3032,0
RGLO.US,60,20250829,220000,27.5848,28.06,27.5848,27.62,7649,0
RGLO.US,60,20250902,160000,27.31,27.31,27.22,27.2586,421,0
RGLO.US,60,20250902,170000,27.2786,27.3359,27.2786,27.2994,5185,0
RGLO.US,60,20250902,180000,27.181,27.24,27.181,27.24,3429,0
RGLO.US,60,20250902,190000,27.22,27.22,27.1805,27.205,2852,0
RGLO.US,60,20250902,200000,27.26,27.77,27.25,27.35,7419,0
RGLO.US,60,20250902,210000,27.37,27.38,27.37,27.3799,700,0
RGLO.US,60,20250902,220000,27.3368,27.4139,27.3368,27.3699,3475,0
RGLO.US,60,20250903,160000,27.535,27.535,27.535,27.535,100,0
RGLO.US,60,20250903,170000,27.52,27.559,27.52,27.559,280,0
RGLO.US,60,20250903,190000,27.509,27.509,27.47,27.4838,1180,0
RGLO.US,60,20250903,200000,27.55,27.55,27.5,27.5388,2395,0
RGLO.US,60,20250903,210000,27.4079,27.4079,27.4079,27.4079,386,0
RGLO.US,60,20250903,220000,27.4468,27.5116,27.4468,27.5116,1393,0
RGLO.US,60,20250904,170000,27.6039,27.6299,27.6039,27.6299,552,0
RGLO.US,60,20250904,180000,27.6241,27.643,27.6167,27.6167,2942,0
RGLO.US,60,20250904,190000,27.6145,27.67,27.6145,27.66,4886,0
RGLO.US,60,20250904,200000,27.6615,27.695,27.6615,27.695,430,0
RGLO.US,60,20250904,210000,27.68,27.68,27.68,27.68,2135,0
RGLO.US,60,20250904,220000,27.7224,27.7224,27.69,27.69,4028,0
RGLO.US,60,20250905,170000,27.8449,27.8449,27.6374,27.6374,642,0
RGLO.US,60,20250905,180000,27.71,27.73,27.71,27.73,6650,0
RGLO.US,60,20250905,190000,27.67,27.67,27.67,27.67,128,0
RGLO.US,60,20250905,200000,27.693,27.6976,27.693,27.6976,1239,0
RGLO.US,60,20250905,210000,27.6244,27.6244,27.6244,27.6244,144,0
RGLO.US,60,20250905,220000,27.7701,27.7701,27.7048,27.7048,623,0
RGLO.US,60,20250908,170000,27.8541,27.8541,27.8066,27.8219,4354,0
RGLO.US,60,20250908,180000,27.8479,27.86,27.8479,27.86,6557,0
RGLO.US,60,20250908,190000,27.8897,27.8897,27.8897,27.8897,3962,0
RGLO.US,60,20250908,200000,27.89,27.89,27.83,27.83,476,0
RGLO.US,60,20250908,220000,27.91,27.91,27.83,27.8641,2895,0
RGLO.US,60,20250909,160000,27.88,27.88,27.88,27.88,205,0
RGLO.US,60,20250909,170000,27.8608,27.89,27.8608,27.89,401,0
RGLO.US,60,20250909,180000,27.8357,27.8663,27.8357,27.85,869,0
RGLO.US,60,20250909,190000,27.87,27.9096,27.87,27.9096,1109,0
RGLO.US,60,20250909,200000,27.9499,27.9499,27.85,27.85,4751,0
RGLO.US,60,20250909,210000,27.8752,27.9216,27.8752,27.9216,1162,0
RGLO.US,60,20250909,220000,27.8593,27.9431,27.8593,27.9431,2019,0
RGLO.US,60,20250910,170000,28.0574,28.82,28.01,28.01,5575,0
RGLO.US,60,20250910,180000,28.0238,28.04,28.0022,28.04,9339,0
RGLO.US,60,20250910,190000,28.017,28.017,27.99,28.005,2748,0
RGLO.US,60,20250910,200000,28.03,28.0499,28.0137,28.0137,5857,0
RGLO.US,60,20250910,210000,28.0277,28.28,27.9969,28.03,1563,0
RGLO.US,60,20250910,220000,27.99,27.9994,27.98,27.9803,1953,0
RGLO.US,60,20250911,160000,28.07,28.07,28.07,28.07,363,0
RGLO.US,60,20250911,170000,28.14,28.202,28.14,28.2,970,0
RGLO.US,60,20250911,180000,28.1515,28.23,28.1515,28.23,3905,0
RGLO.US,60,20250911,190000,28.205,28.205,28.205,28.205,169,0
RGLO.US,60,20250911,200000,28.24,28.24,28.2,28.2,3763,0
RGLO.US,60,20250911,210000,28.1914,28.23,28.1613,28.1613,1527,0
RGLO.US,60,20250911,220000,28.1989,28.26,28.1801,28.1801,3341,0
RGLO.US,60,20250912,170000,28.1,28.1728,28.1,28.136,1573,0
RGLO.US,60,20250912,180000,28.16,28.16,28.16,28.16,1267,0
RGLO.US,60,20250912,190000,28.18,28.18,28.136,28.136,2238,0
RGLO.US,60,20250912,200000,28.1792,28.1792,28.11,28.11,354,0
RGLO.US,60,20250912,210000,28.18,28.25,28.14,28.25,55938,0
RGLO.US,60,20250912,220000,28.16,28.22,28.16,28.1879,182970,0
RGLO.US,60,20250915,160000,28.66,28.66,28.2781,28.298,53596,0
RGLO.US,60,20250915,170000,28.34,28.34,28.34,28.34,327,0
RGLO.US,60,20250915,180000,28.3673,28.3673,28.3255,28.34,8582,0
RGLO.US,60,20250915,190000,28.3146,28.3464,28.31,28.3325,4147,0
RGLO.US,60,20250915,200000,28.3,28.3,28.24,28.27,1800,0
RGLO.US,60,20250915,210000,28.28,28.28,28.27,28.27,215,0
RGLO.US,60,20250915,220000,28.2736,28.28,28.2736,28.28,664,0
RGLO.US,60,20250916,170000,28.32,28.32,28.2795,28.3099,636,0
RGLO.US,60,20250916,180000,28.28,28.285,28.1903,28.1903,3235,0
RGLO.US,60,20250916,190000,28.2345,28.31,28.2345,28.31,2977,0
RGLO.US,60,20250916,200000,28.3,28.31,28.258,28.2825,4983,0
RGLO.US,60,20250916,210000,28.295,28.295,28.295,28.295,542,0
RGLO.US,60,20250916,220000,28.295,28.309,28.26,28.3048,5584,0
RGLO.US,60,20250917,170000,28.24,28.302,28.24,28.2994,5491,0
RGLO.US,60,20250917,180000,28.27,28.27,28.27,28.27,100,0
RGLO.US,60,20250917,190000,28.2314,28.3,28.23,28.23,11671,0
RGLO.US,60,20250917,200000,28.2754,28.2799,28.2301,28.2576,3156,0
RGLO.US,60,20250917,210000,28.325,28.325,28.325,28.325,400,0
RGLO.US,60,20250917,220000,28.325,28.325,28.32,28.325,2787,0
RGLO.US,60,20250918,170000,28.3682,28.405,28.3682,28.405,1415,0
RGLO.US,60,20250918,180000,28.371,28.383,28.371,28.383,443,0
RGLO.US,60,20250918,190000,28.39,28.4,28.34,28.4,14727,0
RGLO.US,60,20250918,200000,28.4145,28.4399,28.397,28.43,9883,0
RGLO.US,60,20250918,210000,28.39,28.3901,28.39,28.3901,278,0
RGLO.US,60,20250918,220000,28.4199,28.42,28.3408,28.3977,5896,0
RGLO.US,60,20250919,170000,28.3699,28.3899,28.363,28.363,3225,0
RGLO.US,60,20250919,180000,28.35,28.39,28.35,28.35,5934,0
RGLO.US,60,20250919,190000,28.37,28.39,28.37,28.39,7978,0
RGLO.US,60,20250919,200000,28.3846,28.385,28.3846,28.385,375,0
RGLO.US,60,20250919,210000,28.3741,28.3849,28.3741,28.3849,287,0
RGLO.US,60,20250919,220000,28.405,28.435,28.3905,28.435,8589,0
RGLO.US,60,20250922,170000,28.4033,28.46,28.4033,28.4456,4066,0
RGLO.US,60,20250922,180000,28.5137,28.5137,28.4547,28.4547,2501,0
RGLO.US,60,20250922,190000,28.5182,28.5182,28.5182,28.5182,211,0
RGLO.US,60,20250922,200000,28.57,28.589,28.5699,28.589,4234,0
RGLO.US,60,20250922,210000,28.553,28.6099,28.553,28.6099,2544,0
RGLO.US,60,20250922,220000,28.585,28.6199,28.5562,28.5824,5665,0
RGLO.US,60,20250923,170000,28.65,28.65,28.595,28.6076,6124,0
RGLO.US,60,20250923,180000,28.5814,28.5814,28.5814,28.5814,1847,0
RGLO.US,60,20250923,190000,28.595,28.605,28.581,28.605,632,0
RGLO.US,60,20250923,200000,28.5882,28.59,28.495,28.495,12047,0
RGLO.US,60,20250923,210000,28.51,28.51,28.49,28.49,17927,0
RGLO.US,60,20250923,220000,28.4834,28.5,28.47,28.49,4586,0
RGLO.US,60,20250924,160000,28.44,28.44,28.44,28.44,100,0
RGLO.US,60,20250924,170000,28.425,28.45,28.4154,28.425,15362,0
RGLO.US,60,20250924,180000,28.425,28.425,28.39,28.39,700,0
RGLO.US,60,20250924,190000,28.3739,28.41,28.37,28.37,2568,0
RGLO.US,60,20250924,200000,28.37,28.38,28.3252,28.3388,3840,0
RGLO.US,60,20250924,220000,28.33,28.33,28.3279,28.3279,510,0
RGLO.US,60,20250925,160000,28.13,28.13,28.07,28.09,5517,0
RGLO.US,60,20250925,170000,28.11,28.1976,28.11,28.185,13609,0
RGLO.US,60,20250925,180000,28.1765,28.1765,28.14,28.15,3081,0
RGLO.US,60,20250925,190000,28.19,28.19,28.16,28.1788,3588,0
RGLO.US,60,20250925,200000,28.1705,28.19,28.1,28.1299,6480,0
RGLO.US,60,20250925,210000,28.09,28.1408,28.09,28.1408,229,0
RGLO.US,60,20250925,220000,28.19,28.19,28.16,28.17,1969,0
RGLO.US,60,20250926,160000,28.25,28.2502,28.25,28.2502,1884,0
RGLO.US,60,20250926,170000,28.3,28.3,28.3,28.3,270,0
RGLO.US,60,20250926,180000,28.2,28.2,28.195,28.2,2600,0
RGLO.US,60,20250926,200000,28.28,28.31,28.2701,28.2701,4885,0
RGLO.US,60,20250926,220000,28.28,28.2893,28.28,28.2893,2840,0
RGLO.US,60,20250929,170000,28.42,28.42,28.38,28.415,1316,0
RGLO.US,60,20250929,180000,28.39,28.42,28.33,28.33,7233,0
RGLO.US,60,20250929,190000,28.365,28.3994,28.33,28.33,874,0
RGLO.US,60,20250929,200000,28.33,28.3301,28.33,28.3301,1412,0
RGLO.US,60,20250929,220000,28.335,28.425,28.335,28.3677,10350,0
RGLO.US,60,20250930,170000,28.33,28.3659,28.3241,28.3659,2131,0
RGLO.US,60,20250930,180000,28.345,28.369,28.3404,28.3404,2090,0
RGLO.US,60,20250930,190000,28.335,28.3788,28.335,28.3788,4420,0
RGLO.US,60,20250930,200000,28.375,28.375,28.3101,28.34,1469,0
RGLO.US,60,20250930,210000,28.38,28.38,28.38,28.38,170,0
RGLO.US,60,20250930,220000,28.45,28.4584,28.41,28.41,8869,0
RGLO.US,60,20251001,170000,28.4509,28.559,28.4509,28.5281,4232,0
RGLO.US,60,20251001,180000,28.6,28.6,28.6,28.6,4386,0
RGLO.US,60,20251001,200000,28.5635,28.605,28.5635,28.605,1779,0
RGLO.US,60,20251001,210000,28.67,28.67,28.67,28.67,100,0
RGLO.US,60,20251001,220000,28.68,28.68,28.66,28.675,6139,0
RGLO.US,60,20251002,160000,28.68,28.69,28.68,28.69,1000,0
RGLO.US,60,20251002,170000,28.621,28.621,28.621,28.621,435,0
RGLO.US,60,20251002,180000,28.5636,28.5798,28.56,28.5798,2103,0
RGLO.US,60,20251002,190000,28.6007,28.6063,28.6007,28.6063,2185,0
RGLO.US,60,20251002,200000,28.62,28.6365,28.62,28.6365,2126,0
RGLO.US,60,20251002,210000,28.6543,28.6543,28.6543,28.6543,172,0
RGLO.US,60,20251002,220000,28.665,28.665,28.65,28.66,9306,0
RGLO.US,60,20251003,170000,28.8,28.81,28.7401,28.7401,6035,0
RGLO.US,60,20251003,180000,28.8045,28.8045,28.8045,28.8045,198,0
RGLO.US,60,20251003,190000,28.85,28.8899,28.79,28.79,12000,0
RGLO.US,60,20251003,200000,28.82,28.82,28.7929,28.795,8500,0
RGLO.US,60,20251003,210000,28.81,28.81,28.81,28.81,100,0
RGLO.US,60,20251006,160000,28.68,28.68,28.68,28.68,100,0
RGLO.US,60,20251006,170000,28.8,28.8089,28.7454,28.7676,1143,0
RGLO.US,60,20251006,180000,28.815,28.86,28.7715,28.7788,4958,0
RGLO.US,60,20251006,190000,28.8072,28.8728,28.8072,28.8728,811,0
RGLO.US,60,20251006,200000,28.828,28.86,28.828,28.86,1243,0
RGLO.US,60,20251006,210000,28.858,28.858,28.858,28.858,1048,0
RGLO.US,60,20251006,220000,28.8348,28.87,28.8348,28.87,2053,0
RGLO.US,60,20251007,160000,28.93,28.94,28.8,28.8,681,0
RGLO.US,60,20251007,170000,28.805,28.8075,28.7906,28.7955,1576,0
RGLO.US,60,20251007,180000,28.7902,28.8,28.7,28.7,3102,0
RGLO.US,60,20251007,200000,28.6408,28.75,28.64,28.75,4289,0
RGLO.US,60,20251007,210000,28.72,28.72,28.68,28.7,9955,0
RGLO.US,60,20251007,220000,28.6708,28.73,28.67,28.67,2087,0
RGLO.US,60,20251008,170000,28.7642,28.77,28.7228,28.77,898,0
RGLO.US,60,20251008,180000,28.75,28.75,28.75,28.75,1538,0
RGLO.US,60,20251008,190000,28.77,29.0399,28.77,28.835,29300,0
RGLO.US,60,20251008,200000,29.0673,29.0673,28.83,28.8593,1095,0
RGLO.US,60,20251008,210000,28.8425,28.8425,28.8425,28.8425,456,0
RGLO.US,60,20251008,220000,28.835,28.88,28.8105,28.87,2026,0
RGLO.US,60,20251009,160000,28.85,28.9,28.85,28.9,300,0
RGLO.US,60,20251009,180000,28.72,28.72,28.72,28.72,4383,0
RGLO.US,60,20251009,190000,28.645,28.645,28.5808,28.5808,3141,0
RGLO.US,60,20251009,200000,28.6277,28.6277,28.615,28.615,619,0
RGLO.US,60,20251009,210000,28.6,28.6,28.5593,28.5593,331,0
RGLO.US,60,20251009,220000,28.58,28.67,28.58,28.61,2840,0
RGLO.US,60,20251010,160000,28.78,28.78,28.78,28.78,200,0
RGLO.US,60,20251010,170000,28.64,28.6795,28.625,28.6404,874,0
RGLO.US,60,20251010,180000,28.44,28.44,28.2126,28.2611,2306,0
RGLO.US,60,20251010,190000,28.25,28.25,28.1701,28.1701,1428,0
RGLO.US,60,20251010,200000,28.0615,28.1723,28.0615,28.1723,1020,0
RGLO.US,60,20251010,220000,28.05,28.05,27.95,27.97,5740,0
RGLO.US,60,20251013,170000,28.2931,28.2931,28.26,28.26,773,0
RGLO.US,60,20251013,180000,28.33,28.3391,28.3048,28.3391,1096,0
RGLO.US,60,20251013,190000,28.2701,28.3624,28.27,28.3,576,0
RGLO.US,60,20251013,200000,28.3555,28.3599,28.29,28.29,9767,0
RGLO.US,60,20251013,220000,28.3156,28.3165,28.3156,28.3165,540,0
RGLO.US,60,20251014,160000,28.02,28.02,28.02,28.02,1204,0
RGLO.US,60,20251014,170000,28.09,28.56,28.09,28.2832,3628,0
RGLO.US,60,20251014,180000,28.2369,28.2369,28.2369,28.2369,335,0
RGLO.US,60,20251014,190000,28.3904,28.465,28.3904,28.465,1056,0
RGLO.US,60,20251014,200000,28.51,28.51,28.41,28.43,34394,0
RGLO.US,60,20251014,220000,28.4269,28.455,28.34,28.35,11876,0
RGLO.US,60,20251015,170000,28.64,28.64,28.5401,28.5713,3710,0
RGLO.US,60,20251015,180000,28.59,28.59,28.46,28.55,7694,0
RGLO.US,60,20251015,190000,28.48,28.52,28.48,28.51,4373,0
RGLO.US,60,20251015,200000,28.485,28.49,28.37,28.49,2099,0
RGLO.US,60,20251015,210000,28.49,28.49,28.49,28.49,100,0
RGLO.US,60,20251015,220000,28.4759,28.53,28.45,28.45,2260,0
RGLO.US,60,20251016,170000,28.58,28.5898,28.5201,28.54,4598,0
RGLO.US,60,20251016,180000,28.53,28.555,28.53,28.555,7684,0
RGLO.US,60,20251016,190000,28.599,28.655,28.3952,28.3952,22073,0
RGLO.US,60,20251016,200000,28.47,28.47,28.4405,28.461,2904,0
RGLO.US,60,20251016,210000,28.46,28.46,28.31,28.4005,14126,0
RGLO.US,60,20251016,220000,28.38,28.38,28.3393,28.3466,1314,0
RGLO.US,60,20251017,160000,28.24,28.37,28.24,28.37,605,0
RGLO.US,60,20251017,170000,28.43,28.5334,28.35,28.39,3118,0
RGLO.US,60,20251017,180000,28.45,28.48,28.38,28.48,2041,0
RGLO.US,60,20251017,190000,28.46,28.4952,28.46,28.47,1244,0
RGLO.US,60,20251017,200000,28.45,28.4986,28.385,28.4986,2969,0
RGLO.US,60,20251017,210000,28.544,28.56,28.544,28.56,454,0
RGLO.US,60,20251017,220000,28.61,28.61,28.54,28.56,3559,0
RGLO.US,60,20251020,170000,28.75,28.81,28.75,28.77,1707,0
RGLO.US,60,20251020,180000,28.77,28.81,28.77,28.7701,4756,0
RGLO.US,60,20251020,190000,28.78,28.832,28.7401,28.8092,4105,0
RGLO.US,60,20251020,200000,28.85,28.85,28.8248,28.8248,877,0
RGLO.US,60,20251020,210000,28.87,29.17,28.71,28.84,142589,0
RGLO.US,60,20251020,220000,28.86,28.905,28.835,28.85,65820,0
RGLO.US,60,20251021,160000,28.67,28.76,28.67,28.76,401,0
RGLO.US,60,20251021,170000,28.74,28.77,28.6961,28.77,1180,0
RGLO.US,60,20251021,180000,28.7301,28.7301,28.7301,28.7301,429,0
RGLO.US,60,20251021,190000,28.765,28.84,28.765,28.765,2275,0
RGLO.US,60,20251021,200000,28.745,28.81,28.6898,28.8,3708,0
RGLO.US,60,20251021,220000,28.7104,28.82,28.6501,28.6501,4550,0
RGLO.US,60,20251022,160000,28.74,28.74,28.74,28.74,400,0
RGLO.US,60,20251022,170000,28.7591,28.7591,28.66,28.66,812,0
RGLO.US,60,20251022,180000,28.7163,28.72,28.6637,28.6944,5835,0
RGLO.US,60,20251022,190000,28.6601,28.6601,28.6,28.605,2121,0
RGLO.US,60,20251022,200000,28.605,28.61,28.489,28.489,4391,0
RGLO.US,60,20251022,220000,28.61,28.61,28.5717,28.5842,867,0
RGLO.US,60,20251023,160000,28.755,28.79,28.755,28.79,718,0
RGLO.US,60,20251023,170000,28.729,28.75,28.729,28.75,866,0
RGLO.US,60,20251023,180000,28.77,28.77,28.76,28.76,1734,0
RGLO.US,60,20251023,190000,28.77,28.805,28.77,28.805,3619,0
RGLO.US,60,20251023,200000,28.8,28.83,28.7967,28.7998,1735,0
RGLO.US,60,20251023,220000,28.8632,28.8632,28.82,28.82,225,0
RGLO.US,60,20251024,170000,28.9761,29.0439,28.9707,29.01,3676,0
RGLO.US,60,20251024,180000,29,29.44,29,29.11,10671,0
RGLO.US,60,20251024,190000,29.11,29.13,29.05,29.095,10024,0
RGLO.US,60,20251024,210000,29.05,29.085,29.04,29.07,1074,0
RGLO.US,60,20251024,220000,29.09,29.09,29.0535,29.068981,2233,0
RGLO.US,60,20251027,150000,29.1,29.15,29.07,29.15,1900,0
RGLO.US,60,20251027,160000,29.2372,29.31,29.23,29.26,9452,0
RGLO.US,60,20251027,170000,29.24,29.27,29.23,29.27,1800,0
RGLO.US,60,20251027,180000,29.265,29.32,29.2317,29.32,1263,0
RGLO.US,60,20251027,190000,29.27,29.27,29.24,29.24,300,0
RGLO.US,60,20251027,200000,29.31,29.3142,29.31,29.3142,1500,0
RGLO.US,60,20251027,210000,29.2923,29.35,29.2611,29.34,1542,0
RGLO.US,60,20251028,150000,29.43,29.43,29.43,29.43,102,0
RGLO.US,60,20251028,160000,29.33,29.33,29.24,29.2715,2673,0
RGLO.US,60,20251028,170000,29.2413,29.285,29.2413,29.285,1606,0
RGLO.US,60,20251028,180000,29.33,29.33,29.33,29.33,100,0
RGLO.US,60,20251028,190000,29.45,29.499,29.3959,29.4,1360,0
RGLO.US,60,20251028,200000,29.48,29.49,29.39,29.4,1663,0
RGLO.US,60,20251028,210000,29.405,29.41,29.32,29.32,795,0
RGLO.US,60,20251029,160000,29.388,29.419,29.388,29.419,803,0
RGLO.US,60,20251029,170000,29.4383,29.49,29.4383,29.49,24289,0
RGLO.US,60,20251029,180000,29.4428,29.4714,29.435,29.451746,4957,0
RGLO.US,60,20251029,190000,29.4933,29.4933,29.4,29.4,529,0
RGLO.US,60,20251029,200000,29.4115,29.4115,29.4115,29.4115,256,0
RGLO.US,60,20251029,210000,29.31,29.34,29.31,29.34,1346,0
RGLO.US,60,20251030,150000,29.1,29.1,29.1,29.1,236,0
RGLO.US,60,20251030,160000,29.2214,29.27,29.2214,29.27,3024,0
RGLO.US,60,20251030,170000,29.22,29.22,29.22,29.22,1019,0
RGLO.US,60,20251030,190000,29.22,29.22,29.1484,29.185,3663,0
RGLO.US,60,20251030,200000,29.23,29.23,29.23,29.23,812,0
RGLO.US,60,20251030,210000,29.1178,29.15,29.0818,29.09,2885,0
RGLO.US,60,20251031,150000,29.0998,29.0998,29.0998,29.0998,178,0
RGLO.US,60,20251031,160000,29.0809,29.1189,29.05,29.1189,4766,0
RGLO.US,60,20251031,170000,29.18,29.18,29.14,29.14,47960,0
RGLO.US,60,20251031,180000,29.1257,29.1257,28.995,28.995,9886,0
RGLO.US,60,20251031,190000,29.0048,29.0048,29.0048,29.0048,171,0
RGLO.US,60,20251031,200000,29.03,29.076,29.03,29.076,527,0
RGLO.US,60,20251031,210000,29.1329,29.1329,29.11,29.11,1418,0
RGLO.US,60,20251103,160000,29.23,29.23,29.23,29.23,100,0
RGLO.US,60,20251103,170000,29.13,29.14,29.119,29.119,1248,0
RGLO.US,60,20251103,180000,29.125,29.17,29.1101,29.1101,6702,0
RGLO.US,60,20251103,190000,29.1623,29.21,29.1623,29.2,3146,0
RGLO.US,60,20251103,200000,29.15,29.2199,29.15,29.17,4492,0
RGLO.US,60,20251103,210000,29.13,29.2,29.13,29.175,1698,0
RGLO.US,60,20251103,220000,29.1762,29.1762,29.12,29.12,255,0
RGLO.US,60,20251104,160000,28.85,28.93,28.85,28.93,200,0
RGLO.US,60,20251104,170000,28.968,29.0343,28.938,28.938,2010,0
RGLO.US,60,20251104,180000,28.95,28.99,28.95,28.97,3412,0
RGLO.US,60,20251104,190000,28.95,28.97,28.94,28.944,1915,0
RGLO.US,60,20251104,200000,28.8914,28.8914,28.7916,28.7916,1817,0
RGLO.US,60,20251104,220000,28.78,28.86,28.78,28.8375,2795,0
RGLO.US,60,20251105,170000,28.925,28.96,28.85,28.8581,4924,0
RGLO.US,60,20251105,180000,28.8797,28.98,28.8797,28.98,3236,0
RGLO.US,60,20251105,190000,29.03,29.04,28.97,28.97,2248,0
RGLO.US,60,20251105,200000,28.97,29.06,28.97,29.0194,14890,0
RGLO.US,60,20251105,210000,28.9709,28.9709,28.9709,28.9709,144,0
RGLO.US,60,20251105,220000,29.0134,29.05,28.9614,28.9614,2822,0
RGLO.US,60,20251106,170000,28.81,28.86,28.6809,28.6809,6354,0
RGLO.US,60,20251106,180000,28.685,28.72,28.685,28.72,1164,0
RGLO.US,60,20251106,190000,28.665,28.738,28.665,28.73,1774,0
RGLO.US,60,20251106,200000,28.656,28.656,28.656,28.656,572,0
RGLO.US,60,20251106,210000,28.767,28.82,28.767,28.82,1708,0
RGLO.US,60,20251106,220000,28.825,28.85,28.76,28.76,14099,0
RGLO.US,60,20251107,160000,28.49,28.49,28.37,28.37,36774,0
RGLO.US,60,20251107,170000,28.47,28.48,28.42,28.42,2430,0
RGLO.US,60,20251107,180000,28.4412,28.46,28.34,28.34,8120,0
RGLO.US,60,20251107,190000,28.3552,28.57,28.3552,28.4802,2780,0
RGLO.US,60,20251107,200000,28.57,28.59,28.5,28.59,1157,0
RGLO.US,60,20251107,210000,28.64,28.76,28.64,28.76,3530,0
RGLO.US,60,20251107,220000,28.72,28.755,28.6692,28.755,632,0
RGLO.US,60,20251110,170000,29.08,29.083,28.995,28.995,3962,0
RGLO.US,60,20251110,180000,28.99,28.99,28.99,28.99,100,0
RGLO.US,60,20251110,190000,29.025,29.14,28.99,29.14,3668,0
RGLO.US,60,20251110,200000,29.15,29.15,29.115,29.115,1016,0
RGLO.US,60,20251110,210000,29.115,29.1544,29.115,29.1544,339,0
RGLO.US,60,20251110,220000,29.1272,29.21,29.12,29.21,2533,0
RGLO.US,60,20251111,160000,29.05,29.15,29.05,29.15,575,0
RGLO.US,60,20251111,180000,29.149,29.19,29.14,29.14,3989,0
RGLO.US,60,20251111,190000,29.19,29.2391,29.19,29.2391,2751,0
RGLO.US,60,20251111,200000,29.25,29.2749,29.225875,29.2749,1728,0
RGLO.US,60,20251111,210000,29.285,29.285,29.2826,29.2826,834,0
RGLO.US,60,20251111,220000,29.34,29.34,29.2951,29.32,576,0
RGLO.US,60,20251112,160000,29.27,29.34,29.27,29.34,210,0
RGLO.US,60,20251112,170000,29.35,29.3657,29.35,29.3657,1683,0
RGLO.US,60,20251112,180000,29.3258,29.3258,29.3258,29.3258,160,0
RGLO.US,60,20251112,190000,29.295,29.32,29.295,29.32,583,0
RGLO.US,60,20251112,200000,29.39,29.4,29.3422,29.4,3360,0
RGLO.US,60,20251112,210000,29.39,29.39,29.3403,29.37,1538,0
RGLO.US,60,20251112,220000,29.2809,29.4,29.2809,29.4,861,0
RGLO.US,60,20251113,170000,29.26,29.33,29.16,29.16,4112,0
RGLO.US,60,20251113,180000,29.12,29.12,29.0985,29.0985,861,0
RGLO.US,60,20251113,190000,29.1212,29.1598,29.07,29.08,5374,0
RGLO.US,60,20251113,210000,28.926,28.9871,28.926,28.959,4439,0
RGLO.US,60,20251113,220000,28.95,28.98,28.94,28.94,3379,0
RGLO.US,60,20251114,160000,28.63,28.63,28.63,28.63,200,0
RGLO.US,60,20251114,170000,28.7691,29.06,28.7691,28.9295,4628,0
RGLO.US,60,20251114,180000,28.96,29.02,28.9485,29.01,1689,0
RGLO.US,60,20251114,190000,29.0065,29.05,28.985,29.0237,1560,0
RGLO.US,60,20251114,200000,28.9699,28.9699,28.92,28.965,1243,0
RGLO.US,60,20251114,210000,28.97,29,28.97,28.9805,6844,0
RGLO.US,60,20251114,220000,28.974,28.974,28.93,28.93,1326,0
RGLO.US,60,20251117,160000,28.8795,29.33,28.8795,29.33,2591,0
RGLO.US,60,20251117,170000,28.9,28.93,28.8,28.845,8658,0
RGLO.US,60,20251117,180000,28.84,28.8684,28.78,28.8684,4071,0
RGLO.US,60,20251117,190000,28.9034,28.9491,28.83,28.83,5307,0
RGLO.US,60,20251117,200000,28.77,28.77,28.7301,28.7301,797,0
RGLO.US,60,20251117,220000,28.5275,28.59,28.5275,28.59,1084,0
RGLO.US,60,20251118,160000,28.29,28.44,28.29,28.42,2088,0
RGLO.US,60,20251118,170000,28.28,28.29,28.2228,28.2228,5632,0
RGLO.US,60,20251118,180000,28.19,28.44,28.19,28.405,2946,0
RGLO.US,60,20251118,190000,28.37,29.04,28.3,28.51,5107,0
RGLO.US,60,20251118,200000,28.54,28.595,28.5,28.5,1112,0
RGLO.US,60,20251118,210000,28.58,28.58,28.5165,28.55,631,0
RGLO.US,60,20251118,220000,28.52,28.5373,28.48,28.48,3678,0
RGLO.US,60,20251119,170000,28.55,28.6,28.52,28.52,2475,0
RGLO.US,60,20251119,180000,28.4093,28.4093,28.4093,28.4093,1364,0
RGLO.US,60,20251119,190000,28.433,28.433,28.34,28.4114,5359,0
RGLO.US,60,20251119,200000,28.47,28.49,28.47,28.4799,3480,0
RGLO.US,60,20251119,210000,28.3958,28.43,28.3639,28.405,2187,0
RGLO.US,60,20251119,220000,28.4486,28.52,28.4486,28.52,1846,0
RGLO.US,60,20251120,160000,28.86,28.86,28.82,28.82,3266,0
RGLO.US,60,20251120,170000,28.79,28.856,28.49,28.6255,9196,0
RGLO.US,60,20251120,180000,28.59,28.61,28.352,28.36,2822,0
RGLO.US,60,20251120,190000,28.089,28.089,28.089,28.089,200,0
RGLO.US,60,20251120,200000,28.095,28.22,28.095,28.17,3904,0
RGLO.US,60,20251120,210000,27.9771,28.19,27.9771,28.19,723,0
RGLO.US,60,20251120,220000,28.1185,28.1694,28.065,28.065,5309,0
RGLO.US,60,20251121,170000,28.019,28.064,28,28,1390,0
RGLO.US,60,20251121,180000,28.06,28.23,28.03,28.23,882,0
RGLO.US,60,20251121,190000,28.33,28.44,28.2901,28.43,3119,0
RGLO.US,60,20251121,200000,28.295,28.295,28.25,28.25,2163,0
RGLO.US,60,20251121,210000,28.47,28.47,28.47,28.47,100,0
RGLO.US,60,20251121,220000,28.39,28.43,28.33,28.4128,1350,0
RGLO.US,60,20251124,160000,28.52,28.52,28.52,28.52,100,0
RGLO.US,60,20251124,170000,28.6007,28.66,28.5402,28.5901,4762,0
RGLO.US,60,20251124,180000,28.64,28.64,28.64,28.64,1193,0
RGLO.US,60,20251124,190000,28.62,28.7,28.62,28.7,25946,0
RGLO.US,60,20251124,200000,28.77,28.77,28.715,28.749,7505,0
RGLO.US,60,20251124,210000,28.7025,28.72,28.68,28.71,600,0
RGLO.US,60,20251124,220000,28.7122,28.725,28.71,28.725,884,0
RGLO.US,60,20251125,160000,28.85,28.85,28.85,28.85,100,0
RGLO.US,60,20251125,170000,28.7814,28.7814,28.78,28.78,520,0
RGLO.US,60,20251125,180000,28.74,28.74,28.74,28.74,217,0
RGLO.US,60,20251125,190000,28.8896,28.9305,28.8896,28.92,9315,0
RGLO.US,60,20251125,200000,28.9552,28.99,28.9552,28.99,1003,0
RGLO.US,60,20251125,210000,28.9219,28.9219,28.9219,28.9219,935,0
RGLO.US,60,20251125,220000,28.985,29.0001,28.94,29.0001,4440,0
RGLO.US,60,20251126,170000,29.1316,29.1316,29.105,29.105,1644,0
RGLO.US,60,20251126,180000,29.19,29.2342,29.19,29.2342,989,0
RGLO.US,60,20251126,190000,29.225,29.34,29.225,29.3,2015,0
RGLO.US,60,20251126,200000,29.1962,29.26,29.1962,29.26,1179,0
RGLO.US,60,20251126,210000,29.2,29.2,29.2,29.2,526,0
RGLO.US,60,20251126,220000,29.245,29.245,29.245,29.245,707,0
RGLO.US,60,20251128,160000,29.21,29.32,29.21,29.32,207,0
RGLO.US,60,20251128,170000,29.319,29.32,29.285,29.2988,1467,0
RGLO.US,60,20251128,180000,29.2812,29.4,29.2812,29.4,15720,0
RGLO.US,60,20251128,190000,29.34,29.4,29.34,29.4,6210,0
RGLO.US,60,20251201,160000,29.15,29.3,29.15,29.3,204,0
RGLO.US,60,20251201,170000,29.3,29.37,29.2501,29.3699,1173,0
RGLO.US,60,20251201,180000,29.37,29.41,29.3205,29.3572,6953,0
RGLO.US,60,20251201,190000,29.37,29.43,29.3329,29.3329,1992,0
RGLO.US,60,20251201,200000,29.3216,29.38,29.3216,29.38,482,0
RGLO.US,60,20251201,210000,29.355,29.355,29.355,29.355,299,0
RGLO.US,60,20251201,220000,29.24,29.33,28.97,29.19,5818,0
RGLO.US,60,20251202,170000,29.3282,29.43,29.3282,29.385,1960,0
RGLO.US,60,20251202,180000,29.37,29.37,29.2477,29.2477,361,0
RGLO.US,60,20251202,190000,29.35,29.359,29.27,29.359,4146,0
RGLO.US,60,20251202,200000,29.3399,29.36,29.22,29.22,1708,0
RGLO.US,60,20251202,210000,29.35,29.35,29.2901,29.337,2767,0
RGLO.US,60,20251202,220000,29.35,29.4,29.31,29.31,2947,0
RGLO.US,60,20251203,160000,29.42,29.42,29.314,29.314,392,0
RGLO.US,60,20251203,170000,29.41,29.43,29.32,29.37,3152,0
RGLO.US,60,20251203,180000,29.375,29.43,29.3695,29.4057,3847,0
RGLO.US,60,20251203,190000,29.39,29.52,29.3486,29.51,6245,0
RGLO.US,60,20251203,200000,29.4763,29.52,29.4763,29.51,6778,0
RGLO.US,60,20251203,220000,29.4209,29.55,29.37,29.37,2604,0
RGLO.US,60,20251204,160000,29.6,29.6,29.56,29.6,1559,0
RGLO.US,60,20251204,170000,29.54,29.58,29.43,29.53,11795,0
RGLO.US,60,20251204,180000,29.54,29.5663,29.53,29.55,8731,0
RGLO.US,60,20251204,190000,29.57,29.6,29.5495,29.5495,14716,0
RGLO.US,60,20251204,200000,29.6,29.6,29.54,29.59,581,0
RGLO.US,60,20251204,210000,29.46,29.5,29.46,29.5,4468,0
RGLO.US,60,20251204,220000,29.53,29.545,29.52,29.53,17705,0
RGLO.US,60,20251205,160000,29.64,29.64,29.64,29.64,100,0
RGLO.US,60,20251205,170000,29.6079,29.72,29.6079,29.6666,3273,0
RGLO.US,60,20251205,180000,29.62,29.62,29.5615,29.605,1103,0
RGLO.US,60,20251205,190000,29.5693,29.59,29.36,29.58,16690,0
RGLO.US,60,20251205,200000,29.65,29.68,29.5613,29.68,10314,0
RGLO.US,60,20251205,210000,29.59,29.5907,29.59,29.5907,384,0
RGLO.US,60,20251205,220000,29.64,29.64,29.31,29.55,3336,0
RGLO.US,60,20251208,160000,29.63,29.63,29.63,29.63,1005,0
RGLO.US,60,20251208,170000,29.54,29.5453,29.4508,29.5399,2883,0
RGLO.US,60,20251208,180000,29.51,29.51,29.4561,29.4561,203,0
RGLO.US,60,20251208,190000,29.55,29.55,29.5,29.5388,4243,0
RGLO.US,60,20251208,200000,29.4821,29.4821,29.4401,29.4513,1154,0
RGLO.US,60,20251208,210000,29.4101,29.4795,29.4101,29.4795,1754,0
RGLO.US,60,20251208,220000,29.5,29.51,29.43,29.47,5608,0
RGLO.US,60,20251209,160000,29.48,29.53,29.475,29.475,2027,0
RGLO.US,60,20251209,170000,29.55,29.55,29.05,29.4385,9692,0
RGLO.US,60,20251209,180000,29.51,29.55,29.4391,29.55,1735,0
RGLO.US,60,20251209,190000,29.55,29.55,29.43,29.51,7541,0
RGLO.US,60,20251209,200000,29.4601,29.482,29.4601,29.482,353,0
RGLO.US,60,20251209,210000,29.43,29.4611,29.43,29.4611,626,0
RGLO.US,60,20251209,220000,29.4112,29.54,29.4013,29.4016,2189,0
RGLO.US,60,20251210,160000,29.45,29.45,29.45,29.45,100,0
RGLO.US,60,20251210,170000,29.4501,29.67,29.38,29.4699,8047,0
RGLO.US,60,20251210,180000,29.52,29.52,29.43,29.5001,2277,0
RGLO.US,60,20251210,190000,29.4903,29.54,29.47,29.54,10512,0
RGLO.US,60,20251210,200000,29.556,29.556,29.4501,29.4501,1902,0
RGLO.US,60,20251210,210000,29.58,29.65,29.5101,29.635,868,0
RGLO.US,60,20251210,220000,29.672,29.715,29.672,29.7,1070,0
RGLO.US,60,20251211,160000,29.66,29.66,29.66,29.66,200,0
RGLO.US,60,20251211,170000,29.55,29.73,29.55,29.6937,6580,0
RGLO.US,60,20251211,180000,29.72,29.7433,29.7104,29.7104,470,0
RGLO.US,60,20251211,190000,29.64,29.83,29.64,29.79,3821,0
RGLO.US,60,20251211,200000,29.77,29.88,29.77,29.83,2985,0
RGLO.US,60,20251211,210000,29.7501,29.7501,29.7501,29.7501,261,0
RGLO.US,60,20251211,220000,29.75,29.83,29.64,29.81,3228,0
RGLO.US,60,20251212,160000,29.85,29.88,29.85,29.88,200,0
RGLO.US,60,20251212,170000,29.76,29.77,29.59,29.69,5457,0
RGLO.US,60,20251212,180000,29.47,29.47,29.47,29.47,897,0
RGLO.US,60,20251212,190000,29.65,29.67,29.65,29.67,200,0
RGLO.US,60,20251212,200000,29.69,29.69,29.5774,29.67,1470,0
RGLO.US,60,20251212,220000,29.61,29.61,29.4915,29.6,1361,0
RGLO.US,60,20251215,170000,29.575,29.59,29.52,29.55,3260,0
RGLO.US,60,20251215,180000,29.61,29.61,29.61,29.61,100,0
RGLO.US,60,20251215,190000,29.65,29.65,29.5672,29.6399,6489,0
RGLO.US,60,20251215,200000,29.5107,29.565,29.5107,29.52,2374,0
RGLO.US,60,20251215,210000,29.5475,29.6384,29.5475,29.56,1092,0
RGLO.US,60,20251215,220000,29.5401,29.5956,29.5401,29.5956,693,0
RGLO.US,60,20251216,160000,29.6,29.6,29.6,29.6,100,0
RGLO.US,60,20251216,170000,29.45,29.45,29.35,29.45,2224,0
RGLO.US,60,20251216,180000,29.51,29.51,29.372,29.415,808,0
RGLO.US,60,20251216,190000,29.48,29.48,29.4115,29.4115,4542,0
RGLO.US,60,20251216,200000,29.3832,29.53,29.2814,29.4415,1680,0
RGLO.US,60,20251216,210000,29.4726,29.49,29.4726,29.49,445,0
RGLO.US,60,20251216,220000,29.4601,29.52,29.4601,29.52,7179,0
RGLO.US,60,20251217,160000,29.4,29.4,29.4,29.4,300,0
RGLO.US,60,20251217,170000,29.34,29.36,29.13,29.135,7426,0
RGLO.US,60,20251217,180000,29.1999,29.1999,29.16,29.16,2738,0
RGLO.US,60,20251217,190000,29.111,29.2086,29.07,29.1799,2043,0
RGLO.US,60,20251217,200000,29.0881,29.16,28.7566,28.7566,1183,0
RGLO.US,60,20251217,210000,29.16,29.2799,29.12,29.2799,1086,0
RGLO.US,60,20251217,220000,29.0375,29.11,29.0057,29.0057,1918,0
RGLO.US,60,20251218,160000,29.28,29.36,29.28,29.34,1476,0
RGLO.US,60,20251218,170000,29.275,29.41,29.27,29.4,2186,0
RGLO.US,60,20251218,180000,29.4128,29.44,29.4128,29.42,5298,0
RGLO.US,60,20251218,190000,29.275,29.275,29.22,29.2646,412,0
RGLO.US,60,20251218,200000,29.405,29.405,29.2965,29.325,2368,0
RGLO.US,60,20251218,210000,29.33,29.33,29.26,29.31,16435,0
RGLO.US,60,20251218,220000,29.2762,29.34,29.2619,29.3,1999,0
RGLO.US,60,20251219,160000,29.39,29.39,29.39,29.39,200,0
RGLO.US,60,20251219,170000,29.435,29.45,29.36,29.45,4714,0
RGLO.US,60,20251219,180000,29.415,29.54,29.415,29.485,4379,0
RGLO.US,60,20251219,190000,29.5062,29.57,29.5062,29.57,2639,0
RGLO.US,60,20251219,200000,29.5272,29.54,29.5272,29.54,1908,0
RGLO.US,60,20251219,210000,29.4901,29.4901,29.4901,29.4901,138,0
RGLO.US,60,20251219,220000,29.535,29.9699,29.4701,29.505,13502,0
RGLO.US,60,20251222,160000,29.57,29.57,29.57,29.57,100,0
RGLO.US,60,20251222,170000,29.535,29.63,29.5301,29.62,4404,0
RGLO.US,60,20251222,180000,29.62,29.7,29.62,29.7,2333,0
RGLO.US,60,20251222,190000,29.65,29.72,29.6,29.67,10231,0
RGLO.US,60,20251222,200000,29.7831,29.7831,29.69,29.7,12295,0
RGLO.US,60,20251222,210000,29.73,29.765,29.675,29.675,614,0
RGLO.US,60,20251222,220000,29.66,29.7,29.58,29.635,25636,0
RGLO.US,60,20251223,160000,29.67,29.7,29.65,29.68,8000,0
RGLO.US,60,20251223,170000,29.69,29.77,29.69,29.74,5598,0
RGLO.US,60,20251223,180000,29.72,29.77,29.72,29.74,808,0
RGLO.US,60,20251223,190000,29.76,29.76,29.76,29.76,1285,0
RGLO.US,60,20251223,200000,29.82,29.83,29.82,29.83,300,0
RGLO.US,60,20251223,210000,29.76,29.76,29.76,29.76,35639,0
RGLO.US,60,20251223,220000,29.7987,29.7987,29.7735,29.7735,929,0
RGLO.US,60,20251224,160000,30.31,30.31,29.83,29.83,233,0
RGLO.US,60,20251224,170000,29.7514,29.9556,29.7514,29.9556,9039,0
RGLO.US,60,20251224,190000,29.94,29.96,29.9036,29.92,3789,0
RGLO.US,60,20251226,160000,29.9,29.93,29.9,29.93,200,0
RGLO.US,60,20251226,170000,29.8242,29.96,29.8242,29.95,7162,0
RGLO.US,60,20251226,180000,29.91,29.94,29.9,29.94,500,0
RGLO.US,60,20251226,190000,29.915,29.915,29.8828,29.8828,6565,0
RGLO.US,60,20251226,200000,29.86,29.86,29.86,29.86,225,0
RGLO.US,60,20251226,220000,29.9102,29.95,29.8705,29.95,2489,0
