<TICKER>,<PER>,<DATE>,<TIME>,<OPEN>,<HIGH>,<LOW>,<CLOSE>,<VOL>,<OPENINT>
MKC-V.US,60,20240411,160000,74.65,74.65,74.65,74.65,100,0
MKC-V.US,60,20240411,220000,74.94,74.94,74.94,74.94,121,0
MKC-V.US,60,20240412,160000,73.73,73.73,73.73,73.73,100,0
MKC-V.US,60,20240412,190000,72.01,72.01,72.01,72.01,100,0
MKC-V.US,60,20240415,200000,71.785,71.785,71.785,71.785,200,0
MKC-V.US,60,20240416,160000,71.33,71.33,71.33,71.33,100,0
MKC-V.US,60,20240417,220000,71.87,71.87,71.87,71.87,100,0
MKC-V.US,60,20240418,160000,73.74,73.74,73.74,73.74,185,0
MKC-V.US,60,20240418,170000,73.65,73.65,73.65,73.65,100,0
MKC-V.US,60,20240418,180000,72,72,72,72,869,0
MKC-V.US,60,20240418,190000,72.89,72.89,72.89,72.89,100,0
MKC-V.US,60,20240418,200000,72.74,72.74,72.74,72.74,100,0
MKC-V.US,60,20240418,210000,72.8,72.8,72.8,72.8,100,0
MKC-V.US,60,20240419,160000,72.25,72.25,72.25,72.25,100,0
MKC-V.US,60,20240419,190000,73.25,73.25,73.25,73.25,300,0
MKC-V.US,60,20240422,160000,74.98,74.98,74.98,74.98,543,0
MKC-V.US,60,20240422,170000,75,75,75,75,421,0
MKC-V.US,60,20240422,180000,75.17,75.17,75.17,75.17,200,0
MKC-V.US,60,20240422,190000,74.575,74.575,74.575,74.575,197,0
MKC-V.US,60,20240422,210000,74.575,74.575,74.575,74.575,500,0
MKC-V.US,60,20240422,220000,75.04,75.1,75.04,75.1,223,0
MKC-V.US,60,20240423,170000,74.46,75.05,74.2274,74.685,5750,0
MKC-V.US,60,20240423,180000,74.84,74.85,74.84,74.85,384,0
MKC-V.US,60,20240424,220000,75.32,75.95,75.2,75.95,304,0
MKC-V.US,60,20240425,180000,74.91,74.91,74.91,74.91,400,0
MKC-V.US,60,20240426,190000,75.81,75.98,75.81,75.98,331,0
MKC-V.US,60,20240426,220000,75.42,75.42,75.42,75.42,100,0
MKC-V.US,60,20240429,180000,75.6655,75.6655,75.6655,75.6655,214,0
MKC-V.US,60,20240429,200000,75.625,75.625,75.625,75.625,701,0
MKC-V.US,60,20240429,220000,75.725,76.15,75.725,76.15,780,0
MKC-V.US,60,20240430,160000,76.9,76.9,76.9,76.9,100,0
MKC-V.US,60,20240430,170000,75.5453,75.5453,75.5453,75.5453,132,0
MKC-V.US,60,20240501,160000,75.31,75.31,75.31,75.31,100,0
MKC-V.US,60,20240502,190000,75.31,75.31,75.09,75.31,830,0
MKC-V.US,60,20240502,200000,75.31,75.9,75.31,75.9,1169,0
MKC-V.US,60,20240502,220000,75.86,75.86,75.86,75.86,100,0
MKC-V.US,60,20240507,210000,77.5,77.5,75.4101,75.6,1200,0
MKC-V.US,60,20240508,160000,75.31,75.31,75.31,75.31,100,0
MKC-V.US,60,20240508,170000,76.5,76.5,76.49,76.49,1421,0
MKC-V.US,60,20240508,180000,75.7,75.76,75.7,75.7,400,0
MKC-V.US,60,20240508,190000,75.7,75.7,75.7,75.7,500,0
MKC-V.US,60,20240508,200000,75.7,75.7,75.5,75.5,400,0
MKC-V.US,60,20240508,210000,75.5,75.6598,75.5,75.5,836,0
MKC-V.US,60,20240509,220000,75.25,75.69,74.375,74.375,3754,0
MKC-V.US,60,20240510,160000,76.37,76.37,75.615,75.615,2330,0
MKC-V.US,60,20240510,190000,75.675,75.675,75.51,75.51,818,0
MKC-V.US,60,20240510,210000,76.29,76.29,76.29,76.29,100,0
MKC-V.US,60,20240510,220000,76.33,76.34,76.28,76.28,473,0
MKC-V.US,60,20240513,170000,76.445,76.445,76.445,76.445,100,0
MKC-V.US,60,20240513,190000,76.03,76.03,76.03,76.03,262,0
MKC-V.US,60,20240513,220000,75.72,75.72,75.72,75.72,135,0
MKC-V.US,60,20240514,180000,74.415,74.415,74.415,74.415,136,0
MKC-V.US,60,20240514,200000,74.325,74.325,74.325,74.325,405,0
MKC-V.US,60,20240515,160000,73.58,73.58,73.58,73.58,100,0
MKC-V.US,60,20240516,170000,75.5,75.5,75.5,75.5,113,0
MKC-V.US,60,20240517,200000,74.5,74.5,74,74,1119,0
MKC-V.US,60,20240517,220000,73.7274,74.38,73.7274,74.38,1692,0
MKC-V.US,60,20240520,160000,74.25,74.25,74.25,74.25,100,0
MKC-V.US,60,20240520,190000,74.24,74.25,74.24,74.25,300,0
MKC-V.US,60,20240520,200000,74.24,74.25,74.1,74.1475,1331,0
MKC-V.US,60,20240520,220000,74.15,74.15,74.15,74.15,100,0
MKC-V.US,60,20240522,160000,73.09,73.6,73.09,73.6,874,0
MKC-V.US,60,20240522,170000,73.25,73.26,73.25,73.26,220,0
MKC-V.US,60,20240522,190000,73.2,73.2,73.2,73.2,120,0
MKC-V.US,60,20240522,200000,73.3,73.3,73.3,73.3,200,0
MKC-V.US,60,20240524,220000,74.15,74.15,72.45,73.61,844,0
MKC-V.US,60,20240528,160000,72.55,72.55,72.55,72.55,100,0
MKC-V.US,60,20240528,190000,71.15,71.15,70.92,70.92,576,0
MKC-V.US,60,20240528,220000,70.84,70.94,70.79,70.79,629,0
MKC-V.US,60,20240529,190000,70.49,70.5,70.49,70.5,1056,0
MKC-V.US,60,20240529,220000,69.86,69.86,69.86,69.86,200,0
MKC-V.US,60,20240530,160000,69.86,69.86,69.86,69.86,2859,0
MKC-V.US,60,20240530,220000,69.4,69.4,69.4,69.4,125,0
MKC-V.US,60,20240531,160000,70.05,70.05,70.05,70.05,323,0
MKC-V.US,60,20240531,220000,72.4,72.4,72.27,72.27,316,0
MKC-V.US,60,20240603,160000,72.84,72.84,72.84,72.84,100,0
MKC-V.US,60,20240603,210000,70.6201,70.6201,70.6201,70.6201,1420,0
MKC-V.US,60,20240603,220000,71.28,71.4,71.01,71.4,1500,0
MKC-V.US,60,20240604,210000,69.05,69.05,69,69,873,0
MKC-V.US,60,20240605,160000,68.65,68.65,67.858,67.858,325,0
MKC-V.US,60,20240605,220000,67.25,68.28,67.24,68.28,2879,0
MKC-V.US,60,20240606,160000,69.35,69.35,69.35,69.35,100,0
MKC-V.US,60,20240606,190000,69,69,69,69,200,0
MKC-V.US,60,20240606,220000,69,69,68.48,68.5,3969,0
MKC-V.US,60,20240607,170000,69.5,69.5,69.5,69.5,1026,0
MKC-V.US,60,20240610,160000,68.12,68.12,68.12,68.12,300,0
MKC-V.US,60,20240610,180000,67.42,67.42,67.42,67.42,200,0
MKC-V.US,60,20240610,220000,67.7001,67.7001,67.7001,67.7001,104,0
MKC-V.US,60,20240611,160000,68.46,68.46,68.46,68.46,100,0
MKC-V.US,60,20240611,170000,68.9,68.99,67.3101,67.3101,651,0
MKC-V.US,60,20240611,200000,67.38,68.185,67.38,68.185,900,0
MKC-V.US,60,20240611,220000,68.99,69,68.99,68.99,800,0
MKC-V.US,60,20240612,180000,70.24,70.24,70.24,70.24,100,0
MKC-V.US,60,20240613,160000,68.55,68.55,68.55,68.55,150,0
MKC-V.US,60,20240617,170000,66.54,68.2,66.54,68.2,901,0
MKC-V.US,60,20240617,200000,69.29,69.3,69.29,69.3,300,0
MKC-V.US,60,20240617,210000,69.3,69.3,69.29,69.3,1200,0
MKC-V.US,60,20240618,160000,68.73,68.73,68.73,68.73,100,0
MKC-V.US,60,20240618,210000,68.048,68.5,68.048,68.5,201,0
MKC-V.US,60,20240620,160000,67.65,67.65,67.65,67.65,101,0
MKC-V.US,60,20240620,170000,68.115,68.115,67.7301,67.7301,670,0
MKC-V.US,60,20240620,190000,68,68,67.905,67.905,331,0
MKC-V.US,60,20240620,220000,68.16,68.4009,68.16,68.4009,399,0
MKC-V.US,60,20240621,180000,68.7,68.7,68.7,68.7,100,0
MKC-V.US,60,20240621,210000,68.3,68.3,68.3,68.3,1397,0
MKC-V.US,60,20240626,170000,69.99,69.99,66.85,66.85,300,0
MKC-V.US,60,20240627,160000,70,71.5,69.765,71.5,2341,0
MKC-V.US,60,20240627,170000,71,71.868,70.98,71.868,1559,0
MKC-V.US,60,20240627,180000,71.01,71.01,70.91,70.91,300,0
MKC-V.US,60,20240627,220000,69.725,70.09,69.4,69.55,7853,0
MKC-V.US,60,20240628,160000,70.25,70.25,70.25,70.25,100,0
MKC-V.US,60,20240628,170000,70.0392,70.0392,70.0392,70.0392,900,0
MKC-V.US,60,20240628,220000,70.31,70.31,69,69,2390,0
MKC-V.US,60,20240701,160000,70.12,71.6,70.12,71.6,5953,0
MKC-V.US,60,20240701,180000,70.25,70.25,70.2,70.2,400,0
MKC-V.US,60,20240701,190000,70.17,70.17,69.6986,70.1,5155,0
MKC-V.US,60,20240701,210000,69.2932,69.2932,69.2932,69.2932,100,0
MKC-V.US,60,20240701,220000,69.92,69.92,69.92,69.92,140,0
MKC-V.US,60,20240703,160000,69.35,69.52,69.35,69.52,1482,0
MKC-V.US,60,20240703,170000,69.7,69.89,69.7,69.89,820,0
MKC-V.US,60,20240703,180000,69.42,69.42,69.42,69.42,650,0
MKC-V.US,60,20240708,160000,69.27,70.06,69.27,70.06,654,0
MKC-V.US,60,20240708,180000,69.35,69.35,69.35,69.35,100,0
MKC-V.US,60,20240709,160000,68.78,68.78,68.78,68.78,101,0
MKC-V.US,60,20240709,170000,68.5959,68.5959,68.5959,68.5959,102,0
MKC-V.US,60,20240709,210000,69.5,70.74,69.5,70.74,300,0
MKC-V.US,60,20240710,160000,69.47,69.47,69.47,69.47,127,0
MKC-V.US,60,20240710,170000,70.4113,71.1,70.4113,71.1,547,0
MKC-V.US,60,20240710,180000,71.0375,71.0375,71.0375,71.0375,282,0
MKC-V.US,60,20240710,220000,71.0433,71.0433,71.0433,71.0433,212,0
MKC-V.US,60,20240711,160000,70.65,70.65,70.65,70.65,121,0
MKC-V.US,60,20240711,170000,71.01,71.02,71.01,71.02,300,0
MKC-V.US,60,20240712,160000,70.54,70.54,70.54,70.54,689,0
MKC-V.US,60,20240712,170000,71.46,72,71.46,72,420,0
MKC-V.US,60,20240712,190000,71.68,71.68,71.68,71.68,200,0
MKC-V.US,60,20240712,200000,71.4,71.5,71.4,71.5,2351,0
MKC-V.US,60,20240715,170000,72,72.3,72,72.3,1000,0
MKC-V.US,60,20240715,180000,72.3,72.9,72,72.9,744,0
MKC-V.US,60,20240715,190000,73,73,73,73,427,0
MKC-V.US,60,20240716,160000,72.33,72.33,72.33,72.33,220,0
MKC-V.US,60,20240716,210000,72.85,72.85,72.85,72.85,200,0
MKC-V.US,60,20240716,220000,72.6618,72.6618,72.6618,72.6618,1870,0
MKC-V.US,60,20240717,160000,72.32,73.5,72.32,73.5,420,0
MKC-V.US,60,20240717,170000,74.95,75,74.95,75,2200,0
MKC-V.US,60,20240717,190000,74.5,74.5,74.5,74.5,100,0
MKC-V.US,60,20240717,200000,74.1,74.1,74.1,74.1,200,0
MKC-V.US,60,20240717,210000,73.86,74.38,73.86,74.38,525,0
MKC-V.US,60,20240717,220000,74.52,74.55,74.28,74.28,880,0
MKC-V.US,60,20240718,160000,73.63,73.63,73.63,73.63,207,0
MKC-V.US,60,20240718,180000,75,75,74.52,74.52,200,0
MKC-V.US,60,20240718,190000,75.76,75.76,75.76,75.76,159,0
MKC-V.US,60,20240719,160000,74.42,74.42,74.42,74.42,427,0
MKC-V.US,60,20240719,180000,73.405,73.88,73.405,73.88,275,0
MKC-V.US,60,20240719,220000,73.56,73.56,73.56,73.56,100,0
MKC-V.US,60,20240722,160000,73.92,73.92,73.92,73.92,462,0
MKC-V.US,60,20240722,170000,71.9801,71.9801,71.9801,71.9801,100,0
MKC-V.US,60,20240723,160000,72.5,72.5,72.5,72.5,273,0
MKC-V.US,60,20240723,190000,72.968,72.968,72.968,72.968,100,0
MKC-V.US,60,20240723,200000,73.42,73.7959,73.42,73.79,600,0
MKC-V.US,60,20240725,160000,73.38,75,73.38,75,638,0
MKC-V.US,60,20240725,170000,75.48,76.2,75.48,75.7,511,0
MKC-V.US,60,20240725,190000,74.4852,74.4852,74.4852,74.4852,373,0
MKC-V.US,60,20240725,210000,74.1,74.49,74.06,74.49,452,0
MKC-V.US,60,20240726,180000,75.0101,75.0101,75.0101,75.0101,100,0
MKC-V.US,60,20240726,190000,75.525,75.525,75.08,75.08,254,0
MKC-V.US,60,20240726,220000,75.75,75.75,75.575,75.69,728,0
MKC-V.US,60,20240729,160000,75.24,75.24,75.24,75.24,100,0
MKC-V.US,60,20240729,180000,75.81,76.06,75.81,76.06,532,0
MKC-V.US,60,20240729,190000,76.8885,76.8885,76.8885,76.8885,309,0
MKC-V.US,60,20240729,200000,75.59,75.59,75.5843,75.5843,400,0
MKC-V.US,60,20240729,220000,75.5701,75.5701,75.5701,75.5701,161,0
MKC-V.US,60,20240730,160000,75.62,75.62,75.62,75.62,250,0
MKC-V.US,60,20240730,170000,76.2,76.2,76.2,76.2,100,0
MKC-V.US,60,20240730,180000,76,76,76,76,100,0
MKC-V.US,60,20240730,220000,76.49,77,76.49,77,755,0
MKC-V.US,60,20240731,160000,77.31,77.31,77.31,77.31,100,0
MKC-V.US,60,20240731,190000,77.4,77.4,77.4,77.4,200,0
MKC-V.US,60,20240731,200000,77.5,77.5,77.5,77.5,380,0
MKC-V.US,60,20240731,220000,77.505,77.505,76.6901,77.05,811,0
MKC-V.US,60,20240801,160000,76.55,76.55,76.55,76.55,100,0
MKC-V.US,60,20240801,180000,76.45,76.45,76.2,76.2,1282,0
MKC-V.US,60,20240801,190000,77.04,77.05,77.04,77.05,400,0
MKC-V.US,60,20240801,200000,77.69,78,77.545,78,1020,0
MKC-V.US,60,20240801,220000,77.99,78,77.99,77.99,537,0
MKC-V.US,60,20240802,160000,78,78.3,78,78.3,400,0
MKC-V.US,60,20240802,190000,77.68,77.8,77.68,77.8,300,0
MKC-V.US,60,20240805,220000,78.92,78.92,76.08,76.08,202,0
MKC-V.US,60,20240806,160000,75.52,75.52,75.52,75.52,273,0
MKC-V.US,60,20240806,190000,77,77,77,77,220,0
MKC-V.US,60,20240807,220000,77.5401,77.5401,77.5401,77.5401,111,0
MKC-V.US,60,20240812,160000,77.33,77.33,76.93,76.93,253,0
MKC-V.US,60,20240812,190000,76.2372,76.2372,76.2372,76.2372,426,0
MKC-V.US,60,20240812,220000,76.46,76.5178,76.46,76.5178,724,0
MKC-V.US,60,20240814,160000,76.77,76.77,76.77,76.77,109,0
MKC-V.US,60,20240814,200000,78.2,78.2,78.2,78.2,329,0
MKC-V.US,60,20240815,160000,77.9,77.9,77.25,77.25,867,0
MKC-V.US,60,20240815,190000,76.87,76.87,76.87,76.87,100,0
MKC-V.US,60,20240815,200000,76.55,76.55,76.45,76.45,231,0
MKC-V.US,60,20240815,210000,76.81,76.81,76.81,76.81,262,0
MKC-V.US,60,20240815,220000,76.1566,76.1566,76.1566,76.1566,100,0
MKC-V.US,60,20240816,160000,76.91,76.91,76.91,76.91,100,0
MKC-V.US,60,20240816,170000,77,77,77,77,100,0
MKC-V.US,60,20240816,210000,76.9931,76.9931,76.9931,76.9931,240,0
MKC-V.US,60,20240819,160000,76.44,76.44,76.44,76.44,100,0
MKC-V.US,60,20240819,200000,77.585,77.585,77.585,77.585,400,0
MKC-V.US,60,20240819,210000,77.45,77.45,77.45,77.45,200,0
MKC-V.US,60,20240820,160000,77.5,77.5,77.5,77.5,100,0
MKC-V.US,60,20240820,220000,77.1001,77.1001,77.1001,77.1001,200,0
MKC-V.US,60,20240821,160000,78.25,78.3,78.25,78.3,555,0
MKC-V.US,60,20240822,170000,78.4908,78.4908,78.4908,78.4908,304,0
MKC-V.US,60,20240822,200000,77.7001,77.7001,77.7001,77.7001,200,0
MKC-V.US,60,20240823,220000,78.82,78.82,78.55,78.55,254,0
MKC-V.US,60,20240826,180000,79.371,79.371,79.371,79.371,1000,0
MKC-V.US,60,20240826,200000,79.12,79.12,79.05,79.05,400,0
MKC-V.US,60,20240827,180000,79.578,79.578,79.578,79.578,260,0
MKC-V.US,60,20240828,190000,80,80,80,80,100,0
MKC-V.US,60,20240829,200000,80,80,79.37,79.37,2814,0
MKC-V.US,60,20240830,220000,79.2,79.2,79.14,79.2,758,0
MKC-V.US,60,20240903,160000,79.23,79.23,79.23,79.23,100,0
MKC-V.US,60,20240903,190000,81.13,81.13,80.26,80.26,1903,0
MKC-V.US,60,20240903,200000,81.95,81.95,81.95,81.95,100,0
MKC-V.US,60,20240903,220000,81.045,81.045,81.045,81.045,618,0
MKC-V.US,60,20240904,160000,81.77,82,81.77,82,200,0
MKC-V.US,60,20240904,170000,81.68,82.01,81.68,82.01,512,0
MKC-V.US,60,20240904,180000,81.56,81.56,81.56,81.56,100,0
MKC-V.US,60,20240905,160000,81.54,81.54,81.54,81.54,150,0
MKC-V.US,60,20240905,190000,82.8,82.8,82.8,82.8,100,0
MKC-V.US,60,20240905,200000,82.59,82.59,82,82,400,0
MKC-V.US,60,20240905,220000,83,83,82.78,82.78,785,0
MKC-V.US,60,20240906,160000,82.77,82.77,82.77,82.77,203,0
MKC-V.US,60,20240906,210000,82.72,82.81,82.72,82.81,400,0
MKC-V.US,60,20240906,220000,83.33,83.33,83.33,83.33,100,0
MKC-V.US,60,20240909,160000,82.5,82.5,82.5,82.5,460,0
MKC-V.US,60,20240909,200000,83.11,83.11,83.11,83.11,126,0
MKC-V.US,60,20240910,170000,84.15,84.15,84.15,84.15,144,0
MKC-V.US,60,20240910,190000,84.4108,84.4108,84.0384,84.0384,960,0
MKC-V.US,60,20240910,220000,83.455,83.455,83.455,83.455,200,0
MKC-V.US,60,20240911,160000,83.135,83.135,83.135,83.135,250,0
MKC-V.US,60,20240911,190000,82.035,82.035,82.035,82.035,100,0
MKC-V.US,60,20240911,200000,82.11,82.55,82.11,82.295,2266,0
MKC-V.US,60,20240911,220000,82.005,82.34,81.985,82.34,6547,0
MKC-V.US,60,20240912,180000,81.97,82.53,81.97,82.46,1790,0
MKC-V.US,60,20240912,210000,82.16,82.16,82.012,82.012,329,0
MKC-V.US,60,20240912,220000,83.07,83.11,83.07,83.11,238,0
MKC-V.US,60,20240913,180000,83.4998,83.4998,83.4998,83.4998,185,0
MKC-V.US,60,20240916,160000,83.19,85,83.19,85,628,0
MKC-V.US,60,20240916,170000,84.12,84.12,84.05,84.05,600,0
MKC-V.US,60,20240916,190000,84.74,84.74,84.74,84.74,1000,0
MKC-V.US,60,20240917,220000,84.02,84.3,84.02,84.3,260,0
MKC-V.US,60,20240918,210000,84.45,84.45,84.45,84.45,500,0
MKC-V.US,60,20240919,160000,84,84,84,84,807,0
MKC-V.US,60,20240919,210000,82.7815,82.7815,82.7815,82.7815,100,0
MKC-V.US,60,20240920,160000,82.55,82.55,82.55,82.55,120,0
MKC-V.US,60,20240920,210000,82.8,82.8,82.7004,82.7004,1203,0
MKC-V.US,60,20240920,220000,82.69,82.706,82.64,82.64,1620,0
MKC-V.US,60,20240923,160000,82.56,82.56,82.4608,82.4608,600,0
MKC-V.US,60,20240923,170000,82.55,83.36,82.55,83.28,5776,0
MKC-V.US,60,20240923,180000,83.25,83.25,83.25,83.25,100,0
MKC-V.US,60,20240923,190000,83.2,83.21,83,83.18,1161,0
MKC-V.US,60,20240923,200000,83,83,82.92,82.92,371,0
MKC-V.US,60,20240923,210000,82.78,82.78,82.78,82.78,100,0
MKC-V.US,60,20240923,220000,83.04,83.04,83,83,720,0
MKC-V.US,60,20240924,160000,82.9066,82.9066,82.9066,82.9066,306,0
MKC-V.US,60,20240924,220000,83.36,83.4,83.36,83.4,204,0
MKC-V.US,60,20240925,170000,83.0793,83.0793,83.0793,83.0793,306,0
MKC-V.US,60,20240925,190000,83.25,83.25,83.25,83.25,500,0
MKC-V.US,60,20240925,200000,83.25,83.25,83.25,83.25,100,0
MKC-V.US,60,20240926,160000,82.5,82.5,82.5,82.5,100,0
MKC-V.US,60,20240927,180000,82.88,84,82.88,84,1592,0
MKC-V.US,60,20240927,220000,83.15,83.15,83.15,83.15,100,0
MKC-V.US,60,20240930,170000,82.66,82.66,82.66,82.66,100,0
MKC-V.US,60,20240930,200000,82.54,82.54,82.54,82.54,100,0
MKC-V.US,60,20241001,160000,82.61,82.61,82.61,82.61,181,0
MKC-V.US,60,20241001,180000,83.32,83.32,82.8179,82.8179,700,0
MKC-V.US,60,20241001,200000,82.57,82.76,82.57,82.73,1300,0
MKC-V.US,60,20241001,220000,84.37,84.37,84.37,84.37,200,0
MKC-V.US,60,20241002,160000,84.99,84.99,84.99,84.99,100,0
MKC-V.US,60,20241003,170000,81.675,81.675,80.55,80.55,219,0
MKC-V.US,60,20241003,210000,80.395,80.395,80.395,80.395,100,0
MKC-V.US,60,20241004,160000,79.78,79.78,79.78,79.78,100,0
MKC-V.US,60,20241004,200000,82.215,82.215,82.215,82.215,125,0
MKC-V.US,60,20241007,160000,80.46,80.46,80.04,80.04,310,0
MKC-V.US,60,20241007,200000,79.66,79.66,79.52,79.52,200,0
MKC-V.US,60,20241007,210000,78.85,78.85,78.85,78.85,200,0
MKC-V.US,60,20241007,220000,79.3,79.3,79.3,79.3,400,0
MKC-V.US,60,20241008,160000,78.98,78.98,78.98,78.98,100,0
MKC-V.US,60,20241008,170000,78.615,78.615,78.615,78.615,100,0
MKC-V.US,60,20241008,200000,78.77,78.78,78.77,78.78,200,0
MKC-V.US,60,20241008,210000,79.3,79.3,79.3,79.3,100,0
MKC-V.US,60,20241009,170000,78.89,79.25,78.69,79.23,2700,0
MKC-V.US,60,20241009,190000,79.807,79.807,79.807,79.807,400,0
MKC-V.US,60,20241010,220000,79.96,79.96,79.96,79.96,100,0
MKC-V.US,60,20241014,160000,79.58,81.27,79.58,81.27,261,0
MKC-V.US,60,20241014,180000,79.8614,80.92,79.8614,80.92,200,0
MKC-V.US,60,20241014,190000,80.22,80.22,80.22,80.22,118,0
MKC-V.US,60,20241015,160000,80.77,80.77,80.77,80.77,100,0
MKC-V.US,60,20241015,190000,81.2702,81.2702,81.2702,81.2702,199,0
MKC-V.US,60,20241015,220000,80.8,80.8,80.8,80.8,102,0
MKC-V.US,60,20241016,160000,81.01,81.01,81.01,81.01,100,0
MKC-V.US,60,20241017,180000,80.35,80.35,80.32,80.32,500,0
MKC-V.US,60,20241017,210000,80.136,80.136,80.136,80.136,101,0
MKC-V.US,60,20241017,220000,79.82,80.36,79.41,80.36,2298,0
MKC-V.US,60,20241018,170000,80.38,80.38,79.6,79.6,258,0
MKC-V.US,60,20241018,180000,80.595,80.595,80.595,80.595,100,0
MKC-V.US,60,20241018,190000,80.54,80.54,80.54,80.54,100,0
MKC-V.US,60,20241018,200000,81.26,81.26,80.44,80.44,200,0
MKC-V.US,60,20241021,160000,81.12,81.12,80.44,80.44,554,0
MKC-V.US,60,20241021,170000,79.385,79.385,79.385,79.385,198,0
MKC-V.US,60,20241021,190000,78.65,78.65,78.1,78.34,622,0
MKC-V.US,60,20241022,160000,77.435,78,77.29,78,3200,0
MKC-V.US,60,20241022,170000,77.205,77.47,77,77.2471,8844,0
MKC-V.US,60,20241022,180000,77.99,78,76.63,76.63,800,0
MKC-V.US,60,20241022,190000,77.96,77.96,77.96,77.96,100,0
MKC-V.US,60,20241022,200000,77.96,77.96,77.96,77.96,100,0
MKC-V.US,60,20241023,160000,77.99,78.175,77.99,78.175,3908,0
MKC-V.US,60,20241023,170000,79.61,79.61,79.61,79.61,105,0
MKC-V.US,60,20241023,180000,79,79.01,78.92,79.01,4828,0
MKC-V.US,60,20241023,190000,79.01,79.2,79.01,79.05,9370,0
MKC-V.US,60,20241024,220000,79.9,79.9,79.9,79.9,153,0
MKC-V.US,60,20241025,210000,77.575,77.83,77.29,77.75,14500,0
MKC-V.US,60,20241025,220000,77.7,77.87,77.605,77.7,10500,0
MKC-V.US,60,20241029,150000,77.26,80.56,77.26,80.56,505,0
MKC-V.US,60,20241029,180000,77.98,77.98,77.98,77.98,205,0
MKC-V.US,60,20241030,150000,77.44,77.44,77.44,77.44,110,0
MKC-V.US,60,20241030,180000,77.71,77.71,77.71,77.71,4128,0
MKC-V.US,60,20241030,190000,77.54,77.65,77.385,77.65,11100,0
MKC-V.US,60,20241030,200000,77.65,77.65,77.65,77.65,100,0
MKC-V.US,60,20241031,180000,79.57,79.57,79.57,79.57,244,0
MKC-V.US,60,20241031,210000,78.5,78.5,78.5,78.5,1000,0
MKC-V.US,60,20241104,160000,78.26,78.26,77.9196,77.9196,2983,0
MKC-V.US,60,20241104,190000,78,78.53,78,78.5,3111,0
MKC-V.US,60,20241105,160000,78.225,78.225,78.225,78.225,250,0
MKC-V.US,60,20241106,200000,78.7074,78.7074,76.28,76.29,990,0
MKC-V.US,60,20241106,210000,76.2068,76.2068,76.2068,76.2068,206,0
MKC-V.US,60,20241106,220000,76.54,76.54,76.43,76.43,300,0
MKC-V.US,60,20241107,160000,76.28,76.28,76.28,76.28,118,0
MKC-V.US,60,20241107,170000,76.65,77.65,76.1601,77.65,545,0
MKC-V.US,60,20241107,180000,76.49,76.49,76.49,76.49,200,0
MKC-V.US,60,20241107,210000,76.04,76.04,75.98,75.98,500,0
MKC-V.US,60,20241107,220000,76.32,76.32,75.52,76.2118,1476,0
MKC-V.US,60,20241108,160000,75.85,75.85,75.85,75.85,100,0
MKC-V.US,60,20241108,190000,78.72,78.72,78.72,78.72,295,0
MKC-V.US,60,20241108,210000,77.82,78.08,77.6,77.64,5487,0
MKC-V.US,60,20241111,170000,76.67,76.67,76.32,76.51,2100,0
MKC-V.US,60,20241111,180000,77.02,77.1623,77.02,77.1623,600,0
MKC-V.US,60,20241111,200000,76.896,76.896,76.896,76.896,101,0
MKC-V.US,60,20241112,180000,76.58,76.58,76.28,76.28,1430,0
MKC-V.US,60,20241112,190000,76.28,76.28,76.28,76.28,227,0
MKC-V.US,60,20241112,200000,76.29,76.29,76.29,76.29,205,0
MKC-V.US,60,20241113,190000,75.73,75.73,75.45,75.45,330,0
MKC-V.US,60,20241113,210000,75.8161,75.8161,75.8161,75.8161,350,0
MKC-V.US,60,20241114,160000,75.45,75.45,75.45,75.45,100,0
MKC-V.US,60,20241114,180000,75.09,75.09,75.09,75.09,100,0
MKC-V.US,60,20241114,210000,75.06,75.06,75.06,75.06,997,0
MKC-V.US,60,20241115,180000,72.83,72.83,72.45,72.45,200,0
MKC-V.US,60,20241115,200000,73.53,73.95,73.53,73.912,921,0
MKC-V.US,60,20241115,210000,74.255,74.255,74.255,74.255,179,0
MKC-V.US,60,20241118,160000,74.3504,74.3504,74,74,300,0
MKC-V.US,60,20241118,180000,73.77,73.88,73.77,73.88,2131,0
MKC-V.US,60,20241118,190000,74.54,74.54,74.53,74.53,625,0
MKC-V.US,60,20241118,200000,74.265,74.265,74.265,74.265,100,0
MKC-V.US,60,20241118,210000,74.54,74.54,74.54,74.54,100,0
MKC-V.US,60,20241119,160000,73.94,74.445,73.94,74.35,376,0
MKC-V.US,60,20241119,170000,74.84,74.84,74.84,74.84,100,0
MKC-V.US,60,20241119,190000,75.22,75.24,75.22,75.24,200,0
MKC-V.US,60,20241119,200000,75.3217,75.3217,75.3217,75.3217,125,0
MKC-V.US,60,20241119,210000,75.0639,75.1224,75.0639,75.1224,569,0
MKC-V.US,60,20241119,220000,75.1,75.24,75.01,75.01,1300,0
MKC-V.US,60,20241120,160000,75.59,75.59,75.58,75.58,300,0
MKC-V.US,60,20241120,170000,75.02,75.02,75.011,75.011,456,0
MKC-V.US,60,20241120,200000,75.95,76.31,75.8301,76.31,5867,0
MKC-V.US,60,20241120,220000,76.94,76.95,76.94,76.95,900,0
MKC-V.US,60,20241121,160000,77.25,77.25,77.25,77.25,1440,0
MKC-V.US,60,20241121,220000,78.13,78.13,78.13,78.13,300,0
MKC-V.US,60,20241122,170000,78.02,78.03,77.93,77.93,947,0
MKC-V.US,60,20241122,190000,77.36,77.61,77.36,77.46,2060,0
MKC-V.US,60,20241122,200000,77.37,77.39,77.2,77.2,1180,0
MKC-V.US,60,20241122,210000,77.35,77.35,77.3,77.35,1197,0
MKC-V.US,60,20241122,220000,77.5152,77.5152,77.05,77.34,3402,0
MKC-V.US,60,20241125,160000,77.63,77.63,77.63,77.63,100,0
MKC-V.US,60,20241125,180000,77.359,77.359,77.359,77.359,500,0
MKC-V.US,60,20241125,200000,77.62,77.95,77.62,77.95,555,0
MKC-V.US,60,20241125,220000,77.32,77.32,77.32,77.32,100,0
MKC-V.US,60,20241126,180000,77.5,77.5,77.5,77.5,100,0
MKC-V.US,60,20241126,200000,77.29,77.29,77.29,77.29,207,0
MKC-V.US,60,20241126,210000,77.3005,77.3005,77.3005,77.3005,100,0
MKC-V.US,60,20241202,220000,78.36,78.36,78.36,78.36,150,0
MKC-V.US,60,20241203,190000,77.9,77.9,77.9,77.9,284,0
MKC-V.US,60,20241203,220000,77.67,78,77.67,78,200,0
MKC-V.US,60,20241204,160000,77.67,77.67,77.67,77.67,100,0
MKC-V.US,60,20241204,200000,77.87,77.91,77.485,77.485,481,0
MKC-V.US,60,20241205,160000,77.22,77.22,77.22,77.22,862,0
MKC-V.US,60,20241205,190000,77.23,77.23,77.0801,77.0801,201,0
MKC-V.US,60,20241205,210000,78.15,78.15,78.15,78.15,100,0
MKC-V.US,60,20241206,180000,78.04,78.04,78.04,78.04,100,0
MKC-V.US,60,20241209,160000,76.85,76.85,76.85,76.85,100,0
MKC-V.US,60,20241209,180000,80,80,80,80,157,0
MKC-V.US,60,20241209,190000,79.46,79.4999,79.46,79.4999,587,0
MKC-V.US,60,20241209,200000,79.11,79.11,78.4501,79.065,2517,0
MKC-V.US,60,20241209,210000,79.075,79.075,79.075,79.075,100,0
MKC-V.US,60,20241209,220000,79.4,79.58,79.25,79.58,810,0
MKC-V.US,60,20241210,160000,79.95,80,79.95,80,1587,0
MKC-V.US,60,20241210,170000,80.14,80.65,80.14,80.3186,1243,0
MKC-V.US,60,20241210,180000,81,81.48,80.695,81.48,1739,0
MKC-V.US,60,20241210,190000,81.48,81.48,80.905,80.905,300,0
MKC-V.US,60,20241210,220000,81.65,82.25,81.5,82.25,600,0
MKC-V.US,60,20241211,200000,81.28,81.28,81.28,81.28,200,0
MKC-V.US,60,20241211,210000,81.25,81.61,81.25,81.61,1057,0
MKC-V.US,60,20241212,170000,80.88,80.88,80.88,80.88,130,0
MKC-V.US,60,20241213,160000,79.62,79.62,79.62,79.62,100,0
MKC-V.US,60,20241213,170000,80.33,80.33,80.33,80.33,241,0
MKC-V.US,60,20241216,220000,80.06,80.58,79.92,80.58,5615,0
MKC-V.US,60,20241217,170000,80.106,80.106,80.106,80.106,100,0
MKC-V.US,60,20241217,180000,80,80,80,80,100,0
MKC-V.US,60,20241217,210000,80.19,80.19,80.15,80.16,731,0
MKC-V.US,60,20241217,220000,80.3,80.3,80.3,80.3,100,0
MKC-V.US,60,20241218,160000,78.74,79.98,78.74,79.98,350,0
MKC-V.US,60,20241218,170000,79.25,79.25,79.25,79.25,290,0
MKC-V.US,60,20241218,220000,79.1009,79.1009,79.1009,79.1009,130,0
MKC-V.US,60,20241219,210000,78.5,78.5,78.5,78.5,197,0
MKC-V.US,60,20241219,220000,79.2261,79.2261,78.2,78.46,2036,0
MKC-V.US,60,20241220,160000,79.13,79.13,78.535,78.58,405,0
MKC-V.US,60,20241220,180000,78.85,78.85,78.85,78.85,100,0
MKC-V.US,60,20241220,190000,79.2,79.2,79.2,79.2,200,0
MKC-V.US,60,20241220,210000,78.5089,78.5089,78.5089,78.5089,255,0
MKC-V.US,60,20241223,160000,78.1,78.1,78.1,78.1,147,0
MKC-V.US,60,20241223,170000,77.65,77.65,77.65,77.65,213,0
MKC-V.US,60,20241223,180000,77.16,77.6,77.09,77.09,600,0
MKC-V.US,60,20241223,210000,78.08,78.08,78.08,78.08,100,0
MKC-V.US,60,20241223,220000,78.2,78.2,77.5047,77.92,4820,0
MKC-V.US,60,20241224,180000,78.03,78.03,77.97,77.97,552,0
MKC-V.US,60,20241226,160000,78.22,78.22,78.22,78.22,100,0
MKC-V.US,60,20241226,170000,77.33,77.86,77.33,77.86,2130,0
MKC-V.US,60,20241226,180000,77.66,77.7,77.66,77.66,400,0
MKC-V.US,60,20241226,200000,77.99,77.99,77.99,77.99,200,0
MKC-V.US,60,20241226,210000,77.695,77.695,77.695,77.695,100,0
MKC-V.US,60,20241227,160000,77.71,77.71,77.71,77.71,100,0
MKC-V.US,60,20241227,170000,76.79,76.79,76.79,76.79,544,0
MKC-V.US,60,20241227,180000,76.9589,76.9589,76.9589,76.9589,1314,0
MKC-V.US,60,20241231,200000,77.19,77.19,75.52,75.87,4393,0
MKC-V.US,60,20241231,210000,75.87,75.93,75.87,75.9,510,0
MKC-V.US,60,20241231,220000,75.97,75.97,75.8,75.8,1523,0
MKC-V.US,60,20250102,170000,76,76.56,75.85,76.4,3851,0
MKC-V.US,60,20250102,180000,76.72,76.72,76.72,76.72,100,0
MKC-V.US,60,20250102,190000,76.78,76.987,76.35,76.7257,1577,0
MKC-V.US,60,20250102,210000,75.76,75.76,75.76,75.76,100,0
MKC-V.US,60,20250102,220000,75.67,76.24,75.67,75.85,932,0
MKC-V.US,60,20250103,170000,75.85,76.25,75.85,76.25,300,0
MKC-V.US,60,20250103,210000,76.1535,76.1535,76.1535,76.1535,250,0
MKC-V.US,60,20250103,220000,76.035,76.035,76.035,76.035,100,0
MKC-V.US,60,20250106,160000,74.53,74.53,74.53,74.53,100,0
MKC-V.US,60,20250107,170000,75,75,74.4629,74.4629,260,0
MKC-V.US,60,20250107,200000,74.4,74.4,74.4,74.4,100,0
MKC-V.US,60,20250108,160000,74.45,74.45,74.45,74.45,100,0
MKC-V.US,60,20250108,190000,73.824,73.824,73.824,73.824,100,0
MKC-V.US,60,20250108,220000,75.12,75.12,75.12,75.12,100,0
MKC-V.US,60,20250110,160000,73.67,73.67,73.67,73.67,168,0
MKC-V.US,60,20250110,170000,74.8499,74.8499,74.8499,74.8499,119,0
MKC-V.US,60,20250110,190000,72.42,72.42,72.3,72.3,521,0
MKC-V.US,60,20250113,160000,74.2751,74.2751,74.2751,74.2751,115,0
MKC-V.US,60,20250113,170000,71.534,71.534,70.8119,70.8119,371,0
MKC-V.US,60,20250113,180000,71.24,71.24,71.24,71.24,100,0
MKC-V.US,60,20250113,190000,71.41,71.41,71.41,71.41,195,0
MKC-V.US,60,20250113,220000,70.5038,71.51,70.5038,71.5,523,0
MKC-V.US,60,20250114,160000,71.45,71.45,71.01,71.01,200,0
MKC-V.US,60,20250114,170000,71.5,71.5,71.5,71.5,159,0
MKC-V.US,60,20250114,210000,71.2,71.2,71.2,71.2,115,0
MKC-V.US,60,20250115,180000,71.35,71.4,70.72,70.72,967,0
MKC-V.US,60,20250116,210000,71.4611,73.14,71.4611,73.14,439,0
MKC-V.US,60,20250117,160000,73.15,74.14,73.15,74.14,2030,0
MKC-V.US,60,20250117,180000,72.9906,72.9906,72.9906,72.9906,150,0
MKC-V.US,60,20250117,220000,72.76,73.23,72.7301,73.23,400,0
MKC-V.US,60,20250121,160000,72.98,72.98,72.4,72.98,312,0
MKC-V.US,60,20250121,170000,74.12,74.17,73.645,73.645,9110,0
MKC-V.US,60,20250121,180000,74.4,74.75,74.4,74.75,673,0
MKC-V.US,60,20250121,190000,74.6703,74.6703,74.6703,74.6703,100,0
MKC-V.US,60,20250121,220000,74.64,74.64,74.64,74.64,100,0
MKC-V.US,60,20250122,160000,73.7,73.7,73.7,73.7,200,0
MKC-V.US,60,20250122,190000,73.26,73.56,73.26,73.56,956,0
MKC-V.US,60,20250122,210000,73.44,73.44,73.44,73.44,200,0
MKC-V.US,60,20250123,160000,74,75.78,74,75.62,1350,0
MKC-V.US,60,20250123,170000,73.845,74.33,73.845,74.3,632,0
MKC-V.US,60,20250123,180000,74.89,74.89,74.88,74.88,200,0
MKC-V.US,60,20250123,200000,74.8,74.8,74.8,74.8,100,0
MKC-V.US,60,20250123,210000,74.62,74.62,74.5,74.5,1191,0
MKC-V.US,60,20250123,220000,74.5,74.5,74.5,74.5,100,0
MKC-V.US,60,20250124,160000,73.72,74.5,73.72,74.5,228,0
MKC-V.US,60,20250124,180000,74.57,75,74.57,75,800,0
MKC-V.US,60,20250124,190000,74.75,74.75,74.75,74.75,2139,0
MKC-V.US,60,20250124,200000,75,75.03,75,75.03,200,0
MKC-V.US,60,20250124,220000,74.9757,74.9757,74.89,74.91,829,0
MKC-V.US,60,20250127,160000,76,76,76,76,2069,0
MKC-V.US,60,20250127,170000,76.59,76.59,76.59,76.59,100,0
MKC-V.US,60,20250127,180000,76.42,76.42,76,76,2836,0
MKC-V.US,60,20250127,190000,76.328,76.82,76.328,76.82,318,0
MKC-V.US,60,20250127,220000,77.2,77.2,77.04,77.04,253,0
MKC-V.US,60,20250128,160000,76.1,76.1,76.1,76.1,100,0
MKC-V.US,60,20250128,170000,77.6,77.73,77.6,77.73,899,0
MKC-V.US,60,20250128,180000,76.9,76.9,76.9,76.9,136,0
MKC-V.US,60,20250128,190000,77,77.2583,76.9,77.2583,811,0
MKC-V.US,60,20250128,200000,77.2246,77.2246,77.2246,77.2246,210,0
MKC-V.US,60,20250128,210000,76.78,76.78,76.78,76.78,100,0
MKC-V.US,60,20250128,220000,77.025,77.78,77.025,77.78,213,0
MKC-V.US,60,20250129,160000,77.16,77.16,77.16,77.16,200,0
MKC-V.US,60,20250129,170000,76.32,76.8,76.32,76.8,400,0
MKC-V.US,60,20250129,190000,76.62,76.62,76.62,76.62,368,0
MKC-V.US,60,20250129,220000,76.6923,76.6923,76.6923,76.6923,103,0
MKC-V.US,60,20250131,170000,77.74,77.74,77.74,77.74,140,0
MKC-V.US,60,20250131,180000,77.03,77.03,77.03,77.03,150,0
MKC-V.US,60,20250131,200000,77.61,77.61,77.61,77.61,100,0
MKC-V.US,60,20250131,210000,77.14,77.14,77.14,77.14,140,0
MKC-V.US,60,20250131,220000,77.03,77.03,77.03,77.03,100,0
MKC-V.US,60,20250203,200000,78.12,78.12,77.7,77.7,400,0
MKC-V.US,60,20250203,220000,78.275,78.29,78.275,78.29,200,0
MKC-V.US,60,20250204,190000,77.5165,77.5165,77.5165,77.5165,319,0
MKC-V.US,60,20250204,200000,76.6353,76.6353,76.6353,76.6353,131,0
MKC-V.US,60,20250205,180000,76.4,76.4,76.4,76.4,100,0
MKC-V.US,60,20250205,190000,76.07,76.07,76.07,76.07,100,0
MKC-V.US,60,20250205,200000,76.03,76.03,76.0015,76.0015,425,0
MKC-V.US,60,20250206,160000,76.7,76.7,76.33,76.34,632,0
MKC-V.US,60,20250207,220000,77.83,78.18,77.83,78.18,362,0
MKC-V.US,60,20250210,190000,77.1,77.1,77.1,77.1,100,0
MKC-V.US,60,20250210,210000,76.93,76.93,76.93,76.93,100,0
MKC-V.US,60,20250210,220000,76.93,76.93,76.55,76.55,300,0
MKC-V.US,60,20250211,160000,76,76.07,75.55,75.55,1709,0
MKC-V.US,60,20250211,170000,75.8283,75.98,75.145,75.91,7398,0
MKC-V.US,60,20250211,180000,75.92,76.19,75.92,76.19,418,0
MKC-V.US,60,20250211,210000,76.71,76.99,76.51,76.99,800,0
MKC-V.US,60,20250211,220000,76.995,77.2,76.995,77.2,783,0
MKC-V.US,60,20250212,160000,76.6068,76.6068,75.85,75.9,1283,0
MKC-V.US,60,20250212,190000,76.4259,76.4259,76.4259,76.4259,100,0
MKC-V.US,60,20250213,160000,76.4,76.4,76.4,76.4,139,0
MKC-V.US,60,20250213,190000,77.05,77.05,77.05,77.05,352,0
MKC-V.US,60,20250213,220000,77.14,77.46,77.14,77.45,2925,0
MKC-V.US,60,20250214,170000,77.1,77.1,76.99,76.99,300,0
MKC-V.US,60,20250214,180000,77.05,77.095,76.99,76.99,700,0
MKC-V.US,60,20250214,190000,77.745,77.745,76.715,76.74,800,0
MKC-V.US,60,20250214,200000,76.745,76.785,76.74,76.765,700,0
MKC-V.US,60,20250214,210000,76.77,76.77,76.73,76.735,800,0
MKC-V.US,60,20250214,220000,76.715,77.19,76.69,76.69,2000,0
MKC-V.US,60,20250218,190000,76.27,76.27,76.16,76.19,1260,0
MKC-V.US,60,20250218,200000,75.94,75.952,75.92,75.95,800,0
MKC-V.US,60,20250218,220000,75.4501,75.4501,75.4501,75.4501,123,0
MKC-V.US,60,20250219,170000,76.49,76.49,76.49,76.49,200,0
MKC-V.US,60,20250219,190000,77.21,77.21,77.21,77.21,200,0
MKC-V.US,60,20250219,220000,78.06,78.08,77.82,77.91,5543,0
MKC-V.US,60,20250220,170000,77.965,79,77.965,79,1221,0
MKC-V.US,60,20250220,200000,79.02,79.05,79.02,79.05,500,0
MKC-V.US,60,20250220,220000,78.68,78.68,78.68,78.68,330,0
MKC-V.US,60,20250221,160000,79.025,79.025,79.025,79.025,150,0
MKC-V.US,60,20250221,170000,78.5945,79.24,78.5945,79.24,362,0
MKC-V.US,60,20250221,180000,79.95,80,79.95,80,1750,0
MKC-V.US,60,20250221,190000,79.76,79.76,79.76,79.76,500,0
MKC-V.US,60,20250221,200000,80.2456,80.2456,80.2456,80.2456,112,0
MKC-V.US,60,20250224,160000,80.24,80.765,80.01,80.01,1472,0
MKC-V.US,60,20250224,170000,82,82,81.2801,81.2801,500,0
MKC-V.US,60,20250224,180000,81.41,81.69,81.41,81.69,629,0
MKC-V.US,60,20250224,200000,81.4789,81.4789,81.4789,81.4789,544,0
MKC-V.US,60,20250224,210000,81.1489,81.1776,80.98,80.98,422,0
MKC-V.US,60,20250224,220000,81.15,81.16,81.15,81.16,300,0
MKC-V.US,60,20250225,170000,82.79,83,82.78,83,1405,0
MKC-V.US,60,20250225,180000,82.86,82.9,82.0333,82.8,1041,0
MKC-V.US,60,20250225,200000,82.65,82.65,82.65,82.65,999,0
MKC-V.US,60,20250225,220000,82.6,82.6,82.44,82.44,300,0
MKC-V.US,60,20250226,160000,81.92,81.92,81.92,81.92,470,0
MKC-V.US,60,20250226,190000,79.75,81.06,79.75,81.06,590,0
MKC-V.US,60,20250226,200000,79.57,79.57,79.57,79.57,100,0
MKC-V.US,60,20250226,210000,79.4565,80.1,79.4565,80.1,670,0
MKC-V.US,60,20250226,220000,79.845,80.17,79.83,79.85,1273,0
MKC-V.US,60,20250227,160000,79.89,79.89,79.88,79.88,366,0
MKC-V.US,60,20250227,170000,80.35,80.51,80.35,80.51,200,0
MKC-V.US,60,20250227,180000,80.85,80.87,80.85,80.85,1800,0
MKC-V.US,60,20250227,190000,80.82,81,80.82,81,2367,0
MKC-V.US,60,20250227,220000,81.32,81.67,81.32,81.67,2994,0
MKC-V.US,60,20250228,170000,81.58,81.58,81.54,81.54,353,0
MKC-V.US,60,20250228,210000,82.12,82.41,82.12,82.41,200,0
MKC-V.US,60,20250303,160000,82.9,82.9,82.9,82.9,265,0
MKC-V.US,60,20250303,180000,83.69,83.7,83.69,83.7,200,0
MKC-V.US,60,20250303,190000,84.25,84.29,84.03,84.29,2130,0
MKC-V.US,60,20250303,200000,84.09,84.09,84.09,84.09,100,0
MKC-V.US,60,20250303,210000,84.09,84.09,84.09,84.09,137,0
MKC-V.US,60,20250303,220000,84.4,84.4,84.4,84.4,250,0
MKC-V.US,60,20250304,160000,84.18,85.5,84.18,85.5,836,0
MKC-V.US,60,20250304,170000,84.775,84.88,84.775,84.88,384,0
MKC-V.US,60,20250304,180000,84.26,84.26,84.26,84.26,100,0
MKC-V.US,60,20250304,190000,84,84.2653,83.795,83.795,1776,0
MKC-V.US,60,20250304,210000,83.01,83.01,83.01,83.01,200,0
MKC-V.US,60,20250304,220000,83.1854,83.1854,82.67,82.72,611,0
MKC-V.US,60,20250305,180000,83.56,83.56,83.56,83.56,200,0
MKC-V.US,60,20250305,200000,82.5044,82.5044,82.5044,82.5044,1235,0
MKC-V.US,60,20250305,210000,82.67,83.01,82.67,82.93,627,0
MKC-V.US,60,20250305,220000,82.93,83.2399,82.74,83.215,2778,0
MKC-V.US,60,20250306,160000,82.56,82.56,82.35,82.35,300,0
MKC-V.US,60,20250306,170000,81.965,81.97,81.965,81.97,200,0
MKC-V.US,60,20250306,180000,82.54,82.54,82.54,82.54,100,0
MKC-V.US,60,20250306,210000,81.5,81.5,81.28,81.305,1449,0
MKC-V.US,60,20250306,220000,82.02,82.02,82.01,82.01,200,0
MKC-V.US,60,20250307,180000,83.21,83.55,83.21,83.55,425,0
MKC-V.US,60,20250307,190000,83.0516,83.0516,83.0516,83.0516,100,0
MKC-V.US,60,20250310,150000,83.38,83.38,83.38,83.38,103,0
MKC-V.US,60,20250310,160000,84.84,85,84.84,85,1407,0
MKC-V.US,60,20250310,210000,84.46,84.5,84.46,84.5,2868,0
MKC-V.US,60,20250311,150000,83.25,83.25,83.25,83.25,100,0
MKC-V.US,60,20250311,160000,83.24,83.25,83.24,83.25,300,0
MKC-V.US,60,20250311,170000,83.07,83.2,83.07,83.15,400,0
MKC-V.US,60,20250311,190000,83.0216,83.0216,83.0216,83.0216,290,0
MKC-V.US,60,20250311,200000,83.08,84.3,83.08,84.3,2099,0
MKC-V.US,60,20250311,210000,83.84,83.84,83.43,83.8,891,0
MKC-V.US,60,20250312,150000,82.95,82.95,82.95,82.95,195,0
MKC-V.US,60,20250312,190000,81.0899,81.0899,81.0899,81.0899,140,0
MKC-V.US,60,20250313,150000,80.73,81.733,80.22,81.2443,2196,0
MKC-V.US,60,20250313,170000,80.36,80.36,80.36,80.36,200,0
MKC-V.US,60,20250313,180000,80.63,80.63,80.62,80.62,200,0
MKC-V.US,60,20250313,200000,80.409,80.86,80.4,80.86,1120,0
MKC-V.US,60,20250314,160000,79.98,79.98,79.98,79.98,200,0
MKC-V.US,60,20250314,200000,79.71,79.725,79.63,79.725,1902,0
MKC-V.US,60,20250314,210000,79.78,79.78,79.617,79.617,3032,0
MKC-V.US,60,20250317,170000,81.3,81.3,81.3,81.3,100,0
MKC-V.US,60,20250317,180000,81.375,81.375,81.375,81.375,100,0
MKC-V.US,60,20250317,190000,81.93,81.93,81.93,81.93,100,0
MKC-V.US,60,20250317,200000,81.9,81.9,81.9,81.9,167,0
MKC-V.US,60,20250318,190000,81.5,81.5,81.5,81.5,100,0
MKC-V.US,60,20250319,170000,80,80.01,80,80,1150,0
MKC-V.US,60,20250319,210000,81.37,81.37,81.37,81.37,100,0
MKC-V.US,60,20250320,200000,80.56,80.56,80.56,80.56,186,0
MKC-V.US,60,20250320,210000,80.56,80.56,79.7001,79.7001,408,0
MKC-V.US,60,20250321,190000,79.82,80.8,79.82,80.8,914,0
MKC-V.US,60,20250321,200000,80.42,80.42,80.42,80.42,200,0
MKC-V.US,60,20250324,160000,79.71,79.7101,79.68,79.7101,400,0
MKC-V.US,60,20250324,190000,79.66,79.66,79.62,79.62,206,0
MKC-V.US,60,20250324,200000,79.9,80.59,79.6,80.59,1300,0
MKC-V.US,60,20250324,210000,80.5326,80.5326,80.14,80.34,1255,0
MKC-V.US,60,20250325,150000,77.9,77.9,77.9,77.9,100,0
MKC-V.US,60,20250325,170000,80.28,80.28,80.28,80.28,100,0
MKC-V.US,60,20250325,180000,80.25,80.33,80,80.33,2842,0
MKC-V.US,60,20250325,190000,80.95,81,80.95,81,1300,0
MKC-V.US,60,20250325,210000,80.03,80.03,80.03,80.03,150,0
MKC-V.US,60,20250326,150000,80.94,80.94,80.94,80.94,269,0
MKC-V.US,60,20250326,160000,80.51,80.51,80.01,80.01,200,0
MKC-V.US,60,20250326,180000,79.75,80.158,79.75,80.158,1100,0
MKC-V.US,60,20250326,200000,80.56,80.6,80.26,80.59,2800,0
MKC-V.US,60,20250326,210000,80.55,80.81,80.55,80.8,559,0
MKC-V.US,60,20250327,160000,80.4,81.07,80.4,81.07,392,0
MKC-V.US,60,20250327,170000,81.22,81.75,81.22,81.75,1195,0
MKC-V.US,60,20250327,180000,81.5,81.65,81.5,81.62,553,0
MKC-V.US,60,20250327,190000,81.69,81.69,81.616,81.616,779,0
MKC-V.US,60,20250327,210000,81.74,81.74,81.5,81.5,1071,0
MKC-V.US,60,20250328,150000,81.99,81.99,81.99,81.99,101,0
MKC-V.US,60,20250328,170000,81.31,81.5,81.27,81.27,843,0
MKC-V.US,60,20250331,160000,82,82,82,82,101,0
MKC-V.US,60,20250331,170000,82.53,82.53,82.53,82.53,130,0
MKC-V.US,60,20250331,210000,81.5176,82.2267,81.5176,82.05,1082,0
MKC-V.US,60,20250401,160000,81.1,81.47,81.1,81.47,870,0
MKC-V.US,60,20250401,180000,82.05,82.05,82.05,82.05,200,0
MKC-V.US,60,20250401,210000,81.51,81.5401,81.51,81.5401,302,0
MKC-V.US,60,20250401,220000,81.83,82.2,81.72,82.01,2922,0
MKC-V.US,60,20250402,180000,82.38,82.38,82.38,82.38,100,0
MKC-V.US,60,20250402,190000,81.7,81.71,81.7,81.71,323,0
MKC-V.US,60,20250402,210000,81.925,81.925,81.925,81.925,103,0
MKC-V.US,60,20250402,220000,80.88,80.88,80.88,80.88,197,0
MKC-V.US,60,20250403,180000,81.88,82.01,81.88,82.01,400,0
MKC-V.US,60,20250403,210000,80.8,81.3,80.6301,81.3,1916,0
MKC-V.US,60,20250404,220000,80.3401,80.3401,76.52,76.52,285,0
MKC-V.US,60,20250407,170000,76.02,76.02,76.02,76.02,500,0
MKC-V.US,60,20250407,180000,74.425,74.425,74.425,74.425,182,0
MKC-V.US,60,20250407,190000,73.76,73.76,73.76,73.76,182,0
MKC-V.US,60,20250407,200000,75.01,75.01,75.01,75.01,100,0
MKC-V.US,60,20250407,220000,74.25,74.25,74.14,74.14,300,0
MKC-V.US,60,20250408,200000,73.2711,73.2711,73.2711,73.2711,100,0
MKC-V.US,60,20250408,220000,73.115,73.115,71.89,72.27,763,0
MKC-V.US,60,20250409,180000,71.84,71.84,71.76,71.76,210,0
MKC-V.US,60,20250409,190000,71.87,71.87,71.87,71.87,100,0
MKC-V.US,60,20250409,200000,72.69,72.82,72.69,72.8,1525,0
MKC-V.US,60,20250409,210000,75.2396,75.2396,75.2396,75.2396,234,0
MKC-V.US,60,20250409,220000,76.12,76.12,76.12,76.12,364,0
MKC-V.US,60,20250410,190000,75.01,75.01,74.44,74.685,500,0
MKC-V.US,60,20250410,220000,75.19,75.23,75.19,75.23,403,0
MKC-V.US,60,20250411,180000,74.47,75.12,74.47,75.12,300,0
MKC-V.US,60,20250411,190000,75.37,75.38,75.37,75.38,600,0
MKC-V.US,60,20250411,200000,76.52,76.54,76.52,76.54,200,0
MKC-V.US,60,20250411,210000,76.6848,76.6848,76.6848,76.6848,100,0
MKC-V.US,60,20250411,220000,76.085,76.085,75.61,75.61,335,0
MKC-V.US,60,20250414,170000,76.46,77.09,76.46,77.09,200,0
MKC-V.US,60,20250414,180000,76.82,76.82,76.82,76.82,552,0
MKC-V.US,60,20250414,210000,76.93,76.93,76.93,76.93,121,0
MKC-V.US,60,20250414,220000,77.1,78.08,77.1,78.08,283,0
MKC-V.US,60,20250415,170000,77.51,77.51,77.51,77.51,100,0
MKC-V.US,60,20250415,210000,75.32,75.32,75.32,75.32,100,0
MKC-V.US,60,20250415,220000,74.72,74.72,74.72,74.72,208,0
MKC-V.US,60,20250416,180000,74.61,74.61,74.5,74.5,965,0
MKC-V.US,60,20250416,200000,74.01,74.01,74.01,74.01,137,0
MKC-V.US,60,20250416,210000,73.2901,73.3101,73.2901,73.3101,598,0
MKC-V.US,60,20250416,220000,73.34,73.58,72.7752,73.58,471,0
MKC-V.US,60,20250417,160000,73.89,73.89,73.89,73.89,147,0
MKC-V.US,60,20250421,170000,75.8632,75.8632,75.12,75.12,329,0
MKC-V.US,60,20250421,200000,74.41,74.41,74.41,74.41,100,0
MKC-V.US,60,20250421,210000,73.87,73.87,73.87,73.87,100,0
MKC-V.US,60,20250422,170000,75.08,75.08,75.08,75.08,200,0
MKC-V.US,60,20250422,180000,75.69,75.69,75.69,75.69,100,0
MKC-V.US,60,20250422,210000,75.15,75.15,75.15,75.15,100,0
MKC-V.US,60,20250423,170000,77,77,77,77,100,0
MKC-V.US,60,20250423,180000,76.22,76.22,76.22,76.22,100,0
MKC-V.US,60,20250423,210000,75.69,75.69,75.63,75.63,1912,0
MKC-V.US,60,20250423,220000,76.28,76.78,76.28,76.78,418,0
MKC-V.US,60,20250424,170000,75.68,75.68,75.68,75.68,200,0
MKC-V.US,60,20250424,180000,75.78,75.78,75.75,75.76,600,0
MKC-V.US,60,20250424,220000,75.1,75.1,75.04,75.07,2672,0
MKC-V.US,60,20250425,190000,74.77,74.77,74.77,74.77,100,0
MKC-V.US,60,20250425,200000,74.3,74.4,74.2,74.2,5955,0
MKC-V.US,60,20250425,220000,74.59,74.6,74.59,74.6,200,0
MKC-V.US,60,20250428,170000,73.72,74.4962,73.72,74.4962,239,0
MKC-V.US,60,20250428,190000,75.05,75.05,75.05,75.05,1844,0
MKC-V.US,60,20250428,220000,74.486,74.486,74.486,74.486,200,0
MKC-V.US,60,20250429,170000,74.34,74.34,74.34,74.34,100,0
MKC-V.US,60,20250429,180000,74.2702,74.2702,74.2702,74.2702,100,0
MKC-V.US,60,20250429,190000,75.31,75.31,75.31,75.31,200,0
MKC-V.US,60,20250429,200000,75.2085,75.2085,75.2085,75.2085,100,0
MKC-V.US,60,20250429,210000,75.265,75.96,75.265,75.96,200,0
MKC-V.US,60,20250429,220000,75.75,75.9,75.75,75.9,310,0
MKC-V.US,60,20250430,180000,75.3383,75.3383,75.3383,75.3383,100,0
MKC-V.US,60,20250430,190000,76.485,76.485,76.485,76.485,100,0
MKC-V.US,60,20250430,200000,76.56,76.56,76.56,76.56,100,0
MKC-V.US,60,20250430,210000,76.69,76.69,76.69,76.69,100,0
MKC-V.US,60,20250501,170000,75,75,74.8001,74.8001,332,0
MKC-V.US,60,20250501,180000,75.25,75.35,75.2494,75.34,1458,0
MKC-V.US,60,20250501,200000,75.22,75.22,75.22,75.22,300,0
MKC-V.US,60,20250502,180000,74.8201,74.8201,74.8201,74.8201,100,0
MKC-V.US,60,20250502,200000,75.695,75.695,75.56,75.56,200,0
MKC-V.US,60,20250502,210000,75.835,75.835,75.1441,75.1441,4122,0
MKC-V.US,60,20250502,220000,75.835,75.86,75.835,75.86,1000,0
MKC-V.US,60,20250505,160000,75.86,75.86,75.86,75.86,100,0
MKC-V.US,60,20250505,170000,75.7999,75.7999,75.1297,75.75,484,0
MKC-V.US,60,20250505,180000,75.8,75.8,75.8,75.8,100,0
MKC-V.US,60,20250505,190000,76.035,76.035,75.4,75.4,200,0
MKC-V.US,60,20250506,170000,74.8,74.8,74.8,74.8,100,0
MKC-V.US,60,20250506,190000,74.74,74.74,74.74,74.74,200,0
MKC-V.US,60,20250506,220000,74.39,74.57,74.39,74.54,4854,0
MKC-V.US,60,20250507,190000,74.66,74.66,74.66,74.66,100,0
MKC-V.US,60,20250507,220000,75.4,76.07,75.4,76.07,777,0
MKC-V.US,60,20250508,170000,76,76,76,76,102,0
MKC-V.US,60,20250508,180000,76.41,76.55,76.41,76.55,200,0
MKC-V.US,60,20250508,190000,77.16,77.16,77.16,77.16,100,0
MKC-V.US,60,20250508,200000,76.74,76.74,76.5,76.74,536,0
MKC-V.US,60,20250508,210000,76.51,76.51,76.51,76.51,228,0
MKC-V.US,60,20250508,220000,76.74,76.74,76.74,76.74,203,0
MKC-V.US,60,20250509,160000,76.17,76.637,76.17,76.637,336,0
MKC-V.US,60,20250512,190000,75.73,77.06,75.73,77.06,260,0
MKC-V.US,60,20250512,210000,76.09,76.09,76.09,76.09,100,0
MKC-V.US,60,20250512,220000,76,76.35,76,76.2,1919,0
MKC-V.US,60,20250513,200000,74.8,74.8,74.8,74.8,100,0
MKC-V.US,60,20250513,220000,75.05,75.5,75.05,75.5,568,0
MKC-V.US,60,20250514,200000,73.2775,73.2775,73.2775,73.2775,149,0
MKC-V.US,60,20250515,190000,74.3,74.3,74.3,74.3,118,0
MKC-V.US,60,20250515,210000,73.7217,73.7217,73.7217,73.7217,140,0
MKC-V.US,60,20250515,220000,74.29,74.61,74.08,74.57,2700,0
MKC-V.US,60,20250519,170000,73.9229,74.55,73.68,74.33,2000,0
MKC-V.US,60,20250519,180000,74.5,74.5,73.6701,73.6701,3615,0
MKC-V.US,60,20250519,190000,73.9249,74.17,73.6876,73.6876,1500,0
MKC-V.US,60,20250519,200000,74.275,74.3,74.25,74.3,500,0
MKC-V.US,60,20250520,220000,74.34,74.62,73.85,73.85,1208,0
MKC-V.US,60,20250521,170000,73.17,73.17,73.17,73.17,100,0
MKC-V.US,60,20250521,180000,72.865,73.02,72.865,73.02,250,0
MKC-V.US,60,20250521,210000,72.4498,72.4498,72.4219,72.4219,420,0
MKC-V.US,60,20250521,220000,72.32,72.56,71.8,72.5,925,0
MKC-V.US,60,20250522,160000,71.54,71.54,71.09,71.09,280,0
MKC-V.US,60,20250522,190000,71.2,71.2,71.2,71.2,100,0
MKC-V.US,60,20250523,170000,70.0836,70.0836,70.0836,70.0836,140,0
MKC-V.US,60,20250523,210000,70.1912,71.17,70.1912,71.17,1046,0
MKC-V.US,60,20250523,220000,71.24,71.24,70.91,71.09,785,0
MKC-V.US,60,20250527,160000,70.955,71.5,70.725,71.5,5394,0
MKC-V.US,60,20250527,170000,71,71.33,70.55,71.33,1700,0
MKC-V.US,60,20250527,180000,71.22,71.22,71.22,71.22,100,0
MKC-V.US,60,20250527,190000,71.27,71.27,71.27,71.27,100,0
MKC-V.US,60,20250527,200000,71.35,71.35,71.35,71.35,100,0
MKC-V.US,60,20250527,220000,71.44,71.55,71.425,71.55,1819,0
MKC-V.US,60,20250528,170000,71.9,71.9,71.9,71.9,210,0
MKC-V.US,60,20250528,180000,70.8723,70.8723,70.8723,70.8723,100,0
MKC-V.US,60,20250528,200000,71.43,71.43,71.43,71.43,500,0
MKC-V.US,60,20250528,210000,71.2,71.21,71.2,71.21,202,0
MKC-V.US,60,20250528,220000,71.165,71.1699,71.165,71.1699,400,0
MKC-V.US,60,20250529,180000,71.75,71.75,71.4,71.4,2700,0
MKC-V.US,60,20250529,200000,72.11,72.11,71.89,72,1383,0
MKC-V.US,60,20250529,210000,72.19,72.19,72.09,72.1618,3279,0
MKC-V.US,60,20250529,220000,72.16,72.19,72.16,72.18,760,0
MKC-V.US,60,20250530,180000,72.2075,72.3423,72.2075,72.3423,309,0
MKC-V.US,60,20250602,190000,72.09,72.77,72.09,72.77,893,0
MKC-V.US,60,20250602,210000,73.1,73.1,72.91,72.91,704,0
MKC-V.US,60,20250602,220000,72.97,73.28,72.635,73.28,5400,0
MKC-V.US,60,20250604,180000,73.655,73.655,73.24,73.24,454,0
MKC-V.US,60,20250604,220000,73.1371,73.1371,73.1371,73.1371,154,0
MKC-V.US,60,20250605,210000,72.8,72.8,72.8,72.8,598,0
MKC-V.US,60,20250606,190000,73.09,73.09,73.09,73.09,102,0
MKC-V.US,60,20250606,220000,73.875,74.01,73.875,74.01,970,0
MKC-V.US,60,20250609,160000,73.89,73.89,73.89,73.89,113,0
MKC-V.US,60,20250609,180000,74.36,74.36,74.36,74.36,100,0
MKC-V.US,60,20250609,190000,74.5282,74.5282,74.5282,74.5282,200,0
MKC-V.US,60,20250609,200000,74.63,74.72,74.63,74.72,268,0
MKC-V.US,60,20250609,210000,75.31,75.31,75.31,75.31,100,0
MKC-V.US,60,20250609,220000,75.315,75.315,74.9,75.1,819,0
MKC-V.US,60,20250610,180000,75.82,75.8438,75.3594,75.56,4700,0
MKC-V.US,60,20250610,210000,75.7,75.7,75.375,75.375,1612,0
MKC-V.US,60,20250610,220000,75.19,75.27,75.19,75.27,210,0
MKC-V.US,60,20250611,180000,75.59,75.59,75.59,75.59,100,0
MKC-V.US,60,20250611,220000,75.1,75.3,74.857,75.3,8820,0
MKC-V.US,60,20250612,170000,75.4,75.4,75.4,75.4,105,0
MKC-V.US,60,20250612,180000,75.4,75.4,75.4,75.4,200,0
MKC-V.US,60,20250612,190000,75.435,75.435,75.435,75.435,232,0
MKC-V.US,60,20250612,210000,75.35,75.35,75.35,75.35,123,0
MKC-V.US,60,20250612,220000,76.1,76.1,75.6,75.68,5875,0
MKC-V.US,60,20250613,200000,74.75,74.75,74.75,74.75,3048,0
MKC-V.US,60,20250613,210000,74.435,74.435,74.435,74.435,238,0
MKC-V.US,60,20250613,220000,73.875,74.11,73,73.15,1945,0
MKC-V.US,60,20250616,180000,73.98,73.98,73.47,73.47,1072,0
MKC-V.US,60,20250616,200000,73.43,73.43,73.43,73.43,100,0
MKC-V.US,60,20250616,210000,73.94,73.95,73.94,73.94,396,0
MKC-V.US,60,20250617,220000,73.27,73.27,72.88,72.88,438,0
MKC-V.US,60,20250618,170000,73.05,73.05,73.05,73.05,100,0
MKC-V.US,60,20250618,190000,72.4174,72.4174,72.4174,72.4174,200,0
MKC-V.US,60,20250620,160000,73.16,73.26,73.06,73.06,300,0
MKC-V.US,60,20250620,170000,73.8545,73.8545,73.8545,73.8545,100,0
MKC-V.US,60,20250620,210000,73.44,73.44,73.44,73.44,202,0
MKC-V.US,60,20250620,220000,73.4257,73.439,73.4257,73.439,211,0
MKC-V.US,60,20250623,200000,73.18,74,73.18,74,603,0
MKC-V.US,60,20250623,210000,73.69,73.69,73.69,73.69,115,0
MKC-V.US,60,20250623,220000,73.89,74.71,73.89,74.71,1733,0
MKC-V.US,60,20250624,200000,74.39,74.39,74.39,74.39,136,0
MKC-V.US,60,20250624,220000,74.61,74.725,74.44,74.44,718,0
MKC-V.US,60,20250625,170000,74.36,74.36,74.36,74.36,100,0
MKC-V.US,60,20250625,210000,73.41,73.41,73.41,73.41,100,0
MKC-V.US,60,20250626,160000,77,77,77,77,199,0
MKC-V.US,60,20250626,170000,77.25,77.25,77.25,77.25,100,0
MKC-V.US,60,20250626,200000,77.42,77.42,77.42,77.42,200,0
MKC-V.US,60,20250626,210000,77.08,77.25,77.035,77.0351,807,0
MKC-V.US,60,20250626,220000,77.6505,77.6505,77.6505,77.6505,100,0
MKC-V.US,60,20250627,160000,77.01,77.01,76.65,76.65,300,0
MKC-V.US,60,20250627,200000,76.2,76.2,76.2,76.2,100,0
MKC-V.US,60,20250630,220000,76.79,76.79,75.35,75.5094,2614,0
MKC-V.US,60,20250701,160000,75.5,75.5,75.5,75.5,100,0
MKC-V.US,60,20250701,180000,77.49,77.49,77.49,77.49,100,0
MKC-V.US,60,20250701,220000,77.31,77.31,77.31,77.31,100,0
MKC-V.US,60,20250702,160000,77.2,77.2,77.2,77.2,450,0
MKC-V.US,60,20250702,180000,76.23,76.23,76.23,76.23,100,0
MKC-V.US,60,20250702,190000,76.15,76.15,76.15,76.15,2500,0
MKC-V.US,60,20250702,200000,75.705,75.705,75.705,75.705,100,0
MKC-V.US,60,20250703,180000,74.7445,75.575,74.7445,75.575,232,0
MKC-V.US,60,20250707,170000,73.9,73.9,73.61,73.61,300,0
MKC-V.US,60,20250707,210000,73.06,73.06,73.06,73.06,308,0
MKC-V.US,60,20250708,160000,72,72.47,72,72.47,200,0
MKC-V.US,60,20250708,170000,72.12,72.61,72.12,72.61,2066,0
MKC-V.US,60,20250708,190000,72.9,72.9,72.9,72.9,207,0
MKC-V.US,60,20250708,220000,72.705,73.13,72.55,72.55,437,0
MKC-V.US,60,20250709,180000,71.71,71.71,71.71,71.71,100,0
MKC-V.US,60,20250709,190000,72.12,72.12,72.12,72.12,100,0
MKC-V.US,60,20250709,200000,71.73,72.12,71.69,72.12,2404,0
MKC-V.US,60,20250709,210000,71.8,71.8,71.8,71.8,343,0
MKC-V.US,60,20250709,220000,72.15,72.15,72.15,72.15,200,0
MKC-V.US,60,20250710,180000,73.06,73.06,73.06,73.06,126,0
MKC-V.US,60,20250710,220000,72.7,72.7,72.7,72.7,204,0
MKC-V.US,60,20250711,180000,72.86,72.86,72.86,72.86,128,0
MKC-V.US,60,20250711,210000,72.87,72.87,72.87,72.87,369,0
MKC-V.US,60,20250711,220000,72.28,72.28,72.28,72.28,207,0
MKC-V.US,60,20250714,160000,71.25,71.25,71.25,71.25,145,0
MKC-V.US,60,20250714,180000,70.74,70.74,70.74,70.74,160,0
MKC-V.US,60,20250714,200000,71.38,71.38,71.38,71.38,102,0
MKC-V.US,60,20250715,160000,71.38,71.38,71.38,71.38,227,0
MKC-V.US,60,20250715,170000,71.17,71.17,71.17,71.17,427,0
MKC-V.US,60,20250715,210000,70.69,72.08,70.47,70.65,4703,0
MKC-V.US,60,20250715,220000,70.8895,70.8895,70.8895,70.8895,419,0
MKC-V.US,60,20250716,170000,70.78,70.78,70.78,70.78,100,0
MKC-V.US,60,20250716,190000,70.6705,70.6705,70.6705,70.6705,136,0
MKC-V.US,60,20250718,160000,72.7823,72.7823,71.29,71.29,333,0
MKC-V.US,60,20250718,170000,72.02,72.02,72.02,72.02,139,0
MKC-V.US,60,20250718,180000,71.93,71.93,71.93,71.93,166,0
MKC-V.US,60,20250718,210000,71.21,72.66,70.9601,71.48,17336,0
MKC-V.US,60,20250718,220000,71.56,71.56,71.56,71.56,300,0
MKC-V.US,60,20250721,170000,71.8773,71.8773,71.34,71.34,443,0
MKC-V.US,60,20250721,180000,70.94,71.01,70.4101,71.01,10205,0
MKC-V.US,60,20250721,190000,70.8604,70.8604,70.8604,70.8604,155,0
MKC-V.US,60,20250721,210000,70.92,70.92,70.92,70.92,100,0
MKC-V.US,60,20250721,220000,70.42,70.76,70.42,70.76,3276,0
MKC-V.US,60,20250722,180000,71.76,72.34,71.5819,72.34,1845,0
MKC-V.US,60,20250722,190000,72.1,72.1,72.1,72.1,100,0
MKC-V.US,60,20250722,210000,72.06,72.71,72.06,72.71,800,0
MKC-V.US,60,20250722,220000,72.2,72.43,72.2,72.43,450,0
MKC-V.US,60,20250724,160000,71.66,72.01,71.66,72.01,780,0
MKC-V.US,60,20250724,170000,72.27,72.27,72.27,72.27,105,0
MKC-V.US,60,20250724,190000,72.01,72.01,71.64,71.64,300,0
MKC-V.US,60,20250724,200000,71.64,71.64,71.54,71.64,300,0
MKC-V.US,60,20250725,180000,70.7809,70.7809,70.7809,70.7809,172,0
MKC-V.US,60,20250725,190000,71,71,71,71,400,0
MKC-V.US,60,20250725,210000,71.0595,71.0595,71.0595,71.0595,150,0
MKC-V.US,60,20250725,220000,71.6,71.6,71.6,71.6,100,0
MKC-V.US,60,20250728,180000,72.1385,72.54,72.1385,72.54,3100,0
MKC-V.US,60,20250730,170000,72.47,72.765,71.8828,71.8828,783,0
MKC-V.US,60,20250730,180000,72.2,72.48,72.01,72.48,940,0
MKC-V.US,60,20250730,190000,71.67,71.67,71.67,71.67,200,0
MKC-V.US,60,20250730,220000,71.955,71.955,71.33,71.33,403,0
MKC-V.US,60,20250731,180000,70.29,71.105,70.29,71.105,315,0
MKC-V.US,60,20250731,190000,71.03,71.03,70.89,70.89,2722,0
MKC-V.US,60,20250731,220000,70.75,70.76,70.73,70.74,2683,0
MKC-V.US,60,20250801,160000,70.4,70.8,70.4,70.8,1468,0
MKC-V.US,60,20250801,180000,70.2319,70.2319,70.2319,70.2319,305,0
MKC-V.US,60,20250801,220000,70.4731,70.4731,70.28,70.28,447,0
MKC-V.US,60,20250804,200000,70.1316,70.1316,69.611,69.95,2866,0
MKC-V.US,60,20250804,220000,70.31,70.38,70.2,70.36,2207,0
MKC-V.US,60,20250805,170000,69.99,69.99,69.99,69.99,100,0
MKC-V.US,60,20250805,200000,70.36,70.36,70.36,70.36,233,0
MKC-V.US,60,20250806,170000,69.03,69.1,69.03,69.1,845,0
MKC-V.US,60,20250806,180000,69.94,69.94,69.032,69.032,230,0
MKC-V.US,60,20250806,200000,69.4335,69.4335,69.4133,69.4133,760,0
MKC-V.US,60,20250806,220000,69.97,69.97,69.97,69.97,200,0
MKC-V.US,60,20250807,170000,69.31,69.31,69,69,700,0
MKC-V.US,60,20250807,190000,69.62,69.67,69.62,69.67,200,0
MKC-V.US,60,20250807,200000,69.65,70,69.65,70,1858,0
MKC-V.US,60,20250808,210000,70.06,70.49,70.06,70.49,2623,0
MKC-V.US,60,20250808,220000,70.5,70.5,70.5,70.5,328,0
MKC-V.US,60,20250811,170000,69.71,69.71,68.85,68.85,570,0
MKC-V.US,60,20250811,180000,69.4,69.4,69.4,69.4,200,0
MKC-V.US,60,20250811,200000,69.49,69.49,69.16,69.16,302,0
MKC-V.US,60,20250811,210000,69.9018,69.9018,69.9018,69.9018,177,0
MKC-V.US,60,20250811,220000,69.1501,69.1501,69.1501,69.1501,500,0
MKC-V.US,60,20250813,160000,69.22,69.22,69.22,69.22,100,0
MKC-V.US,60,20250813,170000,69.3,69.3,69.3,69.3,376,0
MKC-V.US,60,20250813,180000,69.86,69.87,69.86,69.87,200,0
MKC-V.US,60,20250813,190000,69.8916,70.61,69.8916,70.61,4231,0
MKC-V.US,60,20250814,220000,69.84,70.01,69.73,69.92,1044,0
MKC-V.US,60,20250818,160000,69.4,69.4,69.4,69.4,100,0
MKC-V.US,60,20250818,170000,68.84,68.84,68.84,68.84,100,0
MKC-V.US,60,20250818,220000,68.3,68.3,68.3,68.3,254,0
MKC-V.US,60,20250819,160000,69.884,69.884,69.884,69.884,200,0
MKC-V.US,60,20250819,190000,69.4365,69.4365,69.4365,69.4365,200,0
MKC-V.US,60,20250819,200000,68.975,68.975,68.975,68.975,100,0
MKC-V.US,60,20250821,180000,69.4,70.62,69.4,70.62,245,0
MKC-V.US,60,20250821,200000,70.95,70.95,70.95,70.95,100,0
MKC-V.US,60,20250821,210000,70.695,70.78,70.695,70.78,832,0
MKC-V.US,60,20250822,200000,71.98,71.98,71.98,71.98,1500,0
MKC-V.US,60,20250822,220000,72.21,72.26,72.21,72.25,4820,0
MKC-V.US,60,20250825,170000,70.48,70.48,70.48,70.48,100,0
MKC-V.US,60,20250825,220000,70.572,70.572,70.572,70.572,587,0
MKC-V.US,60,20250826,180000,70.49,70.49,70.49,70.49,100,0
MKC-V.US,60,20250826,190000,70.15,70.15,70.15,70.15,100,0
MKC-V.US,60,20250828,220000,70.19,70.19,69.99,69.99,949,0
MKC-V.US,60,20250829,160000,70,70.51,70,70.06,979,0
MKC-V.US,60,20250829,200000,70.2838,70.2838,70.28,70.28,646,0
MKC-V.US,60,20250829,220000,70.37,70.37,70.12,70.12,200,0
MKC-V.US,60,20250902,160000,70.12,70.12,70.12,70.12,100,0
MKC-V.US,60,20250902,200000,68.52,68.52,68.52,68.52,142,0
MKC-V.US,60,20250903,210000,69.31,69.31,69.31,69.31,100,0
MKC-V.US,60,20250903,220000,69.66,70.12,69.55,70.12,912,0
MKC-V.US,60,20250904,190000,69.91,71.04,69.24,71.04,509,0
MKC-V.US,60,20250904,220000,70.01,70.03,69.9,69.99,2519,0
MKC-V.US,60,20250905,160000,70.87,71.285,70.87,71.285,386,0
MKC-V.US,60,20250905,190000,71.1605,71.1605,71.1605,71.1605,100,0
MKC-V.US,60,20250908,170000,69.36,70.05,69.36,70.05,393,0
MKC-V.US,60,20250909,190000,69.53,69.53,69.53,69.53,729,0
MKC-V.US,60,20250909,220000,69.62,69.62,69.62,69.62,356,0
MKC-V.US,60,20250910,170000,68.38,68.38,68.38,68.38,100,0
MKC-V.US,60,20250910,200000,67.89,68.39,67.89,68.39,800,0
MKC-V.US,60,20250910,210000,68.49,68.5,68.49,68.5,220,0
MKC-V.US,60,20250911,170000,69.02,69.02,69.02,69.02,150,0
MKC-V.US,60,20250911,180000,69.25,69.25,69.25,69.25,100,0
MKC-V.US,60,20250911,200000,69.89,70.17,69.69,70.17,371,0
MKC-V.US,60,20250911,210000,70.16,70.17,69.644,69.89,1452,0
MKC-V.US,60,20250911,220000,69.84,69.8995,69.75,69.75,1200,0
MKC-V.US,60,20250912,180000,68.7,68.7,68.7,68.7,100,0
MKC-V.US,60,20250912,200000,68.66,68.66,68.66,68.66,134,0
MKC-V.US,60,20250912,210000,69.17,69.17,69.14,69.14,315,0
MKC-V.US,60,20250912,220000,68.93,68.93,68.75,68.79,4122,0
MKC-V.US,60,20250915,160000,68.53,68.53,68.53,68.53,100,0
MKC-V.US,60,20250915,180000,69.2454,69.2454,69.2454,69.2454,100,0
MKC-V.US,60,20250915,190000,67.28,67.28,67.275,67.275,1073,0
MKC-V.US,60,20250915,200000,67.3278,67.3301,67.3278,67.3301,400,0
MKC-V.US,60,20250915,210000,67,67,67,67,112,0
MKC-V.US,60,20250915,220000,66.41,66.41,65.84,65.84,400,0
MKC-V.US,60,20250917,160000,67.101,67.4148,67.101,67.4148,815,0
MKC-V.US,60,20250917,190000,67.39,67.39,67.39,67.39,100,0
MKC-V.US,60,20250917,210000,66.86,66.9,66.86,66.9,200,0
MKC-V.US,60,20250918,170000,66.61,66.61,66.61,66.61,100,0
MKC-V.US,60,20250918,210000,66.266,66.35,66.01,66.065,1981,0
MKC-V.US,60,20250919,160000,65.59,66.525,65.59,66.525,352,0
MKC-V.US,60,20250919,180000,66.1775,66.1775,66.1775,66.1775,146,0
MKC-V.US,60,20250919,190000,66.53,66.53,65.755,65.755,403,0
MKC-V.US,60,20250919,210000,65.8015,65.8015,65.8015,65.8015,500,0
MKC-V.US,60,20250922,160000,65.04,65.04,65.04,65.04,100,0
MKC-V.US,60,20250922,170000,64.04,64.04,64.04,64.04,100,0
MKC-V.US,60,20250922,190000,64.1478,64.25,63.94,64.01,760,0
MKC-V.US,60,20250922,210000,65.1078,65.15,65.04,65.15,386,0
MKC-V.US,60,20250922,220000,65.2,65.2,64.725,64.725,257,0
MKC-V.US,60,20250923,170000,64.5,64.5,64.5,64.5,300,0
MKC-V.US,60,20250923,190000,64.3,64.3873,64.3,64.3,1915,0
MKC-V.US,60,20250924,160000,64.07,64.07,64.07,64.07,227,0
MKC-V.US,60,20250924,170000,63.5601,65.26,63.5601,65.26,316,0
MKC-V.US,60,20250924,180000,64.48,64.5,64.48,64.5,360,0
MKC-V.US,60,20250924,190000,64.62,64.62,64.62,64.62,260,0
MKC-V.US,60,20250924,200000,64.45,64.67,64.3,64.67,300,0
MKC-V.US,60,20250924,210000,64.71,64.73,64.38,64.73,400,0
MKC-V.US,60,20250924,220000,64.75,65.25,64.65,64.99,4431,0
MKC-V.US,60,20250925,160000,65.37,65.37,65.37,65.37,100,0
MKC-V.US,60,20250925,180000,65.42,65.42,65.42,65.42,1000,0
MKC-V.US,60,20250925,200000,64.6,64.935,64.6,64.935,604,0
MKC-V.US,60,20250925,210000,65.4199,65.4199,65.4199,65.4199,307,0
MKC-V.US,60,20250925,220000,64.885,64.885,64.885,64.885,101,0
MKC-V.US,60,20250926,160000,65.03,65.03,65.03,65.03,1250,0
MKC-V.US,60,20250926,170000,65.1,65.17,65.1,65.17,200,0
MKC-V.US,60,20250926,220000,65.75,65.75,65.43,65.44,2656,0
MKC-V.US,60,20250929,170000,64.7,65.36,64.7,65.36,375,0
MKC-V.US,60,20250929,190000,65.505,65.505,65.505,65.505,100,0
MKC-V.US,60,20250929,200000,65.62,66.1771,65.62,66.1771,200,0
MKC-V.US,60,20250929,210000,66.17,66.415,66.16,66.415,300,0
MKC-V.US,60,20250929,220000,66.4,66.4,66.4,66.4,100,0
MKC-V.US,60,20250930,160000,65,65.1375,64.575,64.575,1800,0
MKC-V.US,60,20250930,170000,66.3,67,65.91,66.76,800,0
MKC-V.US,60,20250930,180000,66.8,67.4995,66.8,67.4995,819,0
MKC-V.US,60,20250930,210000,66.66,67,66.61,66.65,3370,0
MKC-V.US,60,20250930,220000,66.6,66.75,66.6,66.72,405,0
MKC-V.US,60,20251001,160000,67.46,67.5,67.24,67.3,900,0
MKC-V.US,60,20251001,180000,67.195,67.25,67.195,67.22,6400,0
MKC-V.US,60,20251001,200000,67.33,67.59,67.33,67.59,700,0
MKC-V.US,60,20251001,210000,67.8,67.8,67.8,67.8,200,0
MKC-V.US,60,20251001,220000,67.68,67.7,67.653,67.7,2491,0
MKC-V.US,60,20251002,170000,67.81,67.81,67.81,67.81,100,0
MKC-V.US,60,20251002,210000,67.8,68.245,67.8,68.245,900,0
MKC-V.US,60,20251002,220000,67.76,67.8,67.76,67.8,542,0
MKC-V.US,60,20251003,160000,68.01,68.01,68.01,68.01,499,0
MKC-V.US,60,20251003,170000,68.25,68.25,68.25,68.25,220,0
MKC-V.US,60,20251003,190000,68.155,68.155,68.155,68.155,270,0
MKC-V.US,60,20251003,200000,68.6,68.6,68.6,68.6,100,0
MKC-V.US,60,20251003,210000,68.36,68.36,68.36,68.36,100,0
MKC-V.US,60,20251003,220000,68.62,68.62,68.62,68.62,107,0
MKC-V.US,60,20251006,160000,69,69,69,69,300,0
MKC-V.US,60,20251006,180000,68.5517,68.5517,68.5517,68.5517,900,0
MKC-V.US,60,20251006,190000,68.41,68.53,68.41,68.53,3086,0
MKC-V.US,60,20251006,200000,68.8,68.8,68.8,68.8,400,0
MKC-V.US,60,20251006,220000,68.17,68.1994,68.17,68.17,300,0
MKC-V.US,60,20251007,160000,67,68.56,67,67,422,0
MKC-V.US,60,20251007,170000,66.415,66.415,65.9,65.9,537,0
MKC-V.US,60,20251007,180000,66.32,67,66.32,67,704,0
MKC-V.US,60,20251007,210000,66.5968,66.5968,66.57,66.57,329,0
MKC-V.US,60,20251008,160000,66.25,66.25,66.25,66.25,100,0
MKC-V.US,60,20251008,170000,65.4,65.415,65.4,65.415,200,0
MKC-V.US,60,20251008,180000,65.62,65.62,65.62,65.62,196,0
MKC-V.US,60,20251008,190000,65.72,65.72,65.72,65.72,300,0
MKC-V.US,60,20251008,220000,65.4504,66.03,65.4504,66.03,364,0
MKC-V.US,60,20251009,170000,66.35,66.35,66.35,66.35,100,0
MKC-V.US,60,20251009,210000,66.2599,66.2599,65.525,65.525,487,0
MKC-V.US,60,20251009,220000,65.52,65.52,65.52,65.52,204,0
MKC-V.US,60,20251010,160000,66.22,66.22,66.22,66.22,100,0
MKC-V.US,60,20251010,180000,66.03,66.03,66.03,66.03,300,0
MKC-V.US,60,20251010,190000,66.365,66.365,66.365,66.365,100,0
MKC-V.US,60,20251010,210000,67,67,66.3256,66.645,1288,0
MKC-V.US,60,20251013,190000,65.3,65.3886,65.3,65.3886,430,0
MKC-V.US,60,20251013,200000,65.34,65.34,65.34,65.34,100,0
MKC-V.US,60,20251013,210000,66.36,66.36,65.7742,65.7742,756,0
MKC-V.US,60,20251013,220000,65.16,65.16,65.16,65.16,850,0
MKC-V.US,60,20251014,160000,64.985,64.985,64.985,64.985,300,0
MKC-V.US,60,20251014,200000,65.135,65.135,65.135,65.135,213,0
MKC-V.US,60,20251014,210000,65.33,65.33,65.33,65.33,360,0
MKC-V.US,60,20251015,170000,65.75,65.75,65.675,65.675,1900,0
MKC-V.US,60,20251015,190000,65.23,65.23,65.23,65.23,100,0
MKC-V.US,60,20251015,210000,64.83,64.83,64.83,64.83,100,0
MKC-V.US,60,20251015,220000,64.74,64.9,64.74,64.81,400,0
MKC-V.US,60,20251016,160000,65.39,65.7,65.39,65.7,1816,0
MKC-V.US,60,20251016,170000,66.12,66.12,65.71,65.81,1000,0
MKC-V.US,60,20251016,180000,65.82,66.13,65.62,66.13,500,0
MKC-V.US,60,20251017,220000,66.98,67.37,66.98,67.31,3606,0
MKC-V.US,60,20251021,210000,68.1,68.1,67.14,67.14,300,0
MKC-V.US,60,20251021,220000,67.125,67.125,67.125,67.125,272,0
MKC-V.US,60,20251022,170000,66.87,68.25,66.87,68.25,737,0
MKC-V.US,60,20251022,180000,68.8,68.8,68.8,68.8,105,0
MKC-V.US,60,20251022,200000,68.5,68.5,68.5,68.5,100,0
MKC-V.US,60,20251023,220000,66.97,67.18,66.97,67.01,800,0
MKC-V.US,60,20251024,160000,67.49,67.49,67.49,67.49,100,0
MKC-V.US,60,20251024,170000,67.884,67.884,67.884,67.884,127,0
MKC-V.US,60,20251024,180000,67.32,68.14,67.22,68.14,400,0
MKC-V.US,60,20251024,190000,68.1,68.1,67.39,67.39,200,0
MKC-V.US,60,20251024,210000,67.07,67.07,66.85,66.8501,370,0
MKC-V.US,60,20251027,160000,67.0966,67.0966,66.3,66.3,3049,0
MKC-V.US,60,20251027,170000,66.47,66.47,66.47,66.47,151,0
MKC-V.US,60,20251027,210000,66.5996,66.5996,66.5996,66.5996,250,0
MKC-V.US,60,20251028,150000,67.2,67.2,65.6901,65.6901,350,0
MKC-V.US,60,20251028,190000,66.36,66.36,66.23,66.23,400,0
MKC-V.US,60,20251028,200000,66.2901,66.2901,66.2901,66.2901,198,0
MKC-V.US,60,20251029,150000,65.5,65.5,65.5,65.5,100,0
MKC-V.US,60,20251029,160000,65.01,65.01,65.01,65.01,591,0
MKC-V.US,60,20251029,190000,64.29,64.29,64.29,64.29,100,0
MKC-V.US,60,20251029,200000,64.506,64.506,63.8,63.8,458,0
MKC-V.US,60,20251029,210000,63.8,63.8,63.8,63.8,200,0
MKC-V.US,60,20251030,150000,63.86,63.86,63.86,63.86,500,0
MKC-V.US,60,20251030,160000,63.8,63.8,63.58,63.61,2550,0
MKC-V.US,60,20251030,180000,64.01,64.27,64.01,64.27,971,0
MKC-V.US,60,20251030,200000,64.155,64.44,64.155,64.44,222,0
MKC-V.US,60,20251030,210000,64.1729,64.41,64.1729,64.41,264,0
MKC-V.US,60,20251031,160000,63.435,63.435,63.435,63.435,116,0
MKC-V.US,60,20251031,190000,63.92,63.92,63.92,63.92,106,0
MKC-V.US,60,20251031,210000,63.3929,64.59,63.3929,63.965,2358,0
MKC-V.US,60,20251103,190000,64.2325,64.2325,64.2325,64.2325,177,0
MKC-V.US,60,20251103,200000,64.036,64.4,64.036,64.4,625,0
MKC-V.US,60,20251103,220000,63.8162,63.8162,63.35,63.35,1441,0
MKC-V.US,60,20251104,190000,63.0201,63.99,63.0201,63.99,3600,0
MKC-V.US,60,20251104,200000,63.515,63.515,63.36,63.36,325,0
MKC-V.US,60,20251104,210000,63.0201,63.0201,63.0201,63.0201,106,0
MKC-V.US,60,20251104,220000,63.55,63.73,63.515,63.73,800,0
MKC-V.US,60,20251105,160000,62.92,63.935,62.92,63.935,557,0
MKC-V.US,60,20251105,180000,63.8,63.8,63.8,63.8,100,0
MKC-V.US,60,20251105,190000,64,65.26,64,65.26,1073,0
MKC-V.US,60,20251105,200000,65.235,65.235,64.71,64.94,425,0
MKC-V.US,60,20251105,220000,64.61,64.61,63.03,63.03,6899,0
MKC-V.US,60,20251106,160000,63.89,64.75,63.89,63.89,1042,0
MKC-V.US,60,20251106,170000,63.1179,63.1179,63.1179,63.1179,500,0
MKC-V.US,60,20251106,190000,64,64,63.94,63.94,200,0
MKC-V.US,60,20251107,180000,65.65,65.76,65.64,65.7,1694,0
MKC-V.US,60,20251107,200000,64.97,64.97,64.65,64.7,1711,0
MKC-V.US,60,20251107,210000,64.8856,64.8856,64.8856,64.8856,100,0
MKC-V.US,60,20251107,220000,64.5826,64.76,64.5826,64.75,2139,0
MKC-V.US,60,20251110,190000,65,65.08,64.22,64.25,1352,0
MKC-V.US,60,20251110,200000,64.27,64.3155,64.26,64.295,1039,0
MKC-V.US,60,20251110,210000,64.3678,64.3678,64.3678,64.3678,126,0
MKC-V.US,60,20251111,170000,64.42,65.5,64.42,65.39,2300,0
MKC-V.US,60,20251111,180000,65.07,65.07,65.02,65.03,400,0
MKC-V.US,60,20251111,190000,65.21,65.39,65.21,65.21,800,0
MKC-V.US,60,20251111,200000,65.39,65.59,65.23,65.23,1040,0
MKC-V.US,60,20251111,210000,65.3,65.64,65.23,65.4,1100,0
MKC-V.US,60,20251111,220000,65.5,65.62,65.01,65.62,635,0
MKC-V.US,60,20251112,160000,65.78,65.78,65.78,65.78,146,0
MKC-V.US,60,20251112,170000,65.7,65.7,65.7,65.7,100,0
MKC-V.US,60,20251112,200000,65.4325,65.4325,65.4325,65.4325,186,0
MKC-V.US,60,20251113,160000,64.65,65.5,64.63,65.34,1857,0
MKC-V.US,60,20251113,170000,66.37,66.37,66.37,66.37,400,0
MKC-V.US,60,20251113,190000,66.36,66.37,66.3,66.3,616,0
MKC-V.US,60,20251113,200000,66.11,66.11,66.11,66.11,100,0
MKC-V.US,60,20251113,210000,66.37,66.8899,66.37,66.8899,314,0
MKC-V.US,60,20251113,220000,65.71,65.71,65.71,65.71,352,0
MKC-V.US,60,20251114,180000,65.0101,65.0101,65.0101,65.0101,100,0
MKC-V.US,60,20251114,200000,65.41,65.41,65.41,65.41,100,0
MKC-V.US,60,20251114,210000,65.02,65.02,65.02,65.02,125,0
MKC-V.US,60,20251117,160000,65.59,65.59,65.59,65.59,101,0
MKC-V.US,60,20251117,170000,65.45,65.45,64.985,64.985,3531,0
MKC-V.US,60,20251117,190000,65.3478,65.3478,65.3478,65.3478,165,0
MKC-V.US,60,20251117,200000,64.96,64.96,64.74,64.74,410,0
MKC-V.US,60,20251117,220000,64.344,64.344,64.21,64.21,895,0
MKC-V.US,60,20251118,180000,64.71,64.71,64.71,64.71,100,0
MKC-V.US,60,20251118,200000,64.67,64.67,64.405,64.405,5383,0
MKC-V.US,60,20251118,210000,64.37,64.37,64.37,64.37,300,0
MKC-V.US,60,20251119,160000,65.32,65.32,65.12,65.2,501,0
MKC-V.US,60,20251119,180000,66.16,66.16,66.16,66.16,100,0
MKC-V.US,60,20251119,190000,66.49,66.49,66.48,66.48,6963,0
MKC-V.US,60,20251119,200000,66.49,67.2,66.49,67.2,1302,0
MKC-V.US,60,20251119,220000,66.4062,66.8,66.4062,66.78,1922,0
MKC-V.US,60,20251120,180000,66.55,66.87,66.55,66.87,373,0
MKC-V.US,60,20251120,200000,67.24,67.24,67.24,67.24,100,0
MKC-V.US,60,20251120,210000,66.83,66.83,66.83,66.83,106,0
MKC-V.US,60,20251120,220000,67.4607,67.4607,67.4607,67.4607,100,0
MKC-V.US,60,20251121,170000,68.05,68.405,68.05,68.405,736,0
MKC-V.US,60,20251121,210000,68.16,68.16,68.16,68.16,100,0
MKC-V.US,60,20251121,220000,68,68,68,68,239,0
MKC-V.US,60,20251124,170000,67.45,67.45,67.45,67.45,229,0
MKC-V.US,60,20251124,190000,67.8641,67.8641,67.8641,67.8641,544,0
MKC-V.US,60,20251125,220000,66.933,66.933,66.755,66.91,818,0
MKC-V.US,60,20251126,180000,67.93,67.93,67.93,67.93,100,0
MKC-V.US,60,20251126,190000,67.1975,67.445,67.1865,67.445,500,0
MKC-V.US,60,20251128,170000,67.305,67.305,67.305,67.305,180,0
MKC-V.US,60,20251201,160000,66.78,66.78,66.78,66.78,303,0
MKC-V.US,60,20251201,190000,66.26,66.26,66.025,66.055,1023,0
MKC-V.US,60,20251201,210000,66.36,66.36,66.07,66.1001,734,0
MKC-V.US,60,20251202,180000,65.01,65.01,64.953,65,3100,0
MKC-V.US,60,20251202,190000,64.889,65.4,64.889,65.4,723,0
MKC-V.US,60,20251202,210000,65.2,65.2,65.2,65.2,115,0
MKC-V.US,60,20251202,220000,65.55,66.34,65.185,65.77,1373,0
MKC-V.US,60,20251203,170000,65.78,65.78,65.78,65.78,303,0
MKC-V.US,60,20251203,220000,64.035,64.21,64.035,64.21,400,0
MKC-V.US,60,20251204,170000,63.76,63.76,63.76,63.76,200,0
MKC-V.US,60,20251204,200000,62.9601,62.9601,62.9601,62.9601,311,0
MKC-V.US,60,20251204,210000,63.06,63.085,63.01,63.01,1823,0
MKC-V.US,60,20251205,180000,63.56,63.64,63.325,63.325,576,0
MKC-V.US,60,20251205,190000,63.24,63.59,63.24,63.59,236,0
MKC-V.US,60,20251205,200000,63.11,63.11,63.11,63.11,120,0
MKC-V.US,60,20251205,220000,63.01,63.01,63.01,63.01,100,0
MKC-V.US,60,20251208,170000,62.78,63.01,62.78,63.01,1144,0
MKC-V.US,60,20251208,220000,63.37,63.37,63.37,63.37,100,0
MKC-V.US,60,20251209,160000,64,64,64,64,220,0
MKC-V.US,60,20251209,190000,63.87,63.95,63.87,63.87,300,0
MKC-V.US,60,20251209,200000,63.23,63.33,63.23,63.33,1330,0
MKC-V.US,60,20251209,220000,63.235,63.235,63.235,63.235,493,0
MKC-V.US,60,20251210,160000,63.01,63.01,63.005,63.005,700,0
MKC-V.US,60,20251210,190000,63.595,63.595,63.1127,63.1127,833,0
MKC-V.US,60,20251210,220000,63.6221,63.76,63.6221,63.76,300,0
MKC-V.US,60,20251211,160000,65.3536,65.3536,65.3536,65.3536,100,0
MKC-V.US,60,20251211,190000,65.49,65.89,65.49,65.89,1989,0
MKC-V.US,60,20251211,210000,66.01,66.01,65.95,65.95,939,0
MKC-V.US,60,20251211,220000,65.8441,66,65.8441,66,283,0
MKC-V.US,60,20251212,170000,66.3085,66.3085,66.3085,66.3085,100,0
MKC-V.US,60,20251212,190000,66.2,66.21,66.085,66.21,400,0
MKC-V.US,60,20251212,200000,66.395,66.4,66.395,66.4,200,0
MKC-V.US,60,20251212,210000,66.53,66.53,66.53,66.53,100,0
MKC-V.US,60,20251212,220000,66.99,66.99,66.545,66.545,300,0
MKC-V.US,60,20251215,160000,68,68,67.59,67.79,1246,0
MKC-V.US,60,20251215,170000,67.45,67.6,67.45,67.6,256,0
MKC-V.US,60,20251215,180000,67.7888,67.7888,67.7888,67.7888,232,0
MKC-V.US,60,20251215,190000,67.97,67.97,67.97,67.97,369,0
MKC-V.US,60,20251215,210000,67.97,67.97,67.61,67.61,8909,0
MKC-V.US,60,20251215,220000,68,68.5,68,68.22,4334,0
MKC-V.US,60,20251216,180000,67.9924,68.24,67.9924,68.24,300,0
MKC-V.US,60,20251216,190000,67.94,67.94,67.94,67.94,600,0
MKC-V.US,60,20251216,210000,67.96,67.96,67.96,67.96,240,0
MKC-V.US,60,20251217,160000,68.99,68.99,68.99,68.99,200,0
MKC-V.US,60,20251217,170000,69.42,69.42,68.58,68.58,4208,0
MKC-V.US,60,20251217,210000,68.95,68.95,68.95,68.95,146,0
MKC-V.US,60,20251217,220000,68.36,68.56,68.195,68.56,1490,0
MKC-V.US,60,20251218,180000,68.71,68.71,68.71,68.71,400,0
MKC-V.US,60,20251218,190000,68.62,68.62,68.31,68.31,200,0
MKC-V.US,60,20251218,220000,68.73,68.73,68.73,68.73,100,0
MKC-V.US,60,20251219,170000,67.47,67.47,67.47,67.47,500,0
MKC-V.US,60,20251219,180000,68.33,68.33,68.245,68.245,1322,0
MKC-V.US,60,20251219,210000,68.8,69.062,68.8,69.062,786,0
MKC-V.US,60,20251219,220000,69.05,69.065,67.92,67.92,942,0
MKC-V.US,60,20251222,160000,68,68,68,68,613,0
MKC-V.US,60,20251222,170000,68.45,68.45,68.45,68.45,629,0
MKC-V.US,60,20251222,180000,68.45,68.45,68.45,68.45,265,0
MKC-V.US,60,20251222,190000,68.57,68.57,68.57,68.57,200,0
MKC-V.US,60,20251223,160000,68.54,68.54,68.54,68.54,165,0
MKC-V.US,60,20251223,180000,68.84,68.84,68.84,68.84,596,0
MKC-V.US,60,20251223,200000,68.6,68.6,68.6,68.6,100,0
MKC-V.US,60,20251223,220000,68.5351,68.5351,68.535,68.535,200,0
MKC-V.US,60,20251224,170000,68.28,68.28,68.28,68.28,165,0
MKC-V.US,60,20251224,180000,68.36,68.36,68.36,68.36,165,0
MKC-V.US,60,20251226,210000,68.1,68.1,68.1,68.1,153,0
