<TICKER>,<PER>,<DATE>,<TIME>,<OPEN>,<HIGH>,<LOW>,<CLOSE>,<VOL>,<OPENINT>
PMMF.US,60,20250207,170000,100.115,100.115,100.1145,100.1145,222,0
PMMF.US,60,20250207,210000,100.115,100.12,100.115,100.1199,1398,0
PMMF.US,60,20250207,220000,100.1173,100.1173,100.11,100.11,1270,0
PMMF.US,60,20250210,160000,100.1499,100.1499,100.1499,100.1499,200,0
PMMF.US,60,20250210,180000,100.145,100.1499,100.145,100.1499,400,0
PMMF.US,60,20250210,190000,100.145,100.145,100.145,100.145,100,0
PMMF.US,60,20250210,200000,100.1475,100.1475,100.1475,100.1475,500,0
PMMF.US,60,20250210,220000,100.14,100.14,100.11,100.11,718,0
PMMF.US,60,20250211,160000,100.158,100.16,100.158,100.16,700,0
PMMF.US,60,20250211,170000,100.16,100.16,100.16,100.16,100,0
PMMF.US,60,20250212,180000,100.1513,100.23,100.1513,100.1899,1200,0
PMMF.US,60,20250212,210000,100.19,100.19,100.19,100.19,100,0
PMMF.US,60,20250213,170000,100.19,100.19,100.19,100.19,100,0
PMMF.US,60,20250213,180000,100.2,100.21,100.1957,100.21,600,0
PMMF.US,60,20250213,190000,100.21,100.21,100.21,100.21,100,0
PMMF.US,60,20250213,210000,100.21,100.24,100.21,100.22,800,0
PMMF.US,60,20250214,170000,100.215,100.2397,100.215,100.2397,640,0
PMMF.US,60,20250214,180000,100.2398,100.77,100.2368,100.76,3500,0
PMMF.US,60,20250214,190000,100.3,100.34,100.3,100.31,600,0
PMMF.US,60,20250214,200000,100.32,100.33,100.32,100.32,300,0
PMMF.US,60,20250214,210000,100.31,100.31,100.22,100.22,650,0
PMMF.US,60,20250214,220000,100.23,100.23,100.2229,100.23,12050,0
PMMF.US,60,20250218,160000,100.202,100.202,100.202,100.202,200,0
PMMF.US,60,20250218,170000,100.2093,100.2191,100.2093,100.2191,935,0
PMMF.US,60,20250218,180000,100.22,100.25,100.2072,100.2072,400,0
PMMF.US,60,20250218,190000,100.2,100.2,100.2,100.2,200,0
PMMF.US,60,20250218,220000,100.21,100.24,100.21,100.23,1133,0
PMMF.US,60,20250219,170000,100.25,100.29,100.2499,100.29,600,0
PMMF.US,60,20250219,180000,100.2598,100.2598,100.2598,100.2598,150,0
PMMF.US,60,20250219,200000,100.26,100.29,100.25,100.25,400,0
PMMF.US,60,20250219,220000,100.27,100.3,100.11,100.11,7224,0
PMMF.US,60,20250220,160000,100.22,100.25,100.18,100.25,2800,0
PMMF.US,60,20250220,170000,100.24,100.56,100.24,100.245,2340,0
PMMF.US,60,20250220,180000,100.25,100.26,100.25,100.2599,555,0
PMMF.US,60,20250220,190000,100.26,100.26,100.26,100.26,320,0
PMMF.US,60,20250220,200000,100.27,100.3,100.27,100.27,300,0
PMMF.US,60,20250220,220000,100.28,100.29,100.27,100.27,1544,0
PMMF.US,60,20250221,180000,100.29,100.32,100.29,100.32,400,0
PMMF.US,60,20250221,190000,100.29,100.86,100.24,100.24,1500,0
PMMF.US,60,20250221,210000,100.29,100.3,100.29,100.3,239,0
PMMF.US,60,20250224,160000,100.245,100.25,100.245,100.25,833,0
PMMF.US,60,20250224,170000,100.2497,100.25,100.245,100.2499,1065,0
PMMF.US,60,20250224,180000,100.245,100.2472,100.24,100.2472,700,0
PMMF.US,60,20250224,190000,100.2472,100.2499,100.2472,100.2499,900,0
PMMF.US,60,20250224,200000,100.2436,100.26,100.24,100.2455,8740,0
PMMF.US,60,20250224,220000,100.2457,100.25,100.2445,100.2445,709,0
PMMF.US,60,20250225,170000,100.2688,100.27,100.26,100.27,6919,0
PMMF.US,60,20250225,180000,100.2785,100.2785,100.2785,100.2785,1445,0
PMMF.US,60,20250225,190000,100.2788,100.2788,100.2788,100.2788,450,0
PMMF.US,60,20250225,210000,100.275,100.28,100.275,100.2799,3949,0
PMMF.US,60,20250225,220000,100.2788,100.28,100.2788,100.28,500,0
PMMF.US,60,20250226,160000,100.27,100.27,100.25,100.25,500,0
PMMF.US,60,20250226,170000,100.2789,100.2789,100.2789,100.2789,175,0
PMMF.US,60,20250226,180000,100.2797,100.28,100.2797,100.28,1595,0
PMMF.US,60,20250226,200000,100.279,100.28,100.265,100.2728,816,0
PMMF.US,60,20250226,210000,100.2789,100.28,100.275,100.275,6130,0
PMMF.US,60,20250226,220000,100.28,100.28,100.2749,100.28,2448,0
PMMF.US,60,20250227,170000,100.29,100.29,100.29,100.29,155,0
PMMF.US,60,20250227,180000,100.29,100.3,100.29,100.2999,888,0
PMMF.US,60,20250227,190000,100.3,100.3,100.2989,100.2989,1374,0
PMMF.US,60,20250227,200000,100.2999,100.2999,100.29,100.29,1595,0
PMMF.US,60,20250227,210000,100.2901,100.2901,100.2901,100.2901,100,0
PMMF.US,60,20250227,220000,100.29,100.29,100.29,100.29,100,0
PMMF.US,60,20250228,160000,100.31,100.31,100.31,100.31,100,0
PMMF.US,60,20250228,170000,100.3312,100.335,100.3309,100.335,967,0
PMMF.US,60,20250228,190000,100.335,100.335,100.335,100.335,498,0
PMMF.US,60,20250228,200000,100.34,100.34,100.32,100.3399,2849,0
PMMF.US,60,20250228,210000,100.34,100.35,100.34,100.35,7489,0
PMMF.US,60,20250228,220000,100.35,100.35,100.3499,100.3499,1765,0
PMMF.US,60,20250303,160000,100.11,100.12,100.08,100.0835,1950,0
PMMF.US,60,20250303,170000,100.09,100.11,100.09,100.095,5692,0
PMMF.US,60,20250303,180000,100.0939,100.1,100.0939,100.0999,1798,0
PMMF.US,60,20250303,190000,100.095,100.1,100.095,100.1,800,0
PMMF.US,60,20250303,200000,100.1,100.11,100.09,100.105,8547,0
PMMF.US,60,20250303,210000,100.095,100.11,100.095,100.1082,6472,0
PMMF.US,60,20250303,220000,100.1099,100.1099,100.1,100.1,449,0
PMMF.US,60,20250304,160000,100.1001,100.115,100.1001,100.115,750,0
PMMF.US,60,20250304,170000,100.13,100.13,100.12,100.12,300,0
PMMF.US,60,20250304,180000,100.1109,100.14,100.11,100.14,699,0
PMMF.US,60,20250304,190000,100.13,100.15,100.125,100.125,15523,0
PMMF.US,60,20250304,200000,100.13,100.13,100.116,100.116,1150,0
PMMF.US,60,20250304,210000,100.12,100.12,100.11,100.11,12876,0
PMMF.US,60,20250304,220000,100.12,100.12,100.12,100.12,200,0
PMMF.US,60,20250305,160000,100.11,100.11,100.11,100.11,500,0
PMMF.US,60,20250305,170000,100.12,100.12,100.11,100.12,4300,0
PMMF.US,60,20250305,180000,100.1089,100.11,100.1089,100.11,413,0
PMMF.US,60,20250305,190000,100.1,100.1179,100.1,100.1,599,0
PMMF.US,60,20250305,200000,100.1179,100.12,100.1155,100.1155,772,0
PMMF.US,60,20250305,210000,100.12,100.12,100.08,100.1177,30895,0
PMMF.US,60,20250305,220000,100.1,100.12,100.08,100.1088,22607,0
PMMF.US,60,20250306,160000,100.1289,100.1289,100.1289,100.1289,100,0
PMMF.US,60,20250306,180000,100.1241,100.13,100.1241,100.1299,6127,0
PMMF.US,60,20250306,190000,100.125,100.1289,100.1234,100.125,500,0
PMMF.US,60,20250306,200000,100.12,100.13,100.12,100.13,2700,0
PMMF.US,60,20250306,210000,100.13,100.13,100.125,100.1292,4050,0
PMMF.US,60,20250306,220000,100.13,100.14,100.13,100.135,21554,0
PMMF.US,60,20250307,160000,100.155,100.1598,100.155,100.1598,1820,0
PMMF.US,60,20250307,170000,100.159,100.159,100.159,100.159,499,0
PMMF.US,60,20250307,180000,100.1462,100.159,100.13,100.13,10027,0
PMMF.US,60,20250307,190000,100.155,100.1589,100.14,100.1523,2732,0
PMMF.US,60,20250307,200000,100.15,100.1501,100.14,100.15,1211,0
PMMF.US,60,20250307,210000,100.1577,100.16,100.1402,100.16,853,0
PMMF.US,60,20250307,220000,100.159,100.1599,100.159,100.1599,650,0
PMMF.US,60,20250310,150000,100.17,100.17,100.16,100.17,8126,0
PMMF.US,60,20250310,160000,100.165,100.17,100.15,100.17,4153,0
PMMF.US,60,20250310,170000,100.165,100.165,100.165,100.165,220,0
PMMF.US,60,20250310,180000,100.17,100.18,100.17,100.1792,5580,0
PMMF.US,60,20250310,190000,100.18,100.18,100.16,100.1601,2359,0
PMMF.US,60,20250310,200000,100.18,100.18,100.169,100.169,210,0
PMMF.US,60,20250310,210000,100.1697,100.1697,100.165,100.165,1737,0
PMMF.US,60,20250311,150000,100.179,100.179,100.179,100.179,120,0
PMMF.US,60,20250311,160000,100.18,100.18,100.18,100.18,530,0
PMMF.US,60,20250311,180000,100.1722,100.1722,100.1722,100.1722,100,0
PMMF.US,60,20250311,190000,100.188,100.19,100.18,100.185,3931,0
PMMF.US,60,20250311,200000,100.1801,100.185,100.1801,100.185,250,0
PMMF.US,60,20250311,210000,100.189,100.19,100.18,100.19,1600,0
PMMF.US,60,20250312,150000,100.19,100.19,100.19,100.19,300,0
PMMF.US,60,20250312,160000,100.1862,100.19,100.18,100.18,3129,0
PMMF.US,60,20250312,170000,100.188,100.19,100.188,100.19,439,0
PMMF.US,60,20250312,190000,100.1899,100.1899,100.1849,100.1849,1560,0
PMMF.US,60,20250312,200000,100.2,100.2,100.2,100.2,300,0
PMMF.US,60,20250312,210000,100.2,100.21,100.19,100.2,11908,0
PMMF.US,60,20250313,160000,100.1989,100.1989,100.1989,100.1989,100,0
PMMF.US,60,20250313,170000,100.2,100.21,100.2,100.21,4244,0
PMMF.US,60,20250313,190000,100.205,100.205,100.205,100.205,100,0
PMMF.US,60,20250313,200000,100.2,100.21,100.2,100.21,4000,0
PMMF.US,60,20250313,210000,100.2098,100.2098,100.2056,100.2056,1343,0
PMMF.US,60,20250314,150000,100.225,100.25,100.225,100.25,12971,0
PMMF.US,60,20250314,160000,100.23,100.24,100.23,100.24,7992,0
PMMF.US,60,20250314,170000,100.24,100.24,100.23,100.235,142152,0
PMMF.US,60,20250314,180000,100.235,100.24,100.235,100.24,520,0
PMMF.US,60,20250314,190000,100.24,100.245,100.24,100.245,1460,0
PMMF.US,60,20250314,200000,100.25,100.26,100.25,100.2599,1056,0
PMMF.US,60,20250314,210000,100.2494,100.25,100.24,100.25,6190,0
PMMF.US,60,20250317,150000,100.24,100.25,100.24,100.25,1846,0
PMMF.US,60,20250317,160000,100.25,100.25,100.25,100.25,998,0
PMMF.US,60,20250317,170000,100.26,100.265,100.2588,100.2603,6267,0
PMMF.US,60,20250317,180000,100.265,100.27,100.265,100.27,2909,0
PMMF.US,60,20250317,190000,100.265,100.275,100.265,100.27,12551,0
PMMF.US,60,20250317,200000,100.279,100.28,100.275,100.275,1800,0
PMMF.US,60,20250317,210000,100.27,100.28,100.27,100.275,3235,0
PMMF.US,60,20250318,150000,100.26,100.26,100.26,100.26,150,0
PMMF.US,60,20250318,160000,100.25,100.27,100.25,100.265,3153,0
PMMF.US,60,20250318,170000,100.2616,100.2616,100.261,100.261,989,0
PMMF.US,60,20250318,180000,100.265,100.265,100.265,100.265,249,0
PMMF.US,60,20250318,190000,100.27,100.31,100.2699,100.27,21103,0
PMMF.US,60,20250318,200000,100.2779,100.2779,100.27,100.27,1150,0
PMMF.US,60,20250318,210000,100.28,100.28,100.28,100.28,900,0
PMMF.US,60,20250319,160000,100.26,100.26,100.26,100.26,100,0
PMMF.US,60,20250319,170000,100.25,100.2515,100.25,100.2515,333,0
PMMF.US,60,20250319,180000,100.26,100.26,100.26,100.26,500,0
PMMF.US,60,20250319,190000,100.2588,100.2588,100.25,100.25,865,0
PMMF.US,60,20250319,200000,100.28,100.29,100.28,100.28,890,0
PMMF.US,60,20250319,210000,100.28,100.29,100.26,100.26,1260,0
PMMF.US,60,20250320,160000,100.29,100.29,100.2899,100.2899,800,0
PMMF.US,60,20250320,170000,100.275,100.29,100.275,100.29,3729,0
PMMF.US,60,20250320,180000,100.28,100.28,100.28,100.28,1496,0
PMMF.US,60,20250320,190000,100.28,100.28,100.27,100.27,1120,0
PMMF.US,60,20250320,210000,100.2898,100.2898,100.28,100.28,2841,0
PMMF.US,60,20250321,150000,100.31,100.31,100.31,100.31,200,0
PMMF.US,60,20250321,160000,100.31,100.31,100.3071,100.31,549,0
PMMF.US,60,20250321,170000,100.305,100.32,100.2908,100.312,3660,0
PMMF.US,60,20250321,180000,100.305,100.32,100.305,100.305,2657,0
PMMF.US,60,20250321,190000,100.32,100.33,100.309,100.309,1854,0
PMMF.US,60,20250321,200000,100.31,100.32,100.31,100.32,200,0
PMMF.US,60,20250321,210000,100.32,100.33,100.32,100.33,1875,0
PMMF.US,60,20250324,150000,100.34,100.34,100.34,100.34,120,0
PMMF.US,60,20250324,160000,100.34,100.34,100.3353,100.34,300,0
PMMF.US,60,20250324,170000,100.33,100.34,100.33,100.34,374,0
PMMF.US,60,20250324,180000,100.3499,100.35,100.34,100.35,3369,0
PMMF.US,60,20250324,190000,100.35,100.37,100.34,100.35,868,0
PMMF.US,60,20250324,200000,100.34,100.34,100.34,100.34,200,0
PMMF.US,60,20250324,210000,100.3349,100.34,100.3349,100.34,500,0
PMMF.US,60,20250325,150000,100.34,100.35,100.33,100.33,4195,0
PMMF.US,60,20250325,160000,100.35,100.35,100.33,100.348,3075,0
PMMF.US,60,20250325,170000,100.35,100.35,100.34,100.34,200,0
PMMF.US,60,20250325,180000,100.35,100.35,100.35,100.35,210,0
PMMF.US,60,20250325,190000,100.35,100.37,100.34,100.345,15695,0
PMMF.US,60,20250325,200000,100.36,100.37,100.34,100.3458,13578,0
PMMF.US,60,20250325,210000,100.37,100.37,100.33,100.33,686,0
PMMF.US,60,20250326,150000,100.35,100.35,100.35,100.35,520,0
PMMF.US,60,20250326,160000,100.355,100.36,100.3549,100.3549,658,0
PMMF.US,60,20250326,180000,100.3567,100.3567,100.3567,100.3567,571,0
PMMF.US,60,20250326,200000,100.35,100.35,100.35,100.35,100,0
PMMF.US,60,20250326,210000,100.36,100.36,100.35,100.355,2130,0
PMMF.US,60,20250327,150000,100.34,100.35,100.34,100.35,1100,0
PMMF.US,60,20250327,160000,100.36,100.36,100.356,100.356,2865,0
PMMF.US,60,20250327,170000,100.35,100.36,100.35,100.36,3551,0
PMMF.US,60,20250327,180000,100.35,100.37,100.35,100.37,1661,0
PMMF.US,60,20250327,190000,100.35,100.36,100.35,100.36,1200,0
PMMF.US,60,20250327,200000,100.36,100.37,100.35,100.37,1636,0
PMMF.US,60,20250327,210000,100.355,100.38,100.3401,100.355,11712,0
PMMF.US,60,20250328,150000,100.39,100.43,100.39,100.39,9981,0
PMMF.US,60,20250328,160000,100.3965,100.42,100.3965,100.415,2579,0
PMMF.US,60,20250328,170000,100.42,100.42,100.3806,100.3806,800,0
PMMF.US,60,20250328,180000,100.39,100.39,100.39,100.39,100,0
PMMF.US,60,20250328,190000,100.381,100.39,100.3801,100.3801,431,0
PMMF.US,60,20250328,200000,100.39,100.39,100.385,100.39,526,0
PMMF.US,60,20250328,210000,100.385,100.39,100.3849,100.385,1517,0
PMMF.US,60,20250331,160000,100.42,100.42,100.42,100.42,102,0
PMMF.US,60,20250331,170000,100.41,100.41,100.4099,100.41,500,0
PMMF.US,60,20250331,180000,100.41,100.41,100.41,100.41,497,0
PMMF.US,60,20250331,190000,100.4138,100.4138,100.41,100.41,1100,0
PMMF.US,60,20250331,200000,100.42,100.42,100.42,100.42,100,0
PMMF.US,60,20250331,210000,100.42,100.42,100.42,100.42,500,0
PMMF.US,60,20250331,220000,100.42,100.42,100.4102,100.42,2113,0
PMMF.US,60,20250401,170000,100.1,100.1,100.1,100.1,4263,0
PMMF.US,60,20250401,180000,100.11,100.13,100.0901,100.1253,12321,0
PMMF.US,60,20250401,190000,100.118,100.13,100.115,100.115,1600,0
PMMF.US,60,20250401,200000,100.1101,100.14,100.1101,100.14,10454,0
PMMF.US,60,20250401,210000,100.115,100.14,100.115,100.13,2802,0
PMMF.US,60,20250401,220000,100.12,100.12,100.09,100.12,16076,0
PMMF.US,60,20250402,160000,100.13,100.14,100.13,100.13,5092,0
PMMF.US,60,20250402,170000,100.11,100.11,100.11,100.11,200,0
PMMF.US,60,20250402,180000,100.13,100.13,100.13,100.13,100,0
PMMF.US,60,20250402,190000,100.13,100.13,100.13,100.13,200,0
PMMF.US,60,20250402,200000,100.13,100.14,100.12,100.12,8499,0
PMMF.US,60,20250402,210000,100.13,100.13,100.12,100.13,600,0
PMMF.US,60,20250402,220000,100.13,100.15,100.13,100.14,2638,0
PMMF.US,60,20250403,160000,100.16,100.16,100.1399,100.14,1946,0
PMMF.US,60,20250403,170000,100.1302,100.15,100.1302,100.15,1300,0
PMMF.US,60,20250403,180000,100.15,100.15,100.15,100.15,200,0
PMMF.US,60,20250403,190000,100.1264,100.15,100.1264,100.135,1726,0
PMMF.US,60,20250403,200000,100.135,100.15,100.1335,100.15,825,0
PMMF.US,60,20250403,210000,100.135,100.15,100.135,100.1497,4092,0
PMMF.US,60,20250403,220000,100.12,100.15,100.09,100.15,9030,0
PMMF.US,60,20250404,160000,100.1405,100.16,100.1,100.15,1492,0
PMMF.US,60,20250404,170000,100.15,100.19,100.15,100.19,7589,0
PMMF.US,60,20250404,180000,100.17,100.18,100.16,100.16,1734,0
PMMF.US,60,20250404,190000,100.16,100.18,100.1504,100.18,3037,0
PMMF.US,60,20250404,200000,100.1798,100.21,100.155,100.2,18281,0
PMMF.US,60,20250404,210000,100.21,100.23,100.21,100.225,8718,0
PMMF.US,60,20250404,220000,100.225,100.23,100.21,100.22,8379,0
PMMF.US,60,20250407,160000,100.2,100.23,100.19,100.1999,1500,0
PMMF.US,60,20250407,170000,100.2,100.2,100.195,100.195,474,0
PMMF.US,60,20250407,190000,100.2,100.2,100.2,100.2,1725,0
PMMF.US,60,20250407,200000,100.1923,100.23,100.18,100.182,1785,0
PMMF.US,60,20250407,210000,100.2,100.22,100.2,100.2095,1300,0
PMMF.US,60,20250407,220000,100.21,100.23,100.19,100.23,7300,0
PMMF.US,60,20250408,160000,100.19,100.23,100.15,100.23,2003,0
PMMF.US,60,20250408,170000,100.2028,100.22,100.2028,100.21,2352,0
PMMF.US,60,20250408,180000,100.21,100.22,100.21,100.215,1302,0
PMMF.US,60,20250408,190000,100.2199,100.22,100.215,100.215,5719,0
PMMF.US,60,20250408,200000,100.2143,100.22,100.2143,100.22,14055,0
PMMF.US,60,20250408,210000,100.22,101.4,100.22,100.259,60518,0
PMMF.US,60,20250408,220000,100.2588,100.28,100.2499,100.28,15724,0
PMMF.US,60,20250409,160000,100.21,100.21,100.1989,100.2099,500,0
PMMF.US,60,20250409,170000,100.22,100.22,100.2,100.21,800,0
PMMF.US,60,20250409,180000,100.22,100.24,100.22,100.23,8143,0
PMMF.US,60,20250409,190000,100.2298,100.24,100.215,100.2173,8455,0
PMMF.US,60,20250409,200000,100.25,100.25,100.21,100.23,7301,0
PMMF.US,60,20250409,210000,100.22,100.25,99.81,100.1599,62107,0
PMMF.US,60,20250409,220000,100.1578,100.22,100.155,100.21,62174,0
PMMF.US,60,20250410,160000,100.24,100.24,100.2,100.24,4031,0
PMMF.US,60,20250410,170000,100.174,100.24,100.174,100.24,3279,0
PMMF.US,60,20250410,180000,100.205,100.24,100.205,100.24,3106,0
PMMF.US,60,20250410,190000,100.21,100.25,100.1801,100.215,8589,0
PMMF.US,60,20250410,200000,100.215,100.22,100.215,100.22,200,0
PMMF.US,60,20250410,210000,100.25,100.25,100.22,100.22,479,0
PMMF.US,60,20250410,220000,100.25,100.25,100.215,100.24,6123,0
PMMF.US,60,20250411,160000,100.2073,100.24,100.2073,100.24,3500,0
PMMF.US,60,20250411,170000,100.215,100.25,100.215,100.2499,1102,0
PMMF.US,60,20250411,180000,100.2497,100.2497,100.18,100.1944,27296,0
PMMF.US,60,20250411,190000,100.22,100.23,100.20877,100.23,7312,0
PMMF.US,60,20250411,200000,100.215,100.26,100.203,100.23,25319,0
PMMF.US,60,20250411,210000,100.25,100.29,100.22,100.24,38827,0
PMMF.US,60,20250411,220000,100.27,100.27,100.235,100.26,3874,0
PMMF.US,60,20250414,160000,100.28,100.28,100.26,100.26,1800,0
PMMF.US,60,20250414,170000,100.27,100.28,100.27,100.28,3292,0
PMMF.US,60,20250414,180000,100.27,100.27,100.26,100.27,2421,0
PMMF.US,60,20250414,190000,100.26,100.27,100.2516,100.26,3000,0
PMMF.US,60,20250414,200000,100.2583,100.28,100.2583,100.26,6128,0
PMMF.US,60,20250414,210000,100.27,100.27,100.27,100.27,200,0
PMMF.US,60,20250414,220000,100.26,100.27,100.26,100.27,6134,0
PMMF.US,60,20250415,160000,100.28,100.28,100.2601,100.2601,1199,0
PMMF.US,60,20250415,170000,100.28,100.28,100.265,100.27,400,0
PMMF.US,60,20250415,180000,100.27,100.28,100.2697,100.28,600,0
PMMF.US,60,20250415,190000,100.27,100.28,100.25,100.2501,8699,0
PMMF.US,60,20250415,200000,100.26,100.27,100.25,100.26,3233,0
PMMF.US,60,20250415,210000,100.26,100.28,100.26,100.2799,10621,0
PMMF.US,60,20250415,220000,100.28,100.28,100.26,100.28,6013,0
PMMF.US,60,20250416,160000,100.28,100.28,100.25,100.25,30934,0
PMMF.US,60,20250416,170000,100.27,100.29,100.25,100.25,75827,0
PMMF.US,60,20250416,180000,100.26,100.2662,100.26,100.2662,226,0
PMMF.US,60,20250416,190000,100.27,100.27,100.2641,100.2696,1299,0
PMMF.US,60,20250416,200000,100.265,100.28,100.265,100.28,3790,0
PMMF.US,60,20250416,210000,100.28,100.28,100.2701,100.2708,4245,0
PMMF.US,60,20250416,220000,100.2755,100.29,100.2702,100.29,2004,0
PMMF.US,60,20250417,160000,100.3299,100.36,100.3299,100.34778,4260,0
PMMF.US,60,20250417,170000,100.345,100.35,100.3376,100.3376,6990,0
PMMF.US,60,20250417,180000,100.335,100.36,100.335,100.36,1616,0
PMMF.US,60,20250417,190000,100.34,100.38,100.34,100.35,7379,0
PMMF.US,60,20250417,200000,100.35,100.38,100.35,100.38,1000,0
PMMF.US,60,20250417,210000,100.35,100.379,100.33,100.34,8273,0
PMMF.US,60,20250417,220000,100.34,100.39,100.3305,100.38,23885,0
PMMF.US,60,20250421,160000,100.34,100.35,100.31,100.315,4948,0
PMMF.US,60,20250421,170000,100.3103,100.32,100.31,100.32,5264,0
PMMF.US,60,20250421,180000,100.315,100.33,100.315,100.33,4740,0
PMMF.US,60,20250421,190000,100.32272,100.33,100.31689,100.31689,7824,0
PMMF.US,60,20250421,200000,100.311,100.31541,100.3,100.31541,564,0
PMMF.US,60,20250421,210000,100.3001,100.32,100.2918,100.3,11253,0
PMMF.US,60,20250421,220000,100.31,100.31,100.3,100.31,2345,0
PMMF.US,60,20250422,160000,100.36,100.36,100.34,100.34,3195,0
PMMF.US,60,20250422,170000,100.34,100.35,100.33,100.34,12647,0
PMMF.US,60,20250422,190000,100.34,100.35,100.33,100.33,4233,0
PMMF.US,60,20250422,200000,100.35,100.36,100.34,100.36,4380,0
PMMF.US,60,20250422,210000,100.345,100.35,100.34,100.345,4093,0
PMMF.US,60,20250422,220000,100.35,100.36,100.34,100.36,8881,0
PMMF.US,60,20250423,160000,100.37,100.37,100.33,100.34,18054,0
PMMF.US,60,20250423,170000,100.3417,100.36,100.3417,100.36,812,0
PMMF.US,60,20250423,180000,100.36,100.36,100.36,100.36,800,0
PMMF.US,60,20250423,190000,100.3597,100.37,100.3597,100.36,6900,0
PMMF.US,60,20250423,200000,100.36,100.36,100.36,100.36,100,0
PMMF.US,60,20250423,210000,100.3502,100.37,100.3502,100.3699,3271,0
PMMF.US,60,20250423,220000,100.36,100.37,100.34,100.34,3637,0
PMMF.US,60,20250424,160000,100.3761,100.3761,100.3761,100.3761,748,0
PMMF.US,60,20250424,170000,100.38,100.39,100.37,100.38,7545,0
PMMF.US,60,20250424,180000,100.38,100.38,100.37,100.38,1687,0
PMMF.US,60,20250424,190000,100.38,100.39,100.37,100.39,4787,0
PMMF.US,60,20250424,200000,100.38,100.38,100.37,100.38,4376,0
PMMF.US,60,20250424,210000,100.39,100.39,100.3783,100.38,2994,0
PMMF.US,60,20250424,220000,100.38,100.39,100.3768,100.39,9406,0
PMMF.US,60,20250425,160000,100.3799,100.38,100.3742,100.38,648,0
PMMF.US,60,20250425,170000,100.39,100.3999,100.3849,100.3999,845,0
PMMF.US,60,20250425,180000,100.3934,100.4,100.37,100.37,14312,0
PMMF.US,60,20250425,190000,100.37,100.37,100.36,100.36,8645,0
PMMF.US,60,20250425,200000,100.37,100.38,100.3621,100.3697,6112,0
PMMF.US,60,20250425,210000,100.36724,100.38,100.365,100.37,2229,0
PMMF.US,60,20250425,220000,100.3798,100.38,100.369,100.37,3286,0
PMMF.US,60,20250428,160000,100.41,101.01,100.41,100.58,28336,0
PMMF.US,60,20250428,170000,100.435,100.54,100.43,100.44,28359,0
PMMF.US,60,20250428,180000,100.445,100.45,100.44,100.44,2658,0
PMMF.US,60,20250428,190000,100.445,100.45,100.44,100.44,5382,0
PMMF.US,60,20250428,200000,100.44,100.445,100.43,100.43,3290,0
PMMF.US,60,20250428,210000,100.435,100.44,100.425,100.435,5188,0
PMMF.US,60,20250428,220000,100.43,100.4499,100.42,100.445,12880,0
PMMF.US,60,20250429,160000,100.44,100.44,100.44,100.44,400,0
PMMF.US,60,20250429,170000,100.44,100.44,100.43,100.44,2900,0
PMMF.US,60,20250429,180000,100.43,100.45,100.43,100.45,14895,0
PMMF.US,60,20250429,190000,100.45,100.45,100.4431,100.445,5045,0
PMMF.US,60,20250429,200000,100.45,100.45,100.445,100.445,1451,0
PMMF.US,60,20250429,210000,100.446,100.4557,100.445,100.4557,3652,0
PMMF.US,60,20250429,220000,100.46,100.47,100.45,100.47,14607,0
PMMF.US,60,20250430,160000,100.435,100.44,100.435,100.44,1700,0
PMMF.US,60,20250430,170000,100.4399,100.4399,100.43,100.435,1380,0
PMMF.US,60,20250430,180000,100.44,100.44,100.435,100.4399,10057,0
PMMF.US,60,20250430,190000,100.435,100.435,100.435,100.435,100,0
PMMF.US,60,20250430,200000,100.4345,100.44,100.4345,100.4399,1976,0
PMMF.US,60,20250430,210000,100.44,100.44,100.4301,100.4311,4409,0
PMMF.US,60,20250430,220000,100.44,100.44,100.44,100.44,966,0
PMMF.US,60,20250501,160000,100.14,100.14,100.1069,100.1069,1498,0
PMMF.US,60,20250501,170000,100.11,100.12,100.1099,100.12,2874,0
PMMF.US,60,20250501,180000,100.115,100.12,100.1145,100.118,6533,0
PMMF.US,60,20250501,190000,100.1199,100.12,100.1101,100.12,18857,0
PMMF.US,60,20250501,200000,100.12,100.13,100.1194,100.13,2416,0
PMMF.US,60,20250501,210000,100.129,100.13,100.125,100.13,1130,0
PMMF.US,60,20250501,220000,100.1298,100.1299,100.1247,100.125,2108,0
PMMF.US,60,20250502,160000,100.1353,100.14,100.1353,100.1373,518,0
PMMF.US,60,20250502,170000,100.135,100.14,100.1309,100.1399,6428,0
PMMF.US,60,20250502,180000,100.135,100.135,100.13,100.13,3481,0
PMMF.US,60,20250502,190000,100.135,100.1399,100.135,100.1361,7949,0
PMMF.US,60,20250502,200000,100.135,100.14,100.131,100.135,14007,0
PMMF.US,60,20250502,210000,100.135,100.14,100.13,100.135,3602,0
PMMF.US,60,20250502,220000,100.135,100.14,100.13,100.13,26165,0
PMMF.US,60,20250505,160000,100.17,100.17,100.1601,100.1601,4506,0
PMMF.US,60,20250505,170000,100.17,100.17,100.16,100.1645,1718,0
PMMF.US,60,20250505,180000,100.17,100.17,100.16,100.1645,11768,0
PMMF.US,60,20250505,190000,100.1645,100.17,100.16,100.16,13197,0
PMMF.US,60,20250505,200000,100.17,100.17,100.16,100.16,5824,0
PMMF.US,60,20250505,210000,100.16,100.17,100.16,100.16,15281,0
PMMF.US,60,20250505,220000,100.1698,100.17,100.16,100.165,10360,0
PMMF.US,60,20250506,160000,100.175,100.18,100.17,100.1791,14617,0
PMMF.US,60,20250506,170000,100.1787,100.1799,100.17,100.17,6847,0
PMMF.US,60,20250506,180000,100.18,100.18,100.175,100.175,1788,0
PMMF.US,60,20250506,190000,100.18,100.18,100.16,100.1698,41538,0
PMMF.US,60,20250506,200000,100.17,100.17,100.165,100.165,1600,0
PMMF.US,60,20250506,210000,100.17,100.17,100.1624,100.17,1583,0
PMMF.US,60,20250506,220000,100.169,100.17,100.16,100.16,5109,0
PMMF.US,60,20250507,160000,100.18,100.188,100.17,100.1799,1659,0
PMMF.US,60,20250507,170000,100.19,100.19,100.1801,100.1801,5210,0
PMMF.US,60,20250507,180000,100.18,100.18,100.17,100.17,6239,0
PMMF.US,60,20250507,190000,100.18,100.18,100.1712,100.1799,3029,0
PMMF.US,60,20250507,200000,100.18,100.18,100.1777,100.18,3554,0
PMMF.US,60,20250507,210000,100.18,100.18,100.1713,100.1795,3848,0
PMMF.US,60,20250507,220000,100.1799,100.18,100.1701,100.18,16830,0
PMMF.US,60,20250508,160000,100.19,100.19,100.185,100.19,2311,0
PMMF.US,60,20250508,170000,100.195,100.2,100.195,100.2,3832,0
PMMF.US,60,20250508,180000,100.195,100.2,100.1935,100.195,689,0
PMMF.US,60,20250508,190000,100.195,100.195,100.19,100.1902,1798,0
PMMF.US,60,20250508,200000,100.1999,100.1999,100.19,100.198,816,0
PMMF.US,60,20250508,210000,100.1953,100.1953,100.1903,100.195,4119,0
PMMF.US,60,20250508,220000,100.1901,100.2,100.18,100.19,26253,0
PMMF.US,60,20250509,160000,100.235,100.235,100.21,100.22,3873,0
PMMF.US,60,20250509,170000,100.22,100.22,100.2112,100.22,2899,0
PMMF.US,60,20250509,180000,100.22,100.22,100.2111,100.215,2773,0
PMMF.US,60,20250509,190000,100.2175,100.22,100.2112,100.215,7930,0
PMMF.US,60,20250509,200000,100.215,100.218,100.2137,100.215,3492,0
PMMF.US,60,20250509,210000,100.2111,100.2198,100.2103,100.215,3146,0
PMMF.US,60,20250509,220000,100.2141,100.22,100.21,100.22,16430,0
PMMF.US,60,20250512,160000,100.25,100.25,100.2313,100.235,2085,0
PMMF.US,60,20250512,170000,100.235,100.25,100.235,100.2499,2636,0
PMMF.US,60,20250512,180000,100.245,100.25,100.24,100.25,10346,0
PMMF.US,60,20250512,190000,100.245,100.25,100.24,100.25,5113,0
PMMF.US,60,20250512,200000,100.25,100.25,100.24,100.25,5477,0
PMMF.US,60,20250512,210000,100.245,100.25,100.24,100.25,10209,0
PMMF.US,60,20250512,220000,100.25,100.25,100.2419,100.25,12131,0
PMMF.US,60,20250513,160000,100.2559,100.26,100.25,100.25,11271,0
PMMF.US,60,20250513,170000,100.255,100.26,100.24,100.245,7627,0
PMMF.US,60,20250513,180000,100.2447,100.25,100.2447,100.25,1295,0
PMMF.US,60,20250513,190000,100.25,100.25,100.2436,100.245,6543,0
PMMF.US,60,20250513,200000,100.25,100.25,100.2447,100.25,2737,0
PMMF.US,60,20250513,210000,100.25,100.25,100.24,100.25,58567,0
PMMF.US,60,20250513,220000,100.25,100.25,100.24,100.25,11716,0
PMMF.US,60,20250514,160000,100.26,100.26,100.255,100.26,1539,0
PMMF.US,60,20250514,170000,100.26,100.26,100.2541,100.26,7533,0
PMMF.US,60,20250514,180000,100.255,100.26,100.255,100.2561,6159,0
PMMF.US,60,20250514,190000,100.26,100.26,100.25,100.255,3308,0
PMMF.US,60,20250514,200000,100.26,100.26,100.255,100.255,16260,0
PMMF.US,60,20250514,210000,100.255,100.26,100.255,100.255,19104,0
PMMF.US,60,20250514,220000,100.26,100.26,100.2501,100.255,14375,0
PMMF.US,60,20250515,160000,100.27,100.27,100.2689,100.27,4065,0
PMMF.US,60,20250515,170000,100.2622,100.27,100.26,100.265,34668,0
PMMF.US,60,20250515,180000,100.27,100.27,100.2647,100.27,4693,0
PMMF.US,60,20250515,190000,100.2698,100.27,100.265,100.27,1527,0
PMMF.US,60,20250515,200000,100.27,100.27,100.265,100.27,7339,0
PMMF.US,60,20250515,210000,100.27,100.27,100.265,100.27,4060,0
PMMF.US,60,20250515,220000,100.27,100.27,100.2689,100.27,6225,0
PMMF.US,60,20250516,160000,100.285,100.29,100.2801,100.29,3982,0
PMMF.US,60,20250516,170000,100.2897,100.29,100.2801,100.29,5289,0
PMMF.US,60,20250516,180000,100.29,100.29,100.285,100.29,17435,0
PMMF.US,60,20250516,190000,100.29,100.29,100.285,100.2899,3400,0
PMMF.US,60,20250516,200000,100.2899,100.29,100.2841,100.29,6749,0
PMMF.US,60,20250516,210000,100.29,100.29,100.28,100.29,2290,0
PMMF.US,60,20250516,220000,100.29,100.29,100.285,100.29,11845,0
PMMF.US,60,20250519,160000,100.3201,100.34,100.32,100.32,900,0
PMMF.US,60,20250519,170000,100.325,100.33,100.315,100.315,7905,0
PMMF.US,60,20250519,180000,100.32,100.33,100.3197,100.33,9202,0
PMMF.US,60,20250519,190000,100.33,100.33,100.3203,100.3203,3039,0
PMMF.US,60,20250519,200000,100.33,100.33,100.325,100.33,2000,0
PMMF.US,60,20250519,210000,100.325,100.33,100.325,100.325,13375,0
PMMF.US,60,20250519,220000,100.33,100.33,100.32,100.33,8842,0
PMMF.US,60,20250520,160000,100.34,100.3457,100.3301,100.3457,3644,0
PMMF.US,60,20250520,170000,100.35,100.35,100.34,100.3499,4725,0
PMMF.US,60,20250520,180000,100.345,100.345,100.34,100.3442,4684,0
PMMF.US,60,20250520,190000,100.345,100.345,100.335,100.3399,8237,0
PMMF.US,60,20250520,200000,100.34,100.34,100.3389,100.34,1850,0
PMMF.US,60,20250520,210000,100.34,100.34,100.335,100.34,2296,0
PMMF.US,60,20250520,220000,100.34,100.34,100.33,100.34,5175,0
PMMF.US,60,20250521,160000,100.35,100.35,100.34,100.3445,2806,0
PMMF.US,60,20250521,170000,100.35,100.35,100.34,100.35,5094,0
PMMF.US,60,20250521,180000,100.35,100.35,100.34,100.35,13151,0
PMMF.US,60,20250521,190000,100.35,100.35,100.3401,100.35,2920,0
PMMF.US,60,20250521,200000,100.35,100.35,100.3401,100.35,2354,0
PMMF.US,60,20250521,210000,100.35,100.35,100.34,100.35,2361,0
PMMF.US,60,20250521,220000,100.349,100.35,100.343,100.35,14593,0
PMMF.US,60,20250527,200000,100.42,100.42,100.4145,100.4145,746,0
PMMF.US,60,20250527,210000,100.4161,100.4161,100.41,100.415,4481,0
PMMF.US,60,20250527,220000,100.4145,100.4189,100.41,100.41,6796,0
PMMF.US,60,20250528,160000,100.425,100.4299,100.4224,100.4299,4422,0
PMMF.US,60,20250528,170000,100.4277,100.43,100.42,100.4284,7063,0
PMMF.US,60,20250528,180000,100.4299,100.4299,100.4246,100.4299,8041,0
PMMF.US,60,20250528,190000,100.42,100.42,100.42,100.42,100,0
PMMF.US,60,20250528,200000,100.425,100.425,100.4245,100.425,2000,0
PMMF.US,60,20250528,220000,100.4285,100.42871,100.42,100.42,11419,0
PMMF.US,60,20250530,160000,100.455,100.455,100.4501,100.455,7936,0
PMMF.US,60,20250530,170000,100.455,100.46,100.45,100.455,8160,0
PMMF.US,60,20250530,180000,100.45,100.455,100.45,100.45,870,0
PMMF.US,60,20250530,190000,100.45,100.4501,100.445,100.45,7351,0
PMMF.US,60,20250530,200000,100.455,100.4553,100.455,100.455,1236,0
PMMF.US,60,20250530,210000,100.4575,100.46,100.4545,100.4545,11780,0
PMMF.US,60,20250530,220000,100.45,100.4571,100.45,100.4501,6111,0
PMMF.US,60,20250602,160000,100.155,100.16,100.1527,100.155,5538,0
PMMF.US,60,20250602,170000,100.1501,100.1561,100.1501,100.155,2119,0
PMMF.US,60,20250602,180000,100.15,100.16,100.15,100.155,2860,0
PMMF.US,60,20250602,190000,100.155,100.1559,100.15,100.155,4808,0
PMMF.US,60,20250602,200000,100.155,100.16,100.1545,100.155,3650,0
PMMF.US,60,20250602,210000,100.155,100.1589,100.1545,100.155,2074,0
PMMF.US,60,20250602,220000,100.155,100.1589,100.15,100.15,3259,0
PMMF.US,60,20250603,160000,100.17,100.17,100.165,100.165,4309,0
PMMF.US,60,20250603,170000,100.16,100.17,100.151,100.16,13735,0
PMMF.US,60,20250603,180000,100.16,100.16,100.1501,100.16,10415,0
PMMF.US,60,20250603,190000,100.16,100.16,100.1501,100.16,2644,0
PMMF.US,60,20250603,200000,100.16,100.16,100.15076,100.16,2962,0
PMMF.US,60,20250603,210000,100.16,100.16,100.1511,100.16,3403,0
PMMF.US,60,20250603,220000,100.165,100.17,100.16,100.165,2869,0
PMMF.US,60,20250604,160000,100.18,100.18,100.17,100.175,10115,0
PMMF.US,60,20250604,170000,100.17,100.18,100.17,100.175,14307,0
PMMF.US,60,20250604,180000,100.175,100.1799,100.17,100.175,5700,0
PMMF.US,60,20250604,190000,100.175,100.179,100.17,100.17,7797,0
PMMF.US,60,20250604,200000,100.175,100.1789,100.17,100.17,9550,0
PMMF.US,60,20250604,210000,100.175,100.18,100.17,100.175,5677,0
PMMF.US,60,20250604,220000,100.17,100.1755,100.17,100.175,7564,0
PMMF.US,60,20250605,160000,100.185,100.185,100.17,100.17,23506,0
PMMF.US,60,20250605,170000,100.175,100.18,100.17,100.175,5802,0
PMMF.US,60,20250605,180000,100.18,100.18,100.1745,100.175,4661,0
PMMF.US,60,20250605,190000,100.175,100.18,100.17,100.18,7073,0
PMMF.US,60,20250605,200000,100.18,100.18,100.175,100.18,1500,0
PMMF.US,60,20250605,210000,100.18,100.18,100.17,100.18,2850,0
PMMF.US,60,20250605,220000,100.18,100.19,100.175,100.19,14546,0
PMMF.US,60,20250606,160000,100.22,100.23,100.215,100.22,4588,0
PMMF.US,60,20250606,170000,100.22,100.2297,100.22,100.2201,6559,0
PMMF.US,60,20250606,180000,100.2295,100.23,100.22,100.225,12879,0
PMMF.US,60,20250606,190000,100.225,100.225,100.2201,100.225,1116,0
PMMF.US,60,20250606,200000,100.225,100.2295,100.2203,100.225,2566,0
PMMF.US,60,20250606,210000,100.225,100.2295,100.2201,100.225,5720,0
PMMF.US,60,20250606,220000,100.225,100.2292,100.22,100.22,10680,0
PMMF.US,60,20250609,160000,100.24,100.24,100.2345,100.235,6619,0
PMMF.US,60,20250609,170000,100.235,100.235,100.23,100.235,6627,0
PMMF.US,60,20250609,180000,100.2341,100.23731,100.23,100.23731,2944,0
PMMF.US,60,20250609,190000,100.23,100.24,100.23,100.24,1331,0
PMMF.US,60,20250609,200000,100.23,100.24,100.23,100.235,2580,0
PMMF.US,60,20250609,210000,100.23,100.2395,100.23,100.23,645,0
PMMF.US,60,20250609,220000,100.23,100.24,100.23,100.235,1942,0
PMMF.US,60,20250610,160000,100.2431,100.249,100.24,100.2402,5012,0
PMMF.US,60,20250610,170000,100.2484,100.25,100.245,100.2489,2482,0
PMMF.US,60,20250610,180000,100.2441,100.2489,100.24,100.24,600,0
PMMF.US,60,20250610,190000,100.2463,100.2489,100.24,100.2489,599,0
PMMF.US,60,20250610,200000,100.245,100.25,100.24,100.24,17087,0
PMMF.US,60,20250610,210000,100.2499,100.2499,100.24,100.2445,8937,0
PMMF.US,60,20250610,220000,100.245,100.2497,100.24,100.2445,21278,0
PMMF.US,60,20250611,160000,100.255,100.2599,100.255,100.2599,8726,0
PMMF.US,60,20250611,170000,100.255,100.26,100.25,100.26,2074,0
PMMF.US,60,20250611,180000,100.26,100.26,100.26,100.26,100,0
PMMF.US,60,20250611,190000,100.26304,100.265,100.255,100.255,3424,0
PMMF.US,60,20250611,200000,100.2598,100.26,100.2545,100.26,14130,0
PMMF.US,60,20250611,210000,100.26,100.26,100.25,100.25,7322,0
PMMF.US,60,20250611,220000,100.26,100.27,100.26,100.27,8303,0
PMMF.US,60,20250612,160000,100.26,100.29,100.26,100.28,8856,0
PMMF.US,60,20250612,170000,100.28,100.29,100.28,100.28,1476,0
PMMF.US,60,20250612,180000,100.275,100.28,100.2701,100.275,5967,0
PMMF.US,60,20250612,190000,100.2701,100.2701,100.2701,100.2701,355,0
PMMF.US,60,20250612,200000,100.275,100.2799,100.265,100.27,7068,0
PMMF.US,60,20250612,210000,100.2659,100.269,100.26,100.265,2736,0
PMMF.US,60,20250612,220000,100.27,100.28,100.265,100.28,7057,0
PMMF.US,60,20250613,160000,100.28,100.31,100.28,100.29,4735,0
PMMF.US,60,20250613,170000,100.3,100.37,100.3,100.3253,18831,0
PMMF.US,60,20250613,180000,100.3201,100.325,100.31,100.31,6077,0
PMMF.US,60,20250613,190000,100.305,100.305,100.305,100.305,100,0
PMMF.US,60,20250613,200000,100.3091,100.3091,100.3027,100.3027,1009,0
PMMF.US,60,20250613,210000,100.30238,100.3059,100.3,100.3045,4980,0
PMMF.US,60,20250613,220000,100.3045,100.31,100.304,100.31,7802,0
PMMF.US,60,20250616,160000,100.33,100.33,100.33,100.33,450,0
PMMF.US,60,20250616,170000,100.3259,100.33,100.32,100.33,7827,0
PMMF.US,60,20250616,180000,100.33,100.33,100.32,100.325,14998,0
PMMF.US,60,20250616,190000,100.3299,100.3299,100.31,100.3199,4224,0
PMMF.US,60,20250616,200000,100.32,100.33,100.32,100.3241,2593,0
PMMF.US,60,20250616,210000,100.3299,100.3299,100.32,100.32,1792,0
PMMF.US,60,20250616,220000,100.3297,100.3297,100.32,100.32,6186,0
PMMF.US,60,20250617,160000,100.34,100.34,100.3305,100.34,1758,0
PMMF.US,60,20250617,170000,100.34,100.34,100.33,100.335,1236,0
PMMF.US,60,20250617,180000,100.3351,100.3351,100.335,100.335,1374,0
PMMF.US,60,20250617,190000,100.34,100.34,100.3381,100.34,3529,0
PMMF.US,60,20250617,200000,100.34,100.34,100.3301,100.338,3831,0
PMMF.US,60,20250617,210000,100.3301,100.34,100.3301,100.334,7692,0
PMMF.US,60,20250617,220000,100.34,100.35,100.3345,100.35,6880,0
PMMF.US,60,20250618,160000,100.37,100.37,100.35,100.3606,300,0
PMMF.US,60,20250618,170000,100.36,100.36,100.35,100.36,5741,0
PMMF.US,60,20250618,180000,100.36,100.36,100.355,100.355,3564,0
PMMF.US,60,20250618,190000,100.36,100.36,100.355,100.355,5030,0
PMMF.US,60,20250618,200000,100.355,100.36,100.3408,100.3408,6725,0
PMMF.US,60,20250618,210000,100.34,100.3497,100.34,100.34,3175,0
PMMF.US,60,20250618,220000,100.34,100.355,100.34,100.35,8223,0
PMMF.US,60,20250620,160000,100.365,100.3699,100.365,100.3699,1100,0
PMMF.US,60,20250620,170000,100.375,100.375,100.3708,100.375,1299,0
PMMF.US,60,20250620,180000,100.3709,100.3799,100.37,100.37,1451,0
PMMF.US,60,20250620,190000,100.375,100.37801,100.37,100.37,2054,0
PMMF.US,60,20250620,200000,100.375,100.375,100.375,100.375,750,0
PMMF.US,60,20250620,210000,100.3703,100.375,100.37,100.375,2360,0
PMMF.US,60,20250620,220000,100.37,100.3703,100.36,100.37,4484,0
PMMF.US,60,20250623,160000,100.41,100.41,100.4,100.4,1314,0
PMMF.US,60,20250623,170000,100.4,100.4059,100.4,100.4,1253,0
PMMF.US,60,20250623,180000,100.4001,100.405,100.395,100.4,1700,0
PMMF.US,60,20250623,190000,100.3949,100.4,100.39,100.3945,4208,0
PMMF.US,60,20250623,200000,100.3961,100.41,100.3961,100.405,2201,0
PMMF.US,60,20250623,210000,100.4014,100.4014,100.4014,100.4014,996,0
PMMF.US,60,20250623,220000,100.3991,100.4,100.39,100.4,4328,0
PMMF.US,60,20250624,160000,100.41,100.41,100.41,100.41,6859,0
PMMF.US,60,20250624,170000,100.4012,100.41,100.4012,100.405,10659,0
PMMF.US,60,20250624,180000,100.41,100.415,100.405,100.4101,8840,0
PMMF.US,60,20250624,190000,100.415,100.4191,100.4101,100.4171,4746,0
PMMF.US,60,20250624,200000,100.4149,100.4191,100.41,100.4101,6635,0
PMMF.US,60,20250624,210000,100.41,100.415,100.41,100.4141,27150,0
PMMF.US,60,20250624,220000,100.4101,100.4101,100.4041,100.41,15377,0
PMMF.US,60,20250625,160000,100.43,100.435,100.425,100.425,3749,0
PMMF.US,60,20250625,170000,100.43,100.43,100.42,100.425,5107,0
PMMF.US,60,20250625,180000,100.4259,100.43,100.425,100.425,2493,0
PMMF.US,60,20250625,190000,100.425,100.43,100.425,100.425,2201,0
PMMF.US,60,20250625,200000,100.4277,100.4277,100.42,100.4201,5432,0
PMMF.US,60,20250625,210000,100.425,100.425,100.425,100.425,3335,0
PMMF.US,60,20250625,220000,100.425,100.425,100.42,100.42,5193,0
PMMF.US,60,20250626,160000,100.42,100.4399,100.42,100.435,1829,0
PMMF.US,60,20250626,170000,100.4345,100.44,100.4307,100.438,10554,0
PMMF.US,60,20250626,180000,100.4399,100.4399,100.435,100.435,852,0
PMMF.US,60,20250626,190000,100.44,100.44,100.43,100.43,3058,0
PMMF.US,60,20250626,200000,100.4388,100.4389,100.4388,100.4389,1795,0
PMMF.US,60,20250626,210000,100.435,100.44,100.43,100.44,700,0
PMMF.US,60,20250626,220000,100.44,100.44,100.43,100.43,7836,0
PMMF.US,60,20250627,160000,100.46,100.47,100.46,100.47,2103,0
PMMF.US,60,20250627,170000,100.4651,100.47,100.465,100.4652,7035,0
PMMF.US,60,20250627,180000,100.465,100.475,100.465,100.475,2700,0
PMMF.US,60,20250627,190000,100.47,100.48,100.47,100.475,3401,0
PMMF.US,60,20250627,200000,100.475,100.48,100.475,100.48,1300,0
PMMF.US,60,20250627,210000,100.47,100.48,100.47,100.475,9748,0
PMMF.US,60,20250627,220000,100.475,100.51,100.47,100.5,224799,0
PMMF.US,60,20250630,160000,100.49,100.49,100.4855,100.4871,2008,0
PMMF.US,60,20250630,170000,100.49,100.49,100.48,100.4819,9013,0
PMMF.US,60,20250630,180000,100.4841,100.4899,100.4841,100.4899,528,0
PMMF.US,60,20250630,190000,100.49,100.49,100.48,100.485,4339,0
PMMF.US,60,20250630,200000,100.49,100.49,100.48,100.48,3049,0
PMMF.US,60,20250630,210000,100.49,100.49,100.49,100.49,1631,0
PMMF.US,60,20250630,220000,100.49,100.49,100.485,100.485,5858,0
PMMF.US,60,20250701,160000,100.1752,100.18,100.175,100.1763,32886,0
PMMF.US,60,20250701,170000,100.18,100.18,100.17,100.18,9190,0
PMMF.US,60,20250701,180000,100.175,100.19,100.175,100.19,11772,0
PMMF.US,60,20250701,190000,100.19,100.2,100.1897,100.2,5067,0
PMMF.US,60,20250701,200000,100.199,100.21,100.19,100.205,6743,0
PMMF.US,60,20250701,210000,100.21,100.21,100.2,100.21,1872,0
PMMF.US,60,20250701,220000,100.21,100.21,100.2047,100.21,15116,0
PMMF.US,60,20250702,160000,100.21,100.21,100.21,100.21,318,0
PMMF.US,60,20250702,170000,100.205,100.21,100.2,100.2,8796,0
PMMF.US,60,20250702,180000,100.2,100.21,100.2,100.21,4730,0
PMMF.US,60,20250702,190000,100.2,100.21,100.2,100.21,3009,0
PMMF.US,60,20250702,200000,100.21,100.2191,100.2005,100.2011,9981,0
PMMF.US,60,20250702,210000,100.205,100.2099,100.2,100.2091,10514,0
PMMF.US,60,20250702,220000,100.209,100.2099,100.2008,100.205,8023,0
PMMF.US,60,20250703,160000,100.23,100.23,100.22418,100.225,17881,0
PMMF.US,60,20250703,170000,100.2208,100.2298,100.22,100.225,19340,0
PMMF.US,60,20250703,180000,100.2208,100.24,100.22,100.23265,20362,0
PMMF.US,60,20250703,190000,100.24,100.24,100.23,100.235,9823,0
PMMF.US,60,20250707,160000,100.25,100.25,100.245,100.245,2481,0
PMMF.US,60,20250707,170000,100.2401,100.25,100.24,100.245,10412,0
PMMF.US,60,20250707,180000,100.245,100.25,100.24,100.245,13740,0
PMMF.US,60,20250707,190000,100.245,100.25,100.24,100.24,6712,0
PMMF.US,60,20250707,200000,100.245,100.2488,100.24,100.2488,19083,0
PMMF.US,60,20250707,210000,100.245,100.249,100.24,100.245,18545,0
PMMF.US,60,20250707,220000,100.245,100.25,100.23,100.24,22168,0
PMMF.US,60,20250708,160000,100.255,100.26,100.2509,100.251,11630,0
PMMF.US,60,20250708,170000,100.26,100.26,100.2541,100.26,20560,0
PMMF.US,60,20250708,180000,100.26,100.26,100.24,100.245,24095,0
PMMF.US,60,20250708,190000,100.25,100.25,100.24,100.24,18278,0
PMMF.US,60,20250708,200000,100.25,100.25,100.24,100.24,7774,0
PMMF.US,60,20250708,210000,100.2499,100.25,100.245,100.25,15825,0
PMMF.US,60,20250708,220000,100.248,100.25,100.24,100.24,62048,0
PMMF.US,60,20250709,160000,100.265,100.265,100.26,100.26,1578,0
PMMF.US,60,20250709,170000,100.2699,100.2699,100.26,100.2689,2202,0
PMMF.US,60,20250709,180000,100.26,100.2699,100.26,100.265,2172,0
PMMF.US,60,20250709,190000,100.265,100.27,100.26,100.265,6271,0
PMMF.US,60,20250709,200000,100.26,100.2699,100.26,100.26,893,0
PMMF.US,60,20250709,210000,100.26,100.26,100.24,100.2591,61342,0
PMMF.US,60,20250709,220000,100.2549,100.26,100.25,100.25,41723,0
PMMF.US,60,20250710,160000,100.2799,100.2799,100.2799,100.2799,500,0
PMMF.US,60,20250710,170000,100.275,100.28,100.27,100.275,2770,0
PMMF.US,60,20250710,180000,100.275,100.2799,100.27,100.275,3744,0
PMMF.US,60,20250710,190000,100.271,100.2799,100.27,100.275,8495,0
PMMF.US,60,20250710,200000,100.275,100.28,100.27,100.275,1257,0
PMMF.US,60,20250710,210000,100.275,100.275,100.27,100.2745,514,0
PMMF.US,60,20250710,220000,100.275,100.2799,100.27,100.27,8570,0
PMMF.US,60,20250711,180000,100.295,100.2998,100.29,100.2901,6746,0
PMMF.US,60,20250711,190000,100.29,100.3,100.29,100.295,15593,0
PMMF.US,60,20250711,200000,100.295,100.2959,100.29,100.2958,6960,0
PMMF.US,60,20250711,210000,100.3,100.3,100.29,100.3,12665,0
PMMF.US,60,20250711,220000,100.295,100.31,100.29,100.3,14573,0
PMMF.US,60,20250714,160000,100.33,100.33,100.3292,100.3292,1260,0
PMMF.US,60,20250714,170000,100.3241,100.34,100.32,100.34,1439,0
PMMF.US,60,20250714,180000,100.3305,100.3305,100.3206,100.3206,4544,0
PMMF.US,60,20250714,190000,100.3265,100.329,100.325,100.325,14585,0
PMMF.US,60,20250714,200000,100.3298,100.33,100.32,100.325,11146,0
PMMF.US,60,20250714,210000,100.3206,100.33,100.32,100.325,20300,0
PMMF.US,60,20250714,220000,100.325,100.3298,100.32,100.32,19991,0
PMMF.US,60,20250715,160000,100.34,100.34,100.33,100.3309,4522,0
PMMF.US,60,20250715,170000,100.3341,100.3399,100.33,100.33,6766,0
PMMF.US,60,20250715,180000,100.33,100.34,100.33,100.3389,12832,0
PMMF.US,60,20250715,190000,100.34,100.34,100.335,100.335,13892,0
PMMF.US,60,20250715,200000,100.33,100.3338,100.33,100.3321,15749,0
PMMF.US,60,20250715,210000,100.335,100.34,100.33285,100.34,10282,0
PMMF.US,60,20250715,220000,100.34,100.34,100.33,100.335,14980,0
PMMF.US,60,20250716,160000,100.33,100.3495,100.33,100.3401,8967,0
PMMF.US,60,20250716,170000,100.341,100.3598,100.341,100.3534,7770,0
PMMF.US,60,20250716,180000,100.359,100.36,100.35,100.36,1713,0
PMMF.US,60,20250716,190000,100.355,100.355,100.3545,100.3545,1800,0
PMMF.US,60,20250716,200000,100.3501,100.359,100.35,100.355,2812,0
PMMF.US,60,20250716,210000,100.355,100.355,100.35,100.35,2256,0
PMMF.US,60,20250716,220000,100.3589,100.36,100.35,100.353,3491,0
PMMF.US,60,20250717,160000,100.37,100.38,100.36,100.3717,2282,0
PMMF.US,60,20250717,170000,100.37,100.37,100.36,100.365,5940,0
PMMF.US,60,20250717,180000,100.3655,100.3693,100.36,100.36,3722,0
PMMF.US,60,20250717,190000,100.365,100.37,100.35,100.35,5104,0
PMMF.US,60,20250717,200000,100.355,100.3692,100.35,100.3597,8229,0
PMMF.US,60,20250717,210000,100.36,100.3605,100.3595,100.3605,7835,0
PMMF.US,60,20250717,220000,100.36,100.365,100.34,100.34,30120,0
PMMF.US,60,20250718,160000,100.4,100.4,100.3899,100.3899,6149,0
PMMF.US,60,20250718,170000,100.385,100.3876,100.385,100.385,4791,0
PMMF.US,60,20250718,180000,100.385,100.39,100.38,100.39,4056,0
PMMF.US,60,20250718,190000,100.385,100.39,100.385,100.385,6128,0
PMMF.US,60,20250718,200000,100.385,100.39,100.3809,100.38272,6870,0
PMMF.US,60,20250718,210000,100.38,100.39,100.38,100.385,8823,0
PMMF.US,60,20250718,220000,100.3838,100.39,100.38,100.38,11735,0
PMMF.US,60,20250721,160000,100.405,100.405,100.405,100.405,558,0
PMMF.US,60,20250721,170000,100.401,100.41,100.401,100.41,2352,0
PMMF.US,60,20250721,180000,100.41,100.41,100.4,100.405,5111,0
PMMF.US,60,20250721,190000,100.41,100.41,100.405,100.405,1695,0
PMMF.US,60,20250721,200000,100.4,100.405,100.4,100.4003,1807,0
PMMF.US,60,20250721,210000,100.405,100.4074,100.4,100.4051,12585,0
PMMF.US,60,20250721,220000,100.4067,100.41,100.4,100.405,10446,0
PMMF.US,60,20250722,160000,100.41,100.41,100.41,100.41,123,0
PMMF.US,60,20250722,170000,100.4155,100.42,100.4101,100.415,3165,0
PMMF.US,60,20250722,180000,100.4174,100.42,100.41,100.415,5424,0
PMMF.US,60,20250722,190000,100.4145,100.4145,100.41,100.41,200,0
PMMF.US,60,20250722,200000,100.415,100.419,100.4101,100.415,2109,0
PMMF.US,60,20250722,210000,100.415,100.415,100.41,100.4101,605,0
PMMF.US,60,20250722,220000,100.41,100.415,100.39,100.39,17678,0
PMMF.US,60,20250723,160000,100.43,100.43,100.4217,100.43,8296,0
PMMF.US,60,20250723,170000,100.425,100.4278,100.42,100.42,2847,0
PMMF.US,60,20250723,180000,100.42,100.425,100.41,100.4199,17103,0
PMMF.US,60,20250723,190000,100.4199,100.43,100.4101,100.4178,5160,0
PMMF.US,60,20250723,200000,100.43,100.43,100.41,100.425,5973,0
PMMF.US,60,20250723,210000,100.4244,100.43,100.4224,100.425,1038,0
PMMF.US,60,20250723,220000,100.425,100.4297,100.4,100.4,9253,0
PMMF.US,60,20250724,160000,100.435,100.435,100.435,100.435,396,0
PMMF.US,60,20250724,170000,100.435,100.435,100.4341,100.4341,500,0
PMMF.US,60,20250724,180000,100.4301,100.45,100.4301,100.45,12351,0
PMMF.US,60,20250724,190000,100.4528,100.4593,100.44,100.4499,63116,0
PMMF.US,60,20250724,200000,100.445,100.4497,100.445,100.4497,410,0
PMMF.US,60,20250724,210000,100.44,100.442,100.43,100.43,13583,0
PMMF.US,60,20250724,220000,100.43,100.435,100.42,100.435,8726,0
PMMF.US,60,20250725,160000,100.49,100.52,100.48,100.485,15235,0
PMMF.US,60,20250725,170000,100.485,100.49,100.475,100.475,10709,0
PMMF.US,60,20250725,180000,100.475,100.48,100.4702,100.475,3029,0
PMMF.US,60,20250725,190000,100.47,100.475,100.47,100.475,2387,0
PMMF.US,60,20250725,200000,100.475,100.475,100.47,100.47,4595,0
PMMF.US,60,20250725,210000,100.475,100.475,100.47,100.475,2766,0
PMMF.US,60,20250725,220000,100.47,100.47,100.46,100.465,8393,0
PMMF.US,60,20250728,160000,100.485,100.49,100.485,100.4871,6304,0
PMMF.US,60,20250728,170000,100.4825,100.5,100.4825,100.495,19764,0
PMMF.US,60,20250728,180000,100.4947,100.4999,100.49,100.4999,400,0
PMMF.US,60,20250728,190000,100.49,100.495,100.49,100.495,400,0
PMMF.US,60,20250728,200000,100.4945,100.4945,100.4945,100.4945,985,0
PMMF.US,60,20250728,210000,100.49,100.4973,100.49,100.49,1707,0
PMMF.US,60,20250728,220000,100.495,100.5,100.49,100.49,3156,0
PMMF.US,60,20250729,160000,100.492,100.5,100.4918,100.498,4830,0
PMMF.US,60,20250729,170000,100.495,100.5,100.495,100.495,4271,0
PMMF.US,60,20250729,180000,100.4999,100.5,100.49,100.4903,7381,0
PMMF.US,60,20250729,190000,100.5,100.5,100.495,100.495,13171,0
PMMF.US,60,20250729,200000,100.495,100.49702,100.49,100.4901,7778,0
PMMF.US,60,20250729,210000,100.495,100.5,100.49,100.5,3040,0
PMMF.US,60,20250729,220000,100.495,100.495,100.495,100.495,100,0
PMMF.US,60,20250730,160000,100.52,100.52,100.51,100.51,19138,0
PMMF.US,60,20250730,170000,100.5022,100.51,100.5002,100.51,5333,0
PMMF.US,60,20250730,180000,100.5001,100.51,100.5001,100.51,4277,0
PMMF.US,60,20250730,200000,100.5059,100.51,100.5001,100.5087,3132,0
PMMF.US,60,20250730,210000,100.51,100.52,100.51,100.515,5262,0
PMMF.US,60,20250730,220000,100.51,100.515,100.505,100.505,3487,0
PMMF.US,60,20250731,160000,100.5117,100.5166,100.5103,100.5147,24234,0
PMMF.US,60,20250731,170000,100.515,100.52,100.51,100.515,41063,0
PMMF.US,60,20250731,180000,100.51,100.52,100.51,100.52,7555,0
PMMF.US,60,20250731,190000,100.516,100.52,100.51,100.52,7102,0
PMMF.US,60,20250731,200000,100.52,100.52,100.51,100.52,1972,0
PMMF.US,60,20250731,210000,100.5151,100.52,100.51,100.52,4293,0
PMMF.US,60,20250731,220000,100.52,100.52,100.5139,100.5186,4356,0
PMMF.US,60,20250801,160000,100.1717,100.19,100.17,100.185,15951,0
PMMF.US,60,20250801,170000,100.1771,100.19,100.175,100.185,18450,0
PMMF.US,60,20250801,180000,100.1802,100.1898,100.18,100.1898,7328,0
PMMF.US,60,20250801,190000,100.185,100.19,100.18,100.185,3923,0
PMMF.US,60,20250801,200000,100.19,100.19,100.1818,100.1818,650,0
PMMF.US,60,20250801,210000,100.1836,100.1875,100.18,100.18,4027,0
PMMF.US,60,20250801,220000,100.19,100.19,100.185,100.19,4637,0
PMMF.US,60,20250804,160000,100.2,100.2,100.1901,100.1941,1229,0
PMMF.US,60,20250804,170000,100.1999,100.2,100.19,100.2,10313,0
PMMF.US,60,20250804,180000,100.1901,100.2,100.1901,100.1999,1729,0
PMMF.US,60,20250804,190000,100.2,100.21,100.1901,100.21,4901,0
PMMF.US,60,20250804,200000,100.20302,100.21,100.2002,100.205,3250,0
PMMF.US,60,20250804,210000,100.2001,100.21,100.2,100.2001,25199,0
PMMF.US,60,20250804,220000,100.205,100.21,100.2,100.205,3135,0
PMMF.US,60,20250805,160000,100.214,100.22,100.2117,100.22,2876,0
PMMF.US,60,20250805,170000,100.22,100.22,100.2146,100.2146,20066,0
PMMF.US,60,20250805,180000,100.2197,100.22,100.2174,100.2199,23105,0
PMMF.US,60,20250805,190000,100.2151,100.22,100.2101,100.2199,11518,0
PMMF.US,60,20250805,200000,100.22,100.22,100.21,100.215,13573,0
PMMF.US,60,20250805,210000,100.215,100.22,100.21,100.215,5776,0
PMMF.US,60,20250805,220000,100.215,100.23,100.21,100.225,71898,0
PMMF.US,60,20250806,160000,100.23,100.24,100.23,100.2344,24321,0
PMMF.US,60,20250806,170000,100.23,100.24,100.23,100.2397,9557,0
PMMF.US,60,20250806,180000,100.235,100.24,100.23,100.2382,2383,0
PMMF.US,60,20250806,190000,100.235,100.24,100.235,100.24,5678,0
PMMF.US,60,20250806,200000,100.235,100.24,100.235,100.235,1665,0
PMMF.US,60,20250806,210000,100.235,100.24,100.23,100.235,2000,0
PMMF.US,60,20250806,220000,100.235,100.24,100.23,100.23,4471,0
PMMF.US,60,20250807,160000,100.25,100.27,100.2324,100.2324,61430,0
PMMF.US,60,20250807,170000,100.24,100.25,100.235,100.2478,5355,0
PMMF.US,60,20250807,180000,100.25,100.25,100.244,100.25,9151,0
PMMF.US,60,20250807,190000,100.2436,100.25,100.2416,100.243,30107,0
PMMF.US,60,20250807,200000,100.2469,100.25,100.24,100.245,25320,0
PMMF.US,60,20250807,210000,100.25,100.25,100.2435,100.245,4264,0
PMMF.US,60,20250807,220000,100.2475,100.25,100.24,100.243,25417,0
PMMF.US,60,20250808,160000,100.27,100.27,100.26,100.27,2626,0
PMMF.US,60,20250808,170000,100.262,100.27,100.262,100.2699,2931,0
PMMF.US,60,20250808,180000,100.26,100.27,100.26,100.27,19716,0
PMMF.US,60,20250808,190000,100.265,100.27,100.2626,100.2653,11062,0
PMMF.US,60,20250808,200000,100.27,100.27,100.26,100.265,11809,0
PMMF.US,60,20250808,210000,100.2601,100.265,100.2601,100.265,401,0
PMMF.US,60,20250808,220000,100.2697,100.278,100.265,100.275,9187,0
PMMF.US,60,20250811,160000,100.2899,100.29,100.28,100.285,3999,0
PMMF.US,60,20250811,170000,100.2899,100.29,100.285,100.29,8863,0
PMMF.US,60,20250811,180000,100.2897,100.3,100.2897,100.295,11418,0
PMMF.US,60,20250811,190000,100.295,100.3,100.295,100.295,8591,0
PMMF.US,60,20250811,200000,100.2958,100.3,100.29,100.2975,4870,0
PMMF.US,60,20250811,210000,100.2977,100.3,100.29,100.29,5327,0
PMMF.US,60,20250811,220000,100.3,100.3,100.2908,100.293,2184,0
PMMF.US,60,20250812,160000,100.3,100.31,100.29,100.305,15709,0
PMMF.US,60,20250812,170000,100.305,100.31,100.3,100.305,9808,0
PMMF.US,60,20250812,180000,100.305,100.3075,100.3,100.3,1192,0
PMMF.US,60,20250812,190000,100.3059,100.31,100.3001,100.30572,3173,0
PMMF.US,60,20250812,200000,100.3075,100.31,100.3,100.31,9487,0
PMMF.US,60,20250812,210000,100.31,100.31,100.305,100.31,2080,0
PMMF.US,60,20250812,220000,100.31,100.31,100.3035,100.305,13491,0
PMMF.US,60,20250813,160000,100.315,100.32,100.31,100.31941,3059,0
PMMF.US,60,20250813,170000,100.3155,100.32,100.31,100.32,8804,0
PMMF.US,60,20250813,180000,100.315,100.32,100.31,100.31,2396,0
PMMF.US,60,20250813,190000,100.31,100.32,100.31,100.3197,25190,0
PMMF.US,60,20250813,200000,100.32,100.32,100.315,100.32,3703,0
PMMF.US,60,20250813,210000,100.32,100.32,100.3132,100.32,4254,0
PMMF.US,60,20250813,220000,100.32,100.32,100.31,100.32,3734,0
PMMF.US,60,20250814,160000,100.33,100.33,100.315,100.315,5093,0
PMMF.US,60,20250814,170000,100.3164,100.3299,100.3101,100.3208,7535,0
PMMF.US,60,20250814,180000,100.325,100.33,100.3201,100.3201,1332,0
PMMF.US,60,20250814,190000,100.33,100.33,100.33,100.33,100,0
PMMF.US,60,20250814,200000,100.325,100.33,100.325,100.3275,10701,0
PMMF.US,60,20250814,210000,100.33,100.33,100.325,100.325,9176,0
PMMF.US,60,20250814,220000,100.325,100.33,100.3201,100.33,8072,0
PMMF.US,60,20250815,160000,100.3359,100.34,100.3301,100.3381,2017,0
PMMF.US,60,20250815,170000,100.34,100.34,100.335,100.335,3330,0
PMMF.US,60,20250815,180000,100.3326,100.34,100.3326,100.3399,7407,0
PMMF.US,60,20250815,190000,100.33769,100.34,100.3301,100.335,9361,0
PMMF.US,60,20250815,200000,100.34,100.34,100.3339,100.335,4043,0
PMMF.US,60,20250815,210000,100.335,100.34,100.33,100.34,2275,0
PMMF.US,60,20250815,220000,100.34,100.36,100.33,100.36,216461,0
PMMF.US,60,20250818,160000,100.365,100.37,100.36,100.36,4025,0
PMMF.US,60,20250818,170000,100.37,100.38,100.365,100.375,9085,0
PMMF.US,60,20250818,180000,100.37,100.37,100.36,100.3651,6458,0
PMMF.US,60,20250818,190000,100.37,100.37,100.36,100.365,6473,0
PMMF.US,60,20250818,200000,100.365,100.3668,100.36,100.365,3150,0
PMMF.US,60,20250818,210000,100.365,100.37,100.3621,100.37,10863,0
PMMF.US,60,20250818,220000,100.36708,100.37,100.36,100.365,133267,0
PMMF.US,60,20250819,160000,100.38,100.38,100.375,100.375,3661,0
PMMF.US,60,20250819,170000,100.375,100.38,100.3701,100.375,5192,0
PMMF.US,60,20250819,180000,100.375,100.38,100.372,100.375,5357,0
PMMF.US,60,20250819,190000,100.3799,100.38,100.37,100.3741,4718,0
PMMF.US,60,20250819,200000,100.3762,100.38,100.37259,100.38,2180,0
PMMF.US,60,20250819,210000,100.3763,100.38,100.37,100.38,4694,0
PMMF.US,60,20250819,220000,100.375,100.39,100.37,100.39,6534,0
PMMF.US,60,20250820,160000,100.39,100.4,100.39,100.4,1755,0
PMMF.US,60,20250820,170000,100.395,100.4,100.39,100.3901,18570,0
PMMF.US,60,20250820,180000,100.395,100.4,100.39,100.395,9032,0
PMMF.US,60,20250820,190000,100.4,100.4,100.4,100.4,300,0
PMMF.US,60,20250820,200000,100.395,100.4,100.39,100.4,4833,0
PMMF.US,60,20250820,210000,100.4,100.4,100.39,100.39,4919,0
PMMF.US,60,20250820,220000,100.395,100.4,100.39,100.39,9723,0
PMMF.US,60,20250821,160000,100.41,100.41,100.4053,100.408,2289,0
PMMF.US,60,20250821,170000,100.405,100.41,100.4,100.4099,4249,0
PMMF.US,60,20250821,180000,100.405,100.41,100.405,100.4099,1275,0
PMMF.US,60,20250821,190000,100.4001,100.4097,100.4001,100.4097,497,0
PMMF.US,60,20250821,200000,100.41,100.415,100.41,100.4121,5414,0
PMMF.US,60,20250821,210000,100.4169,100.4169,100.4,100.4,52802,0
PMMF.US,60,20250821,220000,100.405,100.405,100.4,100.4,13712,0
PMMF.US,60,20250822,160000,100.43,100.43,100.42,100.42,5465,0
PMMF.US,60,20250822,170000,100.4178,100.42,100.4101,100.4153,3002,0
PMMF.US,60,20250822,180000,100.415,100.42,100.41,100.415,2861,0
PMMF.US,60,20250822,190000,100.415,100.42,100.415,100.415,6296,0
PMMF.US,60,20250822,200000,100.4191,100.42,100.4127,100.42,8835,0
PMMF.US,60,20250822,210000,100.42,100.42,100.4125,100.4151,5196,0
PMMF.US,60,20250822,220000,100.42,100.43,100.4199,100.43,7152,0
PMMF.US,60,20250825,160000,100.45,100.4557,100.45,100.4544,25436,0
PMMF.US,60,20250825,170000,100.455,100.46,100.45,100.45,29059,0
PMMF.US,60,20250825,180000,100.4582,100.46,100.45,100.4561,3977,0
PMMF.US,60,20250825,190000,100.45,100.46,100.45,100.46,6355,0
PMMF.US,60,20250825,200000,100.4563,100.46,100.45,100.4563,4565,0
PMMF.US,60,20250825,210000,100.46,100.46,100.45,100.46,3202,0
PMMF.US,60,20250825,220000,100.455,100.46,100.45,100.45,10782,0
PMMF.US,60,20250826,160000,100.4661,100.4661,100.4601,100.465,11240,0
PMMF.US,60,20250826,170000,100.463,100.4697,100.46,100.46,17368,0
PMMF.US,60,20250826,180000,100.465,100.47,100.4647,100.4649,2200,0
PMMF.US,60,20250826,190000,100.465,100.47,100.46,100.46,12380,0
PMMF.US,60,20250826,200000,100.4601,100.4699,100.46,100.4657,11171,0
PMMF.US,60,20250826,210000,100.4602,100.4659,100.46,100.465,6467,0
PMMF.US,60,20250826,220000,100.4641,100.4699,100.46,100.46,3380,0
PMMF.US,60,20250827,160000,100.4771,100.48,100.475,100.4799,1309,0
PMMF.US,60,20250827,170000,100.475,100.48,100.47,100.47,4202,0
PMMF.US,60,20250827,180000,100.475,100.48,100.472,100.476,926,0
PMMF.US,60,20250827,190000,100.475,100.48,100.47,100.4799,7120,0
PMMF.US,60,20250827,200000,100.4799,100.48,100.47,100.4729,1728,0
PMMF.US,60,20250827,210000,100.4752,100.48,100.47,100.48,1917,0
PMMF.US,60,20250827,220000,100.475,100.48,100.475,100.475,1641,0
PMMF.US,60,20250828,160000,100.485,100.49,100.48,100.485,37671,0
PMMF.US,60,20250828,170000,100.4863,100.49,100.48,100.48,10147,0
PMMF.US,60,20250828,180000,100.485,100.4873,100.48,100.48,6348,0
PMMF.US,60,20250828,190000,100.48,100.4878,100.48,100.48,5637,0
PMMF.US,60,20250828,200000,100.485,100.49,100.48,100.48,9382,0
PMMF.US,60,20250828,210000,100.48,100.49,100.48,100.485,10934,0
PMMF.US,60,20250828,220000,100.485,100.49,100.48,100.485,10031,0
PMMF.US,60,20250829,160000,100.5,100.51,100.5,100.51,22385,0
PMMF.US,60,20250829,170000,100.5161,100.5161,100.51,100.51,7570,0
PMMF.US,60,20250829,180000,100.515,100.5199,100.51,100.51,5238,0
PMMF.US,60,20250829,190000,100.5098,100.5098,100.49,100.4954,7105,0
PMMF.US,60,20250829,200000,100.49,100.5,100.49,100.495,8320,0
PMMF.US,60,20250829,210000,100.495,100.5,100.49,100.495,5335,0
PMMF.US,60,20250829,220000,100.49,100.5,100.49,100.495,5483,0
PMMF.US,60,20250902,160000,100.2,100.2099,100.18,100.2099,8159,0
PMMF.US,60,20250902,170000,100.2,100.2,100.1914,100.1968,25430,0
PMMF.US,60,20250902,180000,100.2,100.2,100.195,100.195,4017,0
PMMF.US,60,20250902,190000,100.19,100.2,100.19,100.1951,3626,0
PMMF.US,60,20250902,200000,100.195,100.2,100.1946,100.1999,4477,0
PMMF.US,60,20250902,210000,100.195,100.2,100.19,100.195,9015,0
PMMF.US,60,20250902,220000,100.1962,100.2,100.1939,100.2,10996,0
PMMF.US,60,20250903,160000,100.21,100.21,100.2,100.205,22837,0
PMMF.US,60,20250903,170000,100.2,100.21,100.2,100.2015,8521,0
PMMF.US,60,20250903,180000,100.2099,100.2099,100.201,100.2041,6491,0
PMMF.US,60,20250903,190000,100.205,100.21,100.2,100.205,77544,0
PMMF.US,60,20250903,200000,100.2022,100.21,100.2002,100.21,12494,0
PMMF.US,60,20250903,210000,100.205,100.21,100.2039,100.2039,45182,0
PMMF.US,60,20250903,220000,100.21,100.22,100.21,100.215,38663,0
PMMF.US,60,20250904,160000,100.22,100.22,100.215,100.2163,1001,0
PMMF.US,60,20250904,170000,100.22,100.22,100.215,100.2167,2433,0
PMMF.US,60,20250904,180000,100.2198,100.22,100.2105,100.22,23282,0
PMMF.US,60,20250904,190000,100.212,100.22,100.2101,100.22,7990,0
PMMF.US,60,20250904,200000,100.22,100.22,100.215,100.2159,4327,0
PMMF.US,60,20250904,210000,100.22,100.23,100.22,100.225,3662,0
PMMF.US,60,20250904,220000,100.23,100.25,100.23,100.24,6517,0
PMMF.US,60,20250905,160000,100.23,100.24,100.23,100.2359,4875,0
PMMF.US,60,20250905,170000,100.24,100.24,100.23,100.235,31706,0
PMMF.US,60,20250905,180000,100.235,100.24,100.23,100.2361,1149,0
PMMF.US,60,20250905,190000,100.235,100.24,100.235,100.2399,756,0
PMMF.US,60,20250905,200000,100.2399,100.24,100.2327,100.2399,5857,0
PMMF.US,60,20250905,210000,100.24,100.24,100.2367,100.2376,4063,0
PMMF.US,60,20250905,220000,100.235,100.24,100.235,100.239,15350,0
PMMF.US,60,20250908,160000,100.28,100.29,100.28,100.285,16673,0
PMMF.US,60,20250908,170000,100.285,100.29,100.2802,100.285,6171,0
PMMF.US,60,20250908,180000,100.285,100.29,100.285,100.2859,20026,0
PMMF.US,60,20250908,190000,100.29,100.29,100.283,100.285,1761,0
PMMF.US,60,20250908,200000,100.29,100.29,100.2821,100.285,3447,0
PMMF.US,60,20250908,210000,100.285,100.29,100.285,100.285,14407,0
PMMF.US,60,20250908,220000,100.28,100.2859,100.28,100.285,1500,0
PMMF.US,60,20250909,160000,100.285,100.285,100.2803,100.285,1149,0
PMMF.US,60,20250909,170000,100.285,100.29,100.2802,100.2869,5726,0
PMMF.US,60,20250909,180000,100.29,100.295,100.29,100.295,8375,0
PMMF.US,60,20250909,190000,100.2976,100.3,100.2901,100.3,4480,0
PMMF.US,60,20250909,200000,100.295,100.3,100.2901,100.2901,1131,0
PMMF.US,60,20250909,210000,100.3,100.3,100.2901,100.2961,4548,0
PMMF.US,60,20250909,220000,100.2997,100.3,100.295,100.3,3603,0
PMMF.US,60,20250910,160000,100.31,100.31,100.30228,100.3041,1776,0
PMMF.US,60,20250910,170000,100.305,100.31,100.3,100.3,3381,0
PMMF.US,60,20250910,180000,100.305,100.31,100.305,100.305,5603,0
PMMF.US,60,20250910,190000,100.3001,100.31,100.3001,100.31,3844,0
PMMF.US,60,20250910,200000,100.31,100.31,100.3,100.31,44875,0
PMMF.US,60,20250910,210000,100.305,100.3099,100.3,100.3099,1211,0
PMMF.US,60,20250910,220000,100.305,100.31,100.3001,100.31,5205,0
PMMF.US,60,20250911,160000,100.315,100.32,100.315,100.3198,1802,0
PMMF.US,60,20250911,170000,100.315,100.317,100.31,100.317,2375,0
PMMF.US,60,20250911,180000,100.315,100.32,100.31,100.315,11125,0
PMMF.US,60,20250911,190000,100.32,100.32,100.31,100.315,9104,0
PMMF.US,60,20250911,200000,100.318,100.32,100.31,100.315,7342,0
PMMF.US,60,20250911,210000,100.315,100.32,100.315,100.315,2889,0
PMMF.US,60,20250911,220000,100.3197,100.32,100.31,100.31,10634,0
PMMF.US,60,20250912,160000,100.335,100.335,100.3324,100.335,1219,0
PMMF.US,60,20250912,170000,100.335,100.3359,100.3301,100.3301,1884,0
PMMF.US,60,20250912,180000,100.335,100.34,100.33,100.3398,7239,0
PMMF.US,60,20250912,190000,100.3373,100.34,100.3301,100.335,7024,0
PMMF.US,60,20250912,200000,100.335,100.34,100.33,100.335,4906,0
PMMF.US,60,20250912,210000,100.34,100.34,100.33,100.34,13231,0
PMMF.US,60,20250912,220000,100.335,100.34,100.33,100.34,25511,0
PMMF.US,60,20250915,160000,100.365,100.37,100.365,100.3697,4205,0
PMMF.US,60,20250915,170000,100.36,100.37,100.36,100.3601,15758,0
PMMF.US,60,20250915,180000,100.37,100.37,100.3601,100.365,4313,0
PMMF.US,60,20250915,190000,100.365,100.37,100.3648,100.37,12612,0
PMMF.US,60,20250915,200000,100.37,100.37,100.36,100.37,7963,0
PMMF.US,60,20250915,210000,100.365,100.37,100.36,100.3601,10738,0
PMMF.US,60,20250915,220000,100.3698,100.37,100.36,100.36,12087,0
PMMF.US,60,20250916,160000,100.3799,100.3799,100.371,100.371,4997,0
PMMF.US,60,20250916,170000,100.3799,100.38,100.37,100.38,10327,0
PMMF.US,60,20250916,180000,100.3741,100.38,100.37,100.379,10548,0
PMMF.US,60,20250916,190000,100.3764,100.3799,100.37,100.3799,2500,0
PMMF.US,60,20250916,200000,100.38,100.38,100.375,100.375,3396,0
PMMF.US,60,20250916,210000,100.38,100.38,100.37,100.3798,4445,0
PMMF.US,60,20250916,220000,100.375,100.38,100.37,100.38,14507,0
PMMF.US,60,20250917,160000,100.4,100.4,100.385,100.39,14064,0
PMMF.US,60,20250917,170000,100.382,100.39,100.382,100.39,2010,0
PMMF.US,60,20250917,180000,100.385,100.39,100.385,100.3853,4538,0
PMMF.US,60,20250917,190000,100.385,100.39,100.385,100.39,1404,0
PMMF.US,60,20250917,200000,100.38,100.4,100.38,100.395,10063,0
PMMF.US,60,20250917,210000,100.3904,100.4,100.39,100.395,17899,0
PMMF.US,60,20250917,220000,100.39,100.39,100.38,100.38,14673,0
PMMF.US,60,20250918,160000,100.4,100.4,100.39,100.4,22678,0
PMMF.US,60,20250918,170000,100.39,100.4,100.39,100.3951,18992,0
PMMF.US,60,20250918,180000,100.395,100.3999,100.39341,100.3987,1356,0
PMMF.US,60,20250918,190000,100.3988,100.4,100.395,100.3993,3276,0
PMMF.US,60,20250918,200000,100.3901,100.4,100.39,100.395,17329,0
PMMF.US,60,20250918,210000,100.395,100.4,100.395,100.4,4207,0
PMMF.US,60,20250918,220000,100.3956,100.41,100.3946,100.4,28530,0
PMMF.US,60,20250919,160000,100.4143,100.42,100.4143,100.42,1547,0
PMMF.US,60,20250919,170000,100.412,100.42,100.41,100.42,12694,0
PMMF.US,60,20250919,180000,100.42,100.42,100.41004,100.4199,7203,0
PMMF.US,60,20250919,190000,100.4131,100.42,100.4131,100.42,1662,0
PMMF.US,60,20250919,200000,100.42,100.42,100.4131,100.42,7277,0
PMMF.US,60,20250919,210000,100.416,100.42,100.4127,100.42,4051,0
PMMF.US,60,20250919,220000,100.42,100.42,100.41,100.42,5444,0
PMMF.US,60,20250922,160000,100.445,100.445,100.44,100.445,4921,0
PMMF.US,60,20250922,170000,100.45,100.45,100.44,100.4451,16260,0
PMMF.US,60,20250922,180000,100.447,100.45,100.445,100.445,6203,0
PMMF.US,60,20250922,190000,100.4499,100.45,100.445,100.4451,7752,0
PMMF.US,60,20250922,200000,100.445,100.4489,100.445,100.4489,349,0
PMMF.US,60,20250922,210000,100.445,100.45,100.445,100.45,9871,0
PMMF.US,60,20250922,220000,100.445,100.46,100.441,100.448,14313,0
PMMF.US,60,20250923,160000,100.455,100.46,100.45,100.46,8024,0
PMMF.US,60,20250923,170000,100.455,100.46,100.45,100.455,11489,0
PMMF.US,60,20250923,180000,100.455,100.46,100.455,100.46,7130,0
PMMF.US,60,20250923,190000,100.4597,100.46,100.45,100.46,6209,0
PMMF.US,60,20250923,200000,100.4565,100.46,100.455,100.46,8853,0
PMMF.US,60,20250923,210000,100.46,100.46,100.4525,100.46,3461,0
PMMF.US,60,20250923,220000,100.455,100.46,100.45,100.45,10994,0
PMMF.US,60,20250924,160000,100.465,100.4664,100.4602,100.4664,2895,0
PMMF.US,60,20250924,170000,100.465,100.47,100.4601,100.469,6536,0
PMMF.US,60,20250924,180000,100.465,100.47,100.465,100.47,2032,0
PMMF.US,60,20250924,190000,100.47,100.47,100.46,100.465,8416,0
PMMF.US,60,20250924,200000,100.465,100.47,100.465,100.47,4454,0
PMMF.US,60,20250924,210000,100.4609,100.47,100.4609,100.4636,2825,0
PMMF.US,60,20250924,220000,100.4628,100.47,100.4601,100.467,9534,0
PMMF.US,60,20250925,160000,100.475,100.48,100.47,100.4702,4979,0
PMMF.US,60,20250925,170000,100.475,100.48,100.47,100.4754,29708,0
PMMF.US,60,20250925,180000,100.4735,100.48,100.47,100.4751,10632,0
PMMF.US,60,20250925,190000,100.475,100.48,100.4701,100.4703,13939,0
PMMF.US,60,20250925,200000,100.475,100.48,100.4714,100.475,3650,0
PMMF.US,60,20250925,210000,100.475,100.48,100.47,100.4701,18363,0
PMMF.US,60,20250925,220000,100.475,100.48,100.47,100.47,21532,0
PMMF.US,60,20250926,160000,100.5,100.51,100.5,100.5,2834,0
PMMF.US,60,20250926,170000,100.505,100.51,100.5,100.5,17856,0
PMMF.US,60,20250926,180000,100.5041,100.5041,100.5041,100.5041,555,0
PMMF.US,60,20250926,190000,100.5003,100.5059,100.5,100.505,2990,0
PMMF.US,60,20250926,200000,100.5,100.5074,100.5,100.5,1400,0
PMMF.US,60,20250926,210000,100.505,100.51,100.5,100.5,4235,0
PMMF.US,60,20250926,220000,100.5,100.508,100.5,100.5,3501,0
PMMF.US,60,20250929,160000,100.525,100.53,100.5227,100.53,21387,0
PMMF.US,60,20250929,170000,100.5201,100.53,100.5201,100.5298,20188,0
PMMF.US,60,20250929,180000,100.526,100.53,100.525,100.525,5827,0
PMMF.US,60,20250929,190000,100.5261,100.5261,100.52,100.52138,3787,0
PMMF.US,60,20250929,200000,100.525,100.53,100.525,100.525,86829,0
PMMF.US,60,20250929,210000,100.52,100.53,100.52,100.522,16300,0
PMMF.US,60,20250929,220000,100.525,100.53,100.52,100.53,15841,0
PMMF.US,60,20250930,160000,100.535,100.5399,100.53,100.5399,30969,0
PMMF.US,60,20250930,170000,100.535,100.5375,100.53,100.535,1712,0
PMMF.US,60,20250930,180000,100.535,100.54,100.535,100.54,2841,0
PMMF.US,60,20250930,190000,100.535,100.535,100.53,100.53,2296,0
PMMF.US,60,20250930,200000,100.5328,100.54,100.53,100.535,26835,0
PMMF.US,60,20250930,210000,100.533,100.54,100.5301,100.5301,2202,0
PMMF.US,60,20250930,220000,100.5397,100.54,100.53,100.54,7423,0
PMMF.US,60,20251001,160000,100.225,100.2299,100.21,100.22,35521,0
PMMF.US,60,20251001,170000,100.22,100.23,100.21,100.2222,27710,0
PMMF.US,60,20251001,180000,100.225,100.23,100.22,100.225,4811,0
PMMF.US,60,20251001,190000,100.225,100.23,100.22,100.225,14533,0
PMMF.US,60,20251001,200000,100.225,100.23,100.22,100.22,51987,0
PMMF.US,60,20251001,210000,100.2241,100.23,100.2201,100.225,5595,0
PMMF.US,60,20251001,220000,100.23,100.23,100.22,100.225,18782,0
PMMF.US,60,20251002,160000,100.235,100.235,100.235,100.235,2875,0
PMMF.US,60,20251002,170000,100.235,100.24,100.2317,100.2398,10075,0
PMMF.US,60,20251002,180000,100.2399,100.24,100.23,100.2359,9043,0
PMMF.US,60,20251002,190000,100.2361,100.24,100.2303,100.233,3210,0
PMMF.US,60,20251002,200000,100.24,100.24,100.23,100.24,7032,0
PMMF.US,60,20251002,210000,100.235,100.24,100.23,100.235,6684,0
PMMF.US,60,20251002,220000,100.23,100.24,100.23,100.24,7780,0
PMMF.US,60,20251003,160000,100.25,100.26,100.25,100.255,2322,0
PMMF.US,60,20251003,170000,100.255,100.26,100.255,100.255,5486,0
PMMF.US,60,20251003,180000,100.2533,100.2599,100.25,100.255,4038,0
PMMF.US,60,20251003,190000,100.2501,100.26,100.25,100.255,4867,0
PMMF.US,60,20251003,200000,100.255,100.26,100.25,100.25,6658,0
PMMF.US,60,20251003,210000,100.255,100.26,100.255,100.2551,11268,0
PMMF.US,60,20251003,220000,100.255,100.26,100.25,100.25,5317,0
PMMF.US,60,20251006,160000,100.2783,100.28,100.27,100.275,6707,0
PMMF.US,60,20251006,170000,100.275,100.28,100.27,100.275,7937,0
PMMF.US,60,20251006,180000,100.27,100.28,100.27,100.27,2845,0
PMMF.US,60,20251006,190000,100.275,100.285,100.27,100.28,11672,0
PMMF.US,60,20251006,200000,100.287,100.287,100.28,100.285,1054,0
PMMF.US,60,20251006,210000,100.2825,100.2871,100.28,100.28,4895,0
PMMF.US,60,20251006,220000,100.285,100.29,100.28,100.28,16805,0
PMMF.US,60,20251007,160000,100.29,100.29706,100.29,100.2937,3932,0
PMMF.US,60,20251007,170000,100.29,100.3,100.28,100.2944,11994,0
PMMF.US,60,20251007,180000,100.295,100.3,100.295,100.3,780,0
PMMF.US,60,20251007,190000,100.29,100.2958,100.29,100.29,11585,0
PMMF.US,60,20251007,200000,100.295,100.2999,100.29,100.29,3577,0
PMMF.US,60,20251007,210000,100.29,100.295,100.29,100.295,4169,0
PMMF.US,60,20251007,220000,100.29,100.3,100.29,100.29,15222,0
PMMF.US,60,20251008,160000,100.3,100.305,100.3,100.3024,8280,0
PMMF.US,60,20251008,170000,100.3041,100.31,100.3,100.3,13975,0
PMMF.US,60,20251008,180000,100.305,100.31,100.3,100.3,7753,0
PMMF.US,60,20251008,190000,100.305,100.31,100.3,100.3,10895,0
PMMF.US,60,20251008,200000,100.3,100.31,100.3,100.3,4604,0
PMMF.US,60,20251008,210000,100.3,100.31,100.3,100.3053,6754,0
PMMF.US,60,20251008,220000,100.3,100.31,100.3,100.31,12028,0
PMMF.US,60,20251009,160000,100.31,100.32,100.31,100.3194,7413,0
PMMF.US,60,20251009,170000,100.3141,100.32,100.31,100.3141,12137,0
PMMF.US,60,20251009,180000,100.315,100.32,100.315,100.3199,3674,0
PMMF.US,60,20251009,190000,100.32,100.32,100.318,100.32,1566,0
PMMF.US,60,20251009,200000,100.3159,100.32,100.31,100.32,4433,0
PMMF.US,60,20251009,210000,100.3186,100.32,100.31,100.31229,7123,0
PMMF.US,60,20251009,220000,100.3198,100.32,100.31,100.32,4895,0
PMMF.US,60,20251010,160000,100.335,100.3399,100.33,100.3399,8424,0
PMMF.US,60,20251010,170000,100.335,100.3359,100.33,100.33,3309,0
PMMF.US,60,20251010,180000,100.33,100.335,100.33,100.3302,15260,0
PMMF.US,60,20251010,190000,100.33,100.34,100.33,100.34,4571,0
PMMF.US,60,20251010,200000,100.335,100.335,100.33,100.3301,8308,0
PMMF.US,60,20251010,210000,100.33,100.34,100.32,100.33,53912,0
PMMF.US,60,20251010,220000,100.33,100.335,100.32,100.32,12150,0
PMMF.US,60,20251013,160000,100.35,100.35,100.34,100.34,11437,0
PMMF.US,60,20251013,170000,100.345,100.3455,100.34,100.3435,6296,0
PMMF.US,60,20251013,180000,100.34,100.34,100.32,100.325,4992,0
PMMF.US,60,20251013,190000,100.33,100.35,100.33,100.345,11780,0
PMMF.US,60,20251013,200000,100.345,100.345,100.34,100.3401,800,0
PMMF.US,60,20251013,210000,100.345,100.35,100.34,100.3498,6005,0
PMMF.US,60,20251013,220000,100.34,100.35,100.34,100.35,9352,0
PMMF.US,60,20251014,160000,100.36,100.37,100.36,100.37,6686,0
PMMF.US,60,20251014,170000,100.365,100.37,100.36,100.36,3109,0
PMMF.US,60,20251014,180000,100.37,100.38,100.36,100.38,24476,0
PMMF.US,60,20251014,190000,100.375,100.39,100.37,100.385,8660,0
PMMF.US,60,20251014,200000,100.38,100.39,100.38,100.38,19149,0
PMMF.US,60,20251014,210000,100.38,100.39,100.38,100.385,14633,0
PMMF.US,60,20251014,220000,100.3814,100.4,100.38,100.4,26700,0
PMMF.US,60,20251015,160000,100.38,100.39,100.38,100.385,3629,0
PMMF.US,60,20251015,170000,100.385,100.39,100.38,100.38,11970,0
PMMF.US,60,20251015,180000,100.38,100.39,100.38,100.38,7714,0
PMMF.US,60,20251015,190000,100.3801,100.39,100.3801,100.385,3250,0
PMMF.US,60,20251015,200000,100.38,100.3801,100.38,100.38,10493,0
PMMF.US,60,20251015,210000,100.38,100.38,100.3784,100.3784,1124,0
PMMF.US,60,20251015,220000,100.38,100.38,100.3701,100.375,8999,0
PMMF.US,60,20251016,160000,100.4,100.4,100.38,100.3809,7440,0
PMMF.US,60,20251016,170000,100.385,100.3889,100.3802,100.385,3251,0
PMMF.US,60,20251016,180000,100.385,100.39,100.385,100.3899,1931,0
PMMF.US,60,20251016,190000,100.39,100.39,100.3802,100.3899,5803,0
PMMF.US,60,20251016,200000,100.3841,100.39,100.3801,100.39,26208,0
PMMF.US,60,20251016,210000,100.39,100.39,100.38,100.3809,11059,0
PMMF.US,60,20251016,220000,100.3859,100.4,100.38,100.39,1993,0
PMMF.US,60,20251017,160000,100.41,100.42,100.4005,100.415,4236,0
PMMF.US,60,20251017,170000,100.415,100.4199,100.4101,100.415,1941,0
PMMF.US,60,20251017,180000,100.42,100.42,100.41,100.415,53317,0
PMMF.US,60,20251017,190000,100.416,100.42,100.415,100.4199,28150,0
PMMF.US,60,20251017,200000,100.4142,100.42,100.4142,100.415,4701,0
PMMF.US,60,20251017,210000,100.415,100.419,100.415,100.415,1174,0
PMMF.US,60,20251017,220000,100.415,100.415,100.4148,100.415,4556,0
PMMF.US,60,20251020,160000,100.44,100.45,100.44,100.45,23866,0
PMMF.US,60,20251020,170000,100.4401,100.45,100.4401,100.445,1293,0
PMMF.US,60,20251020,180000,100.4497,100.45,100.44,100.4401,13600,0
PMMF.US,60,20251020,190000,100.4401,100.45,100.4401,100.45,6048,0
PMMF.US,60,20251020,200000,100.45,100.45,100.44,100.44,6094,0
PMMF.US,60,20251020,210000,100.44734,100.44734,100.445,100.445,1839,0
PMMF.US,60,20251020,220000,100.4446,100.45,100.44,100.445,10978,0
PMMF.US,60,20251021,160000,100.445,100.447,100.4401,100.4451,3128,0
PMMF.US,60,20251021,170000,100.4471,100.45,100.4402,100.4441,6149,0
PMMF.US,60,20251021,180000,100.445,100.45,100.445,100.445,2768,0
PMMF.US,60,20251021,190000,100.4468,100.45,100.4402,100.4454,7589,0
PMMF.US,60,20251021,200000,100.4447,100.45,100.4447,100.445,1462,0
PMMF.US,60,20251021,210000,100.445,100.45,100.4448,100.4448,5559,0
PMMF.US,60,20251021,220000,100.45,100.45,100.445,100.45,4552,0
PMMF.US,60,20251022,160000,100.455,100.46,100.4534,100.455,5273,0
PMMF.US,60,20251022,170000,100.46,100.46,100.455,100.458,5640,0
PMMF.US,60,20251022,180000,100.46,100.46,100.45,100.4599,12091,0
PMMF.US,60,20251022,190000,100.4559,100.46,100.455,100.455,5336,0
PMMF.US,60,20251022,200000,100.455,100.46,100.455,100.4599,6758,0
PMMF.US,60,20251022,210000,100.46,100.46,100.4501,100.46,9094,0
PMMF.US,60,20251022,220000,100.4588,100.47,100.45,100.47,25616,0
PMMF.US,60,20251023,160000,100.47,100.47,100.463,100.465,4035,0
PMMF.US,60,20251023,170000,100.4608,100.47788,100.4608,100.475,5408,0
PMMF.US,60,20251023,180000,100.4715,100.48,100.47,100.4701,11045,0
PMMF.US,60,20251023,190000,100.475,100.48,100.47,100.48,3284,0
PMMF.US,60,20251023,200000,100.475,100.48,100.4709,100.48,2881,0
PMMF.US,60,20251023,210000,100.48,100.48,100.47,100.475,4170,0
PMMF.US,60,20251023,220000,100.475,100.48,100.47,100.47,8750,0
PMMF.US,60,20251024,160000,100.49,100.49,100.48,100.485,15393,0
PMMF.US,60,20251024,170000,100.4846,100.49,100.4846,100.4859,7885,0
PMMF.US,60,20251024,180000,100.4899,100.49,100.48325,100.485,11184,0
PMMF.US,60,20251024,190000,100.4899,100.49,100.48,100.4899,18058,0
PMMF.US,60,20251024,200000,100.49,100.49,100.4801,100.4801,22484,0
PMMF.US,60,20251024,210000,100.49,100.49,100.485,100.49,1636,0
PMMF.US,60,20251024,220000,100.4842,100.49,100.48,100.48,20066,0
PMMF.US,60,20251027,150000,100.52,100.52,100.513,100.5199,5770,0
PMMF.US,60,20251027,160000,100.515,100.52,100.5112,100.52,16424,0
PMMF.US,60,20251027,170000,100.515,100.52,100.51,100.515,2761,0
PMMF.US,60,20251027,180000,100.515,100.52,100.5126,100.52,5042,0
PMMF.US,60,20251027,190000,100.52,100.52,100.515,100.52,7942,0
PMMF.US,60,20251027,200000,100.515,100.5299,100.515,100.525,16690,0
PMMF.US,60,20251027,210000,100.521,100.5299,100.51,100.51,16800,0
PMMF.US,60,20251028,150000,100.52,100.535,100.52,100.535,2976,0
PMMF.US,60,20251028,160000,100.53,100.532,100.525,100.53,14626,0
PMMF.US,60,20251028,170000,100.53,100.53,100.525,100.53,13230,0
PMMF.US,60,20251028,180000,100.525,100.53,100.52,100.53,2705,0
PMMF.US,60,20251028,190000,100.525,100.53,100.5201,100.53,3277,0
PMMF.US,60,20251028,200000,100.53,100.53,100.5202,100.53,2896,0
PMMF.US,60,20251028,210000,100.52,100.53,100.52,100.52,26212,0
PMMF.US,60,20251029,150000,100.532,100.55,100.53,100.5401,8775,0
PMMF.US,60,20251029,160000,100.546,100.5499,100.54,100.545,3078,0
PMMF.US,60,20251029,170000,100.545,100.545,100.5401,100.545,8558,0
PMMF.US,60,20251029,180000,100.545,100.545,100.54,100.5403,1135,0
PMMF.US,60,20251029,190000,100.545,100.5499,100.54287,100.545,1605,0
PMMF.US,60,20251029,200000,100.54802,100.54802,100.54,100.5403,13888,0
PMMF.US,60,20251029,210000,100.5438,100.55,100.54,100.5497,18003,0
PMMF.US,60,20251030,150000,100.55,100.5545,100.55,100.55,1000,0
PMMF.US,60,20251030,160000,100.5502,100.56,100.55,100.5503,21805,0
PMMF.US,60,20251030,170000,100.5564,100.5564,100.55,100.5502,2248,0
PMMF.US,60,20251030,180000,100.55,100.56,100.55,100.555,16329,0
PMMF.US,60,20251030,190000,100.55,100.5565,100.55,100.555,7469,0
PMMF.US,60,20251030,200000,100.555,100.5554,100.55,100.555,49242,0
PMMF.US,60,20251030,210000,100.559,100.559,100.55,100.55,30650,0
PMMF.US,60,20251031,150000,100.57,100.57,100.56,100.565,29477,0
PMMF.US,60,20251031,160000,100.565,100.57,100.56,100.565,6873,0
PMMF.US,60,20251031,170000,100.57,100.57,100.565,100.5697,13402,0
PMMF.US,60,20251031,180000,100.57,100.57,100.5699,100.5699,1300,0
PMMF.US,60,20251031,190000,100.5638,100.57,100.56,100.5651,9958,0
PMMF.US,60,20251031,200000,100.565,100.57,100.56,100.56,14506,0
PMMF.US,60,20251031,210000,100.57,100.57,100.56,100.57,14662,0
PMMF.US,60,20251103,160000,100.26,100.26,100.2541,100.26,51717,0
PMMF.US,60,20251103,170000,100.2557,100.26,100.25,100.26,25101,0
PMMF.US,60,20251103,180000,100.2573,100.26,100.25,100.2501,1853,0
PMMF.US,60,20251103,190000,100.2521,100.26,100.25,100.255,9474,0
PMMF.US,60,20251103,200000,100.257,100.26,100.254,100.26,13571,0
PMMF.US,60,20251103,210000,100.255,100.26,100.2501,100.2561,10060,0
PMMF.US,60,20251103,220000,100.2599,100.26,100.25,100.25,12142,0
PMMF.US,60,20251104,160000,100.265,100.27,100.26,100.265,4718,0
PMMF.US,60,20251104,170000,100.2659,100.27,100.2601,100.2646,9742,0
PMMF.US,60,20251104,180000,100.265,100.27,100.2647,100.265,5012,0
PMMF.US,60,20251104,190000,100.265,100.27,100.263,100.2665,4937,0
PMMF.US,60,20251104,200000,100.265,100.27,100.2646,100.27,4929,0
PMMF.US,60,20251104,210000,100.2631,100.27,100.26,100.2688,6233,0
PMMF.US,60,20251104,220000,100.27,100.28,100.26,100.26,23953,0
PMMF.US,60,20251105,160000,100.2799,100.2853,100.2704,100.2826,17841,0
PMMF.US,60,20251105,170000,100.28,100.29,100.28,100.2801,6604,0
PMMF.US,60,20251105,180000,100.285,100.29,100.28,100.2831,15784,0
PMMF.US,60,20251105,190000,100.285,100.29,100.275,100.28,5232,0
PMMF.US,60,20251105,200000,100.2799,100.29,100.2799,100.2899,3140,0
PMMF.US,60,20251105,210000,100.285,100.29,100.2841,100.285,17742,0
PMMF.US,60,20251105,220000,100.285,100.29,100.28,100.28,5231,0
PMMF.US,60,20251106,160000,100.285,100.2852,100.2841,100.2852,2228,0
PMMF.US,60,20251106,170000,100.2864,100.29,100.2801,100.285,11712,0
PMMF.US,60,20251106,180000,100.285,100.29,100.285,100.29,5121,0
PMMF.US,60,20251106,190000,100.2889,100.29,100.2816,100.2851,10904,0
PMMF.US,60,20251106,200000,100.289,100.3,100.289,100.3,8044,0
PMMF.US,60,20251106,210000,100.295,100.295,100.2901,100.2941,3513,0
PMMF.US,60,20251106,220000,100.295,100.3,100.28,100.29,38189,0
PMMF.US,60,20251107,160000,100.305,100.31,100.305,100.305,12041,0
PMMF.US,60,20251107,170000,100.3099,100.3099,100.3,100.305,9765,0
PMMF.US,60,20251107,180000,100.3001,100.31,100.3001,100.31,7207,0
PMMF.US,60,20251107,190000,100.3003,100.31,100.3003,100.305,3414,0
PMMF.US,60,20251107,200000,100.305,100.31,100.305,100.305,2523,0
PMMF.US,60,20251107,210000,100.305,100.31,100.3024,100.305,3943,0
PMMF.US,60,20251107,220000,100.305,100.31,100.3041,100.305,11687,0
PMMF.US,60,20251110,160000,100.34,100.349,100.33,100.34,2983,0
PMMF.US,60,20251110,170000,100.3398,100.34,100.335,100.335,13226,0
PMMF.US,60,20251110,180000,100.3323,100.3369,100.3301,100.3347,3627,0
PMMF.US,60,20251110,190000,100.34,100.3488,100.335,100.346,12561,0
PMMF.US,60,20251110,200000,100.345,100.3497,100.34,100.3497,6043,0
PMMF.US,60,20251110,210000,100.345,100.3499,100.34,100.345,11085,0
PMMF.US,60,20251110,220000,100.345,100.35,100.34,100.35,15148,0
PMMF.US,60,20251111,160000,100.35,100.35,100.345,100.3451,5086,0
PMMF.US,60,20251111,170000,100.345,100.35,100.34,100.34,2580,0
PMMF.US,60,20251111,180000,100.345,100.3471,100.345,100.3471,3730,0
PMMF.US,60,20251111,190000,100.345,100.35,100.3409,100.3409,6932,0
PMMF.US,60,20251111,200000,100.3497,100.35,100.345,100.3451,2208,0
PMMF.US,60,20251111,210000,100.345,100.36,100.3424,100.36,19680,0
PMMF.US,60,20251111,220000,100.36,100.37,100.35,100.37,23647,0
PMMF.US,60,20251112,160000,100.355,100.36,100.3546,100.355,11699,0
PMMF.US,60,20251112,170000,100.355,100.3599,100.35256,100.3599,7020,0
PMMF.US,60,20251112,180000,100.355,100.365,100.3502,100.365,6205,0
PMMF.US,60,20251112,190000,100.36,100.37,100.36,100.3602,9101,0
PMMF.US,60,20251112,200000,100.365,100.3672,100.36,100.365,2879,0
PMMF.US,60,20251112,210000,100.365,100.365,100.36,100.365,19991,0
PMMF.US,60,20251112,220000,100.363,100.363,100.35,100.35,16726,0
PMMF.US,60,20251113,160000,100.3684,100.37,100.3602,100.365,6585,0
PMMF.US,60,20251113,170000,100.365,100.37,100.365,100.37,792,0
PMMF.US,60,20251113,180000,100.36,100.37,100.36,100.3659,9038,0
PMMF.US,60,20251113,190000,100.3646,100.3678,100.3646,100.365,1648,0
PMMF.US,60,20251113,200000,100.365,100.37,100.365,100.37,16595,0
PMMF.US,60,20251113,210000,100.3693,100.3797,100.365,100.3797,16400,0
PMMF.US,60,20251113,220000,100.3701,100.38,100.36,100.38,21500,0
PMMF.US,60,20251114,160000,100.37,100.38,100.37,100.3798,3005,0
PMMF.US,60,20251114,170000,100.385,100.3876,100.38,100.385,7931,0
PMMF.US,60,20251114,180000,100.3891,100.39,100.3801,100.3801,3097,0
PMMF.US,60,20251114,190000,100.38,100.39,100.38,100.3858,2469,0
PMMF.US,60,20251114,200000,100.385,100.3899,100.38,100.385,9021,0
PMMF.US,60,20251114,210000,100.3847,100.385,100.38,100.385,2766,0
PMMF.US,60,20251114,220000,100.39,100.39,100.38,100.38,6654,0
PMMF.US,60,20251117,160000,100.41,100.413,100.4,100.407,26827,0
PMMF.US,60,20251117,170000,100.40688,100.41,100.4,100.41,701,0
PMMF.US,60,20251117,180000,100.41,100.41,100.4001,100.4001,1051,0
PMMF.US,60,20251117,190000,100.41,100.41,100.4033,100.4033,5325,0
PMMF.US,60,20251117,200000,100.4,100.41,100.4,100.4098,2967,0
PMMF.US,60,20251117,210000,100.4076,100.41,100.405,100.405,4622,0
PMMF.US,60,20251117,220000,100.405,100.41,100.4,100.41,9740,0
PMMF.US,60,20251118,160000,100.415,100.42,100.41,100.42,39105,0
PMMF.US,60,20251118,170000,100.4197,100.4267,100.4114,100.42,43467,0
PMMF.US,60,20251118,180000,100.42,100.43,100.42,100.425,14802,0
PMMF.US,60,20251118,190000,100.4201,100.43,100.4201,100.425,3305,0
PMMF.US,60,20251118,200000,100.4231,100.43,100.42,100.42,22129,0
PMMF.US,60,20251118,210000,100.4257,100.4257,100.415,100.42,10135,0
PMMF.US,60,20251118,220000,100.42772,100.43,100.42,100.42,9241,0
PMMF.US,60,20251119,160000,100.43,100.44,100.43,100.435,8842,0
PMMF.US,60,20251119,170000,100.435,100.4354,100.43,100.43,2043,0
PMMF.US,60,20251119,180000,100.43,100.4399,100.43,100.435,7923,0
PMMF.US,60,20251119,190000,100.4399,100.4399,100.43,100.4302,10538,0
PMMF.US,60,20251119,200000,100.4357,100.4367,100.43,100.435,1377,0
PMMF.US,60,20251119,210000,100.4357,100.4359,100.43,100.43,2994,0
PMMF.US,60,20251119,220000,100.435,100.4376,100.42,100.425,36544,0
PMMF.US,60,20251120,160000,100.435,100.44,100.4302,100.4343,2849,0
PMMF.US,60,20251120,170000,100.44,100.445,100.43,100.445,8137,0
PMMF.US,60,20251120,180000,100.445,100.45,100.4431,100.45,6608,0
PMMF.US,60,20251120,190000,100.4449,100.45,100.44,100.4431,5411,0
PMMF.US,60,20251120,200000,100.445,100.445,100.433,100.435,7488,0
PMMF.US,60,20251120,210000,100.4343,100.435,100.4317,100.435,1788,0
PMMF.US,60,20251120,220000,100.435,100.44,100.4301,100.44,22738,0
PMMF.US,60,20251121,160000,100.4509,100.4583,100.45,100.4583,3220,0
PMMF.US,60,20251121,170000,100.46,100.46,100.45,100.45,37668,0
PMMF.US,60,20251121,180000,100.45,100.46,100.45,100.45,15113,0
PMMF.US,60,20251121,190000,100.45,100.455,100.45,100.4502,5949,0
PMMF.US,60,20251121,200000,100.455,100.456,100.4503,100.455,11022,0
PMMF.US,60,20251121,210000,100.4501,100.46,100.45,100.455,14665,0
PMMF.US,60,20251121,220000,100.456,100.46,100.45,100.46,7210,0
PMMF.US,60,20251124,160000,100.485,100.4898,100.4801,100.4819,4447,0
PMMF.US,60,20251124,170000,100.485,100.49,100.4803,100.49,11543,0
PMMF.US,60,20251124,180000,100.4899,100.49,100.48,100.48,8972,0
PMMF.US,60,20251124,190000,100.48,100.485,100.48,100.485,3268,0
PMMF.US,60,20251124,200000,100.48,100.485,100.48,100.48,1067,0
PMMF.US,60,20251124,210000,100.485,100.488,100.48,100.485,14341,0
PMMF.US,60,20251124,220000,100.485,100.49,100.48,100.48,14012,0
PMMF.US,60,20251125,160000,100.49,100.495,100.49,100.49307,2495,0
PMMF.US,60,20251125,170000,100.495,100.499,100.49,100.495,8596,0
PMMF.US,60,20251125,180000,100.4902,100.495,100.49,100.4909,6930,0
PMMF.US,60,20251125,190000,100.49,100.5,100.49,100.495,22551,0
PMMF.US,60,20251125,200000,100.495,100.5,100.49,100.495,14819,0
PMMF.US,60,20251125,210000,100.4958,100.5,100.4928,100.4958,4511,0
PMMF.US,60,20251125,220000,100.4933,100.5,100.49,100.49,3690,0
PMMF.US,60,20251126,160000,100.505,100.51,100.5,100.51,7877,0
PMMF.US,60,20251126,170000,100.5097,100.52,100.5001,100.505,33783,0
PMMF.US,60,20251126,180000,100.5033,100.5065,100.5032,100.505,2981,0
PMMF.US,60,20251126,190000,100.505,100.51,100.5023,100.505,5343,0
PMMF.US,60,20251126,200000,100.5042,100.5042,100.5,100.5,6551,0
PMMF.US,60,20251126,210000,100.505,100.5082,100.5029,100.505,9395,0
PMMF.US,60,20251126,220000,100.505,100.51,100.5,100.507,13800,0
PMMF.US,60,20251128,160000,100.53,100.54,100.52,100.527,32971,0
PMMF.US,60,20251128,170000,100.5202,100.5299,100.52,100.52,12934,0
PMMF.US,60,20251128,180000,100.525,100.53,100.52,100.525,2972,0
PMMF.US,60,20251128,190000,100.5201,100.53,100.52,100.525,11148,0
PMMF.US,60,20251201,160000,100.255,100.26,100.245,100.2522,38067,0
PMMF.US,60,20251201,170000,100.2483,100.25,100.2401,100.2498,8545,0
PMMF.US,60,20251201,180000,100.245,100.25,100.24,100.2441,1734,0
PMMF.US,60,20251201,190000,100.245,100.245,100.24,100.245,4146,0
PMMF.US,60,20251201,200000,100.245,100.24773,100.2401,100.245,5098,0
PMMF.US,60,20251201,210000,100.245,100.2499,100.245,100.2499,3694,0
PMMF.US,60,20251201,220000,100.2461,100.2469,100.24,100.245,7988,0
PMMF.US,60,20251202,160000,100.255,100.255,100.255,100.255,1005,0
PMMF.US,60,20251202,170000,100.255,100.26,100.2523,100.2543,20053,0
PMMF.US,60,20251202,180000,100.26,100.26,100.25,100.255,39363,0
PMMF.US,60,20251202,190000,100.255,100.255,100.255,100.255,750,0
PMMF.US,60,20251202,200000,100.255,100.26,100.25,100.255,5039,0
PMMF.US,60,20251202,210000,100.2571,100.26,100.255,100.2551,4679,0
PMMF.US,60,20251202,220000,100.26,100.26,100.2503,100.255,2921,0
PMMF.US,60,20251203,160000,100.2665,100.2665,100.2641,100.2641,2700,0
PMMF.US,60,20251203,170000,100.265,100.27,100.2601,100.27,7712,0
PMMF.US,60,20251203,180000,100.26,100.27,100.26,100.2656,3076,0
PMMF.US,60,20251203,190000,100.265,100.27,100.26,100.2602,48903,0
PMMF.US,60,20251203,200000,100.265,100.27,100.26,100.265,4378,0
PMMF.US,60,20251203,210000,100.265,100.27,100.26,100.27,2808,0
PMMF.US,60,20251203,220000,100.27,100.27,100.26,100.265,10073,0
PMMF.US,60,20251204,160000,100.275,100.2799,100.2742,100.275,4211,0
PMMF.US,60,20251204,170000,100.275,100.28,100.27,100.2703,60957,0
PMMF.US,60,20251204,180000,100.2769,100.28,100.27,100.2747,8708,0
PMMF.US,60,20251204,190000,100.2799,100.28,100.2701,100.28,14696,0
PMMF.US,60,20251204,200000,100.2772,100.28,100.275,100.2769,2900,0
PMMF.US,60,20251204,210000,100.275,100.28,100.2739,100.275,4932,0
PMMF.US,60,20251204,220000,100.27,100.28,100.27,100.2799,36794,0
PMMF.US,60,20251205,160000,100.2801,100.29,100.2801,100.287,3059,0
PMMF.US,60,20251205,170000,100.287,100.29,100.28,100.285,15070,0
PMMF.US,60,20251205,180000,100.285,100.2851,100.28,100.28,4524,0
PMMF.US,60,20251205,190000,100.28148,100.29,100.28,100.285,1811,0
PMMF.US,60,20251205,200000,100.285,100.2862,100.28,100.285,3370,0
PMMF.US,60,20251205,210000,100.29,100.29,100.28,100.28,46922,0
PMMF.US,60,20251205,220000,100.285,100.29,100.28,100.288,12664,0
PMMF.US,60,20251208,160000,100.32,100.32,100.31,100.31,8300,0
PMMF.US,60,20251208,170000,100.3154,100.32,100.31,100.3199,12795,0
PMMF.US,60,20251208,180000,100.315,100.32,100.3101,100.3167,1953,0
PMMF.US,60,20251208,190000,100.32,100.32,100.31,100.3169,16106,0
PMMF.US,60,20251208,200000,100.315,100.32,100.31,100.318,4971,0
PMMF.US,60,20251208,210000,100.315,100.32,100.3101,100.315,8038,0
PMMF.US,60,20251208,220000,100.315,100.32,100.3135,100.32,9218,0
PMMF.US,60,20251209,160000,100.3299,100.33,100.3233,100.325,7357,0
PMMF.US,60,20251209,170000,100.33,100.33,100.323,100.3299,2244,0
PMMF.US,60,20251209,180000,100.325,100.3267,100.3241,100.3241,875,0
PMMF.US,60,20251209,190000,100.325,100.33,100.32,100.33,3602,0
PMMF.US,60,20251209,200000,100.3299,100.33,100.32,100.325,5523,0
PMMF.US,60,20251209,210000,100.3242,100.3299,100.3242,100.3299,1632,0
PMMF.US,60,20251209,220000,100.325,100.33,100.32,100.33,10694,0
PMMF.US,60,20251210,160000,100.3349,100.3351,100.3349,100.3351,2618,0
PMMF.US,60,20251210,170000,100.335,100.34,100.3347,100.34,22123,0
PMMF.US,60,20251210,180000,100.34,100.34,100.335,100.335,6617,0
PMMF.US,60,20251210,190000,100.3398,100.34,100.3347,100.3347,4798,0
PMMF.US,60,20251210,200000,100.335,100.34,100.335,100.34,13783,0
PMMF.US,60,20251210,210000,100.34,100.34,100.3331,100.3357,14760,0
PMMF.US,60,20251210,220000,100.3386,100.34,100.33,100.338,9344,0
PMMF.US,60,20251211,160000,100.345,100.35,100.345,100.3451,4338,0
PMMF.US,60,20251211,170000,100.345,100.35,100.3401,100.3401,22458,0
PMMF.US,60,20251211,180000,100.35,100.35,100.3444,100.35,3570,0
PMMF.US,60,20251211,190000,100.3499,100.35,100.345,100.3497,4696,0
PMMF.US,60,20251211,200000,100.35,100.35,100.344,100.345,12659,0
PMMF.US,60,20251211,210000,100.345,100.35,100.345,100.35,6798,0
PMMF.US,60,20251211,220000,100.345,100.35,100.3432,100.35,83254,0
PMMF.US,60,20251212,160000,100.3603,100.37,100.3603,100.365,1615,0
PMMF.US,60,20251212,170000,100.3654,100.37,100.36,100.37,2108,0
PMMF.US,60,20251212,180000,100.3601,100.37,100.3601,100.37,22987,0
PMMF.US,60,20251212,190000,100.365,100.365,100.3627,100.3627,2075,0
PMMF.US,60,20251212,200000,100.37,100.37,100.365,100.37,13955,0
PMMF.US,60,20251212,210000,100.3699,100.37,100.3645,100.3699,10084,0
PMMF.US,60,20251212,220000,100.369,100.37,100.363,100.365,2059,0
PMMF.US,60,20251215,160000,100.39,100.4,100.39,100.3951,10965,0
PMMF.US,60,20251215,170000,100.4,100.4,100.39,100.39,19300,0
PMMF.US,60,20251215,180000,100.395,100.4,100.3901,100.3983,10916,0
PMMF.US,60,20251215,190000,100.395,100.4,100.395,100.3997,10138,0
PMMF.US,60,20251215,200000,100.399,100.4,100.395,100.395,4308,0
PMMF.US,60,20251215,210000,100.4,100.4,100.395,100.3951,2666,0
PMMF.US,60,20251215,220000,100.395,100.4,100.395,100.4,23027,0
PMMF.US,60,20251216,160000,100.4,100.405,100.4,100.4026,2206,0
PMMF.US,60,20251216,170000,100.4076,100.4076,100.4045,100.405,1511,0
PMMF.US,60,20251216,180000,100.405,100.41,100.4,100.405,4842,0
PMMF.US,60,20251216,190000,100.405,100.4069,100.4,100.405,14904,0
PMMF.US,60,20251216,200000,100.405,100.4099,100.405,100.4099,3566,0
PMMF.US,60,20251216,210000,100.405,100.4058,100.405,100.405,987,0
PMMF.US,60,20251216,220000,100.405,100.41,100.405,100.41,4156,0
PMMF.US,60,20251217,160000,100.415,100.42,100.415,100.415,6743,0
PMMF.US,60,20251217,170000,100.4125,100.419,100.4125,100.415,3791,0
PMMF.US,60,20251217,180000,100.415,100.4151,100.4101,100.4141,2318,0
PMMF.US,60,20251217,190000,100.4146,100.42,100.4133,100.42,2610,0
PMMF.US,60,20251217,200000,100.4173,100.42,100.4101,100.4199,9948,0
PMMF.US,60,20251217,210000,100.4103,100.42,100.4101,100.4101,2165,0
PMMF.US,60,20251217,220000,100.415,100.4151,100.41,100.41,7953,0
PMMF.US,60,20251218,160000,100.42,100.43,100.42,100.4251,15219,0
PMMF.US,60,20251218,170000,100.425,100.43,100.4246,100.425,9579,0
PMMF.US,60,20251218,180000,100.42,100.425,100.42,100.4202,15084,0
PMMF.US,60,20251218,190000,100.4201,100.43,100.4201,100.425,17134,0
PMMF.US,60,20251218,200000,100.425,100.425,100.42,100.42,1800,0
PMMF.US,60,20251218,210000,100.425,100.425,100.425,100.425,1540,0
PMMF.US,60,20251218,220000,100.425,100.43,100.42,100.42,11739,0
PMMF.US,60,20251219,160000,100.11,100.11,100.1041,100.1097,10070,0
PMMF.US,60,20251219,170000,100.108,100.1198,100.108,100.115,37031,0
PMMF.US,60,20251219,180000,100.115,100.1197,100.112,100.1161,9967,0
PMMF.US,60,20251219,190000,100.11,100.12,100.11,100.115,6205,0
PMMF.US,60,20251219,200000,100.115,100.115,100.11,100.1101,2714,0
PMMF.US,60,20251219,210000,100.11,100.1199,100.11,100.115,3377,0
PMMF.US,60,20251219,220000,100.115,100.1199,100.11,100.11,3867,0
PMMF.US,60,20251222,160000,100.135,100.1394,100.13,100.13,14483,0
PMMF.US,60,20251222,170000,100.135,100.14,100.13,100.14,21323,0
PMMF.US,60,20251222,180000,100.14,100.14,100.13,100.135,13344,0
PMMF.US,60,20251222,190000,100.135,100.135,100.131,100.135,1632,0
PMMF.US,60,20251222,200000,100.135,100.1358,100.13,100.1346,1816,0
PMMF.US,60,20251222,210000,100.135,100.135,100.13,100.13,5105,0
PMMF.US,60,20251222,220000,100.135,100.14,100.13,100.13,11654,0
PMMF.US,60,20251223,160000,100.145,100.1499,100.1401,100.1444,11437,0
PMMF.US,60,20251223,170000,100.1482,100.15,100.14,100.145,25454,0
PMMF.US,60,20251223,180000,100.15,100.15,100.14,100.147,11048,0
PMMF.US,60,20251223,190000,100.14,100.15,100.14,100.1499,27823,0
PMMF.US,60,20251223,200000,100.15,100.15,100.14,100.14,1350,0
PMMF.US,60,20251223,210000,100.14,100.15,100.14,100.145,12230,0
PMMF.US,60,20251223,220000,100.1453,100.15,100.13,100.14,29289,0
PMMF.US,60,20251224,160000,100.155,100.1599,100.155,100.155,6562,0
PMMF.US,60,20251224,170000,100.155,100.16,100.15,100.15,4455,0
PMMF.US,60,20251224,180000,100.15,100.16,100.15,100.16,9730,0
PMMF.US,60,20251224,190000,100.16,100.16,100.155,100.16,9997,0
PMMF.US,60,20251226,160000,100.1899,100.19,100.1843,100.185,12732,0
PMMF.US,60,20251226,170000,100.185,100.185,100.18,100.185,4806,0
PMMF.US,60,20251226,180000,100.19,100.19,100.1842,100.19,1831,0
PMMF.US,60,20251226,190000,100.19,100.19,100.18,100.19,6209,0
PMMF.US,60,20251226,200000,100.1899,100.19,100.18,100.19,11856,0
PMMF.US,60,20251226,210000,100.195,100.195,100.19,100.195,8252,0
PMMF.US,60,20251226,220000,100.195,100.2,100.19,100.19,6352,0
