<TICKER>,<PER>,<DATE>,<TIME>,<OPEN>,<HIGH>,<LOW>,<CLOSE>,<VOL>,<OPENINT>
TGE.US,60,20250605,180000,19.47,20,16.38,16.38,47435,0
TGE.US,60,20250605,190000,15.5,16.5231,12.8001,13.09,120414,0
TGE.US,60,20250605,200000,13.1928,13.25,12.86,12.99,55267,0
TGE.US,60,20250605,210000,13,13.1165,10,10.165,88849,0
TGE.US,60,20250605,220000,10.0001,10.33,9.8,10.04,65215,0
TGE.US,60,20250606,160000,12.1,15,11.5,11.79,426767,0
TGE.US,60,20250606,170000,11.715,12.3656,10.9,11.7989,363227,0
TGE.US,60,20250606,180000,11.8,12.75,11.55,11.95,143920,0
TGE.US,60,20250606,190000,11.9,12.05,11.52,11.95,78973,0
TGE.US,60,20250606,200000,11.9999,12.0499,11.7,11.89,52646,0
TGE.US,60,20250606,210000,11.9,11.9003,10.75,10.94,79057,0
TGE.US,60,20250606,220000,11.08,12.05,10.75,12,121065,0
TGE.US,60,20250609,160000,12.6,12.99,11.18,11.7,72269,0
TGE.US,60,20250609,170000,11.4192,12.06,11.37,11.7999,46738,0
TGE.US,60,20250609,180000,11.6218,12.0098,11.4732,11.9407,37716,0
TGE.US,60,20250609,190000,11.9008,12.02,11.9,11.95,16333,0
TGE.US,60,20250609,200000,11.9,12.3,11.76,11.895,43291,0
TGE.US,60,20250609,210000,11.99,12.39,11.6,12.033,40342,0
TGE.US,60,20250609,220000,12.005,12.05,11.7,12.05,50028,0
TGE.US,60,20250610,160000,11,11.548,10.77,11.035,64328,0
TGE.US,60,20250610,170000,10.9817,12.05,10.9279,11.54,50279,0
TGE.US,60,20250610,180000,11.1801,11.53,10.86,11,32157,0
TGE.US,60,20250610,190000,11.07,11.07,10.2901,10.58,22676,0
TGE.US,60,20250610,200000,10.42,10.84,10.02,10.5,31587,0
TGE.US,60,20250610,210000,10.5,10.8728,10.49,10.84,5962,0
TGE.US,60,20250610,220000,10.85,11.5,10.53,11.44,31171,0
TGE.US,60,20250611,160000,11.01,11.2,10.979,11.2,8034,0
TGE.US,60,20250611,170000,11.06,11.43,10.91,11.07,36138,0
TGE.US,60,20250611,180000,11.02,11.0658,10.7,11.05,20247,0
TGE.US,60,20250611,190000,11.05,11.13,10.95,10.99,7033,0
TGE.US,60,20250611,200000,10.88,11.048,10.7923,10.85,12754,0
TGE.US,60,20250611,210000,10.98,10.988,10.76,10.8,13438,0
TGE.US,60,20250611,220000,10.7787,11.1399,10.76,11,27127,0
TGE.US,60,20250612,160000,10.5,10.5,9.12,9.5101,38544,0
TGE.US,60,20250612,170000,9.95,9.96,9.18,9.22,46739,0
TGE.US,60,20250612,180000,9.3441,9.7,9.2,9.44,29521,0
TGE.US,60,20250612,190000,9.4053,9.55,9.22,9.4,20989,0
TGE.US,60,20250612,200000,9.3105,9.5,9.22,9.4,31037,0
TGE.US,60,20250612,210000,9.445,9.74,9.2433,9.3,10752,0
TGE.US,60,20250612,220000,9.425,9.55,9.23,9.46,34137,0
TGE.US,60,20250613,160000,8.3,9,8.3,8.52,51133,0
TGE.US,60,20250613,170000,8.5,8.5,7.56,8,78372,0
TGE.US,60,20250613,180000,8,8.41,7.725634,7.725634,22409,0
TGE.US,60,20250613,190000,7.7077,7.98,7.565,7.882,32827,0
TGE.US,60,20250613,200000,7.8306,7.8887,7.6,7.72,7967,0
TGE.US,60,20250613,210000,7.7002,7.7097,7.56,7.58,19906,0
TGE.US,60,20250613,220000,7.705,7.75,7.255,7.57,34833,0
TGE.US,60,20250616,160000,8.01,8.01,6.1,6.38,34421,0
TGE.US,60,20250616,170000,6.38,6.8,6.21,6.6,52479,0
TGE.US,60,20250616,180000,6.6,6.96,6.5,6.6,13872,0
TGE.US,60,20250616,190000,6.69,6.89,6.5,6.5318,14170,0
TGE.US,60,20250616,200000,6.51,6.6,6.3,6.3458,17647,0
TGE.US,60,20250616,210000,6.35,6.35,6.3,6.3,6427,0
TGE.US,60,20250616,220000,6.404,6.404,6.1001,6.11,30260,0
TGE.US,60,20250617,160000,5.63,6.39,5.6001,6.3878,24373,0
TGE.US,60,20250617,170000,6.387,7.58,6.3305,7.085,109821,0
TGE.US,60,20250617,180000,7.05,8.17,6.702,8.17,57833,0
TGE.US,60,20250617,190000,8.2,10.33,7.4,9.27,563788,0
TGE.US,60,20250617,200000,9.1072,9.89,8.52,9.7512,155459,0
TGE.US,60,20250617,210000,9.7501,10.14,9.17,9.5665,277545,0
TGE.US,60,20250617,220000,9.5701,9.74,9.0001,9.12,84639,0
TGE.US,60,20250618,160000,9,9,7.9,7.9205,93384,0
TGE.US,60,20250618,170000,7.9103,8.2699,7.21,8,50256,0
TGE.US,60,20250618,180000,7.7713,8.82,7.7322,8.78,44368,0
TGE.US,60,20250618,190000,8.9,9.7104,8.66,9.19,68166,0
TGE.US,60,20250618,200000,9.1101,9.1101,8.34,8.5,17228,0
TGE.US,60,20250618,210000,8.6,8.8185,8.06,8.8185,10102,0
TGE.US,60,20250618,220000,8.8614,8.9299,8.2901,8.53,37427,0
TGE.US,60,20250620,160000,8.666,9.241,8.35,9.03,13822,0
TGE.US,60,20250620,170000,8.99,8.99,8.015,8.26,12551,0
TGE.US,60,20250620,180000,8.09,8.69,8.09,8.69,6042,0
TGE.US,60,20250620,190000,8.475,8.76,8.41,8.41,7854,0
TGE.US,60,20250620,200000,8.55,8.5728,8.35,8.35,13801,0
TGE.US,60,20250620,210000,8.35,8.35,8.09,8.13,10487,0
TGE.US,60,20250620,220000,8.135,8.47,8.135,8.4,10116,0
TGE.US,60,20250623,160000,8.5083,8.5083,7.5002,7.805,7707,0
TGE.US,60,20250623,170000,7.85,8.49,7.76,8.17,12884,0
TGE.US,60,20250623,180000,7.9538,8.35,7.935,8.131178,8261,0
TGE.US,60,20250623,190000,8.0001,8.43,7.7358,8.065,6504,0
TGE.US,60,20250623,200000,8,8,7.6398,7.7,7224,0
TGE.US,60,20250623,210000,7.7,8.0184,7.68,7.68,12870,0
TGE.US,60,20250623,220000,7.75,7.8385,7.6,7.79,8400,0
TGE.US,60,20250624,160000,7.65,7.85,7.5,7.7,1940,0
TGE.US,60,20250624,170000,7.7,7.7,7.5,7.5176,8452,0
TGE.US,60,20250624,180000,7.5,7.595,7.48,7.5,4974,0
TGE.US,60,20250624,190000,7.5,7.65,7.5,7.5179,3361,0
TGE.US,60,20250624,200000,7.5111,7.6384,7.5001,7.5001,4182,0
TGE.US,60,20250624,210000,7.5001,7.648,7.5,7.52,5530,0
TGE.US,60,20250624,220000,7.48,7.5299,7.252177,7.35,10282,0
TGE.US,60,20250625,160000,7.4,7.89,7.25,7.25,16816,0
TGE.US,60,20250625,170000,7.375,7.52,6.88,7.46,27598,0
TGE.US,60,20250625,180000,7.3174,7.34,7.01,7.2867,4949,0
TGE.US,60,20250625,190000,7.25,7.45,7.23,7.25,12551,0
TGE.US,60,20250625,200000,7.25,7.45,7.165,7.28,5590,0
TGE.US,60,20250625,210000,7.28,7.39,6.55,6.62,18230,0
TGE.US,60,20250625,220000,6.78,7.33,6.675,7.31,27001,0
TGE.US,60,20250626,160000,7.2556,7.2556,6.9029,7.0665,1381,0
TGE.US,60,20250626,170000,6.98,7.49,6.9189,7.11,13653,0
TGE.US,60,20250626,180000,7.145,7.34,7,7.03,17192,0
TGE.US,60,20250626,190000,7.06,7.498,7.06,7.31,35863,0
TGE.US,60,20250626,200000,7.2022,7.41,7.2022,7.24,12315,0
TGE.US,60,20250626,210000,7.21,7.4399,7.12,7.24,22231,0
TGE.US,60,20250626,220000,7.3604,8.25,7.14,8.18,67270,0
TGE.US,60,20250627,160000,7.44,8.07,7.0603,8.07,2536,0
TGE.US,60,20250627,170000,8.2,8.34,7.3501,8.2,9532,0
TGE.US,60,20250627,180000,8.175,8.5,8,8.49,14843,0
TGE.US,60,20250627,190000,8.27,8.5,8.119,8.4001,7278,0
TGE.US,60,20250627,200000,8.54,8.78,8.42,8.61,10950,0
TGE.US,60,20250627,210000,8.7499,9.2,8.41,8.41,43882,0
TGE.US,60,20250627,220000,8.48,8.99,8.05,8.22,20895,0
TGE.US,60,20250630,160000,8.4127,8.415,8.4127,8.415,212,0
TGE.US,60,20250630,170000,8.51,8.51,8.16,8.17,9138,0
TGE.US,60,20250630,180000,8.03,8.2899,7.89,7.89,23967,0
TGE.US,60,20250630,190000,7.7724,8.1,7.7724,8.07,9122,0
TGE.US,60,20250630,200000,7.8001,8.14,7.8001,8.13,3648,0
TGE.US,60,20250630,210000,8.1399,8.1399,8.1399,8.1399,100,0
TGE.US,60,20250630,220000,8,8.24,7.8,7.91,8227,0
TGE.US,60,20250701,160000,7.929,7.929,7.55,7.55,5611,0
TGE.US,60,20250701,170000,7.7456,7.7456,7.3215,7.4,8263,0
TGE.US,60,20250701,180000,7.346,7.346,7.1,7.1943,6989,0
TGE.US,60,20250701,190000,7.1,7.39,7,7.2,6646,0
TGE.US,60,20250701,200000,7.38,8.03,7.38,8.03,8159,0
TGE.US,60,20250701,210000,8.02,8.02,7.8184,7.98,2474,0
TGE.US,60,20250701,220000,7.98,7.98,7.44,7.5,8649,0
TGE.US,60,20250702,160000,7.22,7.31,6.76,6.9052,34277,0
TGE.US,60,20250702,170000,6.9056,7.0075,6.61,6.88,23214,0
TGE.US,60,20250702,180000,6.88,7.015,6.87,7.015,5677,0
TGE.US,60,20250702,190000,7.01,7.01,6.82,6.95,5430,0
TGE.US,60,20250702,200000,7.01,7.11,6.915,7.1,4729,0
TGE.US,60,20250702,210000,6.92,7.5,6.92,7.33,9610,0
TGE.US,60,20250702,220000,7.23,7.24,6.99,7.24,17375,0
TGE.US,60,20250703,160000,6.98,7.0174,6.35,6.55,41892,0
TGE.US,60,20250703,170000,6.51,6.9738,6.5,6.7,26989,0
TGE.US,60,20250703,180000,6.6,7.09,6.57,6.99,13491,0
TGE.US,60,20250703,190000,7.0001,7.29,6.73,6.78,26431,0
TGE.US,60,20250703,200000,6.78,6.89,6.78,6.89,2838,0
TGE.US,60,20250707,160000,7.12,7.4,6.9001,7.1093,12312,0
TGE.US,60,20250707,170000,7.035,7.1,6.755,6.76,10059,0
TGE.US,60,20250707,180000,6.8,6.8,6.5015,6.64,4404,0
TGE.US,60,20250707,190000,6.62,6.795,6.59,6.795,6994,0
TGE.US,60,20250707,200000,6.79,7.146,6.76,7.13,4736,0
TGE.US,60,20250707,210000,7.125,7.125,6.83,7,8013,0
TGE.US,60,20250707,220000,6.97,6.97,6.74,6.89,12703,0
TGE.US,60,20250708,160000,6.5001,6.7601,6.5,6.6019,6632,0
TGE.US,60,20250708,170000,6.78,6.99,6.6414,6.72,17991,0
TGE.US,60,20250708,180000,6.8,7.1675,6.8,7,6510,0
TGE.US,60,20250708,190000,6.86,7,6.67,6.69,4388,0
TGE.US,60,20250708,200000,6.72,6.9517,6.695,6.76,2219,0
TGE.US,60,20250708,210000,6.76,6.82,6.61,6.61,8419,0
TGE.US,60,20250708,220000,6.61,6.8971,6.52,6.52,16263,0
TGE.US,60,20250709,160000,6.52,6.6584,6.52,6.52,6089,0
TGE.US,60,20250709,170000,6.6487,7.05,6.64,6.8,20377,0
TGE.US,60,20250709,180000,6.8421,6.998,6.7625,6.845,2584,0
TGE.US,60,20250709,190000,6.83,6.9,6.735,6.735,2004,0
TGE.US,60,20250709,200000,6.74,6.98,6.74,6.98,4599,0
TGE.US,60,20250709,210000,6.809,6.89,6.715,6.8199,4213,0
TGE.US,60,20250709,220000,6.8,6.975,6.72,6.83,29255,0
TGE.US,60,20250710,160000,6.805,6.9608,6.61,6.9608,10193,0
TGE.US,60,20250710,170000,6.78,6.78,6.57,6.58,6025,0
TGE.US,60,20250710,180000,6.6336,6.7199,6.57,6.5842,4716,0
TGE.US,60,20250710,190000,6.625,6.6719,6.52,6.6,14445,0
TGE.US,60,20250710,200000,6.51,6.52,6.26,6.45,16413,0
TGE.US,60,20250710,210000,6.3531,6.415,6.2,6.2,7850,0
TGE.US,60,20250710,220000,6.2,6.31,5.8001,6.28,62949,0
TGE.US,60,20250711,180000,6.48,6.79,6.48,6.7381,15521,0
TGE.US,60,20250711,190000,6.74,6.78,6.49,6.49,24744,0
TGE.US,60,20250711,200000,6.4,6.4,6.3589,6.3589,507,0
TGE.US,60,20250711,210000,6.32,6.49,6.32,6.49,2436,0
TGE.US,60,20250711,220000,6.488,6.688,6.33,6.5,45416,0
TGE.US,60,20250714,160000,6.25,6.35,6.1122,6.3448,6957,0
TGE.US,60,20250714,170000,6.1617,6.54,6.1617,6.505,7073,0
TGE.US,60,20250714,180000,6.375,6.38,6.18,6.2501,3774,0
TGE.US,60,20250714,190000,6.49,6.49,6.48,6.48,900,0
TGE.US,60,20250714,200000,6.475,6.49,6.36,6.46,653,0
TGE.US,60,20250714,210000,6.47,6.48,6.26,6.315,7376,0
TGE.US,60,20250714,220000,6.42,6.48,6.34,6.48,8719,0
TGE.US,60,20250715,160000,6.45,6.5,6.2721,6.335,2186,0
TGE.US,60,20250715,170000,6.3622,6.48,6.26,6.33,2337,0
TGE.US,60,20250715,180000,6.33,6.52,6.2638,6.48,12073,0
TGE.US,60,20250715,190000,6.48,6.48,6.48,6.48,300,0
TGE.US,60,20250715,200000,6.2872,6.3516,6.2872,6.3516,200,0
TGE.US,60,20250715,210000,6.36,6.4182,6.27,6.27,7870,0
TGE.US,60,20250715,220000,6.3207,6.3207,6.09,6.11,5993,0
TGE.US,60,20250716,160000,6.11,6.22,6,6.21,1389,0
TGE.US,60,20250716,170000,6.05,6.1819,6.03,6.1473,2112,0
TGE.US,60,20250716,180000,6.03,6.04,5.78,6.02,6400,0
TGE.US,60,20250716,190000,5.99,6,5.86,5.9428,2894,0
TGE.US,60,20250716,200000,5.883192,6.05,5.883192,6.05,5324,0
TGE.US,60,20250716,210000,6.047,6.13,5.96,6,24322,0
TGE.US,60,20250716,220000,6,6.15,5.9581,6.05,5581,0
TGE.US,60,20250717,160000,5.8282,6,5.8282,6,1565,0
TGE.US,60,20250717,170000,5.94,6.2,5.9032,6.11,5496,0
TGE.US,60,20250717,180000,6.135,6.135,5.97,6.01,2334,0
TGE.US,60,20250717,190000,6.0107,6.02,5.91,5.985,2029,0
TGE.US,60,20250717,200000,5.985,6.005,5.94,6.005,1100,0
TGE.US,60,20250717,210000,5.96,6.039,5.95,5.96,2163,0
TGE.US,60,20250717,220000,6,6.04,5.89,5.96,9138,0
TGE.US,60,20250718,160000,5.9089,5.96,5.8,5.8,2136,0
TGE.US,60,20250718,170000,5.9288,5.9494,5.84,5.86,2165,0
TGE.US,60,20250718,180000,5.8482,5.9394,5.8,5.8,4181,0
TGE.US,60,20250718,190000,5.76,5.93,5.71,5.93,7060,0
TGE.US,60,20250718,200000,5.83,5.93,5.83,5.8712,5719,0
TGE.US,60,20250718,210000,5.84,5.84,5.78,5.78,200,0
TGE.US,60,20250718,220000,5.82,6.05,5.7765,6,12459,0
TGE.US,60,20250721,160000,6.06,6.1,6,6.03,2665,0
TGE.US,60,20250721,170000,6.37,6.37,5.97,6.3171,2893,0
TGE.US,60,20250721,180000,5.97,6.05,5.83,5.88,1948,0
TGE.US,60,20250721,190000,5.88,6,5.7841,5.98,2511,0
TGE.US,60,20250721,200000,5.875,5.885,5.7,5.775,9362,0
TGE.US,60,20250721,210000,5.78,5.7877,5.78,5.784,1325,0
TGE.US,60,20250721,220000,5.7113,6,5.7113,5.91,15272,0
TGE.US,60,20250722,160000,5.9281,5.94,5.8,5.86,2817,0
TGE.US,60,20250722,170000,5.725,6,5.725,5.85,2599,0
TGE.US,60,20250722,180000,5.86,6.04,5.86,5.9,8254,0
TGE.US,60,20250722,190000,5.91,5.9286,5.8,5.8,1045,0
TGE.US,60,20250722,200000,5.84,5.9296,5.75,5.83,1644,0
TGE.US,60,20250722,210000,5.8297,5.85,5.8012,5.815,3570,0
TGE.US,60,20250722,220000,5.9348,5.9348,5.89,5.89,489,0
TGE.US,60,20250723,160000,5.8,5.8112,5.76,5.8,1778,0
TGE.US,60,20250723,170000,5.81,5.81,5.7237,5.805,5456,0
TGE.US,60,20250723,180000,5.78,5.84,5.78,5.81,1546,0
TGE.US,60,20250723,190000,5.81,5.81,5.75,5.75,3100,0
TGE.US,60,20250723,200000,5.75,5.75,5.75,5.75,100,0
TGE.US,60,20250723,210000,5.8,5.8,5.75,5.75,950,0
TGE.US,60,20250723,220000,5.75,5.775,5.75,5.77,1365,0
TGE.US,60,20250724,160000,5.76,5.76,5.69,5.75,1925,0
TGE.US,60,20250724,170000,5.7,5.7,5.7,5.7,100,0
TGE.US,60,20250724,180000,5.65,5.655,5.5,5.5,8214,0
TGE.US,60,20250724,190000,5.5,6.23,5.5,6.06,32944,0
TGE.US,60,20250724,200000,5.8744,6.498,5.85,6.1635,15165,0
TGE.US,60,20250724,210000,6.17,6.18,6.02,6.092,3474,0
TGE.US,60,20250724,220000,6.03,6.2799,6.02,6.21,3411,0
TGE.US,60,20250725,160000,6.17,6.17,5.7247,5.8,3160,0
TGE.US,60,20250725,170000,5.8,5.8343,5.6084,5.82,9327,0
TGE.US,60,20250725,180000,5.7655,5.79,5.735,5.735,1190,0
TGE.US,60,20250725,190000,5.81,6.1,5.77,5.91,27287,0
TGE.US,60,20250725,200000,5.905,5.905,5.905,5.905,100,0
TGE.US,60,20250725,210000,5.8439,5.8439,5.8439,5.8439,100,0
TGE.US,60,20250725,220000,5.78,5.96,5.7001,5.8,26603,0
TGE.US,60,20250728,160000,5.795,5.795,5.5591,5.64,4559,0
TGE.US,60,20250728,170000,5.6699,5.8,5.63,5.7253,2499,0
TGE.US,60,20250728,180000,5.685,5.7739,5.685,5.705,4200,0
TGE.US,60,20250728,190000,5.705,5.8812,5.7,5.8,9975,0
TGE.US,60,20250728,200000,5.8993,5.8993,5.6599,5.8,10072,0
TGE.US,60,20250728,210000,5.6759,5.75,5.6759,5.745,3066,0
TGE.US,60,20250728,220000,5.725,5.77,5.5,5.67,16840,0
TGE.US,60,20250729,160000,5.5266,5.74,5.42,5.42,11887,0
TGE.US,60,20250729,170000,5.4,5.598,5.2534,5.59,14284,0
TGE.US,60,20250729,180000,5.5909,5.7188,5.5189,5.58,7270,0
TGE.US,60,20250729,190000,5.51,5.76,5.51,5.68,7579,0
TGE.US,60,20250729,200000,5.685,5.685,5.685,5.685,400,0
TGE.US,60,20250729,210000,5.59,5.59,5.59,5.59,600,0
TGE.US,60,20250729,220000,5.67,5.79,5.55,5.55,8097,0
TGE.US,60,20250730,160000,5.6,5.62,5.3501,5.465,5630,0
TGE.US,60,20250730,170000,5.5657,5.5657,5.3,5.445,6932,0
TGE.US,60,20250730,180000,5.445,5.5,5.4,5.43,500,0
TGE.US,60,20250730,200000,5.5139,5.5139,5.4806,5.4806,600,0
TGE.US,60,20250730,210000,5.5724,5.5724,5.5724,5.5724,719,0
TGE.US,60,20250730,220000,5.49,5.531,5.4,5.44,4424,0
TGE.US,60,20250731,160000,5.35,5.35,5.35,5.35,100,0
TGE.US,60,20250731,170000,5.36,5.42,5.23,5.35,5045,0
TGE.US,60,20250731,180000,5.35,5.38,5.31,5.38,1079,0
TGE.US,60,20250731,190000,5.2922,5.59,5.2922,5.58,3095,0
TGE.US,60,20250731,200000,5.54,5.54,5.54,5.54,200,0
TGE.US,60,20250731,210000,5.54,5.585,5.5,5.5,528,0
TGE.US,60,20250731,220000,5.51,5.55,5.4601,5.505,4557,0
TGE.US,60,20250801,160000,5.3501,5.48,5.335,5.47,4873,0
TGE.US,60,20250801,170000,5.479,5.55,5.32,5.32,6300,0
TGE.US,60,20250801,180000,5.32,5.41,5.32,5.4,3057,0
TGE.US,60,20250801,190000,5.4,5.47,5.4,5.47,2000,0
TGE.US,60,20250801,200000,5.4837,5.4837,5.41,5.41,1795,0
TGE.US,60,20250801,210000,5.3928,5.3928,5.3928,5.3928,100,0
TGE.US,60,20250801,220000,5.3695,5.3695,5.28,5.28,1912,0
TGE.US,60,20250804,160000,5.25,5.25,5.08,5.09,2524,0
TGE.US,60,20250804,170000,5,5.22,4.862,5.22,13352,0
TGE.US,60,20250804,180000,5.22,5.45,4.94,5.195,10362,0
TGE.US,60,20250804,190000,5.3,5.44,5.19,5.44,2600,0
TGE.US,60,20250804,200000,5.36,5.39,5.22,5.22,2075,0
TGE.US,60,20250804,210000,5.22,5.41,5.092,5.092,3588,0
TGE.US,60,20250804,220000,5.245,5.41,5.07,5.34,5018,0
TGE.US,60,20250805,160000,5.4249,5.4249,5.24,5.24,600,0
TGE.US,60,20250805,170000,5.122,5.39,5.08,5.155,6705,0
TGE.US,60,20250805,180000,5.24,5.3,5.0101,5.175,8579,0
TGE.US,60,20250805,190000,5.175,5.175,5.05,5.05,1300,0
TGE.US,60,20250805,200000,5.05,5.135,5.05,5.072,810,0
TGE.US,60,20250805,210000,5.06,5.105,5.05,5.05,800,0
TGE.US,60,20250805,220000,5.05,5.23,5.05,5.23,4433,0
TGE.US,60,20250806,160000,5.12,5.15,4.9467,5.01,2439,0
TGE.US,60,20250806,170000,4.99,5.2,4.8816,5.04,14987,0
TGE.US,60,20250806,180000,5.03,5.03,4.83,4.95,2942,0
TGE.US,60,20250806,190000,4.895,5.01,4.85,4.93,1978,0
TGE.US,60,20250806,200000,5,5.02,4.81,5.02,7503,0
TGE.US,60,20250806,210000,4.92,5.14,4.8,4.98,4367,0
TGE.US,60,20250806,220000,4.98,5.25,4.76,5.15,8660,0
TGE.US,60,20250807,160000,5.0039,5.0859,4.89,5.0859,1500,0
TGE.US,60,20250807,170000,4.99,4.99,4.85,4.85,710,0
TGE.US,60,20250807,180000,4.81,4.85,4.6,4.72,9872,0
TGE.US,60,20250807,190000,4.67,4.8098,4.6,4.61,7747,0
TGE.US,60,20250807,200000,4.6,4.71,4.6,4.6,2611,0
TGE.US,60,20250807,210000,4.66,4.66,4.56,4.578,1000,0
TGE.US,60,20250807,220000,4.63,4.63,4.25,4.43,22215,0
TGE.US,60,20250808,160000,4.39,4.4223,4.2615,4.2615,2031,0
TGE.US,60,20250808,170000,4.15,4.192,4,4,11912,0
TGE.US,60,20250808,180000,4.0065,4.01,3.78,3.79,23308,0
TGE.US,60,20250808,190000,3.8586,3.91,3.825,3.84,5192,0
TGE.US,60,20250808,200000,3.84,3.865,3.83,3.84,3496,0
TGE.US,60,20250808,210000,3.84,3.84,3.69,3.7,4620,0
TGE.US,60,20250808,220000,3.745,3.8602,3.61,3.72,9129,0
TGE.US,60,20250811,160000,3.8604,3.8604,3.75,3.7644,3379,0
TGE.US,60,20250811,170000,3.7501,3.76,3.63,3.63,4267,0
TGE.US,60,20250811,180000,3.63,3.63,3.371,3.52,3318,0
TGE.US,60,20250811,190000,3.52,3.52,3.332,3.332,1888,0
TGE.US,60,20250811,200000,3.36,3.39,3.222,3.35,1914,0
TGE.US,60,20250811,210000,3.36,3.36,3.272,3.272,600,0
TGE.US,60,20250811,220000,3.355,3.4382,3.26,3.33,8861,0
TGE.US,60,20250812,160000,3.3,3.6864,3.3,3.51,4441,0
TGE.US,60,20250812,170000,3.55,3.73,3.42,3.69,8406,0
TGE.US,60,20250812,180000,3.76,3.8699,3.65,3.66,7425,0
TGE.US,60,20250812,190000,3.67,3.8748,3.6606,3.785,3402,0
TGE.US,60,20250812,200000,3.795,4,3.795,3.9825,10191,0
TGE.US,60,20250812,210000,4,4.1699,3.4601,3.71,21883,0
TGE.US,60,20250812,220000,3.7973,3.7973,3.53,3.65,28752,0
TGE.US,60,20250813,160000,3.75,3.7766,3.43,3.54,7033,0
TGE.US,60,20250813,170000,3.56,3.72,3.43,3.6956,7243,0
TGE.US,60,20250813,180000,3.6957,3.71,3.44,3.5946,10074,0
TGE.US,60,20250813,190000,3.5,3.5991,3.43,3.43,17408,0
TGE.US,60,20250813,200000,3.45,3.57,3.26,3.29,19266,0
TGE.US,60,20250813,210000,3.2939,3.425,3.27,3.4204,6159,0
TGE.US,60,20250813,220000,3.32,3.4386,3.19,3.3,7527,0
TGE.US,60,20250814,160000,3.31,3.31,3.3,3.3,350,0
TGE.US,60,20250814,170000,3.29,3.3595,3.1081,3.27,8029,0
TGE.US,60,20250814,180000,3.15,3.305,3.11,3.2766,4800,0
TGE.US,60,20250814,190000,3.11,3.3,3.11,3.1926,5254,0
TGE.US,60,20250814,200000,3.14,3.1599,3.08,3.11,9467,0
TGE.US,60,20250814,210000,3.12,3.1968,3.07,3.1968,4501,0
TGE.US,60,20250814,220000,3.07,3.1968,3.05,3.08,17844,0
TGE.US,60,20250815,160000,3.059,3.18,3.05,3.11,3054,0
TGE.US,60,20250815,170000,3.105,3.178,3.01,3.05,17342,0
TGE.US,60,20250815,180000,3.04,3.13,3.04,3.06,1400,0
TGE.US,60,20250815,190000,3.06,3.11,3.02,3.11,2153,0
TGE.US,60,20250815,200000,3.17,3.18,3.07,3.11,6875,0
TGE.US,60,20250815,210000,3.17,3.18,3.11,3.18,4707,0
TGE.US,60,20250815,220000,3.2469,3.4,3.17,3.25,14417,0
TGE.US,60,20250818,160000,3.3119,3.32,3.21,3.21,823,0
TGE.US,60,20250818,170000,3.2,3.29,3.0501,3.0501,5924,0
TGE.US,60,20250818,180000,3.31,3.37,3.247917,3.31,8568,0
TGE.US,60,20250818,190000,3.35,3.64,3.35,3.5156,17821,0
TGE.US,60,20250818,200000,3.5799,3.79,3.4701,3.585,14809,0
TGE.US,60,20250818,210000,3.52,3.77,3.48,3.51,13124,0
TGE.US,60,20250818,220000,3.58,3.7,3.45,3.55,11512,0
TGE.US,60,20250819,160000,3.77,3.77,3.7,3.72,1501,0
TGE.US,60,20250819,170000,3.7,3.7,3.4,3.42,7006,0
TGE.US,60,20250819,180000,3.42,3.42,3.3,3.315,1500,0
TGE.US,60,20250819,190000,3.34,3.42,3.2,3.4199,13809,0
TGE.US,60,20250819,200000,3.35,3.42,3.21,3.42,13357,0
TGE.US,60,20250819,210000,3.345,3.35,3.29,3.31,4540,0
TGE.US,60,20250819,220000,3.272,3.47,3.21,3.33,9390,0
TGE.US,60,20250820,160000,3.365,3.4138,3.365,3.4138,1300,0
TGE.US,60,20250820,170000,3.5343,3.5343,3.31,3.31,8683,0
TGE.US,60,20250820,180000,3.212,3.27,3.2,3.22,1000,0
TGE.US,60,20250820,190000,3.22,3.26,3.2,3.2315,1000,0
TGE.US,60,20250820,200000,3.23,3.5527,3.23,3.375,22256,0
TGE.US,60,20250820,210000,3.42,3.42,3.33,3.37,5199,0
TGE.US,60,20250820,220000,3.42,3.56,3.4001,3.51,23974,0
TGE.US,60,20250821,160000,3.67,3.89,3.61,3.7669,11137,0
TGE.US,60,20250821,170000,3.7612,3.7612,3.26,3.28,9999,0
TGE.US,60,20250821,180000,3.26,3.74,3.26,3.5217,9782,0
TGE.US,60,20250821,190000,3.52,3.64,3.45,3.45,5646,0
TGE.US,60,20250821,200000,3.35,3.6,3.3,3.45,7185,0
TGE.US,60,20250821,210000,3.495,3.495,3.277,3.46,6197,0
TGE.US,60,20250821,220000,3.43,3.625,3.41,3.44,6988,0
TGE.US,60,20250822,160000,3.395,3.43,3.395,3.4,1534,0
TGE.US,60,20250822,170000,3.475,3.55,3.4323,3.47,2008,0
TGE.US,60,20250822,180000,3.47,3.61,3.4,3.5,3571,0
TGE.US,60,20250822,190000,3.52,3.7,3.45,3.6,11514,0
TGE.US,60,20250822,200000,3.55,3.65,3.55,3.61,2200,0
TGE.US,60,20250822,210000,3.58,3.6699,3.55,3.6699,2496,0
TGE.US,60,20250822,220000,3.63,3.715,3.59,3.69,2988,0
TGE.US,60,20250825,160000,3.7335,3.7335,3.71,3.72,1899,0
TGE.US,60,20250825,170000,3.735,3.735,3.575,3.575,3432,0
TGE.US,60,20250825,180000,3.54,3.54,3.5,3.5,300,0
TGE.US,60,20250825,190000,3.52,3.6089,3.49,3.52,4679,0
TGE.US,60,20250825,200000,3.45,3.53,3.415,3.53,2444,0
TGE.US,60,20250825,210000,3.53,3.54,3.47,3.48,1600,0
TGE.US,60,20250825,220000,3.48,3.525,3.38,3.47,4464,0
TGE.US,60,20250826,160000,3.588,3.631,3.52,3.631,1550,0
TGE.US,60,20250826,170000,3.71,3.71,3.51,3.51,7723,0
TGE.US,60,20250826,180000,3.52,3.52,3.41,3.43,2231,0
TGE.US,60,20250826,190000,3.43,3.44,3.35,3.37,1900,0
TGE.US,60,20250826,200000,3.36,3.4573,3.355,3.4573,2184,0
TGE.US,60,20250826,210000,3.37,3.43,3.37,3.43,2174,0
TGE.US,60,20250826,220000,3.43,3.5,3.385,3.44,3847,0
TGE.US,60,20250827,160000,3.34,3.34,3.34,3.34,392,0
TGE.US,60,20250827,170000,3.4,3.58,3.3993,3.42,1599,0
TGE.US,60,20250827,180000,3.43,3.5994,3.43,3.465,1569,0
TGE.US,60,20250827,190000,3.41,3.41,3.31,3.34,1760,0
TGE.US,60,20250827,200000,3.31,3.32,3.2007,3.25,1850,0
TGE.US,60,20250827,210000,3.26,3.26,3.23,3.24,1250,0
TGE.US,60,20250827,220000,3.32,3.36,3.28,3.3,2769,0
TGE.US,60,20250828,170000,3.22,3.5788,3.22,3.31,4615,0
TGE.US,60,20250828,180000,3.32,3.3652,3.24,3.25,1150,0
TGE.US,60,20250828,190000,3.26,3.43,3.1572,3.1572,7519,0
TGE.US,60,20250828,200000,3.21,3.21,3.08,3.08,1900,0
TGE.US,60,20250828,210000,3.09,3.195,3.06,3.06,800,0
TGE.US,60,20250828,220000,3.05,3.3133,3.05,3.13,7315,0
TGE.US,60,20250829,160000,3.31,3.31,3.31,3.31,300,0
TGE.US,60,20250829,170000,3.245,3.31,3.245,3.31,1040,0
TGE.US,60,20250829,180000,3.17,3.17,3.1,3.1,882,0
TGE.US,60,20250829,190000,3.16,3.1659,3.11,3.11,1631,0
TGE.US,60,20250829,200000,3.0579,3.141,3.0566,3.1,1000,0
TGE.US,60,20250829,210000,3.1,3.195,3.05,3.19,2544,0
TGE.US,60,20250829,220000,3.19,3.19,3.05,3.14,1149,0
TGE.US,60,20250902,160000,3.18,3.38,3.18,3.2,4301,0
TGE.US,60,20250902,170000,3.1,3.18,2.832,3.052,18523,0
TGE.US,60,20250902,180000,3.07,3.07,2.87,3.01,1315,0
TGE.US,60,20250902,190000,3.065,3.14,2.94,2.98,1815,0
TGE.US,60,20250902,200000,2.98,2.98,2.94,2.94,700,0
TGE.US,60,20250902,210000,2.94,2.955,2.87,2.91,1784,0
TGE.US,60,20250902,220000,2.872,2.96,2.85,2.96,4043,0
TGE.US,60,20250903,160000,2.95,2.95,2.95,2.95,662,0
TGE.US,60,20250903,170000,3.0104,3.0104,3.0104,3.0104,100,0
TGE.US,60,20250903,180000,2.902,2.9718,2.902,2.93,900,0
TGE.US,60,20250903,190000,2.92,3,2.88,2.99,2131,0
TGE.US,60,20250903,200000,2.97,3.01,2.92,2.96,2147,0
TGE.US,60,20250903,210000,2.955,2.96,2.91,2.91,800,0
TGE.US,60,20250903,220000,2.91,2.955,2.86,2.93,1719,0
TGE.US,60,20250904,170000,2.89,2.9825,2.67,2.87,3220,0
TGE.US,60,20250904,180000,2.69,2.84,2.69,2.77,1800,0
TGE.US,60,20250904,190000,2.75,2.968,2.73,2.95,7047,0
TGE.US,60,20250904,200000,2.885,3,2.87,3,2900,0
TGE.US,60,20250904,210000,2.935,3,2.88,2.9,4161,0
TGE.US,60,20250904,220000,2.94,3.08,2.89,2.99,10002,0
TGE.US,60,20250905,160000,3,3,2.95,2.9821,750,0
TGE.US,60,20250905,170000,2.8226,2.9,2.77,2.78,2100,0
TGE.US,60,20250905,180000,2.7,3.04,2.7,2.92,3320,0
TGE.US,60,20250905,190000,3.03,3.03,2.81,2.83,1760,0
TGE.US,60,20250905,200000,2.935,3.01,2.86,2.912,2800,0
TGE.US,60,20250905,210000,2.9,3.01,2.9,2.96,3630,0
TGE.US,60,20250905,220000,2.91,3.028,2.91,2.95,5929,0
TGE.US,60,20250908,160000,3.06,3.0722,2.9,2.9,3366,0
TGE.US,60,20250908,170000,2.86,3,2.77,2.82,5613,0
TGE.US,60,20250908,180000,2.82,2.9999,2.82,2.86,1200,0
TGE.US,60,20250908,190000,2.92,2.98,2.82,2.82,2859,0
TGE.US,60,20250908,200000,2.82,2.948,2.78,2.875,5990,0
TGE.US,60,20250908,210000,2.875,2.875,2.78,2.78,1850,0
TGE.US,60,20250908,220000,2.77,2.96,2.77,2.89,5544,0
TGE.US,60,20250909,160000,2.85,2.85,2.85,2.85,527,0
TGE.US,60,20250909,170000,2.8,2.87,2.74,2.859,2860,0
TGE.US,60,20250909,180000,2.74,2.89,2.74,2.89,4765,0
TGE.US,60,20250909,190000,2.98,2.98,2.87,2.875,600,0
TGE.US,60,20250909,200000,2.8789,2.9789,2.85,2.85,1905,0
TGE.US,60,20250909,210000,2.84,2.84,2.79,2.8,700,0
TGE.US,60,20250909,220000,2.8894,2.9875,2.76,2.77,7281,0
TGE.US,60,20250910,160000,3.12,3.69,3.12,3.3782,46024,0
TGE.US,60,20250910,170000,3.19,3.3,2.9,3.03,33591,0
TGE.US,60,20250910,180000,3.03,3.1,2.955,3.05,17663,0
TGE.US,60,20250910,190000,3.01,3.05,2.98,3.0162,2840,0
TGE.US,60,20250910,200000,3.05,3.0596,2.92,2.96,7987,0
TGE.US,60,20250910,210000,2.96,2.97,2.82,2.95,6809,0
TGE.US,60,20250910,220000,2.85,3.09,2.81,2.95,31738,0
TGE.US,60,20250911,160000,3.02,3.08,2.87,3.02,7529,0
TGE.US,60,20250911,170000,3.01,3.02,2.88,2.91,2102,0
TGE.US,60,20250911,180000,2.89,2.92,2.88,2.92,2153,0
TGE.US,60,20250911,190000,2.9,2.94,2.89,2.89,7365,0
TGE.US,60,20250911,200000,2.87,2.9,2.85,2.85,2786,0
TGE.US,60,20250911,210000,2.85,2.9027,2.83,2.86,6455,0
TGE.US,60,20250911,220000,2.84,2.8899,2.79,2.82,11429,0
TGE.US,60,20250912,160000,2.9747,2.9747,2.8775,2.8775,200,0
TGE.US,60,20250912,170000,2.79,2.84,2.71,2.71,4735,0
TGE.US,60,20250912,180000,2.73,2.8494,2.7001,2.72,4054,0
TGE.US,60,20250912,190000,2.71,2.745,2.7,2.71,3626,0
TGE.US,60,20250912,200000,2.71,2.77,2.5986,2.71,9954,0
TGE.US,60,20250912,210000,2.63,2.72,2.58,2.65,4502,0
TGE.US,60,20250912,220000,2.65,2.835,2.59,2.77,14718,0
TGE.US,60,20250915,160000,2.85,2.91,2.85,2.88,2752,0
TGE.US,60,20250915,170000,2.8935,2.924,2.675,2.72,6642,0
TGE.US,60,20250915,180000,2.71,2.76,2.62,2.67,5956,0
TGE.US,60,20250915,190000,2.67,2.685,2.6,2.62,5691,0
TGE.US,60,20250915,200000,2.62,2.7002,2.57,2.57,6829,0
TGE.US,60,20250915,210000,2.5859,2.6299,2.54,2.56,13560,0
TGE.US,60,20250915,220000,2.56,2.65,2.56,2.65,14599,0
TGE.US,60,20250916,160000,2.7,2.72,2.7,2.72,5200,0
TGE.US,60,20250916,170000,2.6585,2.695,2.61,2.63,3286,0
TGE.US,60,20250916,180000,2.61,2.61,2.56,2.56,3502,0
TGE.US,60,20250916,190000,2.55,2.645,2.525,2.55,4273,0
TGE.US,60,20250916,200000,2.54,2.64,2.47,2.48,7158,0
TGE.US,60,20250916,210000,2.5251,2.5861,2.5,2.54,3253,0
TGE.US,60,20250916,220000,2.555,2.69,2.54,2.59,14115,0
TGE.US,60,20250917,170000,2.625,3.9,2.5569,3.4851,1659170,0
TGE.US,60,20250917,180000,3.483,4.3999,3.08,3.8401,9289374,0
TGE.US,60,20250917,190000,3.85,3.98,3.25,3.47,4311903,0
TGE.US,60,20250917,200000,3.47,3.58,3.09,3.16,738344,0
TGE.US,60,20250917,210000,3.19,3.27,2.83,2.95,404446,0
TGE.US,60,20250917,220000,2.9116,3.11,2.75,2.76,389477,0
TGE.US,60,20250918,160000,2.9,2.9,2.62,2.72,69320,0
TGE.US,60,20250918,170000,2.71,2.7275,2.5301,2.7275,60557,0
TGE.US,60,20250918,180000,2.64,2.82,2.63,2.65,57380,0
TGE.US,60,20250918,190000,2.65,2.7,2.64,2.661,18908,0
TGE.US,60,20250918,200000,2.66,2.68,2.52,2.53,64801,0
TGE.US,60,20250918,210000,2.54,2.6394,2.51,2.58,36433,0
TGE.US,60,20250918,220000,2.6025,2.6025,2.42,2.56,80668,0
TGE.US,60,20250919,160000,2.56,2.6399,2.43,2.52,41468,0
TGE.US,60,20250919,170000,2.5111,2.6,2.48,2.6,26519,0
TGE.US,60,20250919,180000,2.59,2.6174,2.53,2.57,21918,0
TGE.US,60,20250919,190000,2.56,2.61,2.52,2.5624,31642,0
TGE.US,60,20250919,200000,2.54,2.6318,2.485,2.55,27198,0
TGE.US,60,20250919,210000,2.56,2.6,2.51,2.545,6190,0
TGE.US,60,20250919,220000,2.53,2.64,2.48,2.48,39457,0
TGE.US,60,20250922,160000,2.46,2.58,2.33,2.54,18760,0
TGE.US,60,20250922,170000,2.58,2.89,2.58,2.7,51006,0
TGE.US,60,20250922,180000,2.7,2.815,2.613,2.6303,29044,0
TGE.US,60,20250922,190000,2.63,2.65,2.61,2.61,5464,0
TGE.US,60,20250922,200000,2.61,2.685,2.55,2.64,18340,0
TGE.US,60,20250922,210000,2.63,2.67,2.55,2.65,13763,0
TGE.US,60,20250922,220000,2.63,2.69,2.6,2.63,29328,0
TGE.US,60,20250923,160000,2.7006,2.74,2.6,2.69,12291,0
TGE.US,60,20250923,170000,2.68,2.74,2.56,2.5642,38974,0
TGE.US,60,20250923,180000,2.59,2.65,2.53,2.59,9869,0
TGE.US,60,20250923,190000,2.56,2.655,2.56,2.6,8898,0
TGE.US,60,20250923,200000,2.6,2.74,2.6,2.7,10373,0
TGE.US,60,20250923,210000,2.623,2.66,2.6,2.63,8290,0
TGE.US,60,20250923,220000,2.63,2.71,2.63,2.66,25554,0
TGE.US,60,20250924,160000,2.6249,2.69,2.61,2.64,7891,0
TGE.US,60,20250924,170000,2.64,2.7,2.6,2.625,8494,0
TGE.US,60,20250924,180000,2.625,2.66,2.56,2.56,19474,0
TGE.US,60,20250924,190000,2.565,2.58,2.48,2.51,10015,0
TGE.US,60,20250924,200000,2.52,2.6041,2.46,2.4844,7556,0
TGE.US,60,20250924,210000,2.46,2.6,2.46,2.48,4354,0
TGE.US,60,20250924,220000,2.473,2.508,2.42,2.47,19047,0
TGE.US,60,20250925,160000,2.435,2.4695,2.4,2.44,16339,0
TGE.US,60,20250925,170000,2.51,2.5599,2.41,2.43,16768,0
TGE.US,60,20250925,180000,2.41,2.43,2.29,2.3,15479,0
TGE.US,60,20250925,190000,2.26,2.32,2.25,2.26,6450,0
TGE.US,60,20250925,200000,2.26,2.2601,2.12,2.17,27256,0
TGE.US,60,20250925,210000,2.17,2.1898,2.09,2.09,17742,0
TGE.US,60,20250925,220000,2.09,2.18,2.04,2.18,46698,0
TGE.US,60,20250926,160000,2.22,2.3,2.1854,2.1854,14971,0
TGE.US,60,20250926,170000,2.28,2.28,2.1,2.16,9512,0
TGE.US,60,20250926,180000,2.15,2.17,2.08,2.145,4167,0
TGE.US,60,20250926,190000,2.11,2.13,2.08,2.08,4893,0
TGE.US,60,20250926,200000,2.08,2.16,2.08,2.09,12736,0
TGE.US,60,20250926,210000,2.09,2.1339,2.06,2.09,6517,0
TGE.US,60,20250926,220000,2.09,2.18,2.06,2.15,27520,0
TGE.US,60,20250929,160000,2.2404,2.25,2.16,2.16,6579,0
TGE.US,60,20250929,170000,2.16,2.16,1.95,2.01,21216,0
TGE.US,60,20250929,180000,2.01,2.05,1.96,2.02,8940,0
TGE.US,60,20250929,190000,2.02,2.05,1.993,2.01,13225,0
TGE.US,60,20250929,200000,2.01,2.08,2.01,2.04,9300,0
TGE.US,60,20250929,210000,2.04,2.11,2.04,2.11,14330,0
TGE.US,60,20250929,220000,2.11,2.16,2.06,2.08,30162,0
TGE.US,60,20250930,160000,2.08,2.2,2.0694,2.17,1750,0
TGE.US,60,20250930,170000,2.15,2.335,2.15,2.2,56506,0
TGE.US,60,20250930,180000,2.21,2.2581,2.16,2.23,14362,0
TGE.US,60,20250930,190000,2.21,2.2595,2.2,2.2,3822,0
TGE.US,60,20250930,200000,2.2,2.2201,2.16,2.2,10024,0
TGE.US,60,20250930,210000,2.18,2.215,2.18,2.18,3930,0
TGE.US,60,20250930,220000,2.18,2.24,2.13,2.14,16638,0
TGE.US,60,20251001,160000,2.15,2.15,2.15,2.15,300,0
TGE.US,60,20251001,170000,2.1179,2.145,2.05,2.06,5310,0
TGE.US,60,20251001,180000,2.095,2.11,2.05,2.11,6100,0
TGE.US,60,20251001,190000,2.11,2.12,2,2.01,5431,0
TGE.US,60,20251001,200000,2.0385,2.0929,1.96,2.0646,11208,0
TGE.US,60,20251001,210000,2.0361,2.05,1.99,1.99,4069,0
TGE.US,60,20251001,220000,2.01,2.1787,1.97,1.98,19042,0
TGE.US,60,20251002,160000,2,2.03,1.9687,2,5317,0
TGE.US,60,20251002,170000,1.98,2.0023,1.98,1.98,3310,0
TGE.US,60,20251002,180000,1.97,2.0395,1.97,2,7119,0
TGE.US,60,20251002,190000,1.99,2.0335,1.99,2.01,4292,0
TGE.US,60,20251002,200000,2.01,2.01,2,2.01,1288,0
TGE.US,60,20251002,210000,2,2,2,2,1033,0
TGE.US,60,20251002,220000,2,2.0294,1.96,2,10574,0
TGE.US,60,20251003,160000,2.01,2.1,2.01,2.02,5270,0
TGE.US,60,20251003,170000,2.02,2.05,1.99,2.025,15171,0
TGE.US,60,20251003,180000,2.02,2.06,2.01,2.0586,7434,0
TGE.US,60,20251003,190000,2.05,2.1825,2.04,2.15,19482,0
TGE.US,60,20251003,200000,2.12,2.1796,2.11,2.12,14113,0
TGE.US,60,20251003,210000,2.1391,2.1391,2.07,2.09,5793,0
TGE.US,60,20251003,220000,2.08,2.14,2.07,2.1,7517,0
TGE.US,60,20251006,160000,2.09,2.09,2.01,2.032,8000,0
TGE.US,60,20251006,170000,2.07,2.1693,2.07,2.1005,6047,0
TGE.US,60,20251006,180000,2.1546,2.18,2.1106,2.18,2890,0
TGE.US,60,20251006,190000,2.15,2.15,2.09,2.093,11793,0
TGE.US,60,20251006,200000,2.09,2.1108,2.09,2.11,2007,0
TGE.US,60,20251006,210000,2.11,2.1101,2.083,2.09,1500,0
TGE.US,60,20251006,220000,2.09,2.1607,2.09,2.15,16904,0
TGE.US,60,20251007,160000,2.16,2.25,2.13,2.13,1700,0
TGE.US,60,20251007,170000,2.19,2.2,2.12,2.13,4740,0
TGE.US,60,20251007,180000,2.145,2.1597,2.04,2.06,14042,0
TGE.US,60,20251007,190000,2.1,2.18,2.04,2.11,6249,0
TGE.US,60,20251007,200000,2.11,2.17,2.06,2.125,8041,0
TGE.US,60,20251007,210000,2.11,2.135,2.06,2.06,6469,0
TGE.US,60,20251007,220000,2.08,2.1,2.05,2.1,8909,0
TGE.US,60,20251008,160000,2.15,2.15,2.07,2.09,1150,0
TGE.US,60,20251008,170000,2.1,2.1296,2.05,2.1,5869,0
TGE.US,60,20251008,180000,2.1,2.1,2.06,2.08,4270,0
TGE.US,60,20251008,190000,2.08,2.12,2.08,2.1,1800,0
TGE.US,60,20251008,200000,2.11,2.19,2.09,2.17,4354,0
TGE.US,60,20251008,210000,2.0901,2.15,2.09,2.14,8808,0
TGE.US,60,20251008,220000,2.13,2.18,2.12,2.12,11185,0
TGE.US,60,20251009,160000,2.13,2.14,2.13,2.14,500,0
TGE.US,60,20251009,170000,2.16,2.16,2.09,2.09,4165,0
TGE.US,60,20251009,180000,2.12,2.14,2.08,2.0854,4316,0
TGE.US,60,20251009,190000,2.11,2.11,2.07,2.07,3168,0
TGE.US,60,20251009,200000,2.069,2.07,2.03,2.04,4747,0
TGE.US,60,20251009,210000,2.0649,2.07,2.02,2.045,2900,0
TGE.US,60,20251009,220000,2.03,2.1,2.03,2.05,5116,0
TGE.US,60,20251010,160000,2.073,2.073,2.073,2.073,500,0
TGE.US,60,20251010,170000,2.0445,2.0445,1.98,2.01,10367,0
TGE.US,60,20251010,180000,1.99,2.01,1.83,1.85,45828,0
TGE.US,60,20251010,190000,1.865,1.865,1.84,1.84,8407,0
TGE.US,60,20251010,200000,1.855,1.8643,1.84,1.84,1710,0
TGE.US,60,20251010,210000,1.84,1.87,1.83,1.83,3443,0
TGE.US,60,20251010,220000,1.82,1.87,1.77,1.87,10286,0
TGE.US,60,20251013,160000,1.82,1.84,1.78,1.8245,13598,0
TGE.US,60,20251013,170000,1.84,1.84,1.78,1.79,5357,0
TGE.US,60,20251013,180000,1.78,1.794,1.72,1.72,3353,0
TGE.US,60,20251013,190000,1.72,1.85,1.72,1.815,7625,0
TGE.US,60,20251013,200000,1.77,1.78,1.75,1.75,3278,0
TGE.US,60,20251013,210000,1.75,1.76,1.71,1.71,3600,0
TGE.US,60,20251013,220000,1.71,1.8499,1.67,1.68,11811,0
TGE.US,60,20251014,160000,1.72,1.73,1.72,1.73,743,0
TGE.US,60,20251014,170000,1.74,1.74,1.68,1.6891,4664,0
TGE.US,60,20251014,180000,1.681,1.685,1.653,1.665,1870,0
TGE.US,60,20251014,190000,1.66,1.71,1.66,1.703,5529,0
TGE.US,60,20251014,200000,1.7,1.73,1.695,1.73,4898,0
TGE.US,60,20251014,210000,1.72,1.75,1.71,1.72,4300,0
TGE.US,60,20251014,220000,1.72,1.74,1.72,1.73,5102,0
TGE.US,60,20251015,160000,1.8,1.8,1.74,1.755,1699,0
TGE.US,60,20251015,170000,1.73,1.74,1.66,1.718,11756,0
TGE.US,60,20251015,180000,1.6906,1.74,1.67,1.68,5692,0
TGE.US,60,20251015,190000,1.69,1.73,1.68,1.68,2167,0
TGE.US,60,20251015,200000,1.68,1.69,1.64,1.66,6681,0
TGE.US,60,20251015,210000,1.675,1.675,1.65,1.65,7791,0
TGE.US,60,20251015,220000,1.66,1.675,1.62,1.62,23992,0
TGE.US,60,20251016,160000,1.63,1.6519,1.55,1.55,19712,0
TGE.US,60,20251016,170000,1.55,1.61,1.5,1.52,14064,0
TGE.US,60,20251016,180000,1.5399,1.5701,1.49,1.5399,15904,0
TGE.US,60,20251016,190000,1.51,1.54,1.51,1.529,2904,0
TGE.US,60,20251016,200000,1.52,1.5707,1.51,1.54,2648,0
TGE.US,60,20251016,210000,1.54,1.55,1.475,1.49,10529,0
TGE.US,60,20251016,220000,1.5,1.51,1.47,1.48,13261,0
TGE.US,60,20251017,170000,1.48,1.52,1.42,1.45,6987,0
TGE.US,60,20251017,180000,1.46,1.51,1.44,1.4893,2250,0
TGE.US,60,20251017,190000,1.42,1.49,1.42,1.49,620,0
TGE.US,60,20251017,200000,1.43,1.44,1.41,1.43,4604,0
TGE.US,60,20251017,210000,1.43,1.45,1.41,1.45,11090,0
TGE.US,60,20251017,220000,1.47,1.49,1.45,1.45,17713,0
TGE.US,60,20251020,160000,1.59,1.62,1.4716,1.5801,24252,0
TGE.US,60,20251020,170000,1.64,1.71,1.63,1.65,17378,0
TGE.US,60,20251020,180000,1.65,1.98,1.65,1.82,200187,0
TGE.US,60,20251020,190000,1.825,1.825,1.72,1.7999,83255,0
TGE.US,60,20251020,200000,1.8,1.92,1.8,1.815,36049,0
TGE.US,60,20251020,210000,1.815,1.92,1.8,1.83,39231,0
TGE.US,60,20251020,220000,1.83,1.93,1.83,1.87,98350,0
TGE.US,60,20251021,160000,1.9,1.9,1.71,1.73,48365,0
TGE.US,60,20251021,170000,1.7546,1.815,1.72,1.7606,9056,0
TGE.US,60,20251021,180000,1.77,1.77,1.72,1.72,2431,0
TGE.US,60,20251021,190000,1.72,1.7368,1.68,1.68,19654,0
TGE.US,60,20251021,200000,1.68,1.7299,1.6748,1.7299,5857,0
TGE.US,60,20251021,210000,1.71,1.725,1.69,1.72,13545,0
TGE.US,60,20251021,220000,1.72,1.73,1.71,1.71,6274,0
TGE.US,60,20251022,160000,1.66,1.721,1.63,1.72,6261,0
TGE.US,60,20251022,170000,1.72,1.8099,1.7101,1.73,7622,0
TGE.US,60,20251022,180000,1.73,1.73,1.7,1.7,2623,0
TGE.US,60,20251022,190000,1.705,1.705,1.67,1.67,8248,0
TGE.US,60,20251022,200000,1.665,1.67,1.63,1.63,5090,0
TGE.US,60,20251022,210000,1.6329,1.6599,1.6329,1.6599,9101,0
TGE.US,60,20251022,220000,1.66,1.67,1.64,1.65,30549,0
TGE.US,60,20251023,160000,1.65,1.75,1.61,1.75,5850,0
TGE.US,60,20251023,170000,1.746,1.75,1.65,1.73,11436,0
TGE.US,60,20251023,180000,1.7109,1.7136,1.685,1.7,3936,0
TGE.US,60,20251023,190000,1.7,1.73,1.68,1.73,875,0
TGE.US,60,20251023,200000,1.73,1.75,1.66,1.74,2730,0
TGE.US,60,20251023,210000,1.73,1.76,1.7,1.7,3106,0
TGE.US,60,20251023,220000,1.74,1.74,1.6993,1.71,2269,0
TGE.US,60,20251024,160000,1.75,1.75,1.69,1.69,301,0
TGE.US,60,20251024,170000,1.75,1.75,1.7101,1.7461,588,0
TGE.US,60,20251024,180000,1.7552,1.7552,1.73,1.74,1700,0
TGE.US,60,20251024,190000,1.74,1.77,1.7,1.75,5438,0
TGE.US,60,20251024,200000,1.76,1.81,1.76,1.81,6554,0
TGE.US,60,20251024,210000,1.805,1.83,1.72,1.7785,10352,0
TGE.US,60,20251024,220000,1.8,1.82,1.76,1.77,17024,0
TGE.US,60,20251027,150000,1.7701,1.8,1.77,1.8,4411,0
TGE.US,60,20251027,160000,1.7984,1.7984,1.77,1.7706,6601,0
TGE.US,60,20251027,170000,1.8,1.8,1.76,1.7776,1700,0
TGE.US,60,20251027,180000,1.76,1.7918,1.76,1.765,3880,0
TGE.US,60,20251027,190000,1.78,1.8,1.78,1.8,600,0
TGE.US,60,20251027,200000,1.7701,1.8,1.77,1.7925,1582,0
TGE.US,60,20251027,210000,1.7993,1.82,1.79,1.81,2806,0
TGE.US,60,20251028,150000,1.81,1.85,1.81,1.85,819,0
TGE.US,60,20251028,160000,1.8,1.81,1.8,1.81,1200,0
TGE.US,60,20251028,170000,1.81,1.84,1.81,1.84,1880,0
TGE.US,60,20251028,180000,1.83,1.8302,1.8288,1.8302,1500,0
TGE.US,60,20251028,190000,1.85,1.8725,1.85,1.85,3719,0
TGE.US,60,20251028,200000,1.87,1.87,1.77,1.77,5268,0
TGE.US,60,20251028,210000,1.8499,1.85,1.78,1.81,4881,0
TGE.US,60,20251029,150000,1.75,1.8,1.75,1.8,3447,0
TGE.US,60,20251029,160000,1.78,1.795,1.74,1.765,3000,0
TGE.US,60,20251029,170000,1.75,1.75,1.7008,1.745,9328,0
TGE.US,60,20251029,180000,1.76,1.76,1.75,1.75,4380,0
TGE.US,60,20251029,190000,1.81,1.81,1.78,1.78,600,0
TGE.US,60,20251029,200000,1.78,1.78,1.7,1.7,2504,0
TGE.US,60,20251029,210000,1.68,1.69,1.65,1.68,7119,0
TGE.US,60,20251030,150000,1.7177,1.7177,1.7177,1.7177,1000,0
TGE.US,60,20251030,160000,1.69,1.71,1.6648,1.67,7722,0
TGE.US,60,20251030,170000,1.6985,1.76,1.6985,1.72,6900,0
TGE.US,60,20251030,180000,1.71,1.71,1.71,1.71,100,0
TGE.US,60,20251030,190000,1.72,1.7343,1.72,1.72,700,0
TGE.US,60,20251030,200000,1.69,1.69,1.68,1.68,720,0
TGE.US,60,20251030,210000,1.685,1.71,1.66,1.68,11575,0
TGE.US,60,20251031,150000,1.79,1.8643,1.7,1.8643,36919,0
TGE.US,60,20251031,160000,1.8384,2.43,1.8316,2.1601,1587279,0
TGE.US,60,20251031,170000,2.175,3.21,2.04,2.9799,18747222,0
TGE.US,60,20251031,180000,2.98,3.1599,2.2625,2.4014,16060110,0
TGE.US,60,20251031,190000,2.4,2.42,1.97,1.995,4939192,0
TGE.US,60,20251031,200000,1.993,2.03,1.12,1.24,5048628,0
TGE.US,60,20251031,210000,1.2499,1.28,0.7777,0.7777,3607418,0
TGE.US,60,20251103,160000,1.1701,1.3,1.07,1.18,5632379,0
TGE.US,60,20251103,170000,1.185,1.25,1.1,1.2101,5019523,0
TGE.US,60,20251103,180000,1.21,1.8,1.19,1.6009,39301627,0
TGE.US,60,20251103,190000,1.605,1.83,1.39,1.4394,28035970,0
TGE.US,60,20251103,200000,1.4397,1.8,1.43,1.75,12365056,0
TGE.US,60,20251103,210000,1.7587,1.99,1.65,1.7701,33704202,0
TGE.US,60,20251103,220000,1.78,1.93,1.68,1.81,14121664,0
TGE.US,60,20251104,160000,1.45,1.56,1.31,1.418,1226978,0
TGE.US,60,20251104,170000,1.41,1.48,1.4,1.4001,605536,0
TGE.US,60,20251104,180000,1.4015,1.42,1.17,1.2,1749003,0
TGE.US,60,20251104,190000,1.2098,1.3,1.2,1.28,437397,0
TGE.US,60,20251104,200000,1.2795,1.34,1.2201,1.32,261680,0
TGE.US,60,20251104,210000,1.32,1.33,1.21,1.2305,235643,0
TGE.US,60,20251104,220000,1.235,1.2999,1.225,1.26,235526,0
TGE.US,60,20251105,160000,1.2,1.2299,1.1,1.1364,336498,0
TGE.US,60,20251105,170000,1.15,1.24,1.142696,1.2331,303417,0
TGE.US,60,20251105,180000,1.2394,1.2495,1.2,1.24,274767,0
TGE.US,60,20251105,190000,1.235,1.29,1.21,1.285,231044,0
TGE.US,60,20251105,200000,1.285,1.32,1.23,1.24,156720,0
TGE.US,60,20251105,210000,1.2405,1.27,1.21,1.2301,76223,0
TGE.US,60,20251105,220000,1.23,1.42,1.23,1.37,639984,0
TGE.US,60,20251106,160000,1.3101,1.3338,1.22,1.22,153578,0
TGE.US,60,20251106,170000,1.2201,1.2501,1.21,1.215,201558,0
TGE.US,60,20251106,180000,1.2198,1.2799,1.1744,1.225,337549,0
TGE.US,60,20251106,190000,1.23,1.24,1.18,1.19,136199,0
TGE.US,60,20251106,200000,1.19,1.23,1.16,1.19,172004,0
TGE.US,60,20251106,210000,1.22,1.22,1.16,1.18,82632,0
TGE.US,60,20251106,220000,1.17,1.19,1.16,1.1601,251153,0
TGE.US,60,20251107,160000,1.1726,1.34,1.17,1.232,384311,0
TGE.US,60,20251107,170000,1.23,1.24,1.17,1.17,323006,0
TGE.US,60,20251107,180000,1.17,1.25,1.17,1.2097,314727,0
TGE.US,60,20251107,190000,1.1833,1.2193,1.18,1.2,73041,0
TGE.US,60,20251107,200000,1.1901,1.2,1.17,1.18,21247,0
TGE.US,60,20251107,210000,1.18,1.25,1.18,1.2118,83176,0
TGE.US,60,20251107,220000,1.22,1.248,1.2,1.2,88634,0
TGE.US,60,20251110,160000,1.245,1.3582,1.24,1.3005,87507,0
TGE.US,60,20251110,170000,1.3054,1.3455,1.29,1.3,125281,0
TGE.US,60,20251110,180000,1.31,1.331,1.29,1.331,73330,0
TGE.US,60,20251110,190000,1.33,1.38,1.3175,1.3799,125574,0
TGE.US,60,20251110,200000,1.36,1.4,1.36,1.3645,53886,0
TGE.US,60,20251110,210000,1.3718,1.41,1.36,1.37,58943,0
TGE.US,60,20251110,220000,1.3706,1.4698,1.3701,1.39,213566,0
TGE.US,60,20251111,160000,1.41,1.5172,1.39,1.440827,251353,0
TGE.US,60,20251111,170000,1.4404,1.58,1.4404,1.5275,280183,0
TGE.US,60,20251111,180000,1.53,1.55,1.485,1.5113,91222,0
TGE.US,60,20251111,190000,1.5119,1.52,1.39,1.4,255248,0
TGE.US,60,20251111,200000,1.405,1.44,1.36,1.38,97665,0
TGE.US,60,20251111,210000,1.38,1.39,1.31,1.3794,81220,0
TGE.US,60,20251111,220000,1.345,1.41,1.2653,1.37,151716,0
TGE.US,60,20251112,160000,1.35,1.405,1.3211,1.39,40783,0
TGE.US,60,20251112,170000,1.3603,1.4,1.32,1.33,69394,0
TGE.US,60,20251112,180000,1.3342,1.39,1.33,1.365,83622,0
TGE.US,60,20251112,190000,1.35,1.38,1.34,1.36,9261,0
TGE.US,60,20251112,200000,1.3506,1.39,1.34,1.36,17806,0
TGE.US,60,20251112,210000,1.3505,1.3564,1.31,1.33,32788,0
TGE.US,60,20251112,220000,1.3201,1.3413,1.27,1.27,92635,0
TGE.US,60,20251113,160000,1.26,1.5894,1.2,1.56,448777,0
TGE.US,60,20251113,170000,1.55,1.59,1.45,1.5727,344564,0
TGE.US,60,20251113,180000,1.59,1.6,1.49,1.5403,160635,0
TGE.US,60,20251113,190000,1.55,1.55,1.4308,1.45,49352,0
TGE.US,60,20251113,200000,1.44,1.48,1.4001,1.442,43057,0
TGE.US,60,20251113,210000,1.4375,1.46,1.35,1.38,130882,0
TGE.US,60,20251113,220000,1.4,1.4,1.3032,1.32,64225,0
TGE.US,60,20251114,160000,1.37,1.4,1.32,1.34,76126,0
TGE.US,60,20251114,170000,1.33,1.4203,1.31,1.42,55658,0
TGE.US,60,20251114,180000,1.429,1.43,1.37,1.4,60919,0
TGE.US,60,20251114,190000,1.4,1.41,1.33,1.35,86821,0
TGE.US,60,20251114,200000,1.34,1.385,1.33,1.38,56732,0
TGE.US,60,20251114,210000,1.3706,1.4,1.36,1.385,20421,0
TGE.US,60,20251114,220000,1.37,1.39,1.33,1.34,48816,0
TGE.US,60,20251117,160000,1.4,1.4,1.31,1.33,20244,0
TGE.US,60,20251117,170000,1.34,1.34,1.3,1.31,48245,0
TGE.US,60,20251117,180000,1.3,1.31,1.26,1.2966,55344,0
TGE.US,60,20251117,190000,1.29,1.3045,1.2744,1.29,11287,0
TGE.US,60,20251117,200000,1.2756,1.3,1.2701,1.3,19518,0
TGE.US,60,20251117,210000,1.282,1.304,1.2375,1.26,35958,0
TGE.US,60,20251117,220000,1.255,1.2798,1.25,1.25,35826,0
TGE.US,60,20251118,160000,1.24,1.29,1.23,1.27,13993,0
TGE.US,60,20251118,170000,1.259,1.29,1.2548,1.28,8153,0
TGE.US,60,20251118,180000,1.28,1.35,1.28,1.3,24099,0
TGE.US,60,20251118,190000,1.3154,1.395,1.3001,1.3594,45741,0
TGE.US,60,20251118,200000,1.315,1.35,1.315,1.35,8616,0
TGE.US,60,20251118,210000,1.34,1.4,1.3316,1.372,26687,0
TGE.US,60,20251118,220000,1.37,1.37,1.32,1.32,17132,0
TGE.US,60,20251119,160000,1.33,1.3696,1.31,1.31,21052,0
TGE.US,60,20251119,170000,1.2718,1.32,1.2718,1.28,50508,0
TGE.US,60,20251119,180000,1.29,1.2958,1.27,1.28,26246,0
TGE.US,60,20251119,190000,1.28,1.298,1.28,1.29,6225,0
TGE.US,60,20251119,200000,1.2863,1.3299,1.2,1.26,232482,0
TGE.US,60,20251119,210000,1.2755,1.28,1.2363,1.2718,6898,0
TGE.US,60,20251119,220000,1.25,1.25,1.2,1.2,11953,0
TGE.US,60,20251120,160000,1.25,1.2797,1.24,1.24,10698,0
TGE.US,60,20251120,170000,1.2405,1.26,1.2199,1.235,13481,0
TGE.US,60,20251120,180000,1.235,1.235,1.21,1.21,26189,0
TGE.US,60,20251120,190000,1.2185,1.2299,1.16,1.185,36383,0
TGE.US,60,20251120,200000,1.1605,1.21,1.1605,1.1801,14544,0
TGE.US,60,20251120,210000,1.18,1.21,1.16,1.17,29385,0
TGE.US,60,20251120,220000,1.17,1.2099,1.16,1.16,14527,0
TGE.US,60,20251121,160000,1.1301,1.1882,1.13,1.1882,69932,0
TGE.US,60,20251121,170000,1.1672,1.1699,1.1004,1.145,24974,0
TGE.US,60,20251121,180000,1.145,1.2,1.1391,1.1509,71909,0
TGE.US,60,20251121,190000,1.1913,1.2,1.17,1.1818,12258,0
TGE.US,60,20251121,200000,1.18,1.18,1.18,1.18,100,0
TGE.US,60,20251121,210000,1.1504,1.19,1.1504,1.1783,7751,0
TGE.US,60,20251121,220000,1.1701,1.19,1.14,1.14,23040,0
TGE.US,60,20251124,160000,1.135,1.19,1.0996,1.1784,12228,0
TGE.US,60,20251124,170000,1.1504,1.18,1.14,1.14,10255,0
TGE.US,60,20251124,180000,1.14,1.19,1.14,1.14,14310,0
TGE.US,60,20251124,190000,1.1492,1.15,1.14,1.15,6364,0
TGE.US,60,20251124,200000,1.16,1.17,1.14,1.14,6890,0
TGE.US,60,20251124,210000,1.14,1.1437,1.12,1.12,4927,0
TGE.US,60,20251124,220000,1.1366,1.15,1.12,1.13,17857,0
TGE.US,60,20251125,160000,1.16,1.175,1.13,1.16,11913,0
TGE.US,60,20251125,170000,1.16,1.17,1.1305,1.145,17835,0
TGE.US,60,20251125,180000,1.147,1.147,1.13,1.146,8160,0
TGE.US,60,20251125,190000,1.14,1.17,1.14,1.16,40543,0
TGE.US,60,20251125,200000,1.15,1.165,1.15,1.1603,2935,0
TGE.US,60,20251125,210000,1.16,1.17,1.1501,1.1501,3077,0
TGE.US,60,20251125,220000,1.14,1.16,1.13,1.13,7137,0
TGE.US,60,20251126,160000,1.15,1.15,1.11,1.1205,77742,0
TGE.US,60,20251126,170000,1.12,1.1202,1.1105,1.1105,2763,0
TGE.US,60,20251126,180000,1.11,1.16,1.11,1.16,21453,0
TGE.US,60,20251126,190000,1.1526,1.16,1.1226,1.16,14823,0
TGE.US,60,20251126,200000,1.1572,1.17,1.1572,1.1643,4382,0
TGE.US,60,20251126,210000,1.175,1.175,1.13,1.1467,26008,0
TGE.US,60,20251126,220000,1.1201,1.151974,1.1201,1.13,24559,0
TGE.US,60,20251128,160000,1.15,1.162,1.1,1.12,27378,0
TGE.US,60,20251128,170000,1.13,1.1597,1.11,1.13,22331,0
TGE.US,60,20251128,180000,1.134,1.16,1.11,1.15,19493,0
TGE.US,60,20251128,190000,1.1569,1.159,1.14,1.155,19520,0
TGE.US,60,20251128,200000,1.12,1.12,1.12,1.12,3931,0
TGE.US,60,20251201,160000,1.1588,1.1588,1.12,1.145,11434,0
TGE.US,60,20251201,170000,1.1312,1.15,1.1,1.105,29704,0
TGE.US,60,20251201,180000,1.1045,1.13,1.095,1.12,50087,0
TGE.US,60,20251201,190000,1.122,1.122,1.1,1.1081,5727,0
TGE.US,60,20251201,200000,1.1,1.1081,1.1,1.1,6507,0
TGE.US,60,20251201,210000,1.1,1.1055,1.1,1.105,24089,0
TGE.US,60,20251201,220000,1.1,1.12,1.1,1.1,30962,0
TGE.US,60,20251202,160000,1.12,1.12,1.11,1.11,2531,0
TGE.US,60,20251202,170000,1.1,1.1099,1.0804,1.085,28856,0
TGE.US,60,20251202,180000,1.0843,1.09,1.0819,1.09,10368,0
TGE.US,60,20251202,190000,1.106,1.116,1.1,1.11,4215,0
TGE.US,60,20251202,200000,1.1,1.11,1.1,1.11,24510,0
TGE.US,60,20251202,210000,1.12,1.14,1.11,1.13,4266,0
TGE.US,60,20251202,220000,1.15,1.16,1.09,1.09,7821,0
TGE.US,60,20251203,160000,1.1225,1.1225,1.08,1.105,18317,0
TGE.US,60,20251203,170000,1.08,1.0996,1.03,1.0311,71218,0
TGE.US,60,20251203,180000,1.0465,1.08,1.01,1.0699,29912,0
TGE.US,60,20251203,190000,1.04,1.075,1.035,1.075,29669,0
TGE.US,60,20251203,200000,1.088,1.088,1.05,1.0699,16835,0
TGE.US,60,20251203,210000,1.06,1.07,1.0508,1.07,3229,0
TGE.US,60,20251203,220000,1.06,1.09,1.0502,1.08,9892,0
TGE.US,60,20251204,160000,1.0965,1.0965,1.07,1.08,3169,0
TGE.US,60,20251204,170000,1.06,1.077,1.06,1.06,915,0
TGE.US,60,20251204,180000,1.0581,1.071,1.058,1.0661,5710,0
TGE.US,60,20251204,190000,1.06,1.0796,1.06,1.06,3533,0
TGE.US,60,20251204,200000,1.0602,1.085,1.06,1.085,4225,0
TGE.US,60,20251204,210000,1.09,1.09,1.06,1.06,4829,0
TGE.US,60,20251204,220000,1.07,1.0999,1.05,1.05,2141,0
TGE.US,60,20251205,160000,1.06,1.0704,1.06,1.0701,4483,0
TGE.US,60,20251205,170000,1.0701,1.08,1.0701,1.08,1729,0
TGE.US,60,20251205,180000,1.085,1.085,1.07,1.07,2740,0
TGE.US,60,20251205,190000,1.0799,1.0799,1.0647,1.07,1523,0
TGE.US,60,20251205,200000,1.07,1.0794,1.05,1.065,5270,0
TGE.US,60,20251205,210000,1.06,1.08,1.06,1.0696,2569,0
TGE.US,60,20251205,220000,1.07,1.09,1.06,1.08,8558,0
TGE.US,60,20251208,160000,1.07,1.1,1.04,1.07,83530,0
TGE.US,60,20251208,170000,1.06,1.08,1.03,1.04,21829,0
TGE.US,60,20251208,180000,1.041,1.12,1.0301,1.0904,50887,0
TGE.US,60,20251208,190000,1.0804,1.12,1.08,1.095,4201,0
TGE.US,60,20251208,200000,1.08,1.1,1.06,1.097,10722,0
TGE.US,60,20251208,210000,1.1,1.1,1.07,1.08,4325,0
TGE.US,60,20251208,220000,1.09,1.11,1.07,1.07,16693,0
TGE.US,60,20251209,160000,1.08,1.11,1.08,1.08,12813,0
TGE.US,60,20251209,170000,1.08,1.14,1.08,1.12,16926,0
TGE.US,60,20251209,180000,1.12,1.13,1.07,1.0799,19827,0
TGE.US,60,20251209,190000,1.08,1.09,1.07,1.07,7500,0
TGE.US,60,20251209,200000,1.07,1.08,1.065,1.08,8694,0
TGE.US,60,20251209,210000,1.0886,1.1,1.08,1.085,9320,0
TGE.US,60,20251209,220000,1.07,1.09,1.07,1.09,11302,0
TGE.US,60,20251210,160000,1.09,1.11,1.09,1.0933,3818,0
TGE.US,60,20251210,170000,1.105,1.25,1.105,1.14,48837,0
TGE.US,60,20251210,180000,1.1586,1.1698,1.12,1.13,17035,0
TGE.US,60,20251210,190000,1.1301,1.15,1.12,1.12,18399,0
TGE.US,60,20251210,200000,1.138,1.15,1.129,1.13,12577,0
TGE.US,60,20251210,210000,1.12,1.18,1.12,1.16,16775,0
TGE.US,60,20251210,220000,1.1635,1.17,1.13,1.16,9727,0
TGE.US,60,20251211,160000,1.105,1.1503,1.103,1.1503,14221,0
TGE.US,60,20251211,170000,1.1301,1.1407,1.13,1.1407,3546,0
TGE.US,60,20251211,180000,1.1493,1.15,1.13,1.13,5245,0
TGE.US,60,20251211,190000,1.1201,1.13,1.08,1.13,45202,0
TGE.US,60,20251211,200000,1.13,1.13,1.1131,1.12,7300,0
TGE.US,60,20251211,210000,1.12,1.128,1.12,1.128,609,0
TGE.US,60,20251211,220000,1.11,1.11,1.09,1.09,7621,0
TGE.US,60,20251212,160000,1.11,1.11,1.08,1.0972,3670,0
TGE.US,60,20251212,170000,1.0752,1.08,1.0504,1.08,21087,0
TGE.US,60,20251212,180000,1.07,1.0726,1.04,1.04,25070,0
TGE.US,60,20251212,190000,1.0431,1.05,1.03,1.04,14042,0
TGE.US,60,20251212,200000,1.0499,1.05,1.035,1.04,5546,0
TGE.US,60,20251212,210000,1.045,1.045,1.03,1.03,11756,0
TGE.US,60,20251212,220000,1.04,1.04,1.01,1.01,29472,0
TGE.US,60,20251215,160000,1.03,1.03,1,1,41723,0
TGE.US,60,20251215,170000,0.98,1.0098,0.9701,1.0098,51977,0
TGE.US,60,20251215,180000,1,1,0.9729,0.9999,14454,0
TGE.US,60,20251215,190000,0.99,1,0.99,1,300,0
TGE.US,60,20251215,200000,0.9855,0.99,0.971,0.98,2456,0
TGE.US,60,20251215,210000,0.9901,0.9901,0.98,0.99,1150,0
TGE.US,60,20251215,220000,0.99,0.995,0.98,0.99,11557,0
TGE.US,60,20251216,160000,0.9503,0.9686,0.92,0.9461,34632,0
TGE.US,60,20251216,170000,0.945,0.965,0.9168,0.9649,13996,0
TGE.US,60,20251216,180000,0.9726,0.9749,0.97,0.97,600,0
TGE.US,60,20251216,190000,0.9789,0.9789,0.97,0.9773,2700,0
TGE.US,60,20251216,200000,0.97,1,0.9699,1,3845,0
TGE.US,60,20251216,210000,1,1.04,1,1.04,1400,0
TGE.US,60,20251216,220000,1.0154,1.02,0.9945,0.9977,6945,0
TGE.US,60,20251217,160000,1.01,1.01,0.98,0.986,4716,0
TGE.US,60,20251217,170000,0.9901,1.02,0.99,0.99,6601,0
TGE.US,60,20251217,180000,0.995,0.995,0.995,0.995,500,0
TGE.US,60,20251217,190000,1.02,1.02,1.01,1.015,5252,0
TGE.US,60,20251217,200000,1.0066,1.015,1.0066,1.015,1519,0
TGE.US,60,20251217,210000,1.01,1.01,1.01,1.01,240,0
TGE.US,60,20251217,220000,1,1,0.9901,0.9901,2647,0
TGE.US,60,20251218,160000,1.0251,1.0251,0.9902,1.007,1948,0
TGE.US,60,20251218,170000,0.9913,1.024,0.9127,1.024,11402,0
TGE.US,60,20251218,180000,1.01,1.01,0.9549,0.9858,2687,0
TGE.US,60,20251218,190000,0.9671,0.9881,0.9671,0.973931,995,0
TGE.US,60,20251218,200000,0.985,1.02,0.985,1.02,4785,0
TGE.US,60,20251218,210000,1,1,0.98,0.98,818,0
TGE.US,60,20251218,220000,0.99,1.02,0.9702,0.9702,4919,0
TGE.US,60,20251219,160000,0.9846,1.1895,0.9801,1.0582,127146,0
TGE.US,60,20251219,170000,1.045,1.06,1,1.04,68716,0
TGE.US,60,20251219,180000,1.025,1.098,0.995,1.04,26185,0
TGE.US,60,20251219,190000,1.055,1.1,1.0011,1.088,39977,0
TGE.US,60,20251219,200000,1.09,1.1403,1.0405,1.13,34190,0
TGE.US,60,20251219,210000,1.13,1.165,1.06,1.1485,77738,0
TGE.US,60,20251219,220000,1.1484,1.19,1.1,1.1,71288,0
TGE.US,60,20251222,160000,1.109,1.1272,1.07,1.1272,8721,0
TGE.US,60,20251222,170000,1.12,1.1288,1.1,1.1264,8142,0
TGE.US,60,20251222,180000,1.13,1.13,1.11,1.1276,18234,0
TGE.US,60,20251222,190000,1.13,1.13,1.1001,1.11,5500,0
TGE.US,60,20251222,200000,1.12,1.12,1.09,1.1,2751,0
TGE.US,60,20251222,210000,1.105,1.118,1.0553,1.094,36789,0
TGE.US,60,20251222,220000,1.07,1.11,1.05,1.05,5813,0
TGE.US,60,20251223,160000,1.095,1.095,1.062,1.0674,836,0
TGE.US,60,20251223,170000,1.0601,1.08,1.05,1.05,15068,0
TGE.US,60,20251223,180000,1.0699,1.0699,1.03,1.048,11537,0
TGE.US,60,20251223,190000,1.04,1.06,1.04,1.04,2800,0
TGE.US,60,20251223,200000,1.045,1.0599,1.03,1.03,3767,0
TGE.US,60,20251223,210000,1.03,1.045,1.03,1.03,350,0
TGE.US,60,20251223,220000,1.0474,1.0474,1.04,1.04,600,0
TGE.US,60,20251224,160000,1.05,1.07,1.0207,1.05,3447,0
TGE.US,60,20251224,170000,1.07,1.07,1.03,1.055,19934,0
TGE.US,60,20251224,180000,1.055,1.09,1.045,1.08,36898,0
TGE.US,60,20251224,190000,1.08,1.23,1.08,1.1544,147843,0
TGE.US,60,20251224,200000,1.165,1.165,1.14,1.14,467,0
TGE.US,60,20251226,160000,1.14,1.17,1.1107,1.135,17867,0
TGE.US,60,20251226,170000,1.16,1.246,1.16,1.16,38667,0
TGE.US,60,20251226,180000,1.16,1.2,1.1,1.11,27022,0
TGE.US,60,20251226,190000,1.1,1.14,1.09,1.11,21663,0
TGE.US,60,20251226,200000,1.11,1.18,1.09,1.17,15684,0
TGE.US,60,20251226,210000,1.17,1.18,1.1237,1.18,14504,0
TGE.US,60,20251226,220000,1.18,1.18,1.07,1.11,120382,0
