<TICKER>,<PER>,<DATE>,<TIME>,<OPEN>,<HIGH>,<LOW>,<CLOSE>,<VOL>,<OPENINT>
XIJN.US,60,20240625,200000,30.525,30.525,30.525,30.525,773,0
XIJN.US,60,20240625,210000,30.54,30.54,30.54,30.54,1000,0
XIJN.US,60,20240625,220000,30.56,30.56,30.5508,30.5508,800,0
XIJN.US,60,20240626,190000,30.57,30.57,30.5389,30.5389,1735,0
XIJN.US,60,20240626,200000,30.575,30.575,30.56,30.56,600,0
XIJN.US,60,20240626,210000,30.5134,30.57,30.5134,30.552,600,0
XIJN.US,60,20240626,220000,30.5176,30.56,30.5176,30.56,9550,0
XIJN.US,60,20240627,190000,30.57,30.58,30.57,30.57,1446,0
XIJN.US,60,20240628,200000,30.61,30.62,30.6032,30.62,1708,0
XIJN.US,60,20240628,210000,30.6,30.6,30.5506,30.6,800,0
XIJN.US,60,20240628,220000,30.548,30.548,30.548,30.548,100,0
XIJN.US,60,20240701,170000,30.5378,30.5378,30.5378,30.5378,228,0
XIJN.US,60,20240701,180000,30.57,30.57,30.57,30.57,196,0
XIJN.US,60,20240701,200000,30.5697,30.5697,30.5697,30.5697,190,0
XIJN.US,60,20240702,180000,30.5817,30.5817,30.5817,30.5817,250,0
XIJN.US,60,20240702,190000,30.5731,30.5731,30.5731,30.5731,200,0
XIJN.US,60,20240702,210000,30.65,30.66,30.65,30.66,3500,0
XIJN.US,60,20240703,190000,30.66,30.66,30.66,30.66,2928,0
XIJN.US,60,20240705,180000,30.685,30.7,30.65,30.65,1950,0
XIJN.US,60,20240705,220000,30.6813,30.6813,30.6813,30.6813,200,0
XIJN.US,60,20240708,160000,30.74,30.74,30.71,30.71,1470,0
XIJN.US,60,20240708,220000,30.71,30.72,30.71,30.72,5000,0
XIJN.US,60,20240709,160000,30.72,30.72,30.72,30.72,1437,0
XIJN.US,60,20240709,200000,30.6905,30.6905,30.6905,30.6905,244,0
XIJN.US,60,20240709,220000,30.72,30.72,30.72,30.72,700,0
XIJN.US,60,20240710,160000,30.73,30.73,30.73,30.73,2408,0
XIJN.US,60,20240710,180000,30.72,30.72,30.7162,30.7162,650,0
XIJN.US,60,20240710,200000,30.7135,30.7135,30.7135,30.7135,339,0
XIJN.US,60,20240710,210000,30.735,30.735,30.73,30.73,600,0
XIJN.US,60,20240711,220000,30.718,30.718,30.718,30.718,487,0
XIJN.US,60,20240718,190000,30.79,30.79,30.68,30.68,400,0
XIJN.US,60,20240719,180000,30.69,30.69,30.69,30.69,325,0
XIJN.US,60,20240719,190000,30.68,30.68,30.68,30.68,975,0
XIJN.US,60,20240719,200000,30.68,30.68,30.67,30.67,1533,0
XIJN.US,60,20240719,220000,30.68,30.68,30.68,30.68,400,0
XIJN.US,60,20240723,200000,30.7345,30.7345,30.7345,30.7345,270,0
XIJN.US,60,20240723,220000,30.77,30.77,30.75,30.75,3350,0
XIJN.US,60,20240726,180000,30.66,30.66,30.66,30.66,200,0
XIJN.US,60,20240726,210000,30.69,30.7,30.69,30.7,39417,0
XIJN.US,60,20240726,220000,30.69,30.7,30.69,30.7,2291,0
XIJN.US,60,20240730,200000,30.6473,30.6473,30.6473,30.6473,805,0
XIJN.US,60,20240730,210000,30.68,30.68,30.68,30.68,200,0
XIJN.US,60,20240730,220000,30.69,30.71,30.69,30.71,540,0
XIJN.US,60,20240731,190000,30.7738,30.7738,30.7738,30.7738,600,0
XIJN.US,60,20240731,200000,30.7744,30.7744,30.755,30.755,890,0
XIJN.US,60,20240731,220000,30.8,30.8,30.76,30.7765,3250,0
XIJN.US,60,20240801,160000,30.76,30.77,30.68,30.7,31000,0
XIJN.US,60,20240801,220000,30.53,30.56,30.5164,30.551,5100,0
XIJN.US,60,20240802,170000,30.3423,30.3423,30.3423,30.3423,1026,0
XIJN.US,60,20240802,190000,30.41,30.41,30.41,30.41,100,0
XIJN.US,60,20240802,210000,30.38,30.39,30.365,30.38,3775,0
XIJN.US,60,20240802,220000,30.4,30.4,30.37,30.37,2600,0
XIJN.US,60,20240805,160000,29.73,29.78,29.71,29.78,1100,0
XIJN.US,60,20240805,210000,30.1,30.1,30.03,30.03,459,0
XIJN.US,60,20240805,220000,29.99,30,29.96,30,4500,0
XIJN.US,60,20240806,180000,30.19,30.19,30.19,30.19,100,0
XIJN.US,60,20240807,170000,30.375,30.375,30.375,30.375,500,0
XIJN.US,60,20240807,210000,30.12,30.155,30.12,30.155,1154,0
XIJN.US,60,20240807,220000,30.16,30.16,30.1,30.1,323,0
XIJN.US,60,20240808,180000,30.2975,30.2975,30.2975,30.2975,100,0
XIJN.US,60,20240809,170000,30.35,30.35,30.35,30.35,217,0
XIJN.US,60,20240809,180000,30.384,30.384,30.384,30.384,350,0
XIJN.US,60,20240809,190000,30.4,30.42,30.3942,30.42,5432,0
XIJN.US,60,20240809,200000,30.415,30.415,30.415,30.415,325,0
XIJN.US,60,20240809,210000,30.43,30.44,30.43,30.44,1841,0
XIJN.US,60,20240812,170000,30.52,30.52,30.52,30.52,100,0
XIJN.US,60,20240812,180000,30.5,30.5,30.5,30.5,511,0
XIJN.US,60,20240812,190000,30.53,30.53,30.492,30.53,460,0
XIJN.US,60,20240812,210000,30.5,30.5,30.4975,30.4975,425,0
XIJN.US,60,20240813,170000,30.59,30.595,30.56,30.56,3900,0
XIJN.US,60,20240813,180000,30.58,30.58,30.58,30.58,485,0
XIJN.US,60,20240813,190000,30.58,30.58,30.58,30.58,645,0
XIJN.US,60,20240814,210000,30.7,30.7,30.6672,30.6672,1300,0
XIJN.US,60,20240815,160000,30.76,30.76,30.76,30.76,100,0
XIJN.US,60,20240815,170000,30.76,30.76,30.76,30.76,100,0
XIJN.US,60,20240815,210000,30.77,30.78,30.75,30.78,953,0
XIJN.US,60,20240816,160000,30.76,30.76,30.76,30.76,204,0
XIJN.US,60,20240816,200000,30.775,30.775,30.775,30.775,487,0
XIJN.US,60,20240816,220000,30.775,30.775,30.775,30.775,105,0
XIJN.US,60,20240819,170000,30.755,30.755,30.755,30.755,173,0
XIJN.US,60,20240819,180000,30.7775,30.7775,30.7775,30.7775,356,0
XIJN.US,60,20240819,200000,30.81,30.81,30.785,30.785,320,0
XIJN.US,60,20240819,210000,30.82,30.82,30.82,30.82,300,0
XIJN.US,60,20240820,160000,30.76,30.76,30.76,30.76,106,0
XIJN.US,60,20240820,170000,30.7869,30.7869,30.7869,30.7869,552,0
XIJN.US,60,20240820,180000,30.7979,30.7979,30.7979,30.7979,3100,0
XIJN.US,60,20240820,190000,30.8399,30.8399,30.8399,30.8399,204,0
XIJN.US,60,20240820,200000,30.7729,30.82,30.7729,30.82,1451,0
XIJN.US,60,20240820,210000,30.79,30.79,30.79,30.79,320,0
XIJN.US,60,20240821,180000,30.82,30.82,30.8044,30.8044,200,0
XIJN.US,60,20240821,210000,30.82,30.82,30.82,30.82,700,0
XIJN.US,60,20240821,220000,30.81,30.81,30.75,30.795,3581,0
XIJN.US,60,20240822,180000,30.75,30.75,30.75,30.75,410,0
XIJN.US,60,20240822,190000,30.8095,30.8095,30.8095,30.8095,220,0
XIJN.US,60,20240822,220000,30.6901,30.6901,30.6901,30.6901,450,0
XIJN.US,60,20240823,180000,30.82,30.82,30.78,30.78,560,0
XIJN.US,60,20240823,190000,30.82,30.82,30.7873,30.7873,564,0
XIJN.US,60,20240823,200000,30.76,30.83,30.76,30.83,389,0
XIJN.US,60,20240823,210000,30.8121,30.8121,30.8121,30.8121,212,0
XIJN.US,60,20240826,160000,30.87,30.8883,30.87,30.8883,800,0
XIJN.US,60,20240826,190000,30.8595,30.8595,30.8595,30.8595,140,0
XIJN.US,60,20240826,200000,30.84,30.84,30.84,30.84,200,0
XIJN.US,60,20240827,210000,30.79,30.84,30.78,30.84,2010,0
XIJN.US,60,20240827,220000,30.8493,30.8493,30.8493,30.8493,225,0
XIJN.US,60,20240828,190000,30.8141,30.8141,30.8141,30.8141,160,0
XIJN.US,60,20240829,220000,30.85,30.88,30.85,30.86,2980,0
XIJN.US,60,20240903,160000,30.82,30.82,30.81,30.81,5200,0
XIJN.US,60,20240903,190000,30.69,30.69,30.69,30.69,238,0
XIJN.US,60,20240903,210000,30.63,30.63,30.63,30.63,4818,0
XIJN.US,60,20240903,220000,30.62,30.6585,30.5953,30.645,2959,0
XIJN.US,60,20240904,200000,30.5771,30.5771,30.5771,30.5771,794,0
XIJN.US,60,20240904,220000,30.575,30.575,30.575,30.575,147,0
XIJN.US,60,20240905,180000,30.59,30.59,30.59,30.59,4275,0
XIJN.US,60,20240905,220000,30.63,30.63,30.62,30.62,1000,0
XIJN.US,60,20240906,190000,30.5,30.5397,30.5,30.5397,1000,0
XIJN.US,60,20240909,180000,30.5999,30.5999,30.5999,30.5999,133,0
XIJN.US,60,20240910,160000,30.68,30.68,30.68,30.68,400,0
XIJN.US,60,20240910,210000,30.62,30.68,30.59,30.68,8287,0
XIJN.US,60,20240911,220000,30.7399,30.7399,30.7399,30.7399,238,0
XIJN.US,60,20240912,200000,30.765,30.77,30.76,30.76,308,0
XIJN.US,60,20240916,220000,30.78,30.7949,30.78,30.7949,1151,0
XIJN.US,60,20240919,180000,30.915,30.915,30.915,30.915,131,0
XIJN.US,60,20240919,190000,30.84,30.88,30.84,30.88,806,0
XIJN.US,60,20240919,210000,30.9,30.9,30.9,30.9,100,0
XIJN.US,60,20240920,160000,30.9,30.9,30.9,30.9,180,0
XIJN.US,60,20240920,200000,30.895,30.895,30.895,30.895,100,0
XIJN.US,60,20240920,210000,30.885,30.935,30.8725,30.8725,928,0
XIJN.US,60,20240923,170000,30.91,30.91,30.91,30.91,3228,0
XIJN.US,60,20240924,200000,30.94,30.955,30.86,30.86,1600,0
XIJN.US,60,20240925,210000,30.87,30.915,30.87,30.915,753,0
XIJN.US,60,20240926,200000,30.95,30.95,30.95,30.95,125,0
XIJN.US,60,20240926,220000,30.95,30.95,30.95,30.95,100,0
XIJN.US,60,20240927,180000,30.9261,30.9261,30.9261,30.9261,179,0
XIJN.US,60,20240927,210000,30.9684,30.9684,30.9684,30.9684,645,0
XIJN.US,60,20241001,160000,30.875,30.875,30.805,30.81,23500,0
XIJN.US,60,20241001,190000,30.7161,30.7161,30.71,30.71,447,0
XIJN.US,60,20241001,200000,30.71,30.71,30.71,30.71,1428,0
XIJN.US,60,20241001,210000,30.71,30.71,30.71,30.71,4971,0
XIJN.US,60,20241002,200000,30.72,30.72,30.72,30.72,100,0
XIJN.US,60,20241002,220000,30.71,30.72,30.6853,30.71,1800,0
XIJN.US,60,20241003,160000,30.64,30.6401,30.64,30.6401,320,0
XIJN.US,60,20241007,210000,30.6251,30.6251,30.6251,30.6251,1054,0
XIJN.US,60,20241008,170000,30.6662,30.67,30.6662,30.6685,1251,0
XIJN.US,60,20241011,220000,30.74,30.757,30.715,30.757,1289,0
XIJN.US,60,20241014,170000,30.8,30.81,30.7862,30.7862,2746,0
XIJN.US,60,20241014,180000,30.7957,30.8,30.7832,30.7832,3041,0
XIJN.US,60,20241014,190000,30.8,30.8,30.8,30.8,325,0
XIJN.US,60,20241016,160000,30.8,30.8,30.8,30.8,1299,0
XIJN.US,60,20241016,170000,30.7878,30.7878,30.7878,30.7878,2274,0
XIJN.US,60,20241016,180000,30.8,30.8,30.7762,30.8,3571,0
XIJN.US,60,20241016,200000,30.81,30.81,30.7932,30.7932,1300,0
XIJN.US,60,20241016,210000,30.82,30.82,30.82,30.82,188,0
XIJN.US,60,20241016,220000,30.82,30.82,30.82,30.82,2000,0
XIJN.US,60,20241017,200000,30.814,30.814,30.814,30.814,357,0
XIJN.US,60,20241018,220000,30.83,30.86,30.83,30.86,259,0
XIJN.US,60,20241021,160000,30.86,30.86,30.8457,30.8599,1103,0
XIJN.US,60,20241021,200000,30.82,30.82,30.82,30.82,598,0
XIJN.US,60,20241021,220000,30.85,30.85,30.85,30.85,900,0
XIJN.US,60,20241022,180000,30.849,30.85,30.849,30.85,1005,0
XIJN.US,60,20241022,190000,30.85,30.85,30.85,30.85,272,0
XIJN.US,60,20241022,210000,30.86,30.86,30.86,30.86,339,0
XIJN.US,60,20241022,220000,30.86,30.86,30.86,30.86,1300,0
XIJN.US,60,20241024,170000,30.79,30.79,30.79,30.79,100,0
XIJN.US,60,20241028,210000,30.86,30.86,30.86,30.86,2070,0
XIJN.US,60,20241029,170000,30.8534,30.8534,30.8534,30.8534,323,0
XIJN.US,60,20241030,190000,30.82,30.87,30.79,30.79,2750,0
XIJN.US,60,20241030,210000,30.84,30.84,30.84,30.84,200,0
XIJN.US,60,20241031,160000,30.72,30.72,30.72,30.72,100,0
XIJN.US,60,20241031,170000,30.7428,30.7428,30.7428,30.7428,250,0
XIJN.US,60,20241031,210000,30.76,30.77,30.7543,30.7699,2014,0
XIJN.US,60,20241101,200000,30.65,30.65,30.59,30.59,477,0
XIJN.US,60,20241104,170000,30.58,30.58,30.58,30.58,100,0
XIJN.US,60,20241104,180000,30.63,30.63,30.585,30.6199,689,0
XIJN.US,60,20241104,210000,30.58,30.58,30.58,30.58,4971,0
XIJN.US,60,20241106,180000,30.6685,30.73,30.6685,30.73,619,0
XIJN.US,60,20241106,220000,30.79,30.79,30.79,30.79,200,0
XIJN.US,60,20241107,210000,30.85,30.87,30.77,30.77,664,0
XIJN.US,60,20241108,190000,30.8513,30.8513,30.8513,30.8513,863,0
XIJN.US,60,20241111,180000,30.8552,30.8552,30.8552,30.8552,325,0
XIJN.US,60,20241112,200000,30.87,30.87,30.79,30.79,303,0
XIJN.US,60,20241112,220000,30.8505,30.8505,30.8505,30.8505,300,0
XIJN.US,60,20241113,160000,30.8497,30.8497,30.8497,30.8497,132,0
XIJN.US,60,20241113,180000,30.845,30.845,30.81,30.81,240,0
XIJN.US,60,20241114,170000,30.82,30.82,30.82,30.82,100,0
XIJN.US,60,20241114,190000,30.84,30.84,30.84,30.84,380,0
XIJN.US,60,20241114,220000,30.87,30.87,30.87,30.87,300,0
XIJN.US,60,20241119,190000,30.8381,30.8381,30.8381,30.8381,536,0
XIJN.US,60,20241120,210000,30.7901,30.7901,30.77,30.77,1283,0
XIJN.US,60,20241122,200000,30.86,30.87,30.86,30.87,18919,0
XIJN.US,60,20241126,210000,30.85,30.85,30.85,30.85,100,0
XIJN.US,60,20241202,190000,30.96,30.98,30.77,30.77,15249,0
XIJN.US,60,20241202,220000,30.81,30.81,30.8099,30.8099,258,0
XIJN.US,60,20241203,170000,30.8,30.8,30.8,30.8,100,0
XIJN.US,60,20241203,180000,30.803,30.803,30.803,30.803,2827,0
XIJN.US,60,20241203,220000,30.81,30.82,30.81,30.82,300,0
XIJN.US,60,20241204,170000,30.77,30.77,30.77,30.77,100,0
XIJN.US,60,20241204,180000,30.795,30.795,30.795,30.795,110,0
XIJN.US,60,20241204,210000,30.77,30.77,30.77,30.77,160,0
XIJN.US,60,20241205,220000,30.83,30.83,30.765,30.83,11526,0
XIJN.US,60,20241209,190000,30.8122,30.8122,30.8122,30.8122,557,0
XIJN.US,60,20241209,200000,30.7949,30.7949,30.7949,30.7949,150,0
XIJN.US,60,20241210,210000,30.81,30.81,30.81,30.81,200,0
XIJN.US,60,20241211,220000,30.83,30.84,30.815,30.84,7013,0
XIJN.US,60,20241212,200000,30.84,30.84,30.8399,30.8399,1270,0
XIJN.US,60,20241212,220000,30.83,30.83,30.83,30.83,200,0
XIJN.US,60,20241213,180000,30.839,30.84,30.839,30.8399,1470,0
XIJN.US,60,20241213,210000,30.7704,30.7704,30.7702,30.7702,2401,0
XIJN.US,60,20241217,180000,30.795,30.795,30.795,30.795,324,0
XIJN.US,60,20241217,190000,30.7994,30.7994,30.7994,30.7994,275,0
XIJN.US,60,20241217,200000,30.7902,30.7902,30.7902,30.7902,322,0
XIJN.US,60,20241217,220000,30.83,30.83,30.83,30.83,200,0
XIJN.US,60,20241218,180000,30.83,30.83,30.8299,30.8299,1110,0
XIJN.US,60,20241218,220000,30.755,30.79,30.755,30.78,300,0
XIJN.US,60,20241220,200000,30.7201,30.755,30.7201,30.755,883,0
XIJN.US,60,20241220,220000,30.71,30.77,30.71,30.77,300,0
XIJN.US,60,20241223,190000,30.75,30.75,30.75,30.75,100,0
XIJN.US,60,20241223,210000,30.75,30.75,30.75,30.75,100,0
XIJN.US,60,20241224,170000,30.859,30.869,30.859,30.869,300,0
XIJN.US,60,20241224,180000,30.879,30.879,30.83,30.879,568,0
XIJN.US,60,20241224,190000,30.88,30.88,30.88,30.88,100,0
XIJN.US,60,20241227,170000,30.79,30.79,30.79,30.79,100,0
XIJN.US,60,20241230,200000,30.82,30.82,30.82,30.82,100,0
XIJN.US,60,20241230,220000,30.82,30.82,30.82,30.82,100,0
XIJN.US,60,20250102,170000,30.83,30.83,30.67,30.67,200,0
XIJN.US,60,20250103,160000,30.7217,30.7217,30.7217,30.7217,650,0
XIJN.US,60,20250103,170000,30.67,30.67,30.67,30.67,100,0
XIJN.US,60,20250103,180000,30.74,30.74,30.7,30.7,600,0
XIJN.US,60,20250106,170000,30.74,30.74,30.74,30.74,100,0
XIJN.US,60,20250107,180000,30.71,30.74,30.71,30.74,14532,0
XIJN.US,60,20250107,210000,30.7499,30.7499,30.7499,30.7499,400,0
XIJN.US,60,20250108,170000,30.67,30.67,30.67,30.67,100,0
XIJN.US,60,20250108,180000,30.7299,30.7299,30.7299,30.7299,335,0
XIJN.US,60,20250108,210000,30.74,30.74,30.74,30.74,300,0
XIJN.US,60,20250108,220000,30.7399,30.75,30.7399,30.749,1754,0
XIJN.US,60,20250110,170000,30.64,30.64,30.64,30.64,100,0
XIJN.US,60,20250110,190000,30.69,30.71,30.67,30.7099,8750,0
XIJN.US,60,20250110,200000,30.7099,30.7399,30.7,30.7399,7550,0
XIJN.US,60,20250110,210000,30.66,30.66,30.66,30.66,100,0
XIJN.US,60,20250110,220000,30.66,30.71,30.65,30.71,960,0
XIJN.US,60,20250114,190000,30.72,30.73,30.72,30.7299,1850,0
XIJN.US,60,20250115,170000,30.785,30.785,30.785,30.785,188,0
XIJN.US,60,20250115,190000,30.8,30.8,30.8,30.8,611,0
XIJN.US,60,20250115,200000,30.81,30.81,30.81,30.81,300,0
XIJN.US,60,20250115,210000,30.82,30.83,30.82,30.82,1060,0
XIJN.US,60,20250115,220000,30.82,30.82,30.81,30.81,300,0
XIJN.US,60,20250116,190000,30.82,30.82,30.795,30.795,700,0
XIJN.US,60,20250116,210000,30.816,30.816,30.816,30.816,300,0
XIJN.US,60,20250116,220000,30.83,30.83,30.83,30.83,300,0
XIJN.US,60,20250117,170000,30.81,30.81,30.81,30.81,100,0
XIJN.US,60,20250121,210000,30.845,30.845,30.845,30.845,134,0
XIJN.US,60,20250121,220000,30.88,30.88,30.88,30.88,1385,0
XIJN.US,60,20250122,200000,30.87,30.87,30.87,30.87,196,0
XIJN.US,60,20250122,210000,30.89,30.89,30.83,30.89,300,0
XIJN.US,60,20250123,200000,30.89,30.89,30.89,30.89,500,0
XIJN.US,60,20250123,220000,30.87,30.9,30.87,30.9,650,0
XIJN.US,60,20250124,210000,30.88,30.88,30.88,30.88,1176,0
XIJN.US,60,20250127,200000,30.86,30.86,30.86,30.86,100,0
XIJN.US,60,20250130,210000,30.905,30.905,30.905,30.905,118,0
XIJN.US,60,20250131,160000,30.9599,30.9599,30.9599,30.9599,150,0
XIJN.US,60,20250203,220000,30.74,30.75,30.74,30.75,1180,0
XIJN.US,60,20250204,170000,30.7251,30.7251,30.7251,30.7251,309,0
XIJN.US,60,20250204,180000,30.745,30.745,30.745,30.745,149,0
XIJN.US,60,20250204,210000,30.773,30.773,30.773,30.773,1300,0
XIJN.US,60,20250204,220000,30.76,30.76,30.76,30.76,1256,0
XIJN.US,60,20250205,190000,30.7899,30.7899,30.7899,30.7899,825,0
XIJN.US,60,20250206,220000,30.79,30.79,30.79,30.79,787,0
XIJN.US,60,20250207,170000,30.78,30.78,30.78,30.78,307,0
XIJN.US,60,20250210,160000,30.82,30.82,30.82,30.82,100,0
XIJN.US,60,20250210,190000,30.7501,30.7501,30.75,30.75,600,0
XIJN.US,60,20250211,170000,30.75,30.78,30.75,30.78,1622,0
XIJN.US,60,20250211,180000,30.75,30.75,30.74,30.74,1225,0
XIJN.US,60,20250211,190000,30.74,30.8,30.74,30.775,4662,0
XIJN.US,60,20250211,200000,30.74,30.74,30.73,30.73,1509,0
XIJN.US,60,20250211,220000,30.75,30.7501,30.75,30.7501,1206,0
XIJN.US,60,20250212,210000,30.8004,30.8004,30.8004,30.8004,162,0
XIJN.US,60,20250213,180000,30.7601,30.7613,30.7601,30.7613,1929,0
XIJN.US,60,20250213,190000,30.7601,30.795,30.76,30.795,2032,0
XIJN.US,60,20250213,200000,30.76,30.795,30.75,30.7601,4216,0
XIJN.US,60,20250214,180000,30.78,30.815,30.78,30.815,1920,0
XIJN.US,60,20250214,190000,30.83,30.83,30.83,30.83,45989,0
XIJN.US,60,20250218,200000,30.803,30.803,30.803,30.803,300,0
XIJN.US,60,20250218,220000,30.78,30.78,30.78,30.78,1423,0
XIJN.US,60,20250219,210000,30.8,30.8,30.8,30.8,300,0
XIJN.US,60,20250220,160000,30.8511,30.8511,30.8511,30.8511,162,0
XIJN.US,60,20250220,190000,30.78,30.815,30.78,30.815,2014,0
XIJN.US,60,20250220,200000,30.815,30.815,30.815,30.815,332,0
XIJN.US,60,20250220,210000,30.79,30.79,30.79,30.79,502,0
XIJN.US,60,20250221,200000,30.78,30.81,30.78,30.81,512,0
XIJN.US,60,20250224,170000,30.76,30.76,30.76,30.76,100,0
XIJN.US,60,20250224,200000,30.84,30.84,30.84,30.84,100,0
XIJN.US,60,20250224,210000,30.83,30.83,30.83,30.83,100,0
XIJN.US,60,20250225,200000,30.76,30.76,30.76,30.76,100,0
XIJN.US,60,20250225,220000,30.79,30.79,30.76,30.76,200,0
XIJN.US,60,20250226,170000,30.78,30.78,30.78,30.78,100,0
XIJN.US,60,20250226,200000,30.76,30.76,30.76,30.76,200,0
XIJN.US,60,20250226,210000,30.7897,30.7897,30.7897,30.7897,490,0
XIJN.US,60,20250228,170000,30.78,30.78,30.75,30.75,200,0
XIJN.US,60,20250228,190000,30.75,30.75,30.75,30.75,371,0
XIJN.US,60,20250303,160000,30.72,30.75,30.71,30.74,6300,0
XIJN.US,60,20250303,180000,30.59,30.5901,30.59,30.5901,510,0
XIJN.US,60,20250303,210000,30.6191,30.6313,30.6,30.6,10100,0
XIJN.US,60,20250303,220000,30.54,30.54,30.54,30.54,100,0
XIJN.US,60,20250304,210000,30.56,30.56,30.56,30.56,135,0
XIJN.US,60,20250304,220000,30.57,30.57,30.57,30.57,555,0
XIJN.US,60,20250305,170000,30.5815,30.5815,30.5815,30.5815,236,0
XIJN.US,60,20250305,210000,30.615,30.615,30.615,30.615,144,0
XIJN.US,60,20250305,220000,30.63,30.63,30.6,30.6,200,0
XIJN.US,60,20250307,190000,30.52,30.52,30.52,30.52,126,0
XIJN.US,60,20250310,210000,30.44,30.44,30.44,30.44,100,0
XIJN.US,60,20250311,170000,30.445,30.445,30.445,30.445,295,0
XIJN.US,60,20250313,190000,30.37,30.51,30.37,30.4601,1036,0
XIJN.US,60,20250318,210000,30.59,30.59,30.59,30.59,100,0
XIJN.US,60,20250319,160000,30.63,30.63,30.63,30.63,100,0
XIJN.US,60,20250319,210000,30.665,30.665,30.665,30.665,325,0
XIJN.US,60,20250320,180000,30.66,30.66,30.66,30.66,100,0
XIJN.US,60,20250320,200000,30.65,30.65,30.65,30.65,200,0
XIJN.US,60,20250321,160000,30.7,30.7,30.6999,30.6999,378,0
XIJN.US,60,20250324,170000,30.755,30.755,30.755,30.755,487,0
XIJN.US,60,20250324,180000,30.73,30.73,30.73,30.73,100,0
XIJN.US,60,20250324,200000,30.72,30.72,30.72,30.72,200,0
XIJN.US,60,20250325,160000,30.8,30.8,30.77,30.8,300,0
XIJN.US,60,20250326,190000,30.74,30.74,30.71,30.71,1004,0
XIJN.US,60,20250327,170000,30.74,30.74,30.74,30.74,124,0
XIJN.US,60,20250328,200000,30.7099,30.7099,30.7099,30.7099,350,0
XIJN.US,60,20250402,170000,30.57,30.58,30.57,30.58,605,0
XIJN.US,60,20250402,200000,30.6,30.6,30.6,30.6,348,0
XIJN.US,60,20250403,180000,30.43,30.43,30.4299,30.4299,598,0
XIJN.US,60,20250403,210000,30.4288,30.4288,30.4288,30.4288,1000,0
XIJN.US,60,20250403,220000,30.37,30.37,30.24,30.24,1450,0
XIJN.US,60,20250404,170000,29.91,29.91,29.91,29.91,30541,0
XIJN.US,60,20250404,180000,29.98,29.98,29.92,29.92,1501,0
XIJN.US,60,20250407,170000,29.94,29.96,29.94,29.96,400,0
XIJN.US,60,20250407,190000,29.3936,29.53,29.3936,29.41,2600,0
XIJN.US,60,20250407,200000,29.36,29.36,29.36,29.36,500,0
XIJN.US,60,20250407,210000,29.77,29.77,29.6246,29.6246,1105,0
XIJN.US,60,20250408,180000,29.8001,29.8001,29.8001,29.8001,148,0
XIJN.US,60,20250408,200000,29.51,29.59,29.47,29.52,2819,0
XIJN.US,60,20250408,210000,29.54,29.56,29.43,29.43,5783,0
XIJN.US,60,20250408,220000,29.4766,29.4766,29.1,29.18,6314,0
XIJN.US,60,20250409,180000,29.33,29.33,29.33,29.33,2023,0
XIJN.US,60,20250409,200000,30.1599,30.1599,30.15,30.15,575,0
XIJN.US,60,20250411,180000,30.04,30.04,29.83,29.8649,1421,0
XIJN.US,60,20250416,220000,30.14,30.14,30.14,30.14,100,0
XIJN.US,60,20250417,190000,30.22,30.22,30.22,30.22,320,0
XIJN.US,60,20250423,180000,30.5599,30.5599,30.5599,30.5599,1020,0
XIJN.US,60,20250423,190000,30.46,30.46,30.46,30.46,110,0
XIJN.US,60,20250424,200000,30.4998,30.5899,30.4998,30.5899,356,0
XIJN.US,60,20250424,210000,30.5401,30.5401,30.5401,30.5401,197,0
XIJN.US,60,20250428,170000,30.6,30.6,30.6,30.6,3100,0
XIJN.US,60,20250428,190000,30.5653,30.58,30.55,30.5622,1129,0
XIJN.US,60,20250428,200000,30.5933,30.5933,30.5933,30.5933,830,0
XIJN.US,60,20250505,170000,30.59,30.59,30.56,30.5899,871,0
XIJN.US,60,20250505,180000,30.54,30.54,30.54,30.54,100,0
XIJN.US,60,20250505,200000,30.55,30.55,30.55,30.55,193,0
XIJN.US,60,20250506,220000,30.6099,30.6099,30.52,30.5201,2187,0
XIJN.US,60,20250507,200000,30.54,30.54,30.54,30.54,100,0
XIJN.US,60,20250513,170000,30.72,30.72,30.72,30.72,3742,0
XIJN.US,60,20250513,180000,30.695,30.7299,30.695,30.7299,1040,0
XIJN.US,60,20250513,190000,30.72,30.72,30.72,30.72,412,0
XIJN.US,60,20250513,220000,30.7029,30.7029,30.7029,30.7029,1463,0
XIJN.US,60,20250515,180000,30.6601,30.73,30.6601,30.73,952,0
XIJN.US,60,20250515,190000,30.72,30.72,30.72,30.72,113,0
XIJN.US,60,20250516,170000,30.76,30.76,30.7497,30.7497,648,0
XIJN.US,60,20250516,210000,30.715,30.715,30.715,30.715,229,0
XIJN.US,60,20250519,220000,30.74,30.74,30.74,30.74,200,0
XIJN.US,60,20250522,180000,30.73,30.77,30.68,30.75,456,0
XIJN.US,60,20250522,200000,30.74,30.74,30.74,30.74,100,0
XIJN.US,60,20250523,210000,30.75,30.75,30.75,30.75,200,0
XIJN.US,60,20250527,200000,30.77,30.77,30.745,30.745,3315,0
XIJN.US,60,20250528,180000,30.74,30.74,30.7201,30.7201,383,0
XIJN.US,60,20250529,190000,30.75,30.75,30.75,30.75,180,0
XIJN.US,60,20250529,210000,30.75,30.75,30.75,30.75,1375,0
XIJN.US,60,20250530,190000,30.75,30.75,30.75,30.75,43714,0
XIJN.US,60,20250530,200000,30.79,30.79,30.765,30.765,200,0
XIJN.US,60,20250602,210000,30.63,30.64,30.63,30.64,552,0
XIJN.US,60,20250605,200000,30.6141,30.6141,30.59,30.5901,1030,0
XIJN.US,60,20250606,190000,30.6493,30.6493,30.6493,30.6493,261,0
XIJN.US,60,20250610,200000,30.635,30.645,30.635,30.645,554,0
XIJN.US,60,20250612,160000,30.6551,30.68,30.6551,30.6551,1615,0
XIJN.US,60,20250612,210000,30.67,30.67,30.67,30.67,300,0
XIJN.US,60,20250612,220000,30.6521,30.6521,30.6521,30.6521,1217,0
XIJN.US,60,20250613,170000,30.69,30.7,30.61,30.61,2000,0
XIJN.US,60,20250613,200000,30.69,30.69,30.69,30.69,100,0
XIJN.US,60,20250616,160000,30.6899,30.6899,30.6899,30.6899,2161,0
XIJN.US,60,20250617,200000,30.69,30.69,30.69,30.69,260,0
XIJN.US,60,20250618,170000,30.64,30.6401,30.64,30.6401,342,0
XIJN.US,60,20250618,190000,30.7093,30.71,30.675,30.7099,6386,0
XIJN.US,60,20250618,200000,30.71,30.71,30.6844,30.71,2086,0
XIJN.US,60,20250618,210000,30.709,30.7099,30.6401,30.6401,2851,0
XIJN.US,60,20250618,220000,30.7099,30.71,30.675,30.71,1836,0
XIJN.US,60,20250623,180000,30.57,30.57,30.57,30.57,112,0
XIJN.US,60,20250623,190000,30.5,30.5,30.5,30.5,2159,0
XIJN.US,60,20250623,210000,30.59,30.59,30.59,30.59,516,0
XIJN.US,60,20250623,220000,30.57,30.57,30.57,30.57,337,0
XIJN.US,60,20250624,160000,30.69,30.69,30.69,30.69,2027,0
XIJN.US,60,20250624,220000,30.74,31.18,30.7399,31.18,33788,0
XIJN.US,60,20250625,180000,30.74,30.74,30.74,30.74,325,0
XIJN.US,60,20250626,160000,30.79,30.79,30.79,30.79,103,0
XIJN.US,60,20250626,200000,30.8,30.8,30.7999,30.7999,550,0
XIJN.US,60,20250626,220000,30.8,30.8,30.8,30.8,113,0
XIJN.US,60,20250627,170000,30.8,30.8,30.8,30.8,2437,0
XIJN.US,60,20250627,210000,30.79,30.79,30.77,30.77,500,0
XIJN.US,60,20250627,220000,30.79,30.79,30.79,30.79,3174,0
XIJN.US,60,20250630,160000,30.84,30.84,30.81,30.81,1783,0
XIJN.US,60,20250630,170000,30.84,30.84,30.83,30.83,922,0
XIJN.US,60,20250630,180000,30.83,30.84,30.8,30.84,1136,0
XIJN.US,60,20250630,190000,30.84,30.84,30.83,30.8399,846,0
XIJN.US,60,20250630,200000,30.83,30.84,30.83,30.83,1700,0
XIJN.US,60,20250630,210000,30.84,30.84,30.83,30.83,816,0
XIJN.US,60,20250630,220000,30.85,30.86,30.85,30.86,1005,0
XIJN.US,60,20250701,170000,30.83,30.83,30.805,30.805,200,0
XIJN.US,60,20250703,190000,30.7701,30.88,30.7701,30.88,262,0
XIJN.US,60,20250707,180000,30.8499,30.8499,30.8499,30.8499,300,0
XIJN.US,60,20250707,210000,30.7945,30.7945,30.7945,30.7945,420,0
XIJN.US,60,20250707,220000,30.83,30.86,30.8081,30.83,11651,0
XIJN.US,60,20250708,180000,30.87,30.87,30.87,30.87,120,0
XIJN.US,60,20250708,200000,30.86,30.86,30.83,30.83,979,0
XIJN.US,60,20250709,180000,30.85,30.89,30.82,30.8899,5793,0
XIJN.US,60,20250709,190000,30.89,30.9,30.8899,30.89,5484,0
XIJN.US,60,20250710,200000,30.9,30.91,30.9,30.91,13248,0
XIJN.US,60,20250710,210000,30.93,30.93,30.93,30.93,1135,0
XIJN.US,60,20250710,220000,30.93,30.99,30.93,30.99,51122,0
XIJN.US,60,20250711,210000,30.93,30.93,30.93,30.93,100,0
XIJN.US,60,20250711,220000,30.9044,30.92,30.9044,30.92,1135,0
XIJN.US,60,20250714,190000,30.91,30.91,30.91,30.91,100,0
XIJN.US,60,20250714,200000,30.93,30.93,30.93,30.93,769,0
XIJN.US,60,20250714,220000,30.91,30.92,30.91,30.92,2188,0
XIJN.US,60,20250715,170000,30.89,30.89,30.89,30.89,350,0
XIJN.US,60,20250715,180000,30.91,30.91,30.91,30.91,2482,0
XIJN.US,60,20250716,160000,30.8587,30.8587,30.8587,30.8587,365,0
XIJN.US,60,20250716,170000,30.88,30.89,30.88,30.89,1082,0
XIJN.US,60,20250716,180000,30.86,30.86,30.86,30.86,160,0
XIJN.US,60,20250717,220000,30.93,30.93,30.927,30.927,850,0
XIJN.US,60,20250718,180000,30.93,30.94,30.92,30.92,1738,0
XIJN.US,60,20250718,190000,30.9159,30.9159,30.9159,30.9159,517,0
XIJN.US,60,20250718,220000,30.9355,30.94,30.9355,30.94,1500,0
XIJN.US,60,20250721,170000,30.98,30.98,30.98,30.98,226,0
XIJN.US,60,20250721,190000,30.98,30.98,30.98,30.98,1091,0
XIJN.US,60,20250721,210000,30.9585,30.9585,30.9585,30.9585,1000,0
XIJN.US,60,20250721,220000,30.97,30.97,30.945,30.945,1448,0
XIJN.US,60,20250722,160000,30.941,30.941,30.941,30.941,4846,0
XIJN.US,60,20250722,170000,30.94,30.94,30.94,30.94,100,0
XIJN.US,60,20250722,200000,30.96,30.97,30.9381,30.9599,1240,0
XIJN.US,60,20250722,210000,30.96,30.96,30.9354,30.96,1899,0
XIJN.US,60,20250722,220000,30.96,30.97,30.9481,30.9481,1002,0
XIJN.US,60,20250723,160000,30.99,30.99,30.99,30.99,100,0
XIJN.US,60,20250723,170000,30.98,30.98,30.98,30.98,100,0
XIJN.US,60,20250723,180000,30.98,30.98,30.98,30.98,595,0
XIJN.US,60,20250723,200000,31,31,31,31,200,0
XIJN.US,60,20250723,220000,31.01,31.01,31.01,31.01,3726,0
XIJN.US,60,20250724,160000,31.02,31.02,31.02,31.02,100,0
XIJN.US,60,20250724,180000,31.03,31.03,31.03,31.03,200,0
XIJN.US,60,20250724,200000,31.03,31.03,30.9938,30.9938,1227,0
XIJN.US,60,20250725,170000,31.0492,31.0492,31.0492,31.0492,161,0
XIJN.US,60,20250725,180000,31.05,31.05,31.05,31.05,100,0
XIJN.US,60,20250728,170000,31.07,31.07,31.0428,31.0428,486,0
XIJN.US,60,20250728,210000,31.06,31.06,31.06,31.06,689,0
XIJN.US,60,20250728,220000,31.045,31.07,31.045,31.06,5389,0
XIJN.US,60,20250729,180000,31.06,31.06,31.06,31.06,805,0
XIJN.US,60,20250729,190000,31.0599,31.0599,31.039,31.039,1932,0
XIJN.US,60,20250729,200000,31.06,31.06,31.0599,31.0599,1672,0
XIJN.US,60,20250731,220000,30.985,30.985,30.985,30.985,456,0
XIJN.US,60,20250801,200000,30.79,30.79,30.79,30.79,721,0
XIJN.US,60,20250801,210000,30.79,30.8,30.7736,30.78,719,0
XIJN.US,60,20250801,220000,30.7899,30.79,30.7899,30.7899,2278,0
XIJN.US,60,20250804,170000,30.86,30.86,30.86,30.86,218,0
XIJN.US,60,20250804,180000,30.88,30.8899,30.88,30.8899,636,0
XIJN.US,60,20250804,190000,30.868,30.868,30.868,30.868,243,0
XIJN.US,60,20250804,200000,30.89,30.89,30.89,30.89,100,0
XIJN.US,60,20250804,220000,30.8781,30.89,30.8781,30.89,2414,0
XIJN.US,60,20250805,160000,30.88,30.88,30.88,30.88,8673,0
XIJN.US,60,20250805,170000,30.8558,30.86,30.83,30.84,2762,0
XIJN.US,60,20250805,180000,30.87,30.87,30.845,30.845,772,0
XIJN.US,60,20250805,190000,30.87,30.87,30.87,30.87,610,0
XIJN.US,60,20250806,220000,30.89,30.9199,30.8754,30.9199,5411,0
XIJN.US,60,20250807,170000,30.9,30.9,30.8673,30.8673,601,0
XIJN.US,60,20250807,180000,30.85,30.89,30.85,30.89,270,0
XIJN.US,60,20250807,190000,30.8635,30.8635,30.8635,30.8635,350,0
XIJN.US,60,20250807,200000,30.87,30.87,30.859,30.87,1900,0
XIJN.US,60,20250807,210000,30.86,30.87,30.86,30.87,300,0
XIJN.US,60,20250807,220000,30.91,30.91,30.91,30.91,100,0
XIJN.US,60,20250808,200000,30.9173,30.92,30.9173,30.92,775,0
XIJN.US,60,20250808,220000,30.93,30.93,30.915,30.915,900,0
XIJN.US,60,20250811,170000,30.93,30.94,30.93,30.94,6662,0
XIJN.US,60,20250811,180000,30.92,30.92,30.92,30.92,972,0
XIJN.US,60,20250811,220000,30.93,30.93,30.9299,30.9299,3240,0
XIJN.US,60,20250812,170000,30.951,30.951,30.951,30.951,674,0
XIJN.US,60,20250812,180000,30.97,30.97,30.97,30.97,100,0
XIJN.US,60,20250812,220000,30.97,30.97,30.9699,30.9699,518,0
XIJN.US,60,20250813,170000,30.99,30.99,30.9627,30.9627,451,0
XIJN.US,60,20250813,190000,30.99,31.01,30.979,31.01,3523,0
XIJN.US,60,20250813,220000,30.995,31.0099,30.995,31.0099,1172,0
XIJN.US,60,20250814,200000,31,31,31,31,589,0
XIJN.US,60,20250814,210000,31,31,31,31,100,0
XIJN.US,60,20250815,190000,30.99,30.99,30.99,30.99,220,0
XIJN.US,60,20250815,210000,31.01,31.01,31.01,31.01,100,0
XIJN.US,60,20250818,170000,31.02,31.02,31.02,31.02,100,0
XIJN.US,60,20250818,180000,30.9898,30.9898,30.9898,30.9898,805,0
XIJN.US,60,20250819,170000,31.02,31.02,31.0108,31.0199,1172,0
XIJN.US,60,20250819,180000,31,31,31,31,1436,0
XIJN.US,60,20250819,210000,30.98,30.98,30.98,30.98,780,0
XIJN.US,60,20250820,190000,30.97,30.97,30.97,30.97,6267,0
XIJN.US,60,20250820,210000,30.97,30.98,30.97,30.98,682,0
XIJN.US,60,20250821,180000,30.96,30.96,30.96,30.96,300,0
XIJN.US,60,20250821,190000,30.935,30.935,30.935,30.935,427,0
XIJN.US,60,20250821,210000,30.95,30.95,30.95,30.95,427,0
XIJN.US,60,20250821,220000,30.96,30.96,30.945,30.949,28720,0
XIJN.US,60,20250822,170000,31.0522,31.0522,31.0522,31.0522,436,0
XIJN.US,60,20250822,180000,31.07,31.08,31.07,31.0799,814,0
XIJN.US,60,20250822,220000,31.06,31.06,31.0599,31.0599,320,0
XIJN.US,60,20250825,190000,31.07,31.07,31.07,31.07,1900,0
XIJN.US,60,20250825,200000,31.05,31.05,31.05,31.05,112,0
XIJN.US,60,20250825,220000,31.07,31.07,31.0599,31.0599,11170,0
XIJN.US,60,20250826,210000,31.0526,31.06,31.0526,31.06,775,0
XIJN.US,60,20250826,220000,31.07,31.07,31.0554,31.0554,2000,0
XIJN.US,60,20250827,190000,31.0542,31.07,31.0542,31.07,2705,0
XIJN.US,60,20250827,220000,31.08,31.08,31.08,31.08,100,0
XIJN.US,60,20250829,170000,31.0325,31.06,31.0325,31.04,4100,0
XIJN.US,60,20250829,180000,31.04,31.04,31.04,31.04,3000,0
XIJN.US,60,20250829,190000,31.04,31.04,31.04,31.04,3000,0
XIJN.US,60,20250829,200000,31.04,31.04,31.04,31.04,5311,0
XIJN.US,60,20250829,220000,31.06,31.06,31.05,31.05,1572,0
XIJN.US,60,20250902,180000,30.8,30.8,30.8,30.8,1623,0
XIJN.US,60,20250902,200000,30.8378,30.8378,30.8378,30.8378,190,0
XIJN.US,60,20250903,170000,30.8837,30.8837,30.8837,30.8837,368,0
XIJN.US,60,20250903,200000,30.86,30.86,30.86,30.86,1620,0
XIJN.US,60,20250903,210000,30.87,30.89,30.87,30.89,629,0
XIJN.US,60,20250903,220000,30.85,30.85,30.85,30.85,1620,0
XIJN.US,60,20250904,180000,30.908,30.908,30.908,30.908,426,0
XIJN.US,60,20250904,190000,30.9,30.9,30.9,30.9,1618,0
XIJN.US,60,20250904,220000,30.89,30.9399,30.89,30.9399,456,0
XIJN.US,60,20250905,180000,30.8934,30.8934,30.8934,30.8934,330,0
XIJN.US,60,20250905,200000,30.93,30.93,30.93,30.93,100,0
XIJN.US,60,20250908,170000,30.97,30.97,30.97,30.97,100,0
XIJN.US,60,20250908,220000,30.9499,30.9499,30.9499,30.9499,645,0
XIJN.US,60,20250909,200000,31,31,31,31,100,0
XIJN.US,60,20250909,220000,30.99,30.99,30.99,30.99,48053,0
XIJN.US,60,20250910,200000,30.97,30.97,30.95,30.95,200,0
XIJN.US,60,20250910,220000,30.9507,30.9507,30.9507,30.9507,320,0
XIJN.US,60,20250911,190000,31.04,31.04,31.0273,31.0273,750,0
XIJN.US,60,20250911,220000,30.97,30.97,30.97,30.97,200,0
XIJN.US,60,20250912,180000,31.01,31.01,31.0073,31.0073,293,0
XIJN.US,60,20250912,190000,31.01,31.01,31.01,31.01,100,0
XIJN.US,60,20250912,200000,31.01,31.03,30.99,31,3972,0
XIJN.US,60,20250912,210000,31.01,31.01,31.01,31.01,100,0
XIJN.US,60,20250912,220000,31.01,31.03,31.01,31.03,305,0
XIJN.US,60,20250915,190000,31.01,31.01,31.0099,31.01,500,0
XIJN.US,60,20250915,200000,31.01,31.01,31.0099,31.0099,1934,0
XIJN.US,60,20250917,170000,31,31.01,31,31.01,200,0
XIJN.US,60,20250917,190000,30.96,30.96,30.96,30.96,1000,0
XIJN.US,60,20250917,200000,30.9624,30.9624,30.9624,30.9624,111,0
XIJN.US,60,20250917,220000,31.02,31.02,31.01,31.01,1100,0
XIJN.US,60,20250918,180000,31.0335,31.0335,31.0265,31.03,1243,0
XIJN.US,60,20250919,200000,31.0325,31.04,31.0325,31.04,420,0
XIJN.US,60,20250922,170000,31.08,31.08,31.08,31.08,100,0
XIJN.US,60,20250922,180000,31.0366,31.04,31.03,31.04,4747,0
XIJN.US,60,20250922,190000,31.035,31.035,31.035,31.035,118,0
XIJN.US,60,20250922,200000,31.04,31.0492,31.04,31.0492,316,0
XIJN.US,60,20250922,210000,31.05,31.05,31.05,31.05,100,0
XIJN.US,60,20250922,220000,31.04,31.05,31.04,31.05,891,0
XIJN.US,60,20250923,160000,31.04,31.04,31.04,31.04,100,0
XIJN.US,60,20250923,210000,31.01,31.01,31.01,31.01,100,0
XIJN.US,60,20250923,220000,31.005,31.005,31.005,31.005,796,0
XIJN.US,60,20250924,180000,31.01,31.01,31.01,31.01,200,0
XIJN.US,60,20250924,200000,31.01,31.01,31.01,31.01,300,0
XIJN.US,60,20250924,210000,31.0062,31.0062,31.0062,31.0062,610,0
XIJN.US,60,20250924,220000,31.015,31.02,31.015,31.02,600,0
XIJN.US,60,20250925,170000,31.01,31.01,31.01,31.01,100,0
XIJN.US,60,20250925,190000,31.01,31.01,31.01,31.01,200,0
XIJN.US,60,20250925,200000,31.0092,31.0092,31,31.0047,1593,0
XIJN.US,60,20250925,210000,31.0081,31.0081,31.0081,31.0081,103,0
XIJN.US,60,20250925,220000,31.0025,31.04,31,31.04,1150,0
XIJN.US,60,20250926,160000,31.05,31.07,31.05,31.07,1879,0
XIJN.US,60,20250926,170000,31.05,31.05,31.05,31.05,100,0
XIJN.US,60,20250926,180000,31.05,31.05,31.05,31.05,475,0
XIJN.US,60,20250926,190000,31.07,31.07,31.07,31.07,458,0
XIJN.US,60,20250926,210000,31.0602,31.0602,31.0602,31.0602,677,0
XIJN.US,60,20250926,220000,31.07,31.08,31.07,31.08,1380,0
XIJN.US,60,20250929,170000,31.0724,31.09,31.07,31.07,1587,0
XIJN.US,60,20250929,180000,31.08,31.08,31.08,31.08,5200,0
XIJN.US,60,20250929,190000,31.09,31.09,31.08,31.08,228,0
XIJN.US,60,20250929,200000,31.065,31.065,31.065,31.065,175,0
XIJN.US,60,20250929,210000,31.08,31.08,31.0672,31.0672,1120,0
XIJN.US,60,20250929,220000,31.05,31.08,31.05,31.08,8438,0
XIJN.US,60,20250930,170000,31.07,31.09,31.07,31.09,1496,0
XIJN.US,60,20250930,180000,31.09,31.09,31.069,31.069,2656,0
XIJN.US,60,20250930,190000,31.09,31.09,31.0702,31.0702,2591,0
XIJN.US,60,20250930,200000,31.0715,31.09,31.0692,31.0898,19713,0
XIJN.US,60,20250930,210000,31.0771,31.0771,31.0771,31.0771,1288,0
XIJN.US,60,20251001,190000,30.9,30.93,30.9,30.92,5950,0
XIJN.US,60,20251001,200000,30.93,30.93,30.919,30.919,6000,0
XIJN.US,60,20251001,220000,30.9189,30.9189,30.9189,30.9189,1954,0
XIJN.US,60,20251002,170000,30.93,30.93,30.93,30.93,200,0
XIJN.US,60,20251002,180000,30.9,30.93,30.9,30.91,563,0
XIJN.US,60,20251002,190000,30.92,30.92,30.9199,30.9199,2340,0
XIJN.US,60,20251002,200000,30.94,30.94,30.9299,30.9299,4516,0
XIJN.US,60,20251002,210000,30.92,30.93,30.92,30.93,700,0
XIJN.US,60,20251002,220000,30.93,30.93,30.93,30.93,861,0
XIJN.US,60,20251003,170000,30.92,30.92,30.9199,30.92,5227,0
XIJN.US,60,20251003,180000,30.91,30.91,30.91,30.91,1027,0
XIJN.US,60,20251003,200000,30.8969,30.8969,30.8969,30.8969,858,0
XIJN.US,60,20251003,210000,30.89,30.89,30.89,30.89,149,0
XIJN.US,60,20251003,220000,30.89,30.91,30.89,30.91,13943,0
XIJN.US,60,20251006,180000,30.9214,30.9214,30.9214,30.9214,336,0
XIJN.US,60,20251006,190000,30.93,30.94,30.925,30.925,4395,0
XIJN.US,60,20251006,200000,30.94,30.94,30.9205,30.9205,1389,0
XIJN.US,60,20251006,210000,30.93,30.93,30.93,30.93,300,0
XIJN.US,60,20251006,220000,30.93,30.94,30.93,30.94,5229,0
XIJN.US,60,20251007,170000,30.91,30.91,30.91,30.91,397,0
XIJN.US,60,20251007,180000,30.92,30.93,30.9096,30.91,7596,0
XIJN.US,60,20251007,190000,30.9299,30.9599,30.9299,30.9599,2038,0
XIJN.US,60,20251007,200000,30.93,30.93,30.9018,30.93,15539,0
XIJN.US,60,20251007,220000,30.93,30.93,30.93,30.93,1201,0
XIJN.US,60,20251008,170000,30.94,30.94,30.9227,30.9227,6317,0
XIJN.US,60,20251008,180000,30.9391,30.9391,30.9391,30.9391,125,0
XIJN.US,60,20251008,190000,30.94,30.94,30.94,30.94,5228,0
XIJN.US,60,20251008,200000,30.925,30.925,30.925,30.925,612,0
XIJN.US,60,20251008,210000,30.9185,30.94,30.9185,30.929,2300,0
XIJN.US,60,20251009,170000,30.9,30.9,30.891,30.891,1801,0
XIJN.US,60,20251009,180000,30.9,30.9,30.9,30.9,1600,0
XIJN.US,60,20251009,190000,30.91,30.91,30.9,30.9,414,0
XIJN.US,60,20251009,200000,30.9,30.9,30.9,30.9,100,0
XIJN.US,60,20251010,170000,30.9365,30.9365,30.93,30.93,882,0
XIJN.US,60,20251010,210000,30.8266,30.8266,30.8266,30.8266,603,0
XIJN.US,60,20251010,220000,30.82,30.82,30.81,30.81,965,0
XIJN.US,60,20251013,170000,30.88,30.88,30.865,30.865,422,0
XIJN.US,60,20251013,180000,30.87,30.92,30.8699,30.8989,2873,0
XIJN.US,60,20251013,210000,30.93,30.94,30.915,30.94,1412,0
XIJN.US,60,20251013,220000,30.93,30.93,30.93,30.93,15134,0
XIJN.US,60,20251014,170000,30.835,30.835,30.835,30.835,268,0
XIJN.US,60,20251014,180000,30.88,30.88,30.88,30.88,962,0
XIJN.US,60,20251014,200000,30.8885,30.9196,30.8885,30.9196,754,0
XIJN.US,60,20251014,220000,30.89,30.89,30.89,30.89,500,0
XIJN.US,60,20251015,160000,30.95,30.95,30.9264,30.9264,269,0
XIJN.US,60,20251015,170000,30.95,30.96,30.9498,30.95,1024,0
XIJN.US,60,20251015,180000,30.925,30.925,30.92,30.92,309,0
XIJN.US,60,20251015,190000,30.91,30.93,30.91,30.92,1299,0
XIJN.US,60,20251015,200000,30.9,30.9,30.88,30.88,309,0
XIJN.US,60,20251015,220000,30.92,30.92,30.91,30.92,593,0
XIJN.US,60,20251016,170000,30.9,30.9219,30.9,30.9219,1041,0
XIJN.US,60,20251016,180000,30.94,30.94,30.91,30.91,10363,0
XIJN.US,60,20251016,190000,30.88,30.88,30.88,30.88,1922,0
XIJN.US,60,20251016,200000,30.9,30.9,30.9,30.9,447,0
XIJN.US,60,20251016,210000,30.86,30.86,30.86,30.86,600,0
XIJN.US,60,20251016,220000,30.88,30.89,30.88,30.88,2000,0
XIJN.US,60,20251017,170000,30.86,30.86,30.86,30.86,999,0
XIJN.US,60,20251017,180000,30.8799,30.889,30.8799,30.8799,648,0
XIJN.US,60,20251017,190000,30.8786,30.88,30.8786,30.88,638,0
XIJN.US,60,20251017,200000,30.8729,30.8729,30.86,30.86,299,0
XIJN.US,60,20251017,210000,30.8859,30.8859,30.8859,30.8859,1193,0
XIJN.US,60,20251020,170000,30.977,30.977,30.977,30.977,251,0
XIJN.US,60,20251020,190000,30.97,30.97,30.97,30.97,896,0
XIJN.US,60,20251020,210000,31,31,31,31,198,0
XIJN.US,60,20251020,220000,31.01,31.01,31.01,31.01,2506,0
XIJN.US,60,20251021,170000,31,31.01,30.97,31.0099,916,0
XIJN.US,60,20251021,190000,30.9894,30.9894,30.97,30.97,389,0
XIJN.US,60,20251021,200000,31.01,31.01,31.01,31.01,1600,0
XIJN.US,60,20251021,210000,30.9858,30.9858,30.9858,30.9858,203,0
XIJN.US,60,20251021,220000,31.009,31.009,31.009,31.009,100,0
XIJN.US,60,20251022,170000,30.98,30.98,30.9681,30.9681,3000,0
XIJN.US,60,20251022,210000,30.96,30.97,30.96,30.97,368,0
XIJN.US,60,20251022,220000,30.97,30.99,30.97,30.9899,2030,0
XIJN.US,60,20251023,180000,30.99,31,30.9677,31,835,0
XIJN.US,60,20251023,190000,30.96,30.999,30.96,30.9988,1336,0
XIJN.US,60,20251023,200000,31,31,31,31,198,0
XIJN.US,60,20251023,210000,30.9999,30.9999,30.965,30.965,623,0
XIJN.US,60,20251023,220000,31.0109,31.04,30.99,30.99,7659,0
XIJN.US,60,20251024,170000,31.0491,31.055,31.025,31.05,7140,0
XIJN.US,60,20251024,190000,31.04,31.05,31.04,31.05,400,0
XIJN.US,60,20251024,210000,31.0416,31.05,31.03,31.03,1825,0
XIJN.US,60,20251024,220000,31.06,31.06,31.06,31.06,354,0
XIJN.US,60,20251027,160000,31.0558,31.075,31.0558,31.075,1294,0
XIJN.US,60,20251027,170000,31.07,31.07,31.07,31.07,100,0
XIJN.US,60,20251027,180000,31.045,31.07,31.045,31.07,634,0
XIJN.US,60,20251027,190000,31.075,31.075,31.0606,31.0606,236,0
XIJN.US,60,20251027,210000,31.07,31.07,31.07,31.07,26467,0
XIJN.US,60,20251028,160000,31.07,31.07,31.04,31.04,278,0
XIJN.US,60,20251028,180000,31.0464,31.0464,31.0464,31.0464,165,0
XIJN.US,60,20251028,190000,31.07,31.07,31.04,31.07,2035,0
XIJN.US,60,20251028,210000,31.07,31.07,31.01,31.01,2903,0
XIJN.US,60,20251029,160000,31.03,31.03,31.03,31.03,247,0
XIJN.US,60,20251029,170000,31.041,31.05,31.04,31.04,3207,0
XIJN.US,60,20251029,180000,31.03,31.03,31.03,31.03,1321,0
XIJN.US,60,20251029,190000,31.07,31.07,31.07,31.07,1333,0
XIJN.US,60,20251029,200000,31.1,31.1,31.1,31.1,100,0
XIJN.US,60,20251029,210000,31.05,31.05,31.05,31.05,1575,0
XIJN.US,60,20251030,160000,31.0298,31.0394,31.01,31.0394,7710,0
XIJN.US,60,20251030,170000,31.04,31.0492,31.028,31.028,2295,0
XIJN.US,60,20251030,180000,31.0483,31.0483,31.0483,31.0483,188,0
XIJN.US,60,20251030,190000,31.04,31.04,31.015,31.0356,3869,0
XIJN.US,60,20251030,200000,31.04,31.04,31.04,31.04,1098,0
XIJN.US,60,20251030,210000,31.04,31.04,31.039,31.039,427,0
XIJN.US,60,20251031,160000,31.04,31.04,31.015,31.0379,1385,0
XIJN.US,60,20251031,170000,31.01,31.015,31.01,31.015,12869,0
XIJN.US,60,20251031,180000,31.0163,31.03,31,31.01,6671,0
XIJN.US,60,20251031,190000,31.0151,31.0151,30.995,30.995,442,0
XIJN.US,60,20251031,210000,31.04,31.0499,31.022,31.0499,9170,0
XIJN.US,60,20251103,160000,30.8391,30.8391,30.8391,30.8391,400,0
XIJN.US,60,20251103,170000,30.83,30.83,30.83,30.83,5078,0
XIJN.US,60,20251103,180000,30.85,30.85,30.85,30.85,1781,0
XIJN.US,60,20251103,220000,30.87,30.87,30.87,30.87,800,0
XIJN.US,60,20251104,160000,30.81,30.84,30.81,30.84,2915,0
XIJN.US,60,20251104,170000,30.82,30.8305,30.82,30.8305,6591,0
XIJN.US,60,20251104,180000,30.81,30.84,30.81,30.84,1230,0
XIJN.US,60,20251104,190000,30.8399,30.8399,30.8,30.8132,1037,0
XIJN.US,60,20251104,200000,30.8,30.8,30.8,30.8,1559,0
XIJN.US,60,20251104,220000,30.83,30.839,30.8299,30.839,4036,0
XIJN.US,60,20251105,180000,30.859,30.869,30.8332,30.8432,1042,0
XIJN.US,60,20251105,190000,30.87,30.87,30.87,30.87,1649,0
XIJN.US,60,20251105,200000,30.88,30.88,30.8539,30.8539,405,0
XIJN.US,60,20251105,220000,30.8539,30.88,30.84,30.84,36468,0
XIJN.US,60,20251106,160000,30.87,30.87,30.83,30.83,568,0
XIJN.US,60,20251106,170000,30.85,30.85,30.84,30.84,800,0
XIJN.US,60,20251106,180000,30.83,30.83,30.819,30.819,218,0
XIJN.US,60,20251106,190000,30.82,30.83,30.8,30.83,1204,0
XIJN.US,60,20251106,200000,30.8183,30.839,30.8183,30.839,1860,0
XIJN.US,60,20251106,210000,30.85,30.85,30.822,30.822,307,0
XIJN.US,60,20251106,220000,30.85,30.85,30.83,30.83,508,0
XIJN.US,60,20251107,170000,30.75,30.7805,30.75,30.7805,227,0
XIJN.US,60,20251107,180000,30.73,30.79,30.73,30.79,1258,0
XIJN.US,60,20251107,190000,30.765,30.765,30.765,30.765,307,0
XIJN.US,60,20251107,200000,30.7307,30.81,30.7307,30.81,975,0
XIJN.US,60,20251107,210000,30.81,30.81,30.78,30.78,391,0
XIJN.US,60,20251107,220000,30.84,30.84,30.84,30.84,1400,0
XIJN.US,60,20251110,170000,30.87,30.87,30.83,30.83,456,0
XIJN.US,60,20251110,200000,30.865,30.89,30.865,30.89,1988,0
XIJN.US,60,20251110,210000,30.88,30.88,30.88,30.88,100,0
XIJN.US,60,20251110,220000,30.91,30.91,30.91,30.91,150,0
XIJN.US,60,20251111,170000,30.89,30.89,30.83,30.83,200,0
XIJN.US,60,20251111,190000,30.84,30.84,30.84,30.84,100,0
XIJN.US,60,20251111,210000,30.9,30.9,30.89,30.89,2493,0
XIJN.US,60,20251111,220000,30.84,30.895,30.84,30.88,6678,0
XIJN.US,60,20251112,160000,30.89,30.9,30.89,30.892,3237,0
XIJN.US,60,20251112,170000,30.89,30.895,30.84,30.84,900,0
XIJN.US,60,20251112,180000,30.865,30.865,30.865,30.865,343,0
XIJN.US,60,20251112,190000,30.8826,30.8826,30.8826,30.8826,119,0
XIJN.US,60,20251112,200000,30.89,30.895,30.875,30.875,1457,0
XIJN.US,60,20251112,210000,30.9,30.9,30.8641,30.8641,5074,0
XIJN.US,60,20251112,220000,30.89,30.9,30.8715,30.8715,5911,0
XIJN.US,60,20251113,160000,30.88,30.88,30.88,30.88,316,0
XIJN.US,60,20251113,170000,30.87,30.87,30.87,30.87,200,0
XIJN.US,60,20251113,180000,30.8398,30.8398,30.835,30.835,1379,0
XIJN.US,60,20251113,190000,30.86,30.86,30.86,30.86,4397,0
XIJN.US,60,20251113,200000,30.84,30.85,30.83,30.83,987,0
XIJN.US,60,20251113,210000,30.83,30.83,30.83,30.83,493,0
XIJN.US,60,20251113,220000,30.83,30.83,30.83,30.83,100,0
XIJN.US,60,20251114,180000,30.81,30.85,30.81,30.85,21875,0
XIJN.US,60,20251114,190000,30.8,30.8,30.8,30.8,100,0
XIJN.US,60,20251114,200000,30.85,30.85,30.815,30.815,2829,0
XIJN.US,60,20251114,210000,30.85,30.85,30.83,30.8498,1009,0
XIJN.US,60,20251114,220000,30.87,30.87,30.77,30.77,8052,0
XIJN.US,60,20251117,160000,30.85,30.85,30.8467,30.8467,3053,0
XIJN.US,60,20251117,170000,30.8204,30.8204,30.8204,30.8204,244,0
XIJN.US,60,20251117,180000,30.85,30.86,30.8417,30.8417,1847,0
XIJN.US,60,20251117,190000,30.85,30.86,30.8005,30.8005,5996,0
XIJN.US,60,20251117,200000,30.83,30.83,30.8299,30.8299,1500,0
XIJN.US,60,20251117,210000,30.8,30.81,30.79,30.81,500,0
XIJN.US,60,20251117,220000,30.79,30.8,30.79,30.8,3381,0
XIJN.US,60,20251118,170000,30.7268,30.75,30.725,30.725,2310,0
XIJN.US,60,20251118,190000,30.75,30.75,30.74,30.74,2200,0
XIJN.US,60,20251118,200000,30.78,30.79,30.7799,30.7899,2194,0
XIJN.US,60,20251118,220000,30.76,30.76,30.76,30.76,762,0
XIJN.US,60,20251119,180000,30.77,30.77,30.74,30.77,8732,0
XIJN.US,60,20251119,210000,30.735,30.735,30.735,30.735,212,0
XIJN.US,60,20251119,220000,30.79,30.79,30.7602,30.77,1999,0
XIJN.US,60,20251120,180000,30.8122,30.8122,30.78,30.78,2399,0
XIJN.US,60,20251120,190000,30.74,30.74,30.7,30.7,8468,0
XIJN.US,60,20251120,200000,30.74,30.74,30.73,30.73,7856,0
XIJN.US,60,20251120,220000,30.7166,30.7166,30.68,30.68,3121,0
XIJN.US,60,20251121,180000,30.78,30.78,30.7799,30.7799,570,0
XIJN.US,60,20251121,190000,30.75,30.75,30.75,30.75,274,0
XIJN.US,60,20251121,200000,30.76,30.76,30.76,30.76,3254,0
XIJN.US,60,20251121,210000,30.81,30.81,30.78,30.78,6885,0
XIJN.US,60,20251121,220000,30.74,30.74,30.74,30.74,197,0
XIJN.US,60,20251124,160000,30.83,30.83,30.83,30.83,100,0
XIJN.US,60,20251124,180000,30.86,30.86,30.8599,30.8599,5060,0
XIJN.US,60,20251124,190000,30.845,30.87,30.84,30.87,781,0
XIJN.US,60,20251124,210000,30.87,30.87,30.87,30.87,1000,0
XIJN.US,60,20251124,220000,30.84,30.88,30.84,30.88,5415,0
XIJN.US,60,20251125,160000,30.872,30.872,30.86,30.86,742,0
XIJN.US,60,20251125,170000,30.86,30.86,30.86,30.86,3953,0
XIJN.US,60,20251125,180000,30.88,30.9,30.86,30.8913,6106,0
XIJN.US,60,20251125,190000,30.8701,30.9081,30.87,30.9081,845,0
XIJN.US,60,20251125,220000,30.92,30.92,30.89,30.89,1486,0
XIJN.US,60,20251126,160000,30.925,30.9276,30.925,30.9276,644,0
XIJN.US,60,20251126,170000,30.91,30.91,30.91,30.91,100,0
XIJN.US,60,20251126,180000,30.9296,30.935,30.9296,30.9344,1106,0
XIJN.US,60,20251126,190000,30.92,30.92,30.92,30.92,100,0
XIJN.US,60,20251126,210000,30.93,30.9541,30.9,30.9,632,0
XIJN.US,60,20251126,220000,30.96,30.96,30.93,30.93,7090,0
XIJN.US,60,20251128,180000,30.92,30.92,30.92,30.92,100,0
XIJN.US,60,20251128,190000,30.98,30.98,30.98,30.98,100,0
XIJN.US,60,20251201,160000,30.779,30.779,30.779,30.779,231,0
XIJN.US,60,20251201,200000,30.81,30.81,30.78,30.78,1466,0
XIJN.US,60,20251201,210000,30.77,30.8009,30.77,30.78,19855,0
XIJN.US,60,20251201,220000,30.7833,30.8,30.78,30.8,2029,0
XIJN.US,60,20251202,180000,30.81,30.81,30.81,30.81,200,0
XIJN.US,60,20251202,190000,30.79,30.81,30.79,30.8,4891,0
XIJN.US,60,20251202,200000,30.79,30.79,30.79,30.79,1372,0
XIJN.US,60,20251202,220000,30.81,30.81,30.81,30.81,3341,0
XIJN.US,60,20251203,160000,30.82,30.82,30.8019,30.8019,634,0
XIJN.US,60,20251203,190000,30.83,30.83,30.83,30.83,100,0
XIJN.US,60,20251203,200000,30.815,30.815,30.815,30.815,130,0
XIJN.US,60,20251203,210000,30.8138,30.8138,30.8138,30.8138,374,0
XIJN.US,60,20251203,220000,30.83,30.83,30.815,30.815,2955,0
XIJN.US,60,20251204,170000,30.8198,30.8198,30.8198,30.8198,972,0
XIJN.US,60,20251204,180000,30.82,30.8491,30.81,30.8491,4831,0
XIJN.US,60,20251204,190000,30.8077,30.83,30.8077,30.83,2519,0
XIJN.US,60,20251204,200000,30.815,30.815,30.815,30.815,277,0
XIJN.US,60,20251204,220000,30.83,30.85,30.82,30.85,11355,0
XIJN.US,60,20251205,160000,30.86,30.86,30.86,30.86,100,0
XIJN.US,60,20251205,170000,30.86,30.87,30.86,30.86,33232,0
XIJN.US,60,20251205,180000,30.86,30.86,30.86,30.86,200,0
XIJN.US,60,20251205,190000,30.86,30.86,30.86,30.86,600,0
XIJN.US,60,20251205,200000,30.86,30.86,30.86,30.86,300,0
XIJN.US,60,20251205,210000,30.86,30.86,30.86,30.86,300,0
XIJN.US,60,20251205,220000,30.86,30.87,30.86,30.87,715,0
XIJN.US,60,20251208,170000,30.8499,30.86,30.8499,30.86,494,0
XIJN.US,60,20251208,180000,30.84,30.86,30.84,30.86,6267,0
XIJN.US,60,20251208,190000,30.85,30.8504,30.8423,30.8504,2845,0
XIJN.US,60,20251208,200000,30.86,30.86,30.85,30.85,2208,0
XIJN.US,60,20251208,210000,30.85,30.855,30.85,30.85,860,0
XIJN.US,60,20251208,220000,30.85,30.85,30.8425,30.8425,1162,0
XIJN.US,60,20251209,160000,30.83,30.83,30.83,30.83,190,0
XIJN.US,60,20251209,180000,30.8599,30.86,30.84,30.8469,2346,0
XIJN.US,60,20251209,190000,30.86,30.86,30.86,30.86,1253,0
XIJN.US,60,20251209,200000,30.86,30.86,30.8403,30.85,2991,0
XIJN.US,60,20251209,220000,30.8352,30.8352,30.8318,30.8318,562,0
XIJN.US,60,20251210,170000,30.8499,30.85,30.84,30.85,7262,0
XIJN.US,60,20251210,180000,30.85,30.87,30.837,30.837,34232,0
XIJN.US,60,20251210,190000,30.835,30.87,30.8261,30.85,38886,0
XIJN.US,60,20251210,200000,30.85,30.86,30.85,30.86,16897,0
XIJN.US,60,20251210,210000,30.88,30.88,30.8548,30.8548,863,0
XIJN.US,60,20251210,220000,30.8692,30.88,30.8692,30.88,677,0
XIJN.US,60,20251211,160000,30.865,30.88,30.865,30.88,2779,0
XIJN.US,60,20251211,170000,30.87,30.88,30.87,30.88,1368,0
XIJN.US,60,20251211,180000,30.87,30.88,30.87,30.8775,2879,0
XIJN.US,60,20251211,200000,30.89,30.9,30.889,30.889,5866,0
XIJN.US,60,20251211,210000,30.9,30.9,30.885,30.885,452,0
XIJN.US,60,20251211,220000,30.91,30.92,30.88,30.907,15737,0
XIJN.US,60,20251212,160000,30.915,30.915,30.91,30.91,2135,0
XIJN.US,60,20251212,170000,30.88,30.88,30.87,30.87,738,0
XIJN.US,60,20251212,180000,30.88,30.88,30.85,30.86,13863,0
XIJN.US,60,20251212,190000,30.88,30.89,30.88,30.89,30098,0
XIJN.US,60,20251212,200000,30.87,30.89,30.87,30.89,1242,0
XIJN.US,60,20251212,220000,30.89,30.89,30.89,30.89,731,0
XIJN.US,60,20251215,180000,30.8646,30.8646,30.8646,30.8646,1683,0
XIJN.US,60,20251215,190000,30.88,30.88,30.8635,30.8635,819,0
XIJN.US,60,20251215,200000,30.8523,30.8523,30.8523,30.8523,115,0
XIJN.US,60,20251215,210000,30.88,30.88,30.88,30.88,100,0
XIJN.US,60,20251215,220000,30.8799,30.8799,30.865,30.865,966,0
XIJN.US,60,20251216,170000,30.86,30.88,30.855,30.855,10148,0
XIJN.US,60,20251216,180000,30.87,30.87,30.87,30.87,520,0
XIJN.US,60,20251216,190000,30.87,30.87,30.8699,30.8699,596,0
XIJN.US,60,20251216,200000,30.85,30.87,30.85,30.87,4727,0
XIJN.US,60,20251216,210000,30.8615,30.8615,30.8615,30.8615,725,0
XIJN.US,60,20251216,220000,30.87,30.87,30.853,30.8699,806,0
XIJN.US,60,20251217,170000,30.875,30.875,30.875,30.875,128,0
XIJN.US,60,20251217,180000,30.86,30.88,30.86,30.87,1889,0
XIJN.US,60,20251217,210000,30.88,30.88,30.8799,30.8799,200,0
XIJN.US,60,20251218,160000,30.88,30.89,30.88,30.8899,1818,0
XIJN.US,60,20251218,180000,30.895,30.895,30.8801,30.8801,852,0
XIJN.US,60,20251218,190000,30.875,30.875,30.875,30.875,550,0
XIJN.US,60,20251218,210000,30.9,30.9,30.885,30.8999,8268,0
XIJN.US,60,20251218,220000,30.8972,30.91,30.8972,30.91,722,0
XIJN.US,60,20251219,170000,30.95,30.96,30.9441,30.9441,9460,0
XIJN.US,60,20251219,180000,30.95,30.9599,30.95,30.9599,349,0
XIJN.US,60,20251219,190000,30.94,30.9599,30.94,30.95,741,0
XIJN.US,60,20251219,210000,30.969,30.97,30.969,30.97,1616,0
XIJN.US,60,20251222,160000,30.9999,30.9999,30.98,30.98,798,0
XIJN.US,60,20251222,170000,30.97,30.985,30.97,30.98,4091,0
XIJN.US,60,20251222,180000,30.9999,30.9999,30.95,30.99,3805,0
XIJN.US,60,20251222,190000,30.9983,30.9983,30.95,30.99,4470,0
XIJN.US,60,20251222,200000,30.98,31,30.98,31,1449,0
XIJN.US,60,20251222,210000,30.93,30.93,30.92,30.93,1514,0
XIJN.US,60,20251222,220000,30.98,31,30.93,31,6078,0
XIJN.US,60,20251223,160000,30.96,30.98,30.96,30.98,2590,0
XIJN.US,60,20251223,170000,30.98,30.98,30.97,30.97,2507,0
XIJN.US,60,20251223,180000,30.97,31.0096,30.93,30.94,3238,0
XIJN.US,60,20251223,200000,30.94,30.97,30.93,30.97,1148,0
XIJN.US,60,20251223,210000,30.97,30.97,30.94,30.94,633,0
XIJN.US,60,20251223,220000,31.01,31.01,30.9737,30.975,1100,0
XIJN.US,60,20251224,170000,31,31,30.98,30.98,377,0
XIJN.US,60,20251226,190000,30.97,30.98,30.96,30.98,868,0
XIJN.US,60,20251226,200000,30.98,30.98,30.98,30.98,299,0
XIJN.US,60,20251226,210000,30.98,30.98,30.98,30.98,200,0
XIJN.US,60,20251226,220000,30.98,30.98,30.96,30.96,600,0
