<TICKER>,<PER>,<DATE>,<TIME>,<OPEN>,<HIGH>,<LOW>,<CLOSE>,<VOL>,<OPENINT>
XXRP.US,60,20250409,160000,22.76,23.7313,22.6957,23.52,19871,0
XXRP.US,60,20250409,170000,23.59,23.97,23.25,23.25,18054,0
XXRP.US,60,20250409,180000,23.36,24.265,23.3575,23.5742,65446,0
XXRP.US,60,20250409,190000,23.5571,24.57,23.5571,24.54,28249,0
XXRP.US,60,20250409,200000,24.83,29.99,24.37,29.38,73504,0
XXRP.US,60,20250409,210000,29.97,30.287,28.198,28.199,74414,0
XXRP.US,60,20250409,220000,28.46,29.8701,28.26,28.9276,82887,0
XXRP.US,60,20250410,160000,28.19,28.21,27.2223,27.72,21529,0
XXRP.US,60,20250410,170000,27.4839,28.5,27.4839,27.85,16089,0
XXRP.US,60,20250410,180000,27.9452,27.9452,25.87,26.13,44005,0
XXRP.US,60,20250410,190000,26.25,26.56,25.92,26.43,20279,0
XXRP.US,60,20250410,200000,26.705,26.71,26.185,26.3389,24715,0
XXRP.US,60,20250410,210000,26.6,27.1697,26.25,26.8689,11557,0
XXRP.US,60,20250410,220000,26.83,27.075,26.7501,27.075,69166,0
XXRP.US,60,20250411,160000,27.87,28.519,27.595,28.15,23096,0
XXRP.US,60,20250411,170000,28.175,28.175,27.4501,27.825,12614,0
XXRP.US,60,20250411,180000,27.9301,28.1197,27.58,27.88,13095,0
XXRP.US,60,20250411,190000,27.835,28.28,27.69,28.2304,10095,0
XXRP.US,60,20250411,200000,28.2351,29.0492,28.18,28.995,13032,0
XXRP.US,60,20250411,210000,29,29.545,28.995,29.0098,66302,0
XXRP.US,60,20250411,220000,29.005,29.39,29.005,29.1401,47096,0
XXRP.US,60,20250414,160000,32,32.0199,31.11,31.25,31727,0
XXRP.US,60,20250414,170000,31.3,32.58,31.3,32.212,55739,0
XXRP.US,60,20250414,180000,32.18,32.22,30.64,30.9542,47038,0
XXRP.US,60,20250414,190000,30.883,31.5993,30.5,31.2628,22909,0
XXRP.US,60,20250414,200000,31.48,31.95,31.3352,31.92,12339,0
XXRP.US,60,20250414,210000,31.9711,32.16,31.72,32,18949,0
XXRP.US,60,20250414,220000,32.0599,32.3299,31.8,31.92,59808,0
XXRP.US,60,20250415,160000,32.41,32.7599,32,32.15,36251,0
XXRP.US,60,20250415,170000,32.1399,32.39,31.481,31.6,34741,0
XXRP.US,60,20250415,180000,31.68,31.8699,31.13,31.2898,22284,0
XXRP.US,60,20250415,190000,31.45,31.5524,31.1587,31.1587,17509,0
XXRP.US,60,20250415,200000,31.28,31.41,30.745,30.8192,13216,0
XXRP.US,60,20250415,210000,30.73,30.9525,30.459,30.75,25955,0
XXRP.US,60,20250415,220000,30.8197,31.19,30.74,30.85,24120,0
XXRP.US,60,20250416,160000,29.46,29.829,29.235,29.3692,24797,0
XXRP.US,60,20250416,170000,29.38,30.49,29.38,30.22,12175,0
XXRP.US,60,20250416,180000,30.21,30.76,30.1488,30.155,37668,0
XXRP.US,60,20250416,190000,30.2191,30.61,29.83,30.61,12655,0
XXRP.US,60,20250416,200000,30.61,31,28.71,28.8987,24278,0
XXRP.US,60,20250416,210000,29.37,30.29,29.37,29.98,9794,0
XXRP.US,60,20250416,220000,29.83,30.6999,29.39,30.4,28105,0
XXRP.US,60,20250417,160000,30.01,30.3495,30,30.0858,13706,0
XXRP.US,60,20250417,170000,30.1727,30.1789,29.15,29.22,17489,0
XXRP.US,60,20250417,180000,29.25,29.6734,28.9604,29.25,13103,0
XXRP.US,60,20250417,190000,29.25,30.0157,29.16,29.6328,11596,0
XXRP.US,60,20250417,200000,29.6633,30.15,29.6499,30.035,7247,0
XXRP.US,60,20250417,210000,30.03,30.2,29.7,29.8,38711,0
XXRP.US,60,20250417,220000,29.5179,29.66,28.8,29.12,20001,0
XXRP.US,60,20250421,160000,30.54,30.58,30.1119,30.32,84335,0
XXRP.US,60,20250421,170000,30.2386,31.09,30.1208,30.89,35011,0
XXRP.US,60,20250421,180000,30.88,30.88,30.2699,30.485,15292,0
XXRP.US,60,20250421,190000,30.4528,30.54,29.5984,29.5984,19376,0
XXRP.US,60,20250421,200000,29.54,29.6801,28.915,29.17,14373,0
XXRP.US,60,20250421,210000,29.26,29.38,29.145,29.23,8964,0
XXRP.US,60,20250421,220000,29.15,29.77,29.12,29.66,24605,0
XXRP.US,60,20250422,160000,30.16,30.89,30.12,30.55,27361,0
XXRP.US,60,20250422,170000,30.89,31.53,30.5841,31.37,41475,0
XXRP.US,60,20250422,180000,31.45,33,31.2101,31.97,59218,0
XXRP.US,60,20250422,190000,31.92,32,31.3,31.5866,22628,0
XXRP.US,60,20250422,200000,31.535,31.7516,31.25,31.7516,7982,0
XXRP.US,60,20250422,210000,31.89,31.92,31.27,31.815,36248,0
XXRP.US,60,20250422,220000,31.815,31.9,31.33,31.71,41814,0
XXRP.US,60,20250423,160000,35.39,35.5,34,34.095,18807,0
XXRP.US,60,20250423,170000,34.26,34.51,33.75,33.8392,26187,0
XXRP.US,60,20250423,180000,33.7777,33.9899,32.43,33.5699,26904,0
XXRP.US,60,20250423,190000,33.52,33.8,32.91,33.69,71650,0
XXRP.US,60,20250423,200000,33.59,34.09,33.3652,33.85,11887,0
XXRP.US,60,20250423,210000,33.7501,34.2599,33.3744,33.39,21643,0
XXRP.US,60,20250423,220000,33.2401,33.36,32.72,33.36,43241,0
XXRP.US,60,20250424,160000,32.16,33.174,31.8504,31.94,21304,0
XXRP.US,60,20250424,170000,32.225,32.7,31.5,32.37,50549,0
XXRP.US,60,20250424,180000,32.37,33.7,32.29,33,38078,0
XXRP.US,60,20250424,190000,33.145,33.55,33.0018,33.11,21798,0
XXRP.US,60,20250424,200000,33.1136,33.1136,32.26,32.75,19644,0
XXRP.US,60,20250424,210000,32.6743,33.1714,32.512,32.7954,28891,0
XXRP.US,60,20250424,220000,32.71,32.9461,32.4338,32.89,25397,0
XXRP.US,60,20250425,160000,32.31,32.511,32.0899,32.165,12468,0
XXRP.US,60,20250425,170000,32.325,33.1899,32.2547,33.1499,19816,0
XXRP.US,60,20250425,180000,33.15,33.22,32.68,32.7,18450,0
XXRP.US,60,20250425,190000,32.665,33.3502,32.25,32.77,17199,0
XXRP.US,60,20250425,200000,32.729,32.915,32.1633,32.17,30790,0
XXRP.US,60,20250425,210000,32.27,32.7,32.1862,32.5,13204,0
XXRP.US,60,20250425,220000,32.375,32.57,32.16,32.53,47322,0
XXRP.US,60,20250428,160000,35.93,35.93,34.9102,34.9102,43994,0
XXRP.US,60,20250428,170000,34.8899,35.6399,34.7,35.033,47174,0
XXRP.US,60,20250428,180000,35.3005,35.3222,34.08,34.6599,45856,0
XXRP.US,60,20250428,190000,34.7299,35.095,34.3899,34.975,29555,0
XXRP.US,60,20250428,200000,34.9527,35.059,34.62,35.0381,19142,0
XXRP.US,60,20250428,210000,35.08,35.0884,34.62,35.01,10437,0
XXRP.US,60,20250428,220000,34.955,35.44,34.9,35.28,39272,0
XXRP.US,60,20250429,160000,34.69,35.08,34.56,34.87,36574,0
XXRP.US,60,20250429,170000,34.8004,35.633,34.67,34.91,58612,0
XXRP.US,60,20250429,180000,34.93,35,34.51,34.94,69677,0
XXRP.US,60,20250429,190000,34.9787,35.66,34.9787,35.1,82425,0
XXRP.US,60,20250429,200000,35.2599,35.48,35,35.37,51127,0
XXRP.US,60,20250429,210000,35.6128,35.8999,35.1473,35.3273,16180,0
XXRP.US,60,20250429,220000,35.35,35.37,35.04,35.11,46660,0
XXRP.US,60,20250430,160000,31.665,31.665,30.285,30.993,62882,0
XXRP.US,60,20250430,170000,30.33,31.5988,30.26,31.23,28712,0
XXRP.US,60,20250430,180000,31.249,31.5,31.1098,31.3099,42789,0
XXRP.US,60,20250430,190000,31.3001,31.3999,30.8817,31.305,17371,0
XXRP.US,60,20250430,200000,31.338,32.22,31.01,31.86,50742,0
XXRP.US,60,20250430,210000,31.81,32.475,31.8,32.3053,33522,0
XXRP.US,60,20250430,220000,32.305,33.5399,31.8301,32.2,46166,0
XXRP.US,60,20250501,160000,33.89,33.91,32.82,32.82,69461,0
XXRP.US,60,20250501,170000,32.8523,33.55,32.8523,33.5,18345,0
XXRP.US,60,20250501,180000,33.64,33.85,33.43,33.43,15341,0
XXRP.US,60,20250501,190000,33.4,33.88,33.4,33.62,27256,0
XXRP.US,60,20250501,200000,33.51,33.68,33.11,33.3634,20686,0
XXRP.US,60,20250501,210000,33.369,33.48,32.9697,33.263,18394,0
XXRP.US,60,20250501,220000,33.299,33.39,32.82,32.82,31023,0
XXRP.US,60,20250502,160000,32.68,32.8071,32.5444,32.5444,17542,0
XXRP.US,60,20250502,170000,32.67,33.28,32.61,33.15,22699,0
XXRP.US,60,20250502,180000,33.12,33.12,32.4001,32.58,51209,0
XXRP.US,60,20250502,190000,32.94,33.1385,32.825,32.89,54609,0
XXRP.US,60,20250502,200000,32.8,32.8365,32.4,32.41,27947,0
XXRP.US,60,20250502,210000,32.5097,32.6123,32.4062,32.445,26466,0
XXRP.US,60,20250502,220000,32.47,32.47,32,32.44,68907,0
XXRP.US,60,20250505,160000,30.505,30.56,29.8671,30.34,78500,0
XXRP.US,60,20250505,170000,30.34,30.75,29.92,30.07,31203,0
XXRP.US,60,20250505,180000,30.055,30.23,29.4,29.6413,21742,0
XXRP.US,60,20250505,190000,29.645,30.28,29.6449,30.0111,12511,0
XXRP.US,60,20250505,200000,30.0007,30.5,29.9001,30.405,21628,0
XXRP.US,60,20250505,210000,30.38,31.02,30.3513,30.8043,32112,0
XXRP.US,60,20250505,220000,30.83,31.01,30.2096,30.49,39591,0
XXRP.US,60,20250506,160000,28.79,29.1,28.53,28.71,20652,0
XXRP.US,60,20250506,170000,28.86,29.74,28.84,29.2687,57345,0
XXRP.US,60,20250506,180000,29.28,29.65,29.2,29.44,23188,0
XXRP.US,60,20250506,190000,29.45,29.7986,29.27,29.425,17992,0
XXRP.US,60,20250506,200000,29.4,29.84,29.4,29.708,24826,0
XXRP.US,60,20250506,210000,29.7995,30.18,29.765,30.18,26399,0
XXRP.US,60,20250506,220000,30.2101,30.3814,29.93,29.93,19251,0
XXRP.US,60,20250507,160000,29.7296,30.05,29.72,29.905,19025,0
XXRP.US,60,20250507,170000,29.9232,30.2414,29.61,29.68,58129,0
XXRP.US,60,20250507,180000,29.6,29.7989,29.58,29.61,7099,0
XXRP.US,60,20250507,190000,29.61,29.62,29.261,29.5,49451,0
XXRP.US,60,20250507,200000,29.5,29.5936,29.1909,29.24,19980,0
XXRP.US,60,20250507,210000,29.5,29.8,29.0891,29.48,17289,0
XXRP.US,60,20250507,220000,29.545,29.545,29.07,29.1,22486,0
XXRP.US,60,20250508,160000,32.0201,32.24,31.71,31.8401,18494,0
XXRP.US,60,20250508,170000,31.9,32.7,31.8,32.3078,22666,0
XXRP.US,60,20250508,180000,32.3517,33.79,32.3302,32.9314,82361,0
XXRP.US,60,20250508,190000,32.95,33.3815,32.6411,33.17,34555,0
XXRP.US,60,20250508,200000,33.01,33.14,32.41,32.5425,38069,0
XXRP.US,60,20250508,210000,32.6,33.1196,32.5659,33.1196,31426,0
XXRP.US,60,20250508,220000,33,33.8,32.8008,33.8,75855,0
XXRP.US,60,20250509,160000,36.83,37.44,36.4522,37.0581,49802,0
XXRP.US,60,20250509,170000,36.89,36.96,35.33,35.94,64751,0
XXRP.US,60,20250509,180000,35.895,36.06,35.2791,35.7492,32139,0
XXRP.US,60,20250509,190000,35.799,35.8,35.03,35.03,33621,0
XXRP.US,60,20250509,200000,35.01,36.25,35.01,36.2,48961,0
XXRP.US,60,20250509,210000,36.165,36.23,35.711,36.14,23362,0
XXRP.US,60,20250509,220000,36.125,36.24,35.655,36.08,34658,0
XXRP.US,60,20250512,160000,43.8,44,42.2,43.48,52280,0
XXRP.US,60,20250512,170000,43.585,44,41.23,41.6101,156189,0
XXRP.US,60,20250512,180000,41.8633,43.2001,41.01,43.1218,48098,0
XXRP.US,60,20250512,190000,43.157,43.7488,42.1,43.089,114212,0
XXRP.US,60,20250512,200000,43.16,43.99,42.3,42.42,97922,0
XXRP.US,60,20250512,210000,42.6,42.8,38.49,39.6899,131884,0
XXRP.US,60,20250512,220000,39.52,42,39.36,42,134330,0
XXRP.US,60,20250513,160000,42.34,42.69,41.8,42.1,44501,0
XXRP.US,60,20250513,170000,42,42.06,40.93,41.535,57347,0
XXRP.US,60,20250513,180000,41.52,42.4903,41.42,42.1911,120786,0
XXRP.US,60,20250513,190000,42.205,43.2999,42.125,42.2884,70264,0
XXRP.US,60,20250513,200000,42.4,42.96,42,42.6047,62250,0
XXRP.US,60,20250513,210000,42.52,43,42.5152,42.8612,54522,0
XXRP.US,60,20250513,220000,42.975,44,42.7,43,99479,0
XXRP.US,60,20250514,160000,43.5299,43.8779,42.4,43.1,48994,0
XXRP.US,60,20250514,170000,43,43,42.1,42.6,35334,0
XXRP.US,60,20250514,180000,42.52,43,42.1041,42.44,40801,0
XXRP.US,60,20250514,190000,42.41,42.72,41.67,41.9765,38995,0
XXRP.US,60,20250514,200000,42.013,42.048,41.01,42.0007,42748,0
XXRP.US,60,20250514,210000,42.14,42.42,41.82,42.273,13251,0
XXRP.US,60,20250514,220000,42.47,42.5799,42.24,42.47,23983,0
XXRP.US,60,20250515,160000,39.26,39.3845,37.88,38.57,89206,0
XXRP.US,60,20250515,170000,38.6,38.8895,37.2301,37.8331,134585,0
XXRP.US,60,20250515,180000,38.049,39.11,37.865,39.1,73963,0
XXRP.US,60,20250515,190000,39.22,39.8599,38.65,39.8123,42840,0
XXRP.US,60,20250515,200000,39.75,40.14,39.3,39.5468,93147,0
XXRP.US,60,20250515,210000,39.6,39.76,37.7837,37.975,56498,0
XXRP.US,60,20250515,220000,38.0601,38.55,37.596,38.27,55844,0
XXRP.US,60,20250516,160000,37.8401,38,37.5698,37.92,37526,0
XXRP.US,60,20250516,170000,37.92,37.94,37,37.18,128166,0
XXRP.US,60,20250516,180000,37.25,37.7899,37.12,37.415,44319,0
XXRP.US,60,20250516,190000,37.41,37.6093,36.6802,37.2,70574,0
XXRP.US,60,20250516,200000,37.21,37.265,36.57,36.71,65082,0
XXRP.US,60,20250516,210000,36.71,37.15,36.7,37.0452,20933,0
XXRP.US,60,20250516,220000,37.075,37.3794,37,37.14,92567,0
XXRP.US,60,20250519,160000,33.91,34.65,33.865,34.45,61913,0
XXRP.US,60,20250519,170000,34.47,35.22,34.3,35.06,103577,0
XXRP.US,60,20250519,180000,35.12,35.5036,34.72,35.09,33300,0
XXRP.US,60,20250519,190000,35.23,35.8,34.81,35.695,53854,0
XXRP.US,60,20250519,200000,35.735,36.2099,35.605,35.69,50077,0
XXRP.US,60,20250519,210000,35.8,35.862087,35.25,35.62,21015,0
XXRP.US,60,20250519,220000,35.75,36.68,35.59,36.61,45162,0
XXRP.US,60,20250520,160000,34.96,34.97,34.14,34.34,31996,0
XXRP.US,60,20250520,170000,34.36,34.7499,34.18,34.48,37340,0
XXRP.US,60,20250520,180000,34.39,34.9199,34.3735,34.77,26113,0
XXRP.US,60,20250520,190000,34.76,34.799,34.35,34.5,40869,0
XXRP.US,60,20250520,200000,34.5,35.119,34.41,35,49329,0
XXRP.US,60,20250520,210000,34.955,35.08,33.9,33.96,62529,0
XXRP.US,60,20250520,220000,33.9,35.28,33.9,35.15,39006,0
XXRP.US,60,20250521,160000,34.852,35.6196,34.83,35.39,26698,0
XXRP.US,60,20250521,170000,35.3,36.25,35.23,36.2489,45105,0
XXRP.US,60,20250521,180000,36.24,36.7499,35.7517,36.28,89742,0
XXRP.US,60,20250521,190000,36.275,37.11,36.15,36.7986,72611,0
XXRP.US,60,20250521,200000,36.83,36.89,34.34,34.6,98533,0
XXRP.US,60,20250521,210000,34.7999,35.5199,34.57,35.0598,35284,0
XXRP.US,60,20250521,220000,34.96,36.24,34.7501,36.24,64427,0
XXRP.US,60,20250522,160000,37,37.0058,36.4385,36.695,24536,0
XXRP.US,60,20250522,170000,36.645,37.18,36.6,36.769,71662,0
XXRP.US,60,20250522,180000,36.7977,37.2491,36.65,37.0001,24590,0
XXRP.US,60,20250522,190000,37,37.1854,36.6,36.73,57301,0
XXRP.US,60,20250522,200000,36.6122,37.1299,36.5,36.965,58617,0
XXRP.US,60,20250522,210000,36.965,37.11,36.8,37.02,17044,0
XXRP.US,60,20250522,220000,37.05,37.05,36.56,36.8,33050,0
XXRP.US,60,20250523,160000,34.3225,35.6912,34.3225,35.4165,27217,0
XXRP.US,60,20250523,170000,35.065,35.39,34.9093,35.27,34310,0
XXRP.US,60,20250523,180000,35.28,35.34,34.75,34.75,27417,0
XXRP.US,60,20250523,190000,34.75,34.8498,34.2,34.64,45298,0
XXRP.US,60,20250523,200000,34.689,35.13,34.623,34.795,45793,0
XXRP.US,60,20250523,210000,34.83,34.97,34.2994,34.2994,20832,0
XXRP.US,60,20250523,220000,34.2942,34.6899,34.05,34.05,47216,0
XXRP.US,60,20250527,160000,33.91,33.9602,33.4,33.46,62801,0
XXRP.US,60,20250527,170000,33.49,33.825,32.845,33.41,65301,0
XXRP.US,60,20250527,180000,33.51,33.778,33.377757,33.5501,31270,0
XXRP.US,60,20250527,190000,33.6799,33.85,33.2801,33.69,20184,0
XXRP.US,60,20250527,200000,33.71,33.95,33.51,33.9452,16297,0
XXRP.US,60,20250527,210000,33.87,33.9,33.52,33.61,18082,0
XXRP.US,60,20250527,220000,33.64,33.76,33.52,33.57,26907,0
XXRP.US,60,20250528,160000,32.7,32.7906,31.928,31.96,48269,0
XXRP.US,60,20250528,170000,31.98,32.03,31.55,31.55,49471,0
XXRP.US,60,20250528,180000,31.61,31.8288,31.06,31.1599,57916,0
XXRP.US,60,20250528,190000,31.1,31.53,31.1,31.2072,36573,0
XXRP.US,60,20250528,200000,31.2113,31.4583,30.67,31.04,35067,0
XXRP.US,60,20250528,210000,30.89,31.45,30.7013,30.83,55460,0
XXRP.US,60,20250528,220000,30.742,31.17,30.14,30.24,115045,0
XXRP.US,60,20250529,160000,32.2084,32.2084,31.62,31.7699,15501,0
XXRP.US,60,20250529,170000,31.6956,31.925,31.22,31.8018,33092,0
XXRP.US,60,20250529,180000,31.92,31.9499,31.4215,31.4215,19839,0
XXRP.US,60,20250529,190000,31.48,31.645,31.24,31.4498,16734,0
XXRP.US,60,20250529,200000,31.33,31.8,31.2966,31.49,8373,0
XXRP.US,60,20250529,210000,31.5401,31.7,31.4,31.4,9141,0
XXRP.US,60,20250529,220000,31.365,31.49,30.8201,31.14,25738,0
XXRP.US,60,20250530,160000,29.03,29.11,28.5,28.51,73473,0
XXRP.US,60,20250530,170000,28.52,28.952,28.25,28.65,74023,0
XXRP.US,60,20250530,180000,28.64,29.3099,28.59,28.7518,41342,0
XXRP.US,60,20250530,190000,28.775,28.8815,27.41,27.91,61763,0
XXRP.US,60,20250530,200000,27.95,28.4932,27.92,28.3203,28592,0
XXRP.US,60,20250530,210000,28.5,29.32,28.5,29.31,61522,0
XXRP.US,60,20250530,220000,29.2578,29.4,28.75,28.75,97147,0
XXRP.US,60,20250602,160000,27.68,27.91,27.49,27.55,38854,0
XXRP.US,60,20250602,170000,27.53,27.95,27.4,27.75,29465,0
XXRP.US,60,20250602,180000,27.73,28.0125,27.5201,27.94,27458,0
XXRP.US,60,20250602,190000,27.95,28.0999,27.7535,28.0974,16734,0
XXRP.US,60,20250602,200000,28.06,28.39,28.06,28.22,37471,0
XXRP.US,60,20250602,210000,28.17,28.45,28.0613,28.18,20062,0
XXRP.US,60,20250602,220000,28.18,28.39,28,28.05,46238,0
XXRP.US,60,20250603,160000,29.49,29.549,29.14,29.4,28843,0
XXRP.US,60,20250603,170000,29.41,30,29.17,29.9457,48010,0
XXRP.US,60,20250603,180000,30,30.9428,29.75,30.4353,73106,0
XXRP.US,60,20250603,190000,30.61,30.7782,30.27,30.3558,36237,0
XXRP.US,60,20250603,200000,30.2875,30.5143,30.106,30.19,22882,0
XXRP.US,60,20250603,210000,30.236,30.594778,30.0003,30.475,17004,0
XXRP.US,60,20250603,220000,30.49,31,30.41,30.98,40329,0
XXRP.US,60,20250604,160000,29.85,30.08,29.7514,29.8,16355,0
XXRP.US,60,20250604,170000,29.78,30.09,29.27,30.07,41493,0
XXRP.US,60,20250604,180000,30.04,30.4486,30.04,30.23,24057,0
XXRP.US,60,20250604,190000,30.1973,30.2597,29.9387,30.0999,13776,0
XXRP.US,60,20250604,200000,30.069,30.069,29.5507,29.745,32897,0
XXRP.US,60,20250604,210000,29.8,29.85,29.521,29.521,15319,0
XXRP.US,60,20250604,220000,29.5,29.55,28.9,29.05,33313,0
XXRP.US,60,20250605,160000,29.21,29.31,28.55,28.665,34218,0
XXRP.US,60,20250605,170000,28.675,28.93,28.01,28.63,61646,0
XXRP.US,60,20250605,180000,28.78,28.87,28.46,28.57,24853,0
XXRP.US,60,20250605,190000,28.5,28.5,27.74,27.855,50868,0
XXRP.US,60,20250605,200000,27.805,28.04,27.77,27.9,15236,0
XXRP.US,60,20250605,210000,27.9,27.91,27.55,27.8969,19874,0
XXRP.US,60,20250605,220000,27.8156,27.8156,26.43,26.9,92069,0
XXRP.US,60,20250606,160000,27.66,28.06,27.62,27.85,77378,0
XXRP.US,60,20250606,170000,27.815,28.2418,27.7804,28.2,41803,0
XXRP.US,60,20250606,180000,28.145,28.313,27.9818,28.2,32861,0
XXRP.US,60,20250606,190000,28.25,28.25,27.7511,27.8031,27958,0
XXRP.US,60,20250606,200000,27.82,27.94,27.6057,27.8785,19381,0
XXRP.US,60,20250606,210000,27.94,28,27.6,27.6992,17506,0
XXRP.US,60,20250606,220000,27.7385,27.99,27.6,27.99,17452,0
XXRP.US,60,20250609,160000,30.2448,30.2448,29.54,29.71,68491,0
XXRP.US,60,20250609,170000,29.75,30.1,29.72,29.94,29035,0
XXRP.US,60,20250609,180000,29.95,30.2,29.91,30.2,41806,0
XXRP.US,60,20250609,190000,30.189,30.775,30.18,30.56,60237,0
XXRP.US,60,20250609,200000,30.6,31.46,30.6,30.96,49433,0
XXRP.US,60,20250609,210000,30.96,31.11,30.85,31.0015,39566,0
XXRP.US,60,20250609,220000,31.139083,31.2159,30.7657,31,41551,0
XXRP.US,60,20250610,160000,31.32,31.375,30.71,30.97,50349,0
XXRP.US,60,20250610,170000,30.99,30.99,30.33,30.45,35711,0
XXRP.US,60,20250610,180000,30.51,30.85,30.19,30.5789,24174,0
XXRP.US,60,20250610,190000,30.535,30.75,30.3225,30.38,27296,0
XXRP.US,60,20250610,200000,30.35,30.75,30.34,30.4972,21280,0
XXRP.US,60,20250610,210000,30.65,31,30.5623,30.9166,12153,0
XXRP.US,60,20250610,220000,30.9047,31.42,30.75,31.09,55580,0
XXRP.US,60,20250611,160000,31.66,31.72,31.33,31.45,30758,0
XXRP.US,60,20250611,170000,31.45,32.12,31.4,31.84,55036,0
XXRP.US,60,20250611,180000,31.76,31.98,31.51,31.8,33343,0
XXRP.US,60,20250611,190000,31.78,31.85,31.5184,31.595,24298,0
XXRP.US,60,20250611,200000,31.55,31.75,31.17,31.3188,20065,0
XXRP.US,60,20250611,210000,31.17,31.2,30.74,31.03,44386,0
XXRP.US,60,20250611,220000,30.91,30.96,30.6,30.86,51696,0
XXRP.US,60,20250612,160000,29.2011,29.61,29.1,29.58,32969,0
XXRP.US,60,20250612,170000,29.59,29.7034,29.51,29.5968,36605,0
XXRP.US,60,20250612,180000,29.64,29.7,29.08,29.17,58431,0
XXRP.US,60,20250612,190000,29.12,29.53,29.06,29.405,29735,0
XXRP.US,60,20250612,200000,29.5599,29.77,29.44,29.705,20583,0
XXRP.US,60,20250612,210000,29.645,29.66,29.1,29.315,30139,0
XXRP.US,60,20250612,220000,29.4931,29.4931,28.29,28.38,58205,0
XXRP.US,60,20250613,160000,26.72,27.3685,26.6861,26.78,89197,0
XXRP.US,60,20250613,170000,26.956,27.3181,26,26.705,101542,0
XXRP.US,60,20250613,180000,26.66,27.0521,26.6,26.845,77230,0
XXRP.US,60,20250613,190000,26.83,27.24,26.64,27,56331,0
XXRP.US,60,20250613,200000,26.98,26.98,26.42,26.76,105915,0
XXRP.US,60,20250613,210000,26.8775,26.8775,26.1,26.31,23838,0
XXRP.US,60,20250613,220000,26.4,26.58,26.23,26.32,29788,0
XXRP.US,60,20250616,160000,29.3,29.6,29.25,29.44,51444,0
XXRP.US,60,20250616,170000,29.5678,30.42,29.235,30.19,86841,0
XXRP.US,60,20250616,180000,30.095,30.4799,29.9598,30.27,52379,0
XXRP.US,60,20250616,190000,30.315,31.09,30.315,30.7,74748,0
XXRP.US,60,20250616,200000,30.95,31,30.605,30.72,24059,0
XXRP.US,60,20250616,210000,30.665,31.1596,30.665,31.045,18801,0
XXRP.US,60,20250616,220000,30.98,31.49,30.9,31.49,106393,0
XXRP.US,60,20250617,160000,28.1,28.38,27.95,28.09,97070,0
XXRP.US,60,20250617,170000,28.14,28.3052,27.51,27.51,123582,0
XXRP.US,60,20250617,180000,27.53,27.5779,26.52,27.1,164896,0
XXRP.US,60,20250617,190000,27.12,27.2386,26.4,26.4,176828,0
XXRP.US,60,20250617,200000,26.38,27,26.2588,26.355,91341,0
XXRP.US,60,20250617,210000,26.3501,27.12,26.35,27.056,59153,0
XXRP.US,60,20250617,220000,27.11,27.74,27.0448,27.27,64951,0
XXRP.US,60,20250618,160000,25.658,26.18,25.51,25.815,78329,0
XXRP.US,60,20250618,170000,25.7801,26.47,25.7,26.03,76389,0
XXRP.US,60,20250618,180000,26.03,26.2476,25.8,26.195,34651,0
XXRP.US,60,20250618,190000,26.13,26.2,25.8,25.875,48473,0
XXRP.US,60,20250618,200000,25.86,26.17,25.7701,26.09,72363,0
XXRP.US,60,20250618,210000,26.18,26.26,25.7004,25.7004,85235,0
XXRP.US,60,20250618,220000,25.7,26.15,25.6,26.07,57205,0
XXRP.US,60,20250620,160000,26.5162,26.6076,26.2572,26.37,64444,0
XXRP.US,60,20250620,170000,26.46,26.49,25.64,25.6887,105774,0
XXRP.US,60,20250620,180000,25.66,25.9338,25.5,25.65,77559,0
XXRP.US,60,20250620,190000,25.644,25.65,25.22,25.4299,73503,0
XXRP.US,60,20250620,200000,25.4156,25.5436,24.6,25.32,130255,0
XXRP.US,60,20250620,210000,25.325,25.81,25.29,25.5483,39432,0
XXRP.US,60,20250620,220000,25.5286,25.7473,25.23,25.36,56036,0
XXRP.US,60,20250623,160000,22.17,23.1518,21.81,22.9,209627,0
XXRP.US,60,20250623,170000,22.9101,23.14,22.5059,22.65,184849,0
XXRP.US,60,20250623,180000,22.69,22.87,22.14,22.2276,121604,0
XXRP.US,60,20250623,190000,22.2372,22.24,21.32,21.6075,166536,0
XXRP.US,60,20250623,200000,21.57,23.35,21.432,22.89,130210,0
XXRP.US,60,20250623,210000,22.9298,23.52,22.89,23.33,127459,0
XXRP.US,60,20250623,220000,23.2701,23.75,23.2701,23.75,156171,0
XXRP.US,60,20250624,160000,26.1035,26.41,25.9004,26.1328,170479,0
XXRP.US,60,20250624,170000,26.2,26.49,26.145,26.29,81795,0
XXRP.US,60,20250624,180000,26.41,26.57,26.15,26.37,57381,0
XXRP.US,60,20250624,190000,26.4,26.8903,26.3414,26.85,51899,0
XXRP.US,60,20250624,200000,26.9,26.9138,26.36,26.655,48015,0
XXRP.US,60,20250624,210000,26.68,26.74,26.3964,26.6051,13232,0
XXRP.US,60,20250624,220000,26.59,26.95,26.5,26.64,63638,0
XXRP.US,60,20250625,160000,26.908,27.39,26.63,27.2509,79269,0
XXRP.US,60,20250625,170000,27.315,27.33,26.37,26.755,81159,0
XXRP.US,60,20250625,180000,26.74,26.74,26.01,26.2375,75519,0
XXRP.US,60,20250625,190000,26.19,26.4,25.98,26.08,61685,0
XXRP.US,60,20250625,200000,26.14,26.49,26.0595,26.414,33268,0
XXRP.US,60,20250625,210000,26.4,26.42,26.26,26.345,16124,0
XXRP.US,60,20250625,220000,26.39,26.7,26.39,26.66,77486,0
XXRP.US,60,20250626,160000,25.5,25.6679,24.68,24.92,96838,0
XXRP.US,60,20250626,170000,24.9,25.32,24.67,24.9,101762,0
XXRP.US,60,20250626,180000,24.95,25.023197,24.4301,24.8136,61636,0
XXRP.US,60,20250626,190000,24.86,24.86,24.21,24.28,69462,0
XXRP.US,60,20250626,200000,24.3399,24.7,24.33,24.55,48853,0
XXRP.US,60,20250626,210000,24.53,24.744,24.5,24.68,29985,0
XXRP.US,60,20250626,220000,24.61,24.93,24.5,24.89,46389,0
XXRP.US,60,20250627,160000,23.97,24.3873,23.706396,24.22,54409,0
XXRP.US,60,20250627,170000,24.1,24.3099,23.59,23.6,92709,0
XXRP.US,60,20250627,180000,23.5898,24.3,23.5898,24.205,50529,0
XXRP.US,60,20250627,190000,24.205,24.75,24.18,24.56,40378,0
XXRP.US,60,20250627,200000,24.54,24.545,23.85,24.065,43865,0
XXRP.US,60,20250627,210000,24.065,24.1617,23.6,23.7452,41044,0
XXRP.US,60,20250627,220000,23.745,24.2,23.745,24.11,52856,0
XXRP.US,60,20250630,160000,26.085,26.1581,25.84,25.9789,59441,0
XXRP.US,60,20250630,170000,25.9002,26.1,25.7505,25.86,51646,0
XXRP.US,60,20250630,180000,25.7979,26.3,25.6437,26.18,41277,0
XXRP.US,60,20250630,190000,26.18,26.5999,26.14,26.36,50363,0
XXRP.US,60,20250630,200000,26.35,26.78,26.34,26.6017,38403,0
XXRP.US,60,20250630,210000,26.63,27.1,26.63,27.0701,40309,0
XXRP.US,60,20250630,220000,27.12,29.2899,27.11,29.14,337137,0
XXRP.US,60,20250701,160000,25.7655,26.29,25.65,26.22,97368,0
XXRP.US,60,20250701,170000,26.15,26.4,25.55,25.7,136106,0
XXRP.US,60,20250701,180000,25.7209,26.17,25.6028,25.9,60375,0
XXRP.US,60,20250701,190000,25.87,26.16,25.8201,26.15,57630,0
XXRP.US,60,20250701,200000,26.195,26.195,25.8,25.81,64616,0
XXRP.US,60,20250701,210000,25.854,25.854,25.15,25.23,126245,0
XXRP.US,60,20250701,220000,25.29,25.4,25.01,25.04,94675,0
XXRP.US,60,20250702,160000,25.3338,25.68,25.301,25.535,58765,0
XXRP.US,60,20250702,170000,25.555,25.93,25.555,25.8868,51863,0
XXRP.US,60,20250702,180000,25.8814,26.22,25.84,26.22,101367,0
XXRP.US,60,20250702,190000,26.14,28.04,26.0701,27.155,234138,0
XXRP.US,60,20250702,200000,27.1759,27.55,26.53,26.8,78586,0
XXRP.US,60,20250702,210000,26.89,27.15,26.8514,27.1,49677,0
XXRP.US,60,20250702,220000,27.1,27.4099,26.8801,27.27,94418,0
XXRP.US,60,20250703,160000,27.65,28.3,27.54,28.15,119799,0
XXRP.US,60,20250703,170000,28.2,28.417,27.5,27.79,109381,0
XXRP.US,60,20250703,180000,27.83,27.86,26.75,26.75,114700,0
XXRP.US,60,20250703,190000,26.88,27.3,26.8249,27.27,37627,0
XXRP.US,60,20250703,200000,27.26,27.26,27.26,27.26,214,0
XXRP.US,60,20250707,160000,27.9,29.25,27.73,29.1204,121181,0
XXRP.US,60,20250707,170000,29.13,29.2499,28.25,28.45,172179,0
XXRP.US,60,20250707,180000,28.46,29.28,28.46,29.06,97421,0
XXRP.US,60,20250707,190000,29.075,29.3406,28.53,28.595,66497,0
XXRP.US,60,20250707,200000,28.63,28.806,28.18,28.25,60497,0
XXRP.US,60,20250707,210000,28.25,28.4,27.6505,28.045,57173,0
XXRP.US,60,20250707,220000,27.92,28.29,27.9128,28,51368,0
XXRP.US,60,20250708,160000,28.01,28.2,27.8143,28.14,40088,0
XXRP.US,60,20250708,170000,28.116,28.116,27.631,27.76,61071,0
XXRP.US,60,20250708,180000,27.78,28.1,27.7,27.7975,38586,0
XXRP.US,60,20250708,190000,27.83,27.99,27.75,27.96,14613,0
XXRP.US,60,20250708,200000,27.96,28.46,27.92,28.33,38832,0
XXRP.US,60,20250708,210000,28.38,28.659,28.31,28.609,69799,0
XXRP.US,60,20250708,220000,28.58,28.66,28.37,28.57,63273,0
XXRP.US,60,20250709,160000,30.2501,30.255,29.67,29.69,103824,0
XXRP.US,60,20250709,170000,29.69,29.98,29.3927,29.81,105273,0
XXRP.US,60,20250709,180000,29.7408,30.0737,29.7172,30.06,69750,0
XXRP.US,60,20250709,190000,30.08,30.23,29.92,30.1,42384,0
XXRP.US,60,20250709,200000,30.1055,30.1055,29.85,30.0514,35132,0
XXRP.US,60,20250709,210000,30.099,30.59,30.01,30.28,179959,0
XXRP.US,60,20250709,220000,30.29,31.19,30.25,31,236092,0
XXRP.US,60,20250710,160000,31.6,31.7499,31.02,31.14,102207,0
XXRP.US,60,20250710,170000,31.1,31.66,30.9972,31.66,83123,0
XXRP.US,60,20250710,180000,31.5213,31.99,31.32,31.875,48862,0
XXRP.US,60,20250710,190000,31.92,32.6399,31.73,32.37,104039,0
XXRP.US,60,20250710,200000,32.38,33.3,32.31,33.02,133683,0
XXRP.US,60,20250710,210000,33.03,33.36,32.56,32.7203,148233,0
XXRP.US,60,20250710,220000,32.72,33.19,32.6901,33,65614,0
XXRP.US,60,20250711,180000,43.88,44.36,40,40.3,249107,0
XXRP.US,60,20250711,190000,40.36,41.1,38.5,40.7042,371404,0
XXRP.US,60,20250711,200000,40.6688,41.35,39.7732,40.93,144081,0
XXRP.US,60,20250711,210000,41,41.89,40.9087,41.8328,255477,0
XXRP.US,60,20250711,220000,41.82,42.31,41.0011,42.05,212737,0
XXRP.US,60,20250714,160000,45.6275,47.74,45.5,46.88,402107,0
XXRP.US,60,20250714,170000,46.77,47.37,45.5853,47,380402,0
XXRP.US,60,20250714,180000,46.71,47.1,43.7,44.75,507375,0
XXRP.US,60,20250714,190000,44.75,46.55,43.89,46.24,272602,0
XXRP.US,60,20250714,200000,46.2768,46.2993,44.55,45.065,97326,0
XXRP.US,60,20250714,210000,45.08,45.24,43.84,43.98,111740,0
XXRP.US,60,20250714,220000,44.01,44.74,43.7545,44.5,106553,0
XXRP.US,60,20250715,160000,43.85,44.5,43.337,44.05,249728,0
XXRP.US,60,20250715,170000,44.08,44.3899,41.45,41.95,241497,0
XXRP.US,60,20250715,180000,41.865,43.445,41.5801,42.98,101303,0
XXRP.US,60,20250715,190000,42.99,43.9699,42.8,43.54,66094,0
XXRP.US,60,20250715,200000,43.4679,44.6,43.4679,44.55,76723,0
XXRP.US,60,20250715,210000,44.56,44.74,42.8701,43.5,98684,0
XXRP.US,60,20250715,220000,43.415,44.24,41.89,42.06,143495,0
XXRP.US,60,20250716,160000,45.77,46.04,45.2,45.72,150993,0
XXRP.US,60,20250716,170000,45.67,46.067,44.75,45.97,260439,0
XXRP.US,60,20250716,180000,45.885,46.53,44.8005,45.57,216250,0
XXRP.US,60,20250716,190000,45.65,46.3064,45.25,45.866,85728,0
XXRP.US,60,20250716,200000,45.97,47.71,45.7,47.16,230059,0
XXRP.US,60,20250716,210000,47,48.49,46.66,47.66,211282,0
XXRP.US,60,20250716,220000,47.85,48.2,47.2,48.2,214597,0
XXRP.US,60,20250717,160000,52.84,53.7,51.51,53.4,283333,0
XXRP.US,60,20250717,170000,53.4,54.25,53.3028,53.44,236237,0
XXRP.US,60,20250717,180000,53.5,54.45,52.25,54.07,195083,0
XXRP.US,60,20250717,190000,54.07,54.5,53.12,54.2,243853,0
XXRP.US,60,20250717,200000,54.3199,56.1084,54.0764,55.927,226543,0
XXRP.US,60,20250717,210000,56.08,57.45,55.6,57.2187,221071,0
XXRP.US,60,20250717,220000,57.23,58.58,55.7698,56,475717,0
XXRP.US,60,20250718,160000,62.38,64.3,62.24,62.8758,374229,0
XXRP.US,60,20250718,170000,63,63.44,59,61.265,673906,0
XXRP.US,60,20250718,180000,61,61.15,57,58.25,438860,0
XXRP.US,60,20250718,190000,58.25,60.2191,57.7901,60.14,245336,0
XXRP.US,60,20250718,200000,60.3311,61.12,59.66,60.3,175142,0
XXRP.US,60,20250718,210000,60.58,61.07,59.6296,60.13,143738,0
XXRP.US,60,20250718,220000,60.14,61.68,59.0547,60.14,377647,0
XXRP.US,60,20250721,160000,63.53,65.45,63.5,65.415,523977,0
XXRP.US,60,20250721,170000,65.44,68.88,65.4,68.08,1465714,0
XXRP.US,60,20250721,180000,68.2147,68.4299,66.3,66.4425,276231,0
XXRP.US,60,20250721,190000,66.51,66.95,64.16,65.8104,323286,0
XXRP.US,60,20250721,200000,65.91,67.29,65.3567,66.21,163702,0
XXRP.US,60,20250721,210000,66.21,66.711,64.09,64.245,177045,0
XXRP.US,60,20250721,220000,64.18,65.354,63.2,63.95,265695,0
XXRP.US,60,20250722,160000,63,63.5,60.93,61.5739,235718,0
XXRP.US,60,20250722,170000,61,62.9,59.86,62.9,245268,0
XXRP.US,60,20250722,180000,62.84,63.2,62.0401,62.281,119657,0
XXRP.US,60,20250722,190000,62.0071,63.1,61.77,63,348948,0
XXRP.US,60,20250722,200000,63.005,65,62.29,64.38,175424,0
XXRP.US,60,20250722,210000,64.39,65.35,64.0851,64.8,144665,0
XXRP.US,60,20250722,220000,64.75,65,63,63.35,121290,0
XXRP.US,60,20250723,160000,57.472,57.85,51.643,53.1635,692927,0
XXRP.US,60,20250723,170000,53.23,55.0951,52.66,54.2104,527764,0
XXRP.US,60,20250723,180000,54.345,55.39,53.0435,55.12,208765,0
XXRP.US,60,20250723,190000,54.98,55.09,51.88,52.016,230452,0
XXRP.US,60,20250723,200000,51.94,52.5,49.19,51.75,543300,0
XXRP.US,60,20250723,210000,51.88,52.6525,51.4401,52.41,249658,0
XXRP.US,60,20250723,220000,52.4,52.5,50.25,50.74,331229,0
XXRP.US,60,20250724,160000,48.37,48.95,46.8,46.915,250760,0
XXRP.US,60,20250724,170000,46.97,50.8884,46.57,50.76,357251,0
XXRP.US,60,20250724,180000,50.76,51.74,49.52,50.1,412917,0
XXRP.US,60,20250724,190000,50.18,50.3799,48,48.7,221516,0
XXRP.US,60,20250724,200000,48.73,50.25,48.6,49.68,98894,0
XXRP.US,60,20250724,210000,49.67,50.42,49.29,50,106517,0
XXRP.US,60,20250724,220000,49.9322,50.67,49.3,49.56,157201,0
XXRP.US,60,20250725,160000,46.0904,46.88,45.36,46.12,161943,0
XXRP.US,60,20250725,170000,46.11,46.2772,42.5,42.5981,619907,0
XXRP.US,60,20250725,180000,42.51,43.904,42.4012,43.6213,381017,0
XXRP.US,60,20250725,190000,43.53,44.37,43.1401,44.1401,218927,0
XXRP.US,60,20250725,200000,44.176,44.5692,43.9113,44.23,126375,0
XXRP.US,60,20250725,210000,44.22,44.6797,44.11,44.55,53654,0
XXRP.US,60,20250725,220000,44.5,45.45,44.49,45,204455,0
XXRP.US,60,20250728,160000,47.94,48.52,47.3594,47.7645,276391,0
XXRP.US,60,20250728,170000,47.86,48.17,46.26,46.67,304193,0
XXRP.US,60,20250728,180000,46.8228,47.559,46.6017,46.955,126280,0
XXRP.US,60,20250728,190000,46.91,47.7656,46.51,47.3,162313,0
XXRP.US,60,20250728,200000,47.3,47.5896,46.8,46.81,112862,0
XXRP.US,60,20250728,210000,46.9382,46.99,45.5018,46.4627,105593,0
XXRP.US,60,20250728,220000,46.415,47.01,46.02,46.98,125507,0
XXRP.US,60,20250729,160000,47.14,47.27,46.13,46.2154,145586,0
XXRP.US,60,20250729,170000,46.2,46.2,44.68,45.245,248777,0
XXRP.US,60,20250729,180000,45.13,45.5794,44.3026,45.03,158108,0
XXRP.US,60,20250729,190000,45.06,45.3097,43.53,45.2294,193443,0
XXRP.US,60,20250729,200000,45.18,46.56,45.16,46.29,106192,0
XXRP.US,60,20250729,210000,46.38,46.8656,46.04,46.22,40895,0
XXRP.US,60,20250729,220000,46.21,46.43,45.36,45.87,112344,0
XXRP.US,60,20250730,160000,44.0952,44.86,44,44.4924,121186,0
XXRP.US,60,20250730,170000,44.4949,46.57,44.31,46.57,123295,0
XXRP.US,60,20250730,180000,46.56,46.57,45.5765,46.2643,126505,0
XXRP.US,60,20250730,190000,46.28,46.9,45.75,46.0309,117871,0
XXRP.US,60,20250730,200000,46.15,46.3712,45.54,45.81,73930,0
XXRP.US,60,20250730,210000,45.9,46.25,43.49,43.5945,153041,0
XXRP.US,60,20250730,220000,43.535,45.3899,42,44.79,386855,0
XXRP.US,60,20250731,160000,45.1,45.6,44.5,45.41,118726,0
XXRP.US,60,20250731,170000,45.37,45.68,44.29,44.4,120299,0
XXRP.US,60,20250731,180000,44.39,44.989,44.1901,44.9443,54228,0
XXRP.US,60,20250731,190000,44.89,45.98,44.79,45.45,103852,0
XXRP.US,60,20250731,200000,45.435,45.435,44.24,44.3613,164658,0
XXRP.US,60,20250731,210000,44.52,44.8499,43.92,44.415,100872,0
XXRP.US,60,20250731,220000,44.5251,44.5251,43.4,43.593,144973,0
XXRP.US,60,20250801,160000,41.8,41.8,39.61,40.34,301200,0
XXRP.US,60,20250801,170000,40.5031,43.48,39.81,43.295,357801,0
XXRP.US,60,20250801,180000,43.37,43.41,42.0101,43.119,130384,0
XXRP.US,60,20250801,190000,43.0746,43.2899,41.8832,42.04,60115,0
XXRP.US,60,20250801,200000,42.04,42.7,41.32,41.685,93952,0
XXRP.US,60,20250801,210000,41.92,42.63,41,42,82649,0
XXRP.US,60,20250801,220000,41.99,42.7299,41.73,42.1,53686,0
XXRP.US,60,20250804,160000,41.83,43.37,41.7,43.24,196271,0
XXRP.US,60,20250804,170000,43.16,44.05,42.57,42.74,328974,0
XXRP.US,60,20250804,180000,42.765,43.0806,42.375,42.73,96177,0
XXRP.US,60,20250804,190000,42.79,43.9064,42.76,43.8,101775,0
XXRP.US,60,20250804,200000,43.84,44.35,43.4,43.462,137896,0
XXRP.US,60,20250804,210000,43.5684,43.6263,42.99,43.08,82728,0
XXRP.US,60,20250804,220000,43.0158,43.3099,42.89,43.08,130036,0
XXRP.US,60,20250805,160000,42.784,42.99,42.3518,42.75,67359,0
XXRP.US,60,20250805,170000,42.71,42.81,40.54,41,276725,0
XXRP.US,60,20250805,180000,40.91,41.5,40.4247,40.7361,124228,0
XXRP.US,60,20250805,190000,40.83,41.4242,40.67,40.79,47329,0
XXRP.US,60,20250805,200000,40.7824,41.49,40.7824,41.4,53054,0
XXRP.US,60,20250805,210000,41.36,41.36,40.26,40.99,68704,0
XXRP.US,60,20250805,220000,41.1613,41.1613,40,40.34,94112,0
XXRP.US,60,20250806,160000,40.13,40.34,39.59,40.1386,88409,0
XXRP.US,60,20250806,170000,40.1348,41.25,39.81,41.18,189539,0
XXRP.US,60,20250806,180000,41.17,41.79,40.5605,41.6642,92328,0
XXRP.US,60,20250806,190000,41.73,41.99,40.79,40.93,116525,0
XXRP.US,60,20250806,200000,40.992,41.61,40.6322,41.61,58554,0
XXRP.US,60,20250806,210000,41.625,42,41.33,41.6,77887,0
XXRP.US,60,20250806,220000,41.6,41.91,41.48,41.83,122891,0
XXRP.US,60,20250807,160000,43.52,43.9,43.3,43.47,161975,0
XXRP.US,60,20250807,170000,43.48,43.4883,42.6001,42.7,124402,0
XXRP.US,60,20250807,180000,42.8,43.325,42.57,43.23,72445,0
XXRP.US,60,20250807,190000,43.18,43.35,41.69,42.545,87962,0
XXRP.US,60,20250807,200000,42.61,42.93,42.33,42.86,32507,0
XXRP.US,60,20250807,210000,42.87,43.03,42.6,42.99,35661,0
XXRP.US,60,20250807,220000,43,44.415,42.9101,44.28,255247,0
XXRP.US,60,20250808,160000,50.78,51.53,50.28,51.45,221497,0
XXRP.US,60,20250808,170000,51.45,52.07,49.071,49.28,465211,0
XXRP.US,60,20250808,180000,49.28,49.32,47.21,47.64,286695,0
XXRP.US,60,20250808,190000,47.67,48.4701,47.67,48.4699,145408,0
XXRP.US,60,20250808,200000,48.5199,49.8899,48.45,49.8899,125349,0
XXRP.US,60,20250808,210000,49.85,49.97,48.88,49.135,191390,0
XXRP.US,60,20250808,220000,49.25,51.1687,49.1156,51,214860,0
XXRP.US,60,20250811,160000,46.5588,47.9608,46.55,47.4032,264368,0
XXRP.US,60,20250811,170000,47.43,47.89,46.5501,46.75,228799,0
XXRP.US,60,20250811,180000,46.72,47.24,46.18,47.17,160509,0
XXRP.US,60,20250811,190000,47.1117,47.6,46.4,46.5,114421,0
XXRP.US,60,20250811,200000,46.5,47.62,46.12,46.6,140895,0
XXRP.US,60,20250811,210000,46.6286,47.1,45.75,47.06,132398,0
XXRP.US,60,20250811,220000,46.97,46.995,45.04,45.29,144484,0
XXRP.US,60,20250812,160000,46.3339,46.4299,45.38,45.7396,99737,0
XXRP.US,60,20250812,170000,45.73,46.7231,45.58,46.682,84637,0
XXRP.US,60,20250812,180000,46.64,47.05,46.5801,46.81,100617,0
XXRP.US,60,20250812,190000,46.7859,47.4393,46.6611,47.36,99492,0
XXRP.US,60,20250812,200000,47.3886,48,47.2655,47.35,113588,0
XXRP.US,60,20250812,210000,47.42,48.1,47.2901,47.69,92545,0
XXRP.US,60,20250812,220000,47.76,49.38,47.76,49.38,210313,0
XXRP.US,60,20250813,160000,50.2,50.64,48.1,49.2,346926,0
XXRP.US,60,20250813,170000,49.21,49.5099,47.3571,47.5854,251876,0
XXRP.US,60,20250813,180000,47.58,48.4899,47.175,48.0999,136418,0
XXRP.US,60,20250813,190000,48.09,48.7,47.78,48.079,87098,0
XXRP.US,60,20250813,200000,48.15,48.66,48,48.625,73572,0
XXRP.US,60,20250813,210000,48.57,48.75,47.7775,48.54,103618,0
XXRP.US,60,20250813,220000,48.4525,48.9594,48.3901,48.74,92790,0
XXRP.US,60,20250814,160000,43.5,44.56,43.0505,43.7948,323429,0
XXRP.US,60,20250814,170000,43.85,44.74,43.37,44.16,239933,0
XXRP.US,60,20250814,180000,44.16,44.2,43,43.35,179513,0
XXRP.US,60,20250814,190000,43.2,43.22,41.82,42.45,289659,0
XXRP.US,60,20250814,200000,42.34,42.9981,41.9002,42.7,116977,0
XXRP.US,60,20250814,210000,42.71,42.94,41.61,42.75,144400,0
XXRP.US,60,20250814,220000,42.83,43.25,42.18,42.41,154679,0
XXRP.US,60,20250815,160000,43.395,43.4748,42.33,42.62,104298,0
XXRP.US,60,20250815,170000,42.64,43.1299,41.91,42.08,136984,0
XXRP.US,60,20250815,180000,42.08,42.14,40.7248,41.13,152300,0
XXRP.US,60,20250815,190000,41.1198,41.5,40.4,41.4311,94383,0
XXRP.US,60,20250815,200000,41.37,42.23,41,41.94,98657,0
XXRP.US,60,20250815,210000,41.935,42.6567,41.78,42.08,137580,0
XXRP.US,60,20250815,220000,42.16,42.94,41.935,42.23,117983,0
XXRP.US,60,20250818,160000,40.17,40.38,39.4,39.4,150042,0
XXRP.US,60,20250818,170000,39.41,40.2,39.39,40.15,183893,0
XXRP.US,60,20250818,180000,40.1107,40.89,39.8955,40.74,112066,0
XXRP.US,60,20250818,190000,40.66,40.85,40.2965,40.42,77313,0
XXRP.US,60,20250818,200000,40.3506,42.905,40.31,42.1736,111243,0
XXRP.US,60,20250818,210000,42.21,42.27,41.43,42,79654,0
XXRP.US,60,20250818,220000,42.1,42.555,41.8253,42.46,75746,0
XXRP.US,60,20250819,160000,41.04,41.22,39.9,40.25,118386,0
XXRP.US,60,20250819,170000,40.2701,40.42,38.3,38.58,398800,0
XXRP.US,60,20250819,180000,38.73,39.248,38.11,38.1695,180409,0
XXRP.US,60,20250819,190000,38.18,38.3952,37.56,37.6426,168308,0
XXRP.US,60,20250819,200000,37.6499,38.19,37.29,38.16,94251,0
XXRP.US,60,20250819,210000,38.1,38.242689,37.07,37.3564,202793,0
XXRP.US,60,20250819,220000,37.3,37.78,36.34,36.52,196537,0
XXRP.US,60,20250820,160000,36.68,36.91,35.55,35.62,135010,0
XXRP.US,60,20250820,170000,35.611549,37.2199,35.0976,36.93,220137,0
XXRP.US,60,20250820,180000,36.89,38.1,36.82,37.285,210565,0
XXRP.US,60,20250820,190000,37.32,37.99,37.32,37.58,89897,0
XXRP.US,60,20250820,200000,37.58,38.6965,37.58,38.3652,101084,0
XXRP.US,60,20250820,210000,38.4,38.4,37.41,37.715,65747,0
XXRP.US,60,20250820,220000,37.77,39.8,37.74,39.57,157042,0
XXRP.US,60,20250821,160000,37.3,37.7275,36.8034,37.07,82789,0
XXRP.US,60,20250821,170000,37.1,37.79,36.58,37.13,90931,0
XXRP.US,60,20250821,180000,37.15,37.25,36.4574,36.71,82555,0
XXRP.US,60,20250821,190000,36.8,37.37,36.68,36.81,55275,0
XXRP.US,60,20250821,200000,36.76,37.26,36.41,37.15,51174,0
XXRP.US,60,20250821,210000,37.19,37.5191,37.0539,37.42,46538,0
XXRP.US,60,20250821,220000,37.45,37.575,35.67,36.14,160682,0
XXRP.US,60,20250822,160000,34.9438,35.9575,34.7,35.4395,139322,0
XXRP.US,60,20250822,170000,35.51,40.55,35.51,39.75,715377,0
XXRP.US,60,20250822,180000,39.72,40.6899,39.72,40.01,391986,0
XXRP.US,60,20250822,190000,40.01,41.38,40,40.78,201192,0
XXRP.US,60,20250822,200000,40.85,41.96,40.85,41.2475,174361,0
XXRP.US,60,20250822,210000,41.3,41.57,40.7,41.56,171274,0
XXRP.US,60,20250822,220000,41.5199,42.17,41.17,41.4,458424,0
XXRP.US,60,20250825,160000,38.0406,38.18,37.12,37.7336,259954,0
XXRP.US,60,20250825,170000,37.81,38.3,37.655,38.28,181937,0
XXRP.US,60,20250825,180000,38.2211,38.47,37.7612,37.85,111082,0
XXRP.US,60,20250825,190000,37.84,38.25,37.552,37.845,82309,0
XXRP.US,60,20250825,200000,37.82,38.195,37.45,38.0476,87543,0
XXRP.US,60,20250825,210000,38.09,38.14,37.6301,37.93,65964,0
XXRP.US,60,20250825,220000,37.95,37.95,35.661,35.73,378591,0
XXRP.US,60,20250826,160000,36.15,36.62,35.8,36.45,103456,0
XXRP.US,60,20250826,170000,36.51,37,36.192,36.835,144841,0
XXRP.US,60,20250826,180000,36.8,37.18,36.72,37.04,91644,0
XXRP.US,60,20250826,190000,36.96,37.57,36.83,37.57,125951,0
XXRP.US,60,20250826,200000,37.6,37.73,37.31,37.7217,78801,0
XXRP.US,60,20250826,210000,37.68,38.3784,37.6194,38.215,82092,0
XXRP.US,60,20250826,220000,38.205,40.8,37.81,40.1,366652,0
XXRP.US,60,20250827,160000,38.32,38.72,38,38.2,178430,0
XXRP.US,60,20250827,170000,38.23,39.19,38.1,38.428,120725,0
XXRP.US,60,20250827,180000,38.424,38.71,38.15,38.54,233639,0
XXRP.US,60,20250827,190000,38.55,38.6796,38.2,38.53,105522,0
XXRP.US,60,20250827,200000,38.45,38.967,38.3472,38.95,51197,0
XXRP.US,60,20250827,210000,38.99,39.1497,38.19,38.19,97941,0
XXRP.US,60,20250827,220000,38.15,38.36,37.5,37.92,219556,0
XXRP.US,60,20250828,160000,38.195,38.4298,37.7007,37.92,167755,0
XXRP.US,60,20250828,170000,37.98,38.3589,37.7504,38.2301,104713,0
XXRP.US,60,20250828,180000,38.205,38.35,37.07,37.3729,230069,0
XXRP.US,60,20250828,190000,37.41,37.84,36.83,36.91,107048,0
XXRP.US,60,20250828,200000,36.85,37.4788,36.8152,37.3859,71128,0
XXRP.US,60,20250828,210000,37.36,37.59,37.12,37.3394,58425,0
XXRP.US,60,20250828,220000,37.4136,37.54,36.5,36.59,169646,0
XXRP.US,60,20250829,160000,34.64,34.72,33.767,34.0565,203699,0
XXRP.US,60,20250829,170000,34.11,34.355,33.36,33.52,321888,0
XXRP.US,60,20250829,180000,33.49,34.1,33.49,33.79,133287,0
XXRP.US,60,20250829,190000,33.8,34.04,33.39,33.89,73271,0
XXRP.US,60,20250829,200000,33.912239,33.912239,33.26,33.3199,114533,0
XXRP.US,60,20250829,210000,33.32,33.49,32.78,33.0393,268090,0
XXRP.US,60,20250829,220000,33.04,33.71,32.91,33.12,147388,0
XXRP.US,60,20250902,160000,32.25,33.5245,32.02,33.4,154796,0
XXRP.US,60,20250902,170000,33.5,33.789,32.98,33.62,169956,0
XXRP.US,60,20250902,180000,33.605,33.64,32.38,32.422,145210,0
XXRP.US,60,20250902,190000,32.49,32.79,32.27,32.6272,59825,0
XXRP.US,60,20250902,200000,32.615,32.8275,32.45,32.7768,24801,0
XXRP.US,60,20250902,210000,32.83,33.175,32.615,33.01,24631,0
XXRP.US,60,20250902,220000,33.08,33.31,32.7201,33.28,56264,0
XXRP.US,60,20250903,160000,34,34.5279,33.91,34.14,77662,0
XXRP.US,60,20250903,170000,34.19,34.84,34.0601,34.5,135573,0
XXRP.US,60,20250903,180000,34.5185,34.5998,34.25,34.49,61376,0
XXRP.US,60,20250903,190000,34.48,34.54,34.04,34.1515,120757,0
XXRP.US,60,20250903,200000,34.1656,34.4199,34.1,34.2563,52699,0
XXRP.US,60,20250903,210000,34.1209,34.335,33.78,33.9,59923,0
XXRP.US,60,20250903,220000,33.85,34.24,33.719,34.17,63311,0
XXRP.US,60,20250904,160000,33.65,33.6879,33.07,33.294,41879,0
XXRP.US,60,20250904,170000,33.17,33.7,32.79,33.41,84120,0
XXRP.US,60,20250904,180000,33.3742,33.38,32.7,32.87,68548,0
XXRP.US,60,20250904,190000,32.9799,33.09,32.64,32.69,61105,0
XXRP.US,60,20250904,200000,32.79,33.14,32.79,33.05,32543,0
XXRP.US,60,20250904,210000,33.06,33.13,32.51,32.58,23318,0
XXRP.US,60,20250904,220000,32.53,32.7599,32.3,32.35,98063,0
XXRP.US,60,20250905,160000,34.2651,34.58,34.12,34.5,81854,0
XXRP.US,60,20250905,170000,34.46,34.46,32.55,32.76,176800,0
XXRP.US,60,20250905,180000,32.77,33.19,32.55,32.92,65768,0
XXRP.US,60,20250905,190000,32.9,32.97,32.7,32.85,30164,0
XXRP.US,60,20250905,200000,32.9019,33.03,32.65,33,24225,0
XXRP.US,60,20250905,210000,33,33.52,32.87,33.425,45830,0
XXRP.US,60,20250905,220000,33.4,34.13,33.39,34.02,116590,0
XXRP.US,60,20250908,160000,36.7494,37.14,36.4664,36.67,166437,0
XXRP.US,60,20250908,170000,36.69,37.1899,36.61,36.83,106054,0
XXRP.US,60,20250908,180000,36.8569,36.95,36.62,36.947691,74583,0
XXRP.US,60,20250908,190000,36.9125,37.048,36.37,36.5,57519,0
XXRP.US,60,20250908,200000,36.47,36.85,36.34,36.57,50171,0
XXRP.US,60,20250908,210000,36.51,36.93,36.51,36.901,108219,0
XXRP.US,60,20250908,220000,36.9,36.935,36.5625,36.82,130279,0
XXRP.US,60,20250909,160000,37.42,37.81,37.3045,37.64,281073,0
XXRP.US,60,20250909,170000,37.65,37.75,36.06,36.48,277007,0
XXRP.US,60,20250909,180000,36.49,36.51,35.695,35.93,96514,0
XXRP.US,60,20250909,190000,36.095,36.25,35.88,36.07,52772,0
XXRP.US,60,20250909,200000,36.1004,36.42,36.04,36.15,32732,0
XXRP.US,60,20250909,210000,36.17,36.43,36.1,36.3594,21704,0
XXRP.US,60,20250909,220000,36.3,36.574,36.26,36.35,81997,0
XXRP.US,60,20250910,160000,37.28,37.85,37.0476,37.5654,169332,0
XXRP.US,60,20250910,170000,37.6,37.71,37.11,37.16,271219,0
XXRP.US,60,20250910,180000,37.19,37.46,37.0763,37.2301,62401,0
XXRP.US,60,20250910,190000,37.27,37.29,36.95,37.28,37420,0
XXRP.US,60,20250910,200000,37.2759,37.4955,36.95,37.3055,63145,0
XXRP.US,60,20250910,210000,37.3,37.385,36.9101,37.15,46212,0
XXRP.US,60,20250910,220000,37.14,37.1419,36.36,36.59,180904,0
XXRP.US,60,20250911,160000,36.89,37.5,36.89,37.3401,47503,0
XXRP.US,60,20250911,170000,37.4294,37.437,36.81,37.1,62590,0
XXRP.US,60,20250911,180000,37.13,37.279,36.895,37,48315,0
XXRP.US,60,20250911,190000,36.987,37.24,36.89,37.05,45529,0
XXRP.US,60,20250911,200000,37,37.4717,36.95,37.46,57661,0
XXRP.US,60,20250911,210000,37.48,37.98,37.3374,37.78,72976,0
XXRP.US,60,20250911,220000,37.79,37.9599,37.6,37.84,97435,0
XXRP.US,60,20250912,160000,38,38.25,37.7904,38.15,102647,0
XXRP.US,60,20250912,170000,38.15,38.76,38.02,38.0801,172609,0
XXRP.US,60,20250912,180000,38.095,38.095,37.51,37.805,104655,0
XXRP.US,60,20250912,190000,37.82,38.21,37.68,38.128,38606,0
XXRP.US,60,20250912,200000,38.145,39.03,38.01,38.78,247872,0
XXRP.US,60,20250912,210000,38.79,39.21,38.69,39.2,117281,0
XXRP.US,60,20250912,220000,39.19,39.6499,38.8101,39.53,244210,0
XXRP.US,60,20250915,160000,37.15,38.065,37.09,37.65,135828,0
XXRP.US,60,20250915,170000,37.57,37.803,37.1,37.1451,146217,0
XXRP.US,60,20250915,180000,37.19,37.99,36.94,37.71,118340,0
XXRP.US,60,20250915,190000,37.7,37.82,37.04,37.14,68539,0
XXRP.US,60,20250915,200000,37.16,37.4,36.76,37.2199,74605,0
XXRP.US,60,20250915,210000,37.14,37.23,36.81,37.23,64266,0
XXRP.US,60,20250915,220000,37.151,37.3098,36.6,36.6,113363,0
XXRP.US,60,20250916,160000,38.01,38.04,36.9366,37.5084,133247,0
XXRP.US,60,20250916,170000,37.41,37.65,36.97,37.6,90926,0
XXRP.US,60,20250916,180000,37.611,37.8993,37.43,37.87,52575,0
XXRP.US,60,20250916,190000,37.86,38.1,37.64,38.05,56836,0
XXRP.US,60,20250916,200000,38.05,38.3499,37.9097,38.055,52085,0
XXRP.US,60,20250916,210000,38.09,38.1769,37.79,37.87,65791,0
XXRP.US,60,20250916,220000,37.83,38.2,37.73,38.12,124976,0
XXRP.US,60,20250917,160000,37.53,37.73,37.25,37.35,62567,0
XXRP.US,60,20250917,170000,37.33,37.55,36.98,37.135,97563,0
XXRP.US,60,20250917,180000,37.11,37.395,37.11,37.33,52323,0
XXRP.US,60,20250917,190000,37.24,37.35,37.01,37.3,23679,0
XXRP.US,60,20250917,200000,37.29,38.6,37.2,37.37,109542,0
XXRP.US,60,20250917,210000,37.5,38.42,36.28,36.66,339399,0
XXRP.US,60,20250917,220000,36.8688,37.786,36.74,37.55,187637,0
XXRP.US,60,20250918,160000,39.63,40.0291,39.27,39.65,203490,0
XXRP.US,60,20250918,170000,39.65,40,39.61,39.7,213382,0
XXRP.US,60,20250918,180000,39.72,39.85,39.42,39.49,82409,0
XXRP.US,60,20250918,190000,39.48,39.6505,39.31,39.585,75270,0
XXRP.US,60,20250918,200000,39.59,39.76,39.17,39.3851,71367,0
XXRP.US,60,20250918,210000,39.35,39.67,39.29,39.6399,46309,0
XXRP.US,60,20250918,220000,39.59,39.59572,38.89,39.35,138497,0
XXRP.US,60,20250919,160000,37.36,37.57,37.24,37.43,97564,0
XXRP.US,60,20250919,170000,37.46,37.56,36.735,36.79,178076,0
XXRP.US,60,20250919,180000,36.7999,36.86,36.24,36.7701,143382,0
XXRP.US,60,20250919,190000,36.7826,36.96,36.68,36.81,88727,0
XXRP.US,60,20250919,200000,36.7824,36.7824,36.4,36.41,69570,0
XXRP.US,60,20250919,210000,36.43,36.54,36.17,36.44,89021,0
XXRP.US,60,20250919,220000,36.43,36.72,36.04,36.15,115233,0
XXRP.US,60,20250922,160000,32.85,33,32.41,33,193123,0
XXRP.US,60,20250922,170000,33,33.27,32.83,33.1094,291818,0
XXRP.US,60,20250922,180000,33.069,33.365,32.85,33.039,155921,0
XXRP.US,60,20250922,190000,33.05,33.32,32.6001,32.6638,215812,0
XXRP.US,60,20250922,200000,32.67,33.17,32.6,32.87,104978,0
XXRP.US,60,20250922,210000,32.9,33,32.3094,32.325,146600,0
XXRP.US,60,20250922,220000,32.325,32.36,31.91,32.19,191413,0
XXRP.US,60,20250923,160000,32.86,32.94,32.6,32.78,70256,0
XXRP.US,60,20250923,170000,32.78,33.185,32.64,32.88,108198,0
XXRP.US,60,20250923,180000,32.87,33.2152,32.7201,33.064,75507,0
XXRP.US,60,20250923,190000,33.09,33.5044,32.8,33.32,107108,0
XXRP.US,60,20250923,200000,33.32,33.3285,32.33,32.4,76601,0
XXRP.US,60,20250923,210000,32.39,32.59,32.29,32.37,87945,0
XXRP.US,60,20250923,220000,32.45,32.9592,32.4051,32.44,101220,0
XXRP.US,60,20250924,160000,33.04,33.2,32.88,32.98,91846,0
XXRP.US,60,20250924,170000,32.98,34.1299,32.97,34,169814,0
XXRP.US,60,20250924,180000,34.0725,34.66,33.69,34.4,212242,0
XXRP.US,60,20250924,190000,34.4056,34.74,34.1511,34.56,91307,0
XXRP.US,60,20250924,200000,34.62,34.77,34.2625,34.54,71154,0
XXRP.US,60,20250924,210000,34.53,34.75,34.48,34.675,107971,0
XXRP.US,60,20250924,220000,34.7,35.7385,34.56,35.22,152718,0
XXRP.US,60,20250925,160000,32.2317,32.34,31.6207,31.71,161201,0
XXRP.US,60,20250925,170000,31.776,32.561,31.7712,32.03,163244,0
XXRP.US,60,20250925,180000,32.01,32.05,31.5935,31.7858,127240,0
XXRP.US,60,20250925,190000,31.87,32,30.8801,30.96,153940,0
XXRP.US,60,20250925,200000,30.91,30.9399,29.32,29.62,306153,0
XXRP.US,60,20250925,210000,29.6,31.02,29.52,30.94,189632,0
XXRP.US,60,20250925,220000,30.995,31.302,29.71,29.97,197641,0
XXRP.US,60,20250926,160000,29.58,30.15,29.5,30.07,197706,0
XXRP.US,60,20250926,170000,30.08,30.1575,28.8,28.99,242646,0
XXRP.US,60,20250926,180000,28.97,29.84,28.9,29.5835,63518,0
XXRP.US,60,20250926,190000,29.58,30.22,29.5535,30.17,76095,0
XXRP.US,60,20250926,200000,30.1565,30.94,30.1565,30.9137,93178,0
XXRP.US,60,20250926,210000,30.9,31.22,30.72,31.06,133654,0
XXRP.US,60,20250926,220000,31.06,31.09,30.39,30.67,129708,0
XXRP.US,60,20250929,160000,32,32.79,31.96,32.65,138122,0
XXRP.US,60,20250929,170000,32.65,33.7799,32.65,33.31,210348,0
XXRP.US,60,20250929,180000,33.32,33.36,32.71,32.9283,126911,0
XXRP.US,60,20250929,190000,32.94,33.09,32.55,32.61,96883,0
XXRP.US,60,20250929,200000,32.62,32.75,32.36,32.65,52432,0
XXRP.US,60,20250929,210000,32.675,32.675,32.3101,32.505,76644,0
XXRP.US,60,20250929,220000,32.501,33.25,32.48,33.03,110821,0
XXRP.US,60,20250930,160000,32,32.25,31.651,31.83,94804,0
XXRP.US,60,20250930,170000,31.865,31.9,31.47,31.8999,91303,0
XXRP.US,60,20250930,180000,31.83,31.88,31.08,31.4,77355,0
XXRP.US,60,20250930,190000,31.37,31.63,31.22,31.32,67680,0
XXRP.US,60,20250930,200000,31.34,31.6,31.15,31.4,29734,0
XXRP.US,60,20250930,210000,31.4,31.68,31.24,31.64,20826,0
XXRP.US,60,20250930,220000,31.675,32.3176,31.62,32.3,109465,0
XXRP.US,60,20251001,160000,33.95,34.0836,33.701,33.86,123211,0
XXRP.US,60,20251001,170000,33.82,34.3,33.69,33.88,160175,0
XXRP.US,60,20251001,180000,33.9899,34.0387,33.7,33.87,72944,0
XXRP.US,60,20251001,190000,33.9455,34.089,33.732,33.78,176548,0
XXRP.US,60,20251001,200000,33.83,33.98,33.3701,33.435,70178,0
XXRP.US,60,20251001,210000,33.48,33.94,33.44,33.8199,64461,0
XXRP.US,60,20251001,220000,33.7645,34.39,33.75,34.18,99727,0
XXRP.US,60,20251002,160000,34.63,34.99,34.51,34.8245,87255,0
XXRP.US,60,20251002,170000,34.9157,35.05,33.91,34.13,174989,0
XXRP.US,60,20251002,180000,34.13,34.99,33.92,34.9453,95738,0
XXRP.US,60,20251002,190000,34.965,36.5,34.89,36.2,227459,0
XXRP.US,60,20251002,200000,36.21,36.4135,35.9,36.0501,111219,0
XXRP.US,60,20251002,210000,36.07,36.689,36.0101,36.6415,81192,0
XXRP.US,60,20251002,220000,36.66,37.7318,36.591,37.21,383061,0
XXRP.US,60,20251003,160000,35.69,35.87,35.41,35.62,164377,0
XXRP.US,60,20251003,170000,35.61,36.23,35.212224,36.09,179115,0
XXRP.US,60,20251003,180000,36.063,36.8208,35.68,36.8179,143672,0
XXRP.US,60,20251003,190000,36.79,37.37,36.46,36.4601,145119,0
XXRP.US,60,20251003,200000,36.47,36.48,35.39,35.62,263237,0
XXRP.US,60,20251003,210000,35.67,36.18,35.42,36.055,55624,0
XXRP.US,60,20251003,220000,36.09,36.28,35.7,35.76,212330,0
XXRP.US,60,20251006,160000,34.8533,35.17,34.7,35.15,132562,0
XXRP.US,60,20251006,170000,35.145,35.45,34.54,34.6051,261942,0
XXRP.US,60,20251006,180000,34.6,35.8965,34.6,35.72,165357,0
XXRP.US,60,20251006,190000,35.83,35.92,35.48,35.72,93292,0
XXRP.US,60,20251006,200000,35.7,36.1,35.62,35.8225,112576,0
XXRP.US,60,20251006,210000,35.79,36.0455,35.72,35.975,61368,0
XXRP.US,60,20251006,220000,35.94,36.1,35.41,35.43,196130,0
XXRP.US,60,20251007,160000,34.46,34.5671,33.5243,33.9025,212561,0
XXRP.US,60,20251007,170000,33.88,33.9523,32.7,32.88,397217,0
XXRP.US,60,20251007,180000,32.94,33.02,31.92,32.18,367049,0
XXRP.US,60,20251007,190000,32.2,32.61,31.89,32.28,268354,0
XXRP.US,60,20251007,200000,32.27,32.37,31.99,32,63208,0
XXRP.US,60,20251007,210000,32.02,32.1,31.7,31.705,117992,0
XXRP.US,60,20251007,220000,31.7,31.85,31.31,31.53,235590,0
XXRP.US,60,20251008,160000,31.81,31.88,31.3401,31.77,77693,0
XXRP.US,60,20251008,170000,31.8,32.24,31.51,31.53,102105,0
XXRP.US,60,20251008,180000,31.52,31.7617,31.51,31.6,66027,0
XXRP.US,60,20251008,190000,31.61,32.04,31.5301,31.96,39970,0
XXRP.US,60,20251008,200000,32,32.9,31.9575,32.82,164839,0
XXRP.US,60,20251008,210000,32.805,32.89,32.43,32.575,73244,0
XXRP.US,60,20251008,220000,32.46,32.7,32.33,32.62,49490,0
XXRP.US,60,20251009,160000,30.8005,30.89,30.37,30.5,111839,0
XXRP.US,60,20251009,170000,30.46,30.6499,29.9,30.4064,184917,0
XXRP.US,60,20251009,180000,30.42,30.69,30.02,30.17,162011,0
XXRP.US,60,20251009,190000,30.14,30.34,29.47,29.61,158556,0
XXRP.US,60,20251009,200000,29.58,30.18,29.55,30.1,153673,0
XXRP.US,60,20251009,210000,30.2,30.3,29.69,29.74,157399,0
XXRP.US,60,20251009,220000,29.7,30.11,29.5,29.77,249898,0
XXRP.US,60,20251010,160000,30.61,30.81,30.39,30.5245,92784,0
XXRP.US,60,20251010,170000,30.5852,30.73,29.91,30.07,84769,0
XXRP.US,60,20251010,180000,29.95,30.07,28.1412,28.74,408600,0
XXRP.US,60,20251010,190000,28.72,29.27,28.44,28.5,169312,0
XXRP.US,60,20251010,200000,28.44,28.575,28.06,28.3,150938,0
XXRP.US,60,20251010,210000,28.335,28.49,27.9,27.98,114555,0
XXRP.US,60,20251010,220000,28.01,28.04,26.5001,27.29,293118,0
XXRP.US,60,20251013,160000,24.74,25.9906,24.74,25.7901,301923,0
XXRP.US,60,20251013,170000,25.87,26,24.84,24.96,407778,0
XXRP.US,60,20251013,180000,24.9296,25.66,24.91,25.5251,107034,0
XXRP.US,60,20251013,190000,25.54,25.7399,25.23,25.6,162819,0
XXRP.US,60,20251013,200000,25.7013,26.22,25.49,26.1913,123164,0
XXRP.US,60,20251013,210000,26.2,26.3679,25.8,26,121897,0
XXRP.US,60,20251013,220000,25.935,26.5425,25.8938,26.28,123447,0
XXRP.US,60,20251014,160000,22.22,22.625,21.6,22.44,399725,0
XXRP.US,60,20251014,170000,22.4,23.06,22.33,22.71,280857,0
XXRP.US,60,20251014,180000,22.73,23.75,22.51,23.75,176691,0
XXRP.US,60,20251014,190000,23.75,24.5,23.45,23.825,201847,0
XXRP.US,60,20251014,200000,23.79,24.3,23.32,23.835,127781,0
XXRP.US,60,20251014,210000,23.89,24.25,23.64,23.78,114605,0
XXRP.US,60,20251014,220000,23.7755,24.0291,22.97,23.555,161049,0
XXRP.US,60,20251015,160000,23.385,23.64,22.86,23.35,112006,0
XXRP.US,60,20251015,170000,23.4,23.8859,22.8,22.9941,159247,0
XXRP.US,60,20251015,180000,22.98,23.1799,22.25,22.42,223396,0
XXRP.US,60,20251015,190000,22.41,22.67,22.38,22.42,127483,0
XXRP.US,60,20251015,200000,22.4,22.4,22,22.399,160435,0
XXRP.US,60,20251015,210000,22.39,22.55,22.16,22.51,83902,0
XXRP.US,60,20251015,220000,22.53,22.53,21.785,21.89,166332,0
XXRP.US,60,20251016,160000,22.609,22.7495,22.31,22.4499,103686,0
XXRP.US,60,20251016,170000,22.4124,22.45,21.55,21.7901,182504,0
XXRP.US,60,20251016,180000,21.92,22.05,20.63,20.95,261993,0
XXRP.US,60,20251016,190000,20.92,21.71,20.74,21.67,243073,0
XXRP.US,60,20251016,200000,21.69,21.69,21.05,21.11,143487,0
XXRP.US,60,20251016,210000,21.11,21.1197,20.51,20.82,144534,0
XXRP.US,60,20251016,220000,20.85,20.93,20.05,20.41,244002,0
XXRP.US,60,20251017,160000,19.35,19.8993,19.1241,19.64,109869,0
XXRP.US,60,20251017,170000,19.6175,19.69,18.83,19.182,212797,0
XXRP.US,60,20251017,180000,19.1642,19.9,19.158,19.9,131414,0
XXRP.US,60,20251017,190000,19.9,20.3695,19.615,19.72,159009,0
XXRP.US,60,20251017,200000,19.75,19.88,19.52,19.73,62457,0
XXRP.US,60,20251017,210000,19.7752,20.2,19.76,19.97,124810,0
XXRP.US,60,20251017,220000,19.99,20.16,19.73,19.86,229170,0
XXRP.US,60,20251020,160000,22.54,22.73,22.49,22.6525,239751,0
XXRP.US,60,20251020,170000,22.6542,22.86,22.42,22.84,214304,0
XXRP.US,60,20251020,180000,22.85,23.09,22.661,22.7,199293,0
XXRP.US,60,20251020,190000,22.67,22.77,22.05,22.35,147367,0
XXRP.US,60,20251020,200000,22.35,22.67,22.23,22.66,74556,0
XXRP.US,60,20251020,210000,22.6469,22.9749,22.565,22.95,69929,0
XXRP.US,60,20251020,220000,22.94,24.322,22.8201,23.7,283787,0
XXRP.US,60,20251021,160000,21.92,22.0285,21.55,21.65,163553,0
XXRP.US,60,20251021,170000,21.6559,23.1,21.6475,23.0679,237854,0
XXRP.US,60,20251021,180000,23.07,23.94,22.8363,23.75,371972,0
XXRP.US,60,20251021,190000,23.74,23.7539,22.96,23.06,139136,0
XXRP.US,60,20251021,200000,23.04,23.4084,22.8,23.1799,114899,0
XXRP.US,60,20251021,210000,23.185,23.2,22.8,23,141136,0
XXRP.US,60,20251021,220000,22.93,23.28,22.93,23.1,153141,0
XXRP.US,60,20251022,160000,21.44,21.6,21.25,21.55,60766,0
XXRP.US,60,20251022,170000,21.55,21.56,20.78,21.53,256901,0
XXRP.US,60,20251022,180000,21.55,21.6,21,21.3608,72182,0
XXRP.US,60,20251022,190000,21.355,21.47,21.04,21.266,86402,0
XXRP.US,60,20251022,200000,21.265,21.346,20.92,20.955,86546,0
XXRP.US,60,20251022,210000,20.96,21.0803,20.74,20.9254,75816,0
XXRP.US,60,20251022,220000,20.93,21.27,20.5,20.92,117824,0
XXRP.US,60,20251023,160000,21.2735,21.48,21.185,21.26,71054,0
XXRP.US,60,20251023,170000,21.27,21.4039,21,21.33,84879,0
XXRP.US,60,20251023,180000,21.34,21.64,21.3186,21.44,91749,0
XXRP.US,60,20251023,190000,21.46,21.59,21.19,21.48,77981,0
XXRP.US,60,20251023,200000,21.48,21.75,21.26,21.675,86448,0
XXRP.US,60,20251023,210000,21.69,21.69,21.29,21.3404,88328,0
XXRP.US,60,20251023,220000,21.315,21.47,21.18,21.39,81825,0
XXRP.US,60,20251024,160000,23,23.3295,22.76,23.32,183289,0
XXRP.US,60,20251024,170000,23.2886,23.2886,22.52,22.65,356307,0
XXRP.US,60,20251024,180000,22.6439,23.05,22.52,22.6597,90849,0
XXRP.US,60,20251024,190000,22.72,22.86,22.385,22.69,57752,0
XXRP.US,60,20251024,200000,22.7,22.9233,22.61,22.63,105338,0
XXRP.US,60,20251024,210000,22.6,22.9219,22.58,22.91,48013,0
XXRP.US,60,20251024,220000,22.9141,23.29,22.89,22.9,841161,0
XXRP.US,60,20251027,150000,25.335,25.4425,24.8501,25.23,181652,0
XXRP.US,60,20251027,160000,25.18,25.24,24.76,25.22,186058,0
XXRP.US,60,20251027,170000,25.23,25.88,25.22,25.8211,219288,0
XXRP.US,60,20251027,180000,25.86,26.42,25.86,26.315,227670,0
XXRP.US,60,20251027,190000,26.34,26.49,26.175,26.42,224086,0
XXRP.US,60,20251027,200000,26.45,26.565,26.22,26.43,182806,0
XXRP.US,60,20251027,210000,26.42,26.445,25.7701,25.95,246493,0
XXRP.US,60,20251028,150000,26.185,26.2493,25.88,25.93,90468,0
XXRP.US,60,20251028,160000,25.92,25.98,24.78,25.28,203705,0
XXRP.US,60,20251028,170000,25.2689,25.49,25.1,25.35,89273,0
XXRP.US,60,20251028,180000,25.34,25.72,25.31,25.59,109061,0
XXRP.US,60,20251028,190000,25.61,25.9856,25.545,25.78,70346,0
XXRP.US,60,20251028,200000,25.81,26.08,25.73,26.03,100537,0
XXRP.US,60,20251028,210000,26.04,26.189,24.8795,25.31,293602,0
XXRP.US,60,20251029,150000,25.64,25.65,25.22,25.2671,57644,0
XXRP.US,60,20251029,160000,25.3,25.43,25.038,25.37,99402,0
XXRP.US,60,20251029,170000,25.4489,25.54,24.89,25.03,91682,0
XXRP.US,60,20251029,180000,25.007,25.2299,24.86,25.0956,45251,0
XXRP.US,60,20251029,190000,25.12,25.64,25.04,25.634,50988,0
XXRP.US,60,20251029,200000,25.54,25.69,23.64,24.7,223572,0
XXRP.US,60,20251029,210000,24.725,25.17,24.1,24.36,156163,0
XXRP.US,60,20251030,150000,22.48,22.555,21.86,21.9869,229293,0
XXRP.US,60,20251030,160000,22,22.3599,21.9701,22.2,146545,0
XXRP.US,60,20251030,170000,22.145,22.2532,21.62,21.765,138110,0
XXRP.US,60,20251030,180000,21.76,22.0352,21.58,21.9,187875,0
XXRP.US,60,20251030,190000,21.8782,21.8782,21.21,21.64,193903,0
XXRP.US,60,20251030,200000,21.66,21.68,21,21.1,192591,0
XXRP.US,60,20251030,210000,21.09,21.15,20.2407,20.44,299448,0
XXRP.US,60,20251031,150000,22.58,22.6,22.28,22.52,94227,0
XXRP.US,60,20251031,160000,22.54,22.5894,22.2325,22.51,104021,0
XXRP.US,60,20251031,170000,22.49,23.24,22.46,22.805,259480,0
XXRP.US,60,20251031,180000,22.81,23.0201,22.25,22.3251,112519,0
XXRP.US,60,20251031,190000,22.29,22.63,22.08,22.5,78245,0
XXRP.US,60,20251031,200000,22.57,22.8297,22.46,22.77,90576,0
XXRP.US,60,20251031,210000,22.75,23.32,22.42,23.16,156065,0
XXRP.US,60,20251103,160000,20.8612,20.975,20.74,20.975,160805,0
XXRP.US,60,20251103,170000,21.01,21.0813,18.9,19.22,491700,0
XXRP.US,60,20251103,180000,19.2199,20.17,19.0505,20.05,320929,0
XXRP.US,60,20251103,190000,20.05,20.42,19.93,20.18,109591,0
XXRP.US,60,20251103,200000,20.194,20.23,19.52,19.52,117035,0
XXRP.US,60,20251103,210000,19.57,19.59,19.0701,19.08,285648,0
XXRP.US,60,20251103,220000,19.08,19.1601,17.93,18.31,428032,0
XXRP.US,60,20251104,160000,17.865,18.8,17.65,18.69,207125,0
XXRP.US,60,20251104,170000,18.67,19.05,18.25,18.35,192462,0
XXRP.US,60,20251104,180000,18.33,18.52,17.5101,17.65,224416,0
XXRP.US,60,20251104,190000,17.58,17.98,16.92,17.52,238880,0
XXRP.US,60,20251104,200000,17.49,17.49,16.2801,17.1999,310461,0
XXRP.US,60,20251104,210000,17.18,17.3563,16.45,16.47,190251,0
XXRP.US,60,20251104,220000,16.49,16.815,15.39,16.31,561336,0
XXRP.US,60,20251105,160000,17.895,18.03,17.54,17.84,198764,0
XXRP.US,60,20251105,170000,17.84,18.085,17.67,18.0798,182080,0
XXRP.US,60,20251105,180000,18.09,18.27,17.7,18.23,165868,0
XXRP.US,60,20251105,190000,18.19,18.26,17.9101,18.24,162569,0
XXRP.US,60,20251105,200000,18.1712,18.5883,18.11,18.51,180623,0
XXRP.US,60,20251105,210000,18.54,18.86,18.34,18.785,142391,0
XXRP.US,60,20251105,220000,18.786,19.6,18.69,19.39,296053,0
XXRP.US,60,20251106,160000,18.0805,18.22,17.6101,17.65,202285,0
XXRP.US,60,20251106,170000,17.65,17.85,17.15,17.23,273342,0
XXRP.US,60,20251106,180000,17.269,17.48,16.8269,17.14,151901,0
XXRP.US,60,20251106,190000,17.19,17.46,16.93,17.3399,133056,0
XXRP.US,60,20251106,200000,17.32,17.4099,16.86,17.2001,110372,0
XXRP.US,60,20251106,210000,17.2,17.21,16.8,16.85,347752,0
XXRP.US,60,20251106,220000,16.94,17.08,16.345,16.67,266490,0
XXRP.US,60,20251107,160000,16.4,16.8393,16,16.7,113194,0
XXRP.US,60,20251107,170000,16.7,16.95,16.46,16.8498,118413,0
XXRP.US,60,20251107,180000,16.81,17.775,16.67,17.585,223932,0
XXRP.US,60,20251107,190000,17.56,18.74,17.405,18.301142,296903,0
XXRP.US,60,20251107,200000,18.3,18.939,18.23,18.715,207189,0
XXRP.US,60,20251107,210000,18.7394,19.01,18.6,19,193465,0
XXRP.US,60,20251107,220000,18.9825,19.25,18.7,19.18,255778,0
XXRP.US,60,20251110,160000,22.13,22.17,21.2504,21.4118,366672,0
XXRP.US,60,20251110,170000,21.45,21.85,21.2675,21.7315,247264,0
XXRP.US,60,20251110,180000,21.76,22.2,21.48,21.7694,216716,0
XXRP.US,60,20251110,190000,21.75,22.32,21.728,22.1315,133935,0
XXRP.US,60,20251110,200000,22.1301,22.19,21.84,21.9779,94440,0
XXRP.US,60,20251110,210000,22.065,22.34,22.0001,22.14,90554,0
XXRP.US,60,20251110,220000,22.115,22.68,22.035,22.39,202193,0
XXRP.US,60,20251111,160000,20.26,20.65,20.17,20.58,106155,0
XXRP.US,60,20251111,170000,20.57,20.58,19.93,20.14,164903,0
XXRP.US,60,20251111,180000,20.14,20.26,19.96,20.04,70519,0
XXRP.US,60,20251111,190000,20.05,20.2187,19.735,20,114790,0
XXRP.US,60,20251111,200000,20.02,20.1181,19.87,19.905,48297,0
XXRP.US,60,20251111,210000,19.88,20.0118,19.7,19.7259,53041,0
XXRP.US,60,20251111,220000,19.735,19.85,19.5,19.56,129975,0
XXRP.US,60,20251112,160000,20.18,20.215,19.41,19.645,151004,0
XXRP.US,60,20251112,170000,19.6425,19.8288,18.8401,18.92,250787,0
XXRP.US,60,20251112,180000,18.915,19.002,18.26,18.415,218947,0
XXRP.US,60,20251112,190000,18.44,18.74,18.23,18.62,133159,0
XXRP.US,60,20251112,200000,18.6099,18.68,18.46,18.5,100315,0
XXRP.US,60,20251112,210000,18.49,18.6188,18.09,18.4,121403,0
XXRP.US,60,20251112,220000,18.4,18.69,18.33,18.67,168492,0
XXRP.US,60,20251113,160000,20.34,21.235,20.15,21.0275,260998,0
XXRP.US,60,20251113,170000,21.0084,21.02,19.7109,19.9318,260613,0
XXRP.US,60,20251113,180000,19.94,20.08,19.3,19.37,218201,0
XXRP.US,60,20251113,190000,19.39,19.5,18.61,18.6201,119475,0
XXRP.US,60,20251113,200000,18.63,18.95,18.2,18.4103,298069,0
XXRP.US,60,20251113,210000,18.43,18.66,17.97,18.05,276484,0
XXRP.US,60,20251113,220000,18.025,18.15,17.44,17.8,318016,0
XXRP.US,60,20251114,160000,17.18,17.96,16.96,17.8274,182548,0
XXRP.US,60,20251114,170000,17.83,18.2381,17.53,18.02,420427,0
XXRP.US,60,20251114,180000,17.985,18.37,17.66,18.2667,110112,0
XXRP.US,60,20251114,190000,18.26,18.3899,17.76,17.9,126624,0
XXRP.US,60,20251114,200000,17.93,18.2,17.51,17.5618,94627,0
XXRP.US,60,20251114,210000,17.62,18.08,17.42,17.8954,117977,0
XXRP.US,60,20251114,220000,17.95,18.0189,17.05,17.26,192769,0
XXRP.US,60,20251117,160000,16.27,17.8,16.21,17.0375,234561,0
XXRP.US,60,20251117,170000,17.06,17.23,16.295,16.36,207337,0
XXRP.US,60,20251117,180000,16.37,16.53,15.78,16.51,206043,0
XXRP.US,60,20251117,190000,16.48,16.5084,15.57,15.65,210907,0
XXRP.US,60,20251117,200000,15.6411,15.79,15.3,15.44,249645,0
XXRP.US,60,20251117,210000,15.41,15.5025,14.985,15.0704,366667,0
XXRP.US,60,20251117,220000,15.05,15.44,14.9,15.37,271564,0
XXRP.US,60,20251118,160000,15.94,16.18,15.7206,15.75,184779,0
XXRP.US,60,20251118,170000,15.73,16.57,15.57,16.36,327014,0
XXRP.US,60,20251118,180000,16.35,16.71,16.2001,16.52,165429,0
XXRP.US,60,20251118,190000,16.54,16.58,16.28,16.44,116112,0
XXRP.US,60,20251118,200000,16.4304,16.697,16.4304,16.5932,63713,0
XXRP.US,60,20251118,210000,16.59,16.74,16.51,16.5525,106262,0
XXRP.US,60,20251118,220000,16.57,16.76,16.55,16.58,106170,0
XXRP.US,60,20251119,160000,14.67,15.04,14.65,15,199127,0
XXRP.US,60,20251119,170000,14.964,15.38,14.35,14.4399,378378,0
XXRP.US,60,20251119,180000,14.41,14.65,14.24,14.32,173622,0
XXRP.US,60,20251119,190000,14.3496,14.42,13.81,14.0098,311968,0
XXRP.US,60,20251119,200000,14.0003,14.1799,13.672,13.86,195402,0
XXRP.US,60,20251119,210000,13.83,13.8726,13.61,13.7,170161,0
XXRP.US,60,20251119,220000,13.6892,13.99,13.55,13.92,292752,0
XXRP.US,60,20251120,160000,14.95,15.07,14.7403,14.88,142233,0
XXRP.US,60,20251120,170000,14.816,14.816,14.3,14.35,168792,0
XXRP.US,60,20251120,180000,14.33,14.37,13.2197,13.2814,352729,0
XXRP.US,60,20251120,190000,13.3184,13.41,12.95,13.2425,268499,0
XXRP.US,60,20251120,200000,13.22,13.37,13,13.02,247624,0
XXRP.US,60,20251120,210000,13.03,13.3257,12.85,13.3,152282,0
XXRP.US,60,20251120,220000,13.2447,13.465,13.055,13.3,170394,0
XXRP.US,60,20251121,160000,12.12,12.699,12.12,12.56,228159,0
XXRP.US,60,20251121,170000,12.5551,12.57,11.86,11.95,411034,0
XXRP.US,60,20251121,180000,11.98,12.59,11.65,12.59,246629,0
XXRP.US,60,20251121,190000,12.545,13.15,12.51,12.88,187159,0
XXRP.US,60,20251121,200000,12.89,12.9699,12.24,12.74,228698,0
XXRP.US,60,20251121,210000,12.74,12.81,12.41,12.475,139552,0
XXRP.US,60,20251121,220000,12.49,12.57,12.13,12.48,163438,0
XXRP.US,60,20251124,160000,14.01,14.3754,13.72,14.04,209876,0
XXRP.US,60,20251124,170000,14.07,14.3281,13.9605,14.2201,212326,0
XXRP.US,60,20251124,180000,14.27,14.65,14.2252,14.6099,205873,0
XXRP.US,60,20251124,190000,14.63,15.8,14.625,15.75,369038,0
XXRP.US,60,20251124,200000,15.78,16.035,15.43,15.89,207361,0
XXRP.US,60,20251124,210000,15.9,16.17,15.8331,16.1,310432,0
XXRP.US,60,20251124,220000,16.12,16.755,16.08,16.22,335296,0
XXRP.US,60,20251125,160000,15.76,15.7758,15.1,15.27,209769,0
XXRP.US,60,20251125,170000,15.235,15.51,14.97,15.3988,229312,0
XXRP.US,60,20251125,180000,15.375,15.6422,15.2246,15.46,112549,0
XXRP.US,60,20251125,190000,15.49,15.67,15.285,15.4,140476,0
XXRP.US,60,20251125,200000,15.385,15.59,15.27,15.29,87387,0
XXRP.US,60,20251125,210000,15.29,15.32,14.7701,15.13,197849,0
XXRP.US,60,20251125,220000,15.15,15.74,15.045,15.55,206554,0
XXRP.US,60,20251126,160000,15.1,15.25,14.81,14.82,182889,0
XXRP.US,60,20251126,170000,14.83,15.2,14.83,15.12,167764,0
XXRP.US,60,20251126,180000,15.15,15.55,15.1401,15.4,251893,0
XXRP.US,60,20251126,190000,15.45,16.11,15.4,16.05,241856,0
XXRP.US,60,20251126,200000,16.05,16.3,15.87,16.15,256344,0
XXRP.US,60,20251126,210000,16.135,16.1899,15.93,15.9952,144636,0
XXRP.US,60,20251126,220000,16.005,16.0074,15.7,15.85,211790,0
XXRP.US,60,20251128,160000,15.9875,16,15.75,15.845,92420,0
XXRP.US,60,20251128,170000,15.862,16.6586,15.81,16.2,237270,0
XXRP.US,60,20251128,180000,16.185,16.28,15.4001,15.4001,284034,0
XXRP.US,60,20251128,190000,15.41,15.4792,15.07,15.075,184468,0
XXRP.US,60,20251128,200000,15.115,15.14,15.11,15.11,3300,0
XXRP.US,60,20251201,160000,13.105,13.39,12.99,13.16,236745,0
XXRP.US,60,20251201,170000,13.17,13.17,12.47,12.78,336282,0
XXRP.US,60,20251201,180000,12.765,12.82,12.5131,12.53,224690,0
XXRP.US,60,20251201,190000,12.5372,12.73,12.51,12.6101,240267,0
XXRP.US,60,20251201,200000,12.615,12.83,12.58,12.7413,125790,0
XXRP.US,60,20251201,210000,12.715,12.725,12.5,12.56,140991,0
XXRP.US,60,20251201,220000,12.57,13.03,12.57,12.81,171128,0
XXRP.US,60,20251202,160000,13.5,13.56,13.4527,13.56,33668,0
XXRP.US,60,20251202,170000,14.1,14.7583,14.02,14.6884,249747,0
XXRP.US,60,20251202,180000,14.67,14.71,14.38,14.58,145647,0
XXRP.US,60,20251202,190000,14.56,14.932,14.5,14.851,142564,0
XXRP.US,60,20251202,200000,14.85,14.9775,14.83,14.86,70657,0
XXRP.US,60,20251202,210000,14.91,15.0112,14.8301,14.9,100925,0
XXRP.US,60,20251202,220000,14.9,14.945,14.569,14.73,169722,0
XXRP.US,60,20251203,160000,14.819,15.24,14.6,14.86,197235,0
XXRP.US,60,20251203,170000,14.9,15.0438,14.71,14.84,71738,0
XXRP.US,60,20251203,180000,14.85,14.99,14.7063,14.8692,48334,0
XXRP.US,60,20251203,190000,14.855,15.1,14.82,15.0753,39148,0
XXRP.US,60,20251203,200000,15.063,15.1807,14.8295,14.9,209772,0
XXRP.US,60,20251203,210000,14.88,15.0947,14.88,15.08,27335,0
XXRP.US,60,20251203,220000,15.09,15.27,15.0202,15.08,186145,0
XXRP.US,60,20251204,160000,14.391,14.4,14.06,14.13,146875,0
XXRP.US,60,20251204,170000,14.16,14.65,14.16,14.5848,131766,0
XXRP.US,60,20251204,180000,14.6,14.65,14.31,14.38,136495,0
XXRP.US,60,20251204,190000,14.37,14.39,14.09,14.2599,140085,0
XXRP.US,60,20251204,200000,14.24,14.24,13.83,13.9011,203896,0
XXRP.US,60,20251204,210000,13.92,13.92,13.44,13.835,266243,0
XXRP.US,60,20251204,220000,13.83,13.98,13.69,13.93,258899,0
XXRP.US,60,20251205,160000,13.38,13.51,13.33,13.42,87428,0
XXRP.US,60,20251205,170000,13.45,13.85,13.45,13.57,277767,0
XXRP.US,60,20251205,180000,13.5564,13.5564,12.835,12.99,291654,0
XXRP.US,60,20251205,190000,12.9655,13.11,12.8,13.02,192635,0
XXRP.US,60,20251205,200000,13,13.1752,12.755,12.77,218426,0
XXRP.US,60,20251205,210000,12.77,13.075,12.71,13.036,90179,0
XXRP.US,60,20251205,220000,13,13,12.81,12.86,149579,0
XXRP.US,60,20251208,160000,13.72,13.91,13.54,13.565,220833,0
XXRP.US,60,20251208,170000,13.565,13.67,13.35,13.4301,185309,0
XXRP.US,60,20251208,180000,13.4335,13.5896,13.33,13.41,57327,0
XXRP.US,60,20251208,190000,13.39,13.54,13.35,13.51,51487,0
XXRP.US,60,20251208,200000,13.55,13.58,13.28,13.28,26758,0
XXRP.US,60,20251208,210000,13.39,13.5505,13.37,13.475,53637,0
XXRP.US,60,20251208,220000,13.5,13.675,13.49,13.6,92314,0
XXRP.US,60,20251209,160000,13.15,13.2499,13.095,13.17,46351,0
XXRP.US,60,20251209,170000,13.14,14,13.14,13.96,214038,0
XXRP.US,60,20251209,180000,13.96,14.74,13.96,14.59,391201,0
XXRP.US,60,20251209,190000,14.65,14.77,14.29,14.4,131420,0
XXRP.US,60,20251209,200000,14.405,14.51,14.2713,14.375,53756,0
XXRP.US,60,20251209,210000,14.365,14.365,14.15,14.17,62575,0
XXRP.US,60,20251209,220000,14.1618,14.2,13.7425,13.92,219992,0
XXRP.US,60,20251210,160000,13.24,13.33,13.2,13.2851,110979,0
XXRP.US,60,20251210,170000,13.26,13.39,13.18,13.2455,166947,0
XXRP.US,60,20251210,180000,13.24,13.4,13.1894,13.34,100211,0
XXRP.US,60,20251210,190000,13.32,13.431,13.22,13.245,50179,0
XXRP.US,60,20251210,200000,13.24,13.58,13.2,13.335,86781,0
XXRP.US,60,20251210,210000,13.33,13.52,12.93,13.3373,234738,0
XXRP.US,60,20251210,220000,13.33,13.88,13.18,13.26,439511,0
XXRP.US,60,20251211,160000,12.47,12.54,12.15,12.31,178759,0
XXRP.US,60,20251211,170000,12.28,12.5699,12.2464,12.39,193724,0
XXRP.US,60,20251211,180000,12.375,12.48,12.2192,12.2854,110394,0
XXRP.US,60,20251211,190000,12.31,12.41,12.24,12.369,94651,0
XXRP.US,60,20251211,200000,12.34,12.72,12.34,12.54,107677,0
XXRP.US,60,20251211,210000,12.57,12.76,12.44,12.58,155896,0
XXRP.US,60,20251211,220000,12.575,12.81,12.56,12.75,141211,0
XXRP.US,60,20251212,160000,12.835,12.9899,12.835,12.917,68787,0
XXRP.US,60,20251212,170000,12.9,12.91,12.05,12.13,246495,0
XXRP.US,60,20251212,180000,12.17,12.47,12.1,12.27,241751,0
XXRP.US,60,20251212,190000,12.29,12.48,12.259,12.3996,118860,0
XXRP.US,60,20251212,200000,12.37,12.75,12.33,12.6,64713,0
XXRP.US,60,20251212,210000,12.6,12.6,12.4,12.489,40362,0
XXRP.US,60,20251212,220000,12.47,12.5005,12.41,12.44,113234,0
XXRP.US,60,20251215,160000,12.08,12.16,11.55,11.67,237721,0
XXRP.US,60,20251215,170000,11.65,11.6725,11.3071,11.455,468000,0
XXRP.US,60,20251215,180000,11.44,11.52,11.24,11.32,262008,0
XXRP.US,60,20251215,190000,11.29,11.33,11.04,11.05,260322,0
XXRP.US,60,20251215,200000,11.0399,11.11,10.815,11.06,270470,0
XXRP.US,60,20251215,210000,11.065,11.24,11.055,11.1093,136096,0
XXRP.US,60,20251215,220000,11.1,11.1,10.89,10.97,217616,0
XXRP.US,60,20251216,160000,11.37,11.5115,11.23,11.3913,179522,0
XXRP.US,60,20251216,170000,11.4,11.665,11.295,11.619,141368,0
XXRP.US,60,20251216,180000,11.62,11.63,11.34,11.465,115313,0
XXRP.US,60,20251216,190000,11.44,11.53,11.32,11.32,54233,0
XXRP.US,60,20251216,200000,11.33,11.58,11.31,11.48,179452,0
XXRP.US,60,20251216,210000,11.4789,11.51,11.31005,11.44,69637,0
XXRP.US,60,20251216,220000,11.44,11.52,11.4,11.47,169998,0
XXRP.US,60,20251217,160000,11.45,11.93,11.2,11.89,171157,0
XXRP.US,60,20251217,170000,11.94,12.1724,11.2,11.25,475092,0
XXRP.US,60,20251217,180000,11.24,11.38,10.885,11.11,320388,0
XXRP.US,60,20251217,190000,11.09,11.1074,10.7701,10.7728,133468,0
XXRP.US,60,20251217,200000,10.81,10.9,10.55,10.605,174373,0
XXRP.US,60,20251217,210000,10.63,10.7208,10.48,10.6907,169127,0
XXRP.US,60,20251217,220000,10.705,10.91,10.612,10.845,134296,0
XXRP.US,60,20251218,160000,11.17,11.33,10.97,11.1193,75894,0
XXRP.US,60,20251218,170000,11.12,11.47,11.04,11.28,210945,0
XXRP.US,60,20251218,180000,11.31,11.3122,11.15,11.181,51925,0
XXRP.US,60,20251218,190000,11.18,11.18,10.37,10.7,178634,0
XXRP.US,60,20251218,200000,10.6707,10.8,10.39,10.4232,105788,0
XXRP.US,60,20251218,210000,10.42,10.45,9.93,10,401271,0
XXRP.US,60,20251218,220000,10.01,10.18,9.95,9.97,236974,0
XXRP.US,60,20251219,160000,10.715,10.915,10.6201,10.78,288558,0
XXRP.US,60,20251219,170000,10.79,11.08,10.71,10.7486,199045,0
XXRP.US,60,20251219,180000,10.76,11.025,10.75,10.92,140885,0
XXRP.US,60,20251219,190000,10.9,11.1113,10.74,10.74,138611,0
XXRP.US,60,20251219,200000,10.755,11,10.73,10.9452,122347,0
XXRP.US,60,20251219,210000,10.99,11.22,10.97,11.082,103909,0
XXRP.US,60,20251219,220000,11.0931,11.225,11.07,11.09,221802,0
XXRP.US,60,20251222,160000,11.42,11.48,11.291,11.455,93896,0
XXRP.US,60,20251222,170000,11.46,11.522,11.22,11.3825,156376,0
XXRP.US,60,20251222,180000,11.39,11.48,11.37,11.4473,46042,0
XXRP.US,60,20251222,190000,11.445,11.459,11.2596,11.3456,129617,0
XXRP.US,60,20251222,200000,11.3201,11.439,11.29,11.29,30023,0
XXRP.US,60,20251222,210000,11.27,11.27,10.985,11.01,127984,0
XXRP.US,60,20251222,220000,10.98,11.04,10.89,10.95,141129,0
XXRP.US,60,20251223,160000,10.72,10.8,10.55,10.644,179787,0
XXRP.US,60,20251223,170000,10.65,10.8458,10.6201,10.7451,89733,0
XXRP.US,60,20251223,180000,10.73,10.89,10.71,10.87,79292,0
XXRP.US,60,20251223,190000,10.87,10.87,10.6,10.615,96675,0
XXRP.US,60,20251223,200000,10.62,10.7828,10.6,10.75,18568,0
XXRP.US,60,20251223,210000,10.765,10.81,10.71,10.7501,56512,0
XXRP.US,60,20251223,220000,10.7501,10.9027,10.7114,10.79,68932,0
XXRP.US,60,20251224,160000,9.99,10.025,9.8,9.86,180787,0
XXRP.US,60,20251224,170000,9.86,9.975,9.8066,9.92,144851,0
XXRP.US,60,20251224,180000,9.91,10,9.8401,9.9099,99019,0
XXRP.US,60,20251224,190000,9.9013,9.98,9.76,9.784,199057,0
XXRP.US,60,20251224,200000,9.79,9.79,9.775,9.79,2453,0
XXRP.US,60,20251226,160000,10,10.01,9.66,9.68,237204,0
XXRP.US,60,20251226,170000,9.67,9.67,9.5,9.64,711737,0
XXRP.US,60,20251226,180000,9.646,9.74,9.6,9.61,95806,0
XXRP.US,60,20251226,190000,9.61,9.7555,9.61,9.7,101758,0
XXRP.US,60,20251226,200000,9.705,9.75,9.68,9.7219,83047,0
XXRP.US,60,20251226,210000,9.725,9.77,9.6835,9.74,67358,0
XXRP.US,60,20251226,220000,9.73,9.86,9.7028,9.8,144833,0
