<TICKER>,<PER>,<DATE>,<TIME>,<OPEN>,<HIGH>,<LOW>,<CLOSE>,<VOL>,<OPENINT>
ZSEP.US,60,20240904,160000,24.65,24.65,24.54,24.5808,56227,0
ZSEP.US,60,20240904,170000,24.61,24.61,24.56,24.595,81295,0
ZSEP.US,60,20240904,180000,24.6,24.61,24.58,24.5904,113936,0
ZSEP.US,60,20240904,190000,24.585,24.6,24.58,24.58,160037,0
ZSEP.US,60,20240904,200000,24.585,24.6,24.57,24.58,27930,0
ZSEP.US,60,20240904,210000,24.58,24.6,24.57,24.6,24952,0
ZSEP.US,60,20240904,220000,24.5994,24.5994,24.56,24.5757,43633,0
ZSEP.US,60,20240905,160000,24.61,24.625,24.595,24.6,5583,0
ZSEP.US,60,20240905,170000,24.615,24.63,24.5661,24.575,29145,0
ZSEP.US,60,20240905,180000,24.565,24.565,24.5452,24.55,24119,0
ZSEP.US,60,20240905,190000,24.55,24.56,24.5441,24.5598,18303,0
ZSEP.US,60,20240905,200000,24.56,24.59,24.54,24.58,36491,0
ZSEP.US,60,20240905,210000,24.58,24.58,24.5637,24.58,26112,0
ZSEP.US,60,20240905,220000,24.57,24.5897,24.54,24.56,36087,0
ZSEP.US,60,20240906,160000,24.6,24.6197,24.55,24.55,9410,0
ZSEP.US,60,20240906,170000,24.54,24.56,24.49,24.515,17009,0
ZSEP.US,60,20240906,180000,24.54,24.54,24.48,24.488,43358,0
ZSEP.US,60,20240906,190000,24.4821,24.49,24.475,24.4797,19430,0
ZSEP.US,60,20240906,200000,24.4701,24.5,24.4701,24.49,12529,0
ZSEP.US,60,20240906,210000,24.4991,24.4991,24.4725,24.49,25420,0
ZSEP.US,60,20240906,220000,24.49,24.51,24.49,24.5,68737,0
ZSEP.US,60,20240909,170000,24.54,24.54,24.51,24.51,4277,0
ZSEP.US,60,20240909,180000,24.525,24.54,24.52,24.525,95261,0
ZSEP.US,60,20240909,190000,24.52,24.55,24.52,24.53,12374,0
ZSEP.US,60,20240909,200000,24.53,24.5499,24.53,24.53,57605,0
ZSEP.US,60,20240909,210000,24.529,24.55,24.52,24.53,25091,0
ZSEP.US,60,20240909,220000,24.5499,24.55,24.51,24.54,34103,0
ZSEP.US,60,20240910,160000,24.5999,24.5999,24.5999,24.5999,800,0
ZSEP.US,60,20240910,170000,24.54,24.5699,24.5381,24.55,20318,0
ZSEP.US,60,20240910,180000,24.54,24.56,24.525,24.525,10419,0
ZSEP.US,60,20240910,190000,24.52,24.54,24.5161,24.54,39348,0
ZSEP.US,60,20240910,200000,24.5181,24.57,24.5181,24.5699,25286,0
ZSEP.US,60,20240910,210000,24.5697,24.5699,24.5541,24.5541,7222,0
ZSEP.US,60,20240910,220000,24.5541,24.57,24.5541,24.57,12584,0
ZSEP.US,60,20240911,160000,24.58,24.6,24.5081,24.5081,54441,0
ZSEP.US,60,20240911,170000,24.525,24.53,24.495,24.495,10844,0
ZSEP.US,60,20240911,180000,24.509,24.54,24.4801,24.5399,17045,0
ZSEP.US,60,20240911,190000,24.55,24.55,24.53,24.5341,15937,0
ZSEP.US,60,20240911,200000,24.55,24.57,24.5405,24.56,19714,0
ZSEP.US,60,20240911,210000,24.56,24.6099,24.55,24.595,31117,0
ZSEP.US,60,20240911,220000,24.595,24.61,24.59,24.61,36202,0
ZSEP.US,60,20240912,160000,24.64,24.64,24.6271,24.6271,4400,0
ZSEP.US,60,20240912,170000,24.61,24.6597,24.605,24.6061,5985,0
ZSEP.US,60,20240912,180000,24.615,24.63,24.6001,24.62,22321,0
ZSEP.US,60,20240912,190000,24.62,24.63,24.62,24.62,8328,0
ZSEP.US,60,20240912,200000,24.6435,24.66,24.6435,24.649,11407,0
ZSEP.US,60,20240912,210000,24.66,24.66,24.635,24.66,105352,0
ZSEP.US,60,20240912,220000,24.6599,24.66,24.61,24.62,13865,0
ZSEP.US,60,20240913,160000,24.77,24.77,24.67,24.67,170279,0
ZSEP.US,60,20240913,170000,24.6843,24.71,24.67,24.6916,32966,0
ZSEP.US,60,20240913,180000,24.709,24.71,24.67,24.709,10759,0
ZSEP.US,60,20240913,190000,24.709,24.71,24.67,24.69,47871,0
ZSEP.US,60,20240913,200000,24.68,24.72,24.6701,24.71,91362,0
ZSEP.US,60,20240913,210000,24.717,24.717,24.705,24.705,107032,0
ZSEP.US,60,20240913,220000,24.705,24.72,24.6962,24.72,18381,0
ZSEP.US,60,20240916,160000,24.705,24.73,24.705,24.73,2170,0
ZSEP.US,60,20240916,170000,24.7499,24.7499,24.7,24.7014,15074,0
ZSEP.US,60,20240916,180000,24.73,24.7499,24.67,24.7499,2680,0
ZSEP.US,60,20240916,190000,24.73,24.73,24.73,24.73,1818,0
ZSEP.US,60,20240916,200000,24.715,24.73,24.7037,24.72,29546,0
ZSEP.US,60,20240916,210000,24.73,24.74,24.725,24.7281,17996,0
ZSEP.US,60,20240916,220000,24.74,24.75,24.7175,24.7175,24120,0
ZSEP.US,60,20240917,160000,24.7336,24.7336,24.7336,24.7336,400,0
ZSEP.US,60,20240917,170000,24.75,24.77,24.7307,24.77,10968,0
ZSEP.US,60,20240917,180000,24.76,24.77,24.73,24.76,9529,0
ZSEP.US,60,20240917,190000,24.76,24.77,24.7001,24.7001,33254,0
ZSEP.US,60,20240917,200000,24.73,24.7499,24.7001,24.74,15762,0
ZSEP.US,60,20240917,210000,24.74,24.7499,24.7001,24.73,11367,0
ZSEP.US,60,20240917,220000,24.725,24.74,24.725,24.725,30973,0
ZSEP.US,60,20240918,160000,24.77,24.77,24.7121,24.73,9595,0
ZSEP.US,60,20240918,170000,24.7101,24.7599,24.7052,24.74,11243,0
ZSEP.US,60,20240918,180000,24.73,24.74,24.73,24.73,300,0
ZSEP.US,60,20240918,190000,24.73,24.74,24.7149,24.74,3200,0
ZSEP.US,60,20240918,200000,24.74,24.75,24.7201,24.7201,30137,0
ZSEP.US,60,20240918,210000,24.78,24.79,24.7444,24.778,66227,0
ZSEP.US,60,20240918,220000,24.77,24.78,24.7201,24.74,42366,0
ZSEP.US,60,20240919,160000,24.79,24.81,24.79,24.8,3829,0
ZSEP.US,60,20240919,170000,24.82,24.82,24.7967,24.7967,1208,0
ZSEP.US,60,20240919,180000,24.7852,24.83,24.7852,24.8015,6436,0
ZSEP.US,60,20240919,190000,24.82,24.82,24.7948,24.7948,4946,0
ZSEP.US,60,20240919,200000,24.82,24.8499,24.7701,24.8232,18096,0
ZSEP.US,60,20240919,210000,24.815,24.84,24.8038,24.8038,8741,0
ZSEP.US,60,20240919,220000,24.83,24.8499,24.78,24.78,107167,0
ZSEP.US,60,20240920,160000,24.82,24.83,24.82,24.82,6038,0
ZSEP.US,60,20240920,170000,24.8181,24.8299,24.7861,24.8299,6643,0
ZSEP.US,60,20240920,180000,24.805,24.81,24.805,24.81,700,0
ZSEP.US,60,20240920,190000,24.81,24.83,24.81,24.83,300,0
ZSEP.US,60,20240920,200000,24.83,24.84,24.83,24.84,300,0
ZSEP.US,60,20240920,210000,24.81,24.825,24.8,24.825,4234,0
ZSEP.US,60,20240920,220000,24.8399,24.8484,24.8,24.8,27394,0
ZSEP.US,60,20240923,160000,24.85,24.8699,24.82,24.82,4268,0
ZSEP.US,60,20240923,170000,24.85,24.85,24.8097,24.85,4082,0
ZSEP.US,60,20240923,180000,24.85,24.86,24.83,24.85,27451,0
ZSEP.US,60,20240923,190000,24.85,24.8599,24.7901,24.84,5078,0
ZSEP.US,60,20240923,200000,24.84,24.85,24.8,24.8,152612,0
ZSEP.US,60,20240923,210000,24.79,24.86,24.79,24.84,7847,0
ZSEP.US,60,20240923,220000,24.86,24.87,24.8,24.87,9381,0
ZSEP.US,60,20240924,180000,24.8101,24.86,24.8101,24.8599,13368,0
ZSEP.US,60,20240924,190000,24.858,24.87,24.858,24.87,1100,0
ZSEP.US,60,20240924,200000,24.87,24.8799,24.86,24.87,127053,0
ZSEP.US,60,20240924,210000,24.87,24.8751,24.8401,24.87,12405,0
ZSEP.US,60,20240924,220000,24.87,24.89,24.8401,24.88,7033,0
ZSEP.US,60,20240925,160000,24.9195,24.9195,24.9195,24.9195,6028,0
ZSEP.US,60,20240925,170000,24.87,24.88,24.8404,24.865,14664,0
ZSEP.US,60,20240925,180000,24.865,24.89,24.8401,24.88,5483,0
ZSEP.US,60,20240925,190000,24.88,24.8823,24.84,24.87,618,0
ZSEP.US,60,20240925,200000,24.87,24.87,24.8248,24.8248,400,0
ZSEP.US,60,20240925,210000,24.87,24.87,24.8321,24.87,3283,0
ZSEP.US,60,20240925,220000,24.88,24.89,24.8373,24.8373,15102,0
ZSEP.US,60,20240926,160000,24.8665,24.9116,24.8585,24.8585,1900,0
ZSEP.US,60,20240926,170000,24.87,24.87,24.87,24.87,200,0
ZSEP.US,60,20240926,180000,24.88,24.88,24.84,24.88,312,0
ZSEP.US,60,20240926,190000,24.8899,24.8899,24.865,24.865,5473,0
ZSEP.US,60,20240926,200000,24.87,24.87,24.842,24.87,3668,0
ZSEP.US,60,20240926,210000,24.87,24.878,24.87,24.878,38638,0
ZSEP.US,60,20240926,220000,24.88,24.8936,24.83,24.875,72063,0
ZSEP.US,60,20240927,160000,24.89,24.89,24.89,24.89,559,0
ZSEP.US,60,20240927,170000,24.9,24.9,24.89,24.9,700,0
ZSEP.US,60,20240927,180000,24.9,24.9,24.9,24.9,300,0
ZSEP.US,60,20240927,190000,24.89,24.9,24.89,24.9,1000,0
ZSEP.US,60,20240927,200000,24.9,24.9,24.9,24.9,400,0
ZSEP.US,60,20240927,210000,24.9,24.9,24.87,24.89,1349,0
ZSEP.US,60,20240927,220000,24.885,24.8999,24.87,24.873,7802,0
ZSEP.US,60,20240930,160000,24.89,24.89,24.865,24.865,2014,0
ZSEP.US,60,20240930,170000,24.87,24.87,24.8432,24.85,5632,0
ZSEP.US,60,20240930,180000,24.85,24.87,24.85,24.868,1100,0
ZSEP.US,60,20240930,190000,24.868,24.88,24.868,24.88,3914,0
ZSEP.US,60,20240930,200000,24.88,24.88,24.8765,24.88,1300,0
ZSEP.US,60,20240930,210000,24.88,24.8999,24.8262,24.87,24872,0
ZSEP.US,60,20240930,220000,24.88,24.88,24.8617,24.87,5454,0
ZSEP.US,60,20241001,160000,24.85,24.85,24.85,24.85,3000,0
ZSEP.US,60,20241001,170000,24.8101,24.85,24.8001,24.83,8657,0
ZSEP.US,60,20241001,180000,24.83,24.84,24.8197,24.84,4504,0
ZSEP.US,60,20241001,190000,24.84,24.8569,24.82,24.83,5579,0
ZSEP.US,60,20241001,200000,24.82,24.82,24.81,24.82,6676,0
ZSEP.US,60,20241001,210000,24.82,24.86,24.82,24.84,13971,0
ZSEP.US,60,20241001,220000,24.84,24.85,24.8259,24.85,9495,0
ZSEP.US,60,20241002,160000,24.81,24.81,24.81,24.81,1795,0
ZSEP.US,60,20241002,170000,24.85,24.85,24.84,24.84,300,0
ZSEP.US,60,20241002,180000,24.84,24.84,24.84,24.84,500,0
ZSEP.US,60,20241002,190000,24.84,24.84,24.84,24.84,400,0
ZSEP.US,60,20241002,200000,24.838,24.86,24.8101,24.848,12020,0
ZSEP.US,60,20241002,210000,24.824,24.86,24.824,24.858,4947,0
ZSEP.US,60,20241002,220000,24.86,24.86,24.8101,24.86,15346,0
ZSEP.US,60,20241003,170000,24.85,24.85,24.85,24.85,100,0
ZSEP.US,60,20241003,180000,24.83,24.848,24.815,24.848,4844,0
ZSEP.US,60,20241003,190000,24.8216,24.84,24.8216,24.83,583,0
ZSEP.US,60,20241003,200000,24.815,24.8399,24.79,24.82,11388,0
ZSEP.US,60,20241003,210000,24.82,24.82,24.82,24.82,200,0
ZSEP.US,60,20241004,170000,24.8048,24.8048,24.8,24.8,200,0
ZSEP.US,60,20241004,180000,24.8,24.81,24.7801,24.81,4717,0
ZSEP.US,60,20241004,190000,24.8,24.81,24.8,24.8,13221,0
ZSEP.US,60,20241004,200000,24.81,24.81,24.8,24.81,2131,0
ZSEP.US,60,20241004,210000,24.81,24.81,24.79,24.8,197347,0
ZSEP.US,60,20241004,220000,24.8,24.82,24.8,24.82,7701,0
ZSEP.US,60,20241007,160000,24.87,24.87,24.83,24.84,3686,0
ZSEP.US,60,20241007,170000,24.83,24.84,24.8,24.8,703,0
ZSEP.US,60,20241007,180000,24.81,24.81,24.8,24.8,600,0
ZSEP.US,60,20241007,190000,24.8,24.83,24.79,24.808,3365,0
ZSEP.US,60,20241007,200000,24.8,24.82,24.8,24.8,2660,0
ZSEP.US,60,20241007,210000,24.808,24.808,24.78,24.79,21868,0
ZSEP.US,60,20241007,220000,24.8,24.8,24.8,24.8,100,0
ZSEP.US,60,20241008,160000,24.8,24.8,24.8,24.8,7876,0
ZSEP.US,60,20241008,170000,24.828,24.828,24.81,24.82,2299,0
ZSEP.US,60,20241008,180000,24.82,24.83,24.82,24.83,772,0
ZSEP.US,60,20241008,190000,24.82,24.83,24.82,24.82,600,0
ZSEP.US,60,20241008,200000,24.82,24.828,24.82,24.82,600,0
ZSEP.US,60,20241008,210000,24.82,24.83,24.82,24.83,300,0
ZSEP.US,60,20241008,220000,24.83,24.86,24.81,24.83,18783,0
ZSEP.US,60,20241009,170000,24.8101,24.825,24.8101,24.825,306,0
ZSEP.US,60,20241009,180000,24.83,24.84,24.83,24.83,3039,0
ZSEP.US,60,20241009,190000,24.84,24.8409,24.84,24.84,3675,0
ZSEP.US,60,20241009,200000,24.83,24.83,24.83,24.83,200,0
ZSEP.US,60,20241009,210000,24.83,24.83,24.65,24.83,50992,0
ZSEP.US,60,20241009,220000,24.832,24.85,24.832,24.85,231,0
ZSEP.US,60,20241010,170000,24.875,24.875,24.85,24.85,364,0
ZSEP.US,60,20241010,180000,24.85,24.86,24.8401,24.86,701,0
ZSEP.US,60,20241010,190000,24.8542,24.87,24.85,24.85,3221,0
ZSEP.US,60,20241010,200000,24.85,24.865,24.85,24.865,1100,0
ZSEP.US,60,20241010,210000,24.858,24.8732,24.84,24.8732,2636,0
ZSEP.US,60,20241011,170000,24.87,24.87,24.87,24.87,100,0
ZSEP.US,60,20241011,180000,24.8601,24.87,24.8601,24.87,513,0
ZSEP.US,60,20241011,190000,24.87,24.91,24.87,24.91,748,0
ZSEP.US,60,20241011,200000,24.908,24.908,24.8718,24.9,1096,0
ZSEP.US,60,20241011,210000,24.91,24.91,24.91,24.91,300,0
ZSEP.US,60,20241014,170000,24.94,24.94,24.94,24.94,200,0
ZSEP.US,60,20241014,180000,24.94,24.94,24.94,24.94,500,0
ZSEP.US,60,20241014,190000,24.94,24.94,24.94,24.94,400,0
ZSEP.US,60,20241014,200000,24.94,24.94,24.94,24.94,500,0
ZSEP.US,60,20241014,210000,24.94,24.94,24.94,24.94,400,0
ZSEP.US,60,20241015,170000,24.9191,24.95,24.9191,24.94,2200,0
ZSEP.US,60,20241015,180000,24.89,24.94,24.89,24.94,459,0
ZSEP.US,60,20241015,190000,24.94,24.94,24.94,24.94,300,0
ZSEP.US,60,20241015,200000,24.94,24.94,24.89,24.94,553,0
ZSEP.US,60,20241015,210000,24.94,24.94,24.93,24.94,950,0
ZSEP.US,60,20241015,220000,24.92,24.93,24.92,24.93,379,0
ZSEP.US,60,20241016,180000,24.93,24.93,24.91,24.93,500,0
ZSEP.US,60,20241016,190000,24.93,24.94,24.93,24.93,1018,0
ZSEP.US,60,20241016,200000,24.93,24.93,24.93,24.93,500,0
ZSEP.US,60,20241016,210000,24.93,24.94,24.9118,24.938,937,0
ZSEP.US,60,20241016,220000,24.9,24.9,24.9,24.9,10000,0
ZSEP.US,60,20241017,160000,24.9437,24.9437,24.9437,24.9437,2602,0
ZSEP.US,60,20241017,170000,24.96,24.96,24.9085,24.95,400,0
ZSEP.US,60,20241017,180000,24.91,24.958,24.9069,24.95,11419,0
ZSEP.US,60,20241017,190000,24.95,24.958,24.93,24.93,458,0
ZSEP.US,60,20241017,200000,24.95,24.95,24.9001,24.9001,358,0
ZSEP.US,60,20241017,210000,24.95,24.95,24.94,24.94,300,0
ZSEP.US,60,20241017,220000,24.9599,24.9599,24.9599,24.9599,118,0
ZSEP.US,60,20241018,180000,24.96,24.96,24.9009,24.9009,751,0
ZSEP.US,60,20241018,190000,24.96,24.96,24.96,24.96,100,0
ZSEP.US,60,20241018,200000,24.96,24.97,24.91,24.91,1200,0
ZSEP.US,60,20241018,210000,24.96,24.96,24.96,24.96,100,0
ZSEP.US,60,20241018,220000,24.9272,24.96,24.9272,24.96,521,0
ZSEP.US,60,20241021,180000,24.96,24.96,24.89,24.93,400,0
ZSEP.US,60,20241022,170000,24.94,24.94,24.94,24.94,100,0
ZSEP.US,60,20241022,180000,24.8957,24.94,24.8957,24.9065,2356,0
ZSEP.US,60,20241022,190000,24.95,24.95,24.925,24.95,354,0
ZSEP.US,60,20241022,200000,24.95,24.9512,24.95,24.95,446,0
ZSEP.US,60,20241022,210000,24.958,24.958,24.95,24.95,200,0
ZSEP.US,60,20241022,220000,24.9701,24.9701,24.9701,24.9701,315,0
ZSEP.US,60,20241023,170000,24.89,24.9334,24.88,24.88,1278,0
ZSEP.US,60,20241023,180000,24.8898,24.8898,24.8898,24.8898,182,0
ZSEP.US,60,20241023,190000,24.92,24.92,24.9,24.9,545,0
ZSEP.US,60,20241023,200000,24.9217,24.9217,24.8683,24.8683,1141,0
ZSEP.US,60,20241023,210000,24.8475,24.9,24.8475,24.875,717,0
ZSEP.US,60,20241024,160000,24.9,24.9,24.9,24.9,100,0
ZSEP.US,60,20241024,190000,24.912,24.912,24.912,24.912,320,0
ZSEP.US,60,20241024,200000,24.8979,24.8979,24.8979,24.8979,502,0
ZSEP.US,60,20241024,220000,24.9357,24.9357,24.9,24.9,4496,0
ZSEP.US,60,20241025,170000,24.9899,24.9899,24.936,24.9455,2153,0
ZSEP.US,60,20241025,190000,24.9302,24.9302,24.91,24.91,3848,0
ZSEP.US,60,20241025,200000,24.92,24.9792,24.92,24.93,7153,0
ZSEP.US,60,20241025,210000,24.88,24.88,24.88,24.88,15000,0
ZSEP.US,60,20241025,220000,24.925,24.925,24.925,24.925,178,0
ZSEP.US,60,20241028,160000,24.93,24.93,24.91,24.9201,941,0
ZSEP.US,60,20241028,170000,24.94,24.94,24.91,24.91,280,0
ZSEP.US,60,20241028,180000,24.92,24.94,24.9,24.9,470,0
ZSEP.US,60,20241028,190000,24.9152,24.9152,24.9152,24.9152,140,0
ZSEP.US,60,20241028,210000,24.9,24.93,24.9,24.91,1013,0
ZSEP.US,60,20241029,150000,24.92,24.92,24.92,24.92,3200,0
ZSEP.US,60,20241029,160000,24.91,24.91,24.91,24.91,203,0
ZSEP.US,60,20241029,170000,24.91,24.96,24.91,24.96,3543,0
ZSEP.US,60,20241029,180000,24.91,24.96,24.91,24.91,718,0
ZSEP.US,60,20241029,190000,24.96,24.96,24.91,24.91,549,0
ZSEP.US,60,20241029,200000,24.9308,24.9308,24.91,24.91,200,0
ZSEP.US,60,20241029,210000,24.91,24.91,24.9,24.9,316,0
ZSEP.US,60,20241030,160000,24.9001,24.9001,24.9,24.9,297,0
ZSEP.US,60,20241030,170000,24.9599,24.9599,24.9,24.9,468,0
ZSEP.US,60,20241030,180000,24.9209,24.9209,24.9,24.9,1007,0
ZSEP.US,60,20241030,190000,24.9,24.9,24.9,24.9,933,0
ZSEP.US,60,20241030,210000,24.89,24.8931,24.87,24.88,10606,0
ZSEP.US,60,20241031,160000,24.82,24.845,24.8,24.845,1363,0
ZSEP.US,60,20241031,170000,24.8,24.84,24.8,24.8,612,0
ZSEP.US,60,20241031,180000,24.801,24.82,24.8,24.8,2536,0
ZSEP.US,60,20241031,190000,24.8,24.8793,24.8,24.8793,218,0
ZSEP.US,60,20241031,210000,24.79,24.79,24.79,24.79,200,0
ZSEP.US,60,20241101,160000,24.85,24.9019,24.85,24.9019,490,0
ZSEP.US,60,20241101,170000,24.85,24.85,24.85,24.85,11576,0
ZSEP.US,60,20241101,180000,24.84,24.84,24.83,24.83,462,0
ZSEP.US,60,20241101,190000,24.84,24.84,24.84,24.84,111,0
ZSEP.US,60,20241101,200000,24.86,24.86,24.83,24.83,11736,0
ZSEP.US,60,20241101,210000,24.82,24.82,24.82,24.82,141,0
ZSEP.US,60,20241104,160000,24.8348,24.8348,24.8348,24.8348,200,0
ZSEP.US,60,20241104,170000,24.87,24.8799,24.82,24.87,4154,0
ZSEP.US,60,20241104,180000,24.87,24.88,24.8082,24.8082,761,0
ZSEP.US,60,20241104,190000,24.828,24.86,24.81,24.81,312,0
ZSEP.US,60,20241104,210000,24.86,24.87,24.86,24.86,700,0
ZSEP.US,60,20241104,220000,24.8101,24.8625,24.8101,24.86,2245,0
ZSEP.US,60,20241105,160000,24.82,24.82,24.82,24.82,1112,0
ZSEP.US,60,20241105,170000,24.89,24.89,24.8416,24.8416,211,0
ZSEP.US,60,20241105,180000,24.8587,24.875,24.8587,24.875,284,0
ZSEP.US,60,20241105,200000,24.8698,24.8698,24.84,24.85,13954,0
ZSEP.US,60,20241105,210000,24.89,24.89,24.89,24.89,100,0
ZSEP.US,60,20241105,220000,24.85,24.86,24.85,24.86,300,0
ZSEP.US,60,20241106,170000,24.965,25.0195,24.965,24.965,1728,0
ZSEP.US,60,20241106,180000,24.9529,25,24.9529,25,7923,0
ZSEP.US,60,20241106,190000,25,25,24.98,24.98,224,0
ZSEP.US,60,20241106,200000,25,25,24.9571,24.9571,345,0
ZSEP.US,60,20241106,210000,25,25,24.95,25,8329,0
ZSEP.US,60,20241106,220000,25,25,25,25,305,0
ZSEP.US,60,20241107,160000,25.015,25.015,24.9905,24.9905,981,0
ZSEP.US,60,20241107,210000,25.01,25.01,24.98,24.98,2594,0
ZSEP.US,60,20241107,220000,24.995,24.995,24.995,24.995,200,0
ZSEP.US,60,20241108,160000,25.0678,25.0678,25.0678,25.0678,318,0
ZSEP.US,60,20241108,170000,25.02,25.02,25.02,25.02,200,0
ZSEP.US,60,20241108,180000,25.02,25.02,25.02,25.02,300,0
ZSEP.US,60,20241108,190000,25.01,25.01,25.01,25.01,300,0
ZSEP.US,60,20241108,200000,25.01,25.02,25.01,25.01,300,0
ZSEP.US,60,20241108,210000,25.01,25.035,25.01,25.02,1623,0
ZSEP.US,60,20241108,220000,25.0066,25.0224,25.0066,25.01,2666,0
ZSEP.US,60,20241111,170000,25.0099,25.0099,25.0099,25.0099,190,0
ZSEP.US,60,20241111,190000,25.06,25.06,24.99,25,5602,0
ZSEP.US,60,20241111,210000,25,25,25,25,100,0
ZSEP.US,60,20241111,220000,25.01,25.01,25.01,25.01,213,0
ZSEP.US,60,20241112,170000,25.006,25.006,24.99,24.99,388,0
ZSEP.US,60,20241112,180000,25.08,25.08,24.99,24.99,600,0
ZSEP.US,60,20241112,190000,24.992,24.992,24.992,24.992,500,0
ZSEP.US,60,20241112,200000,24.992,25,24.99,25,731,0
ZSEP.US,60,20241112,210000,25,25,25,25,710,0
ZSEP.US,60,20241112,220000,25.0439,25.0439,25.0439,25.0439,278,0
ZSEP.US,60,20241113,190000,25.0362,25.0362,25.0362,25.0362,375,0
ZSEP.US,60,20241113,200000,25.0657,25.0657,25.0657,25.0657,124,0
ZSEP.US,60,20241113,210000,25.01,25.0242,25.01,25.01,3247,0
ZSEP.US,60,20241113,220000,25.03,25.0895,25,25,9496,0
ZSEP.US,60,20241114,190000,25.02,25.02,25.02,25.02,898,0
ZSEP.US,60,20241114,200000,25.02,25.02,24.99,24.99,470,0
ZSEP.US,60,20241114,210000,25.02,25.02,24.99,24.99,874,0
ZSEP.US,60,20241114,220000,25.04,25.04,24.98,24.98,841,0
ZSEP.US,60,20241115,200000,24.955,24.955,24.955,24.955,232,0
ZSEP.US,60,20241115,210000,24.9354,24.96,24.9354,24.96,202,0
ZSEP.US,60,20241115,220000,24.9919,24.9919,24.92,24.92,1685,0
ZSEP.US,60,20241118,160000,24.9208,24.9208,24.9208,24.9208,189,0
ZSEP.US,60,20241118,170000,24.93,24.955,24.93,24.955,244,0
ZSEP.US,60,20241118,180000,24.95,24.95,24.95,24.95,98009,0
ZSEP.US,60,20241118,190000,24.99,24.99,24.95,24.95,1319,0
ZSEP.US,60,20241118,200000,24.9897,24.9897,24.9897,24.9897,330,0
ZSEP.US,60,20241118,210000,24.93,24.93,24.93,24.93,104284,0
ZSEP.US,60,20241118,220000,24.93,24.98,24.93,24.94,463,0
ZSEP.US,60,20241119,170000,24.93,24.93,24.93,24.93,100,0
ZSEP.US,60,20241119,180000,24.95,24.95,24.95,24.95,100,0
ZSEP.US,60,20241119,210000,24.96,24.99,24.96,24.96,27621,0
ZSEP.US,60,20241119,220000,24.97,24.97,24.96,24.96,10192,0
ZSEP.US,60,20241120,170000,24.99,25.0091,24.92,24.92,587,0
ZSEP.US,60,20241120,180000,24.9429,24.97,24.93,24.93,1144,0
ZSEP.US,60,20241120,190000,24.9418,24.98,24.935,24.9352,1520,0
ZSEP.US,60,20241120,210000,24.96,24.9799,24.96,24.9799,1251,0
ZSEP.US,60,20241120,220000,24.96,24.96,24.96,24.96,200,0
ZSEP.US,60,20241121,190000,24.96,24.98,24.96,24.98,296,0
ZSEP.US,60,20241121,200000,24.99,24.99,24.99,24.99,200,0
ZSEP.US,60,20241122,180000,25,25,25,25,100,0
ZSEP.US,60,20241122,190000,25,25.025,25,25.025,344,0
ZSEP.US,60,20241122,200000,25.025,25.025,25.025,25.025,470,0
ZSEP.US,60,20241122,210000,24.9984,24.9984,24.9984,24.9984,229,0
ZSEP.US,60,20241122,220000,25,25,25,25,200,0
ZSEP.US,60,20241125,170000,25.02,25.055,25.02,25.055,262,0
ZSEP.US,60,20241125,180000,25.02,25.03,25.02,25.03,200,0
ZSEP.US,60,20241125,190000,25.02,25.02,25.02,25.02,200,0
ZSEP.US,60,20241125,200000,25.02,25.0411,25.02,25.02,550,0
ZSEP.US,60,20241125,210000,25.03,25.03,25.022,25.022,200,0
ZSEP.US,60,20241125,220000,25.02,25.02,25.02,25.02,100,0
ZSEP.US,60,20241126,170000,25.03,25.07,25.03,25.04,15800,0
ZSEP.US,60,20241126,180000,25.03,25.03,25.03,25.03,100,0
ZSEP.US,60,20241126,190000,25.03,25.03,25.03,25.03,100,0
ZSEP.US,60,20241126,220000,25.05,25.05,25.05,25.05,222,0
ZSEP.US,60,20241127,180000,25.04,25.04,25.04,25.04,100,0
ZSEP.US,60,20241127,190000,25.0208,25.0296,25.0208,25.0296,1827,0
ZSEP.US,60,20241129,180000,25.105,25.105,25.105,25.105,109,0
ZSEP.US,60,20241202,160000,25.125,25.125,25.0887,25.0887,432,0
ZSEP.US,60,20241202,190000,25.0885,25.0885,25.0885,25.0885,700,0
ZSEP.US,60,20241202,200000,25.1083,25.1083,25.08,25.1,71453,0
ZSEP.US,60,20241202,220000,25.0899,25.0899,25.08,25.08,652,0
ZSEP.US,60,20241203,170000,25.0912,25.12,25.0901,25.0901,1345,0
ZSEP.US,60,20241203,220000,25.1263,25.1263,25.12,25.12,378,0
ZSEP.US,60,20241204,190000,25.13,25.13,25.13,25.13,37446,0
ZSEP.US,60,20241204,200000,25.11,25.11,25.11,25.11,5000,0
ZSEP.US,60,20241204,210000,25.12,25.12,25.1102,25.1102,1949,0
ZSEP.US,60,20241204,220000,25.1101,25.12,25.1101,25.12,2440,0
ZSEP.US,60,20241205,170000,25.185,25.1997,25.1238,25.1238,1282,0
ZSEP.US,60,20241205,180000,25.12,25.12,25.12,25.12,800,0
ZSEP.US,60,20241205,200000,25.12,25.12,25.12,25.12,3408,0
ZSEP.US,60,20241205,220000,25.135,25.1594,25.11,25.11,3286,0
ZSEP.US,60,20241206,180000,25.13,25.14,25.13,25.1398,6218,0
ZSEP.US,60,20241206,220000,25.15,25.15,25.13,25.13,597,0
ZSEP.US,60,20241209,160000,25.1503,25.1503,25.1503,25.1503,600,0
ZSEP.US,60,20241209,180000,25.162,25.1635,25.162,25.1635,485,0
ZSEP.US,60,20241209,200000,25.14,25.14,25.14,25.14,500,0
ZSEP.US,60,20241210,180000,25.1807,25.1807,25.1807,25.1807,216,0
ZSEP.US,60,20241210,190000,25.15,25.15,25.15,25.15,356,0
ZSEP.US,60,20241210,220000,25.16,25.16,25.16,25.16,1725,0
ZSEP.US,60,20241211,160000,25.16,25.16,25.16,25.16,240,0
ZSEP.US,60,20241211,170000,25.165,25.165,25.165,25.165,142,0
ZSEP.US,60,20241211,180000,25.1508,25.1508,25.1508,25.1508,377,0
ZSEP.US,60,20241211,200000,25.1402,25.175,25.11,25.175,20932,0
ZSEP.US,60,20241211,210000,25.14,25.14,25.14,25.14,100,0
ZSEP.US,60,20241212,160000,25.1563,25.1563,25.1563,25.1563,148,0
ZSEP.US,60,20241212,170000,25.2,25.2182,25.16,25.16,2700,0
ZSEP.US,60,20241212,180000,25.1513,25.1513,25.1513,25.1513,200,0
ZSEP.US,60,20241212,190000,25.1411,25.1411,25.1411,25.1411,115,0
ZSEP.US,60,20241212,200000,25.131,25.1414,25.13,25.1414,2844,0
ZSEP.US,60,20241212,210000,25.12,25.151,25.12,25.151,76761,0
ZSEP.US,60,20241213,170000,25.1184,25.16,25.1184,25.16,2500,0
ZSEP.US,60,20241216,160000,25.165,25.165,25.165,25.165,823,0
ZSEP.US,60,20241216,170000,25.165,25.165,25.13,25.13,891,0
ZSEP.US,60,20241216,190000,25.19,25.19,25.19,25.19,1700,0
ZSEP.US,60,20241216,200000,25.14,25.14,25.14,25.14,100,0
ZSEP.US,60,20241216,220000,25.14,25.175,25.14,25.175,2349,0
ZSEP.US,60,20241217,180000,25.13,25.17,25.1213,25.17,1357,0
ZSEP.US,60,20241217,190000,25.14,25.14,25.14,25.14,100,0
ZSEP.US,60,20241217,220000,25.1277,25.17,25.1277,25.17,733,0
ZSEP.US,60,20241218,180000,25.14,25.165,25.14,25.14,1300,0
ZSEP.US,60,20241219,170000,25.03,25.03,25.03,25.03,100,0
ZSEP.US,60,20241219,200000,25.02,25.02,25.02,25.02,300,0
ZSEP.US,60,20241219,210000,25.0818,25.0818,25.02,25.02,707,0
ZSEP.US,60,20241219,220000,25.02,25.02,25.02,25.02,100,0
ZSEP.US,60,20241220,170000,25.03,25.03,25.02,25.03,2400,0
ZSEP.US,60,20241220,180000,25.0701,25.08,25.0701,25.08,925,0
ZSEP.US,60,20241220,190000,25.105,25.105,25.105,25.105,475,0
ZSEP.US,60,20241220,220000,25.07,25.07,25.07,25.07,100,0
ZSEP.US,60,20241223,170000,25.05,25.075,25.05,25.075,200,0
ZSEP.US,60,20241223,180000,25.08,25.12,25.0798,25.0798,428,0
ZSEP.US,60,20241223,190000,25.11,25.13,25.08,25.13,400,0
ZSEP.US,60,20241223,200000,25.13,25.13,25.13,25.13,200,0
ZSEP.US,60,20241223,210000,25.13,25.13,25.1,25.13,1780,0
ZSEP.US,60,20241223,220000,25.09,25.0961,25.09,25.0961,3952,0
ZSEP.US,60,20241224,170000,25.1474,25.1474,25.13,25.13,916,0
ZSEP.US,60,20241224,180000,25.179,25.179,25.13,25.13,200,0
ZSEP.US,60,20241226,170000,25.1285,25.15,25.1285,25.15,317,0
ZSEP.US,60,20241226,180000,25.15,25.15,25.15,25.15,896,0
ZSEP.US,60,20241227,200000,25.09,25.09,25.09,25.09,540,0
ZSEP.US,60,20241227,220000,25.1,25.11,25.1,25.11,1100,0
ZSEP.US,60,20241230,170000,25.04,25.0776,25.04,25.0655,659,0
ZSEP.US,60,20241230,180000,25.07,25.08,25.07,25.08,2379,0
ZSEP.US,60,20241230,190000,25.08,25.14,25.08,25.1,12964,0
ZSEP.US,60,20241230,200000,25.1,25.1,25.09,25.09,3556,0
ZSEP.US,60,20241230,210000,25.12,25.12,25.09,25.09,1705,0
ZSEP.US,60,20241230,220000,25.09,25.1156,25.09,25.09,446,0
ZSEP.US,60,20241231,160000,25.1,25.1,25.1,25.1,1000,0
ZSEP.US,60,20241231,170000,25.098,25.11,25.09,25.095,3749,0
ZSEP.US,60,20241231,180000,25.07,25.0816,25.07,25.07,3572,0
ZSEP.US,60,20241231,220000,25.06,25.06,25.06,25.06,122,0
ZSEP.US,60,20250102,160000,25.115,25.115,25.115,25.115,294,0
ZSEP.US,60,20250102,170000,25.0683,25.08,25.0683,25.08,217,0
ZSEP.US,60,20250102,190000,25.06,25.06,25.06,25.06,100,0
ZSEP.US,60,20250102,220000,25.05,25.0637,25.05,25.05,836,0
ZSEP.US,60,20250103,170000,25.09,25.09,25.09,25.09,813,0
ZSEP.US,60,20250103,200000,25.135,25.135,25.135,25.135,118,0
ZSEP.US,60,20250103,220000,25.12,25.135,25.12,25.135,692,0
ZSEP.US,60,20250106,180000,25.19,25.19,25.19,25.19,100,0
ZSEP.US,60,20250106,190000,25.2,25.21,25.18,25.18,9335,0
ZSEP.US,60,20250106,200000,25.16,25.16,25.15,25.15,200,0
ZSEP.US,60,20250106,210000,25.14,25.14,25.14,25.14,100,0
ZSEP.US,60,20250106,220000,25.17,25.17,25.17,25.17,100,0
ZSEP.US,60,20250107,160000,25.17,25.1701,25.17,25.1701,580,0
ZSEP.US,60,20250107,170000,25.17,25.19,25.13,25.13,9389,0
ZSEP.US,60,20250107,180000,25.1474,25.1474,25.1474,25.1474,138,0
ZSEP.US,60,20250107,190000,25.11,25.1392,25.11,25.1392,306,0
ZSEP.US,60,20250107,200000,25.09,25.13,25.09,25.13,8376,0
ZSEP.US,60,20250107,210000,25.1324,25.14,25.1324,25.14,220,0
ZSEP.US,60,20250107,220000,25.144,25.144,25.08,25.08,21123,0
ZSEP.US,60,20250108,210000,25.1,25.1,25.1,25.1,100,0
ZSEP.US,60,20250110,180000,25.03,25.055,25.03,25.0412,2139,0
ZSEP.US,60,20250110,190000,25.0416,25.0416,25.0416,25.0416,1740,0
ZSEP.US,60,20250110,200000,25.05,25.07,25.05,25.0699,50060,0
ZSEP.US,60,20250110,210000,25.05,25.08,25.05,25.08,56830,0
ZSEP.US,60,20250110,220000,25.07,25.07,25.04,25.04,226437,0
ZSEP.US,60,20250113,160000,25,25.0236,25,25.0001,1046,0
ZSEP.US,60,20250113,190000,24.99,24.99,24.99,24.99,188519,0
ZSEP.US,60,20250113,200000,25.045,25.045,25.045,25.045,167,0
ZSEP.US,60,20250113,220000,25.05,25.06,25.03,25.06,66553,0
ZSEP.US,60,20250114,170000,25.0843,25.09,25.07,25.07,2252,0
ZSEP.US,60,20250114,180000,25.05,25.05,25.04,25.04,4172,0
ZSEP.US,60,20250114,200000,25.06,25.06,25.06,25.06,363,0
ZSEP.US,60,20250115,220000,25.16,25.16,25.16,25.16,161,0
ZSEP.US,60,20250116,180000,25.2,25.2099,25.2,25.2099,5162,0
ZSEP.US,60,20250116,210000,25.16,25.19,25.16,25.16,3358,0
ZSEP.US,60,20250121,220000,25.185,25.25,25.185,25.25,356,0
ZSEP.US,60,20250122,170000,25.2801,25.2801,25.2801,25.2801,100,0
ZSEP.US,60,20250122,180000,25.3058,25.3058,25.29,25.29,287,0
ZSEP.US,60,20250122,210000,25.31,25.3192,25.31,25.3192,990,0
ZSEP.US,60,20250122,220000,25.29,25.29,25.28,25.28,204,0
ZSEP.US,60,20250123,160000,25.3,25.3,25.2705,25.28,5500,0
ZSEP.US,60,20250123,170000,25.28,25.28,25.28,25.28,100,0
ZSEP.US,60,20250123,180000,25.28,25.29,25.28,25.29,1020,0
ZSEP.US,60,20250123,190000,25.28,25.285,25.28,25.285,266,0
ZSEP.US,60,20250123,200000,25.29,25.29,25.29,25.29,100,0
ZSEP.US,60,20250123,210000,25.29,25.3,25.29,25.2901,6520,0
ZSEP.US,60,20250123,220000,25.29,25.31,25.29,25.3,4974,0
ZSEP.US,60,20250124,160000,25.32,25.3209,25.32,25.3209,1400,0
ZSEP.US,60,20250124,170000,25.3119,25.3119,25.3119,25.3119,2000,0
ZSEP.US,60,20250124,190000,25.32,25.32,25.32,25.32,100,0
ZSEP.US,60,20250124,220000,25.3,25.3,25.3,25.3,103,0
ZSEP.US,60,20250127,210000,25.2301,25.245,25.23,25.245,4550,0
ZSEP.US,60,20250127,220000,25.23,25.24,25.23,25.24,334,0
ZSEP.US,60,20250128,190000,25.2885,25.2885,25.2885,25.2885,351,0
ZSEP.US,60,20250128,220000,25.29,25.29,25.29,25.29,101,0
ZSEP.US,60,20250129,190000,25.2787,25.2787,25.2787,25.2787,1200,0
ZSEP.US,60,20250130,210000,25.32,25.3399,25.2901,25.2901,4829,0
ZSEP.US,60,20250130,220000,25.28,25.28,25.28,25.28,106,0
ZSEP.US,60,20250131,190000,25.3337,25.3337,25.3337,25.3337,125,0
ZSEP.US,60,20250131,220000,25.29,25.2903,25.2701,25.2701,5426,0
ZSEP.US,60,20250203,170000,25.24,25.25,25.24,25.25,3539,0
ZSEP.US,60,20250203,180000,25.24,25.24,25.24,25.24,100,0
ZSEP.US,60,20250203,190000,25.24,25.24,25.23,25.2332,7238,0
ZSEP.US,60,20250203,200000,25.24,25.24,25.24,25.24,2000,0
ZSEP.US,60,20250203,220000,25.26,25.3,25.26,25.3,320836,0
ZSEP.US,60,20250204,180000,25.28,25.28,25.28,25.28,1687,0
ZSEP.US,60,20250204,220000,25.3,25.302,25.3,25.302,19152,0
ZSEP.US,60,20250205,200000,25.3,25.3,25.3,25.3,96544,0
ZSEP.US,60,20250205,210000,25.3044,25.3044,25.3044,25.3044,3000,0
ZSEP.US,60,20250206,180000,25.3189,25.3189,25.3189,25.3189,203,0
ZSEP.US,60,20250206,190000,25.31,25.31,25.31,25.31,1500,0
ZSEP.US,60,20250207,170000,25.3699,25.3699,25.3699,25.3699,3898,0
ZSEP.US,60,20250207,220000,25.3588,25.3588,25.2901,25.2901,218,0
ZSEP.US,60,20250210,210000,25.32,25.335,25.312,25.312,500,0
ZSEP.US,60,20250210,220000,25.31,25.31,25.3,25.31,6860,0
ZSEP.US,60,20250211,180000,25.3105,25.3105,25.3105,25.3105,7875,0
ZSEP.US,60,20250211,190000,25.3086,25.3086,25.3086,25.3086,416,0
ZSEP.US,60,20250211,210000,25.32,25.336,25.32,25.336,901,0
ZSEP.US,60,20250212,220000,25.3266,25.35,25.3266,25.35,2167,0
ZSEP.US,60,20250213,210000,25.355,25.355,25.355,25.355,200,0
ZSEP.US,60,20250214,220000,25.3562,25.39,25.35,25.36,3433,0
ZSEP.US,60,20250218,170000,25.3716,25.4399,25.3716,25.4399,1923,0
ZSEP.US,60,20250218,180000,25.4,25.4,25.4,25.4,100,0
ZSEP.US,60,20250218,210000,25.37,25.37,25.37,25.37,200,0
ZSEP.US,60,20250219,190000,25.4003,25.405,25.38,25.405,12487,0
ZSEP.US,60,20250219,200000,25.3736,25.38,25.3736,25.38,2815,0
ZSEP.US,60,20250220,220000,25.38,25.38,25.38,25.38,200,0
ZSEP.US,60,20250224,190000,25.33,25.335,25.33,25.335,795,0
ZSEP.US,60,20250224,200000,25.32,25.32,25.32,25.32,100,0
ZSEP.US,60,20250224,220000,25.31,25.31,25.31,25.31,100,0
ZSEP.US,60,20250225,160000,25.27,25.27,25.27,25.27,100,0
ZSEP.US,60,20250225,170000,25.25,25.262,25.23,25.23,10200,0
ZSEP.US,60,20250225,180000,25.24,25.25,25.24,25.25,600,0
ZSEP.US,60,20250225,190000,25.25,25.26,25.25,25.26,1000,0
ZSEP.US,60,20250225,210000,25.27,25.27,25.27,25.27,200,0
ZSEP.US,60,20250225,220000,25.2633,25.285,25.2633,25.285,1074,0
ZSEP.US,60,20250226,170000,25.29,25.3,25.29,25.3,400,0
ZSEP.US,60,20250226,180000,25.31,25.31,25.31,25.31,577,0
ZSEP.US,60,20250226,220000,25.3,25.3,25.3,25.3,6070,0
ZSEP.US,60,20250227,170000,25.27,25.27,25.26,25.27,2400,0
ZSEP.US,60,20250227,190000,25.27,25.27,25.27,25.27,2441,0
ZSEP.US,60,20250227,200000,25.26,25.26,25.26,25.26,1016,0
ZSEP.US,60,20250228,170000,25.2,25.2,25.2,25.2,800,0
ZSEP.US,60,20250228,200000,25.19,25.19,25.19,25.19,100,0
ZSEP.US,60,20250228,220000,25.22,25.24,25.22,25.24,300,0
ZSEP.US,60,20250303,170000,25.27,25.27,25.27,25.27,3282,0
ZSEP.US,60,20250304,190000,25.09,25.09,25.09,25.09,100,0
ZSEP.US,60,20250304,200000,25.12,25.12,25.12,25.12,100,0
ZSEP.US,60,20250304,220000,25.165,25.165,25.165,25.165,737,0
ZSEP.US,60,20250306,170000,25.12,25.12,25.11,25.11,200,0
ZSEP.US,60,20250306,190000,25.06,25.0601,25.06,25.0601,800,0
ZSEP.US,60,20250306,200000,25.05,25.05,25.05,25.05,100,0
ZSEP.US,60,20250306,210000,25.06,25.09,25.06,25.09,300,0
ZSEP.US,60,20250306,220000,25.06,25.06,25.06,25.06,100,0
ZSEP.US,60,20250307,180000,24.99,24.99,24.99,24.99,100,0
ZSEP.US,60,20250307,200000,25.08,25.0801,25.08,25.0801,848,0
ZSEP.US,60,20250310,160000,24.98,24.98,24.98,24.98,100,0
ZSEP.US,60,20250310,190000,24.9559,24.96,24.9559,24.96,700,0
ZSEP.US,60,20250310,200000,24.94,24.94,24.94,24.94,100,0
ZSEP.US,60,20250310,210000,24.94,24.95,24.93,24.93,19456,0
ZSEP.US,60,20250311,160000,24.88,24.88,24.88,24.88,100,0
ZSEP.US,60,20250311,170000,24.88,24.91,24.88,24.91,508,0
ZSEP.US,60,20250311,180000,24.88,24.88,24.88,24.88,100,0
ZSEP.US,60,20250311,190000,24.88,24.88,24.87,24.87,1698,0
ZSEP.US,60,20250311,200000,24.88,24.9576,24.88,24.9576,1023,0
ZSEP.US,60,20250311,210000,24.91,24.91,24.91,24.91,659,0
ZSEP.US,60,20250312,160000,24.89,24.89,24.88,24.88,300,0
ZSEP.US,60,20250312,180000,24.92,24.92,24.92,24.92,1214,0
ZSEP.US,60,20250312,200000,24.925,24.925,24.925,24.925,100,0
ZSEP.US,60,20250313,180000,24.85,24.85,24.85,24.85,100,0
ZSEP.US,60,20250313,200000,24.81,24.81,24.8,24.81,3140,0
ZSEP.US,60,20250314,160000,24.87,24.87,24.87,24.87,100,0
ZSEP.US,60,20250314,180000,24.94,24.97,24.9001,24.9001,5868,0
ZSEP.US,60,20250314,190000,24.92,24.92,24.92,24.92,100,0
ZSEP.US,60,20250314,210000,24.92,24.94,24.91,24.94,2200,0
ZSEP.US,60,20250317,160000,24.97,25.0199,24.97,25.0199,899,0
ZSEP.US,60,20250317,170000,24.985,24.985,24.985,24.985,408,0
ZSEP.US,60,20250317,190000,24.97,24.97,24.97,24.97,100,0
ZSEP.US,60,20250317,200000,25,25,25,25,100,0
ZSEP.US,60,20250317,210000,24.99,24.99,24.99,24.99,100,0
ZSEP.US,60,20250319,170000,24.974,24.974,24.96,24.96,1703,0
ZSEP.US,60,20250319,180000,24.96,24.96,24.96,24.96,100,0
ZSEP.US,60,20250319,200000,24.965,24.99,24.965,24.99,200,0
ZSEP.US,60,20250320,170000,25.01,25.01,25.01,25.01,200,0
ZSEP.US,60,20250321,150000,24.97,24.97,24.97,24.97,1500,0
ZSEP.US,60,20250321,160000,24.92,24.92,24.92,24.92,100,0
ZSEP.US,60,20250321,190000,24.94,24.96,24.94,24.96,16480,0
ZSEP.US,60,20250324,160000,25.08,25.08,25.08,25.08,100,0
ZSEP.US,60,20250324,170000,25.08,25.13,25.08,25.08,503,0
ZSEP.US,60,20250324,200000,25.07,25.07,25.07,25.07,100,0
ZSEP.US,60,20250325,160000,25.1,25.149,25.1,25.149,957,0
ZSEP.US,60,20250325,190000,25.11,25.11,25.11,25.11,159,0
ZSEP.US,60,20250326,170000,25.13,25.13,25.08,25.11,11278,0
ZSEP.US,60,20250326,180000,25.1,25.1,25.09,25.09,2180,0
ZSEP.US,60,20250326,190000,25.11,25.11,25.03,25.03,5972,0
ZSEP.US,60,20250326,200000,25.04,25.04,25.04,25.04,100,0
ZSEP.US,60,20250326,210000,25.03,25.03,25.03,25.03,100,0
ZSEP.US,60,20250327,180000,25.04,25.04,25.04,25.04,100,0
ZSEP.US,60,20250328,160000,24.94,24.94,24.94,24.94,100,0
ZSEP.US,60,20250328,170000,24.91,24.91,24.91,24.91,100,0
ZSEP.US,60,20250331,180000,24.86,24.86,24.86,24.86,162,0
ZSEP.US,60,20250331,190000,24.83,24.83,24.83,24.83,100,0
ZSEP.US,60,20250331,220000,24.92,24.92,24.92,24.92,113,0
ZSEP.US,60,20250401,210000,24.89,24.915,24.89,24.915,2427,0
ZSEP.US,60,20250401,220000,24.911,24.97,24.911,24.97,894,0
ZSEP.US,60,20250402,190000,25,25,25,25,200,0
ZSEP.US,60,20250402,210000,25.02,25.02,25.02,25.02,100,0
ZSEP.US,60,20250403,170000,24.78,24.78,24.78,24.78,125,0
ZSEP.US,60,20250403,180000,24.71,24.71,24.71,24.71,100,0
ZSEP.US,60,20250403,210000,24.77,24.77,24.77,24.77,38358,0
ZSEP.US,60,20250403,220000,24.72,24.8099,24.68,24.68,11329,0
ZSEP.US,60,20250404,160000,24.61,24.61,24.61,24.61,5000,0
ZSEP.US,60,20250404,170000,24.49,24.4901,24.49,24.4901,200,0
ZSEP.US,60,20250404,180000,24.525,24.525,24.525,24.525,100,0
ZSEP.US,60,20250404,220000,24.4101,24.4752,24.4101,24.4752,1123,0
ZSEP.US,60,20250407,160000,24.35,24.35,24.35,24.35,100,0
ZSEP.US,60,20250407,180000,24.4,24.4,24.4,24.4,200,0
ZSEP.US,60,20250407,190000,24.42,24.42,24.42,24.42,1350,0
ZSEP.US,60,20250407,200000,24.41,24.44,24.41,24.44,679,0
ZSEP.US,60,20250407,210000,24.46,24.46,24.46,24.46,100,0
ZSEP.US,60,20250407,220000,24.39,24.53,24.39,24.53,1026,0
ZSEP.US,60,20250408,170000,24.57,24.57,24.56,24.57,8768,0
ZSEP.US,60,20250408,180000,24.545,24.545,24.545,24.545,200,0
ZSEP.US,60,20250408,190000,24.5,24.5,24.44,24.44,886,0
ZSEP.US,60,20250408,200000,24.465,24.465,24.465,24.465,100,0
ZSEP.US,60,20250408,210000,24.43,24.48,24.43,24.48,600,0
ZSEP.US,60,20250408,220000,24.48,24.48,24.39,24.39,600,0
ZSEP.US,60,20250409,190000,24.44,24.44,24.44,24.44,230,0
ZSEP.US,60,20250409,200000,24.46,24.53,24.46,24.53,300,0
ZSEP.US,60,20250409,210000,24.69,24.8299,24.6701,24.8299,2463,0
ZSEP.US,60,20250409,220000,24.725,24.8227,24.725,24.76,13859,0
ZSEP.US,60,20250410,190000,24.6,24.62,24.56,24.62,12639,0
ZSEP.US,60,20250410,200000,24.6,24.6,24.6,24.6,100,0
ZSEP.US,60,20250410,220000,24.64,24.658,24.64,24.658,796,0
ZSEP.US,60,20250411,180000,24.64,24.69,24.64,24.68,535,0
ZSEP.US,60,20250411,190000,24.73,24.76,24.72,24.7202,705,0
ZSEP.US,60,20250411,200000,24.7691,24.7691,24.7691,24.7691,2473,0
ZSEP.US,60,20250414,180000,24.76,24.76,24.76,24.76,200,0
ZSEP.US,60,20250414,190000,24.74,24.81,24.74,24.79,271735,0
ZSEP.US,60,20250414,200000,24.81,24.81,24.72,24.75,9231,0
ZSEP.US,60,20250414,210000,24.8099,24.8099,24.775,24.78,604,0
ZSEP.US,60,20250415,190000,24.77,24.77,24.76,24.76,770,0
ZSEP.US,60,20250415,220000,24.73,24.73,24.73,24.73,100,0
ZSEP.US,60,20250416,190000,24.65,24.65,24.65,24.65,100,0
ZSEP.US,60,20250417,180000,24.6441,24.6441,24.6441,24.6441,322,0
ZSEP.US,60,20250417,200000,24.635,24.635,24.625,24.63,2631,0
ZSEP.US,60,20250417,220000,24.63,24.63,24.63,24.63,7267,0
ZSEP.US,60,20250421,170000,24.49,24.5061,24.49,24.49,2541,0
ZSEP.US,60,20250421,180000,24.48,24.48,24.48,24.48,100,0
ZSEP.US,60,20250421,190000,24.5,24.5,24.5,24.5,78893,0
ZSEP.US,60,20250421,200000,24.45,24.5,24.45,24.49,600,0
ZSEP.US,60,20250421,210000,24.48,24.48,24.4201,24.48,1843,0
ZSEP.US,60,20250423,220000,24.48,24.75,24.455,24.75,1679,0
ZSEP.US,60,20250424,210000,24.81,24.81,24.81,24.81,4700,0
ZSEP.US,60,20250424,220000,24.7909,24.825,24.7909,24.8,6284,0
ZSEP.US,60,20250425,170000,24.84,24.84,24.84,24.84,3000,0
ZSEP.US,60,20250425,190000,24.83,24.83,24.83,24.83,4200,0
ZSEP.US,60,20250425,200000,24.85,24.87,24.85,24.87,1600,0
ZSEP.US,60,20250425,220000,24.875,24.875,24.875,24.875,1683,0
ZSEP.US,60,20250428,180000,24.9,24.91,24.87,24.87,12000,0
ZSEP.US,60,20250428,220000,24.85,24.89,24.85,24.89,12094,0
ZSEP.US,60,20250429,170000,24.88,24.91,24.86,24.91,17701,0
ZSEP.US,60,20250430,160000,24.85,24.85,24.84,24.84,3000,0
ZSEP.US,60,20250430,170000,24.78,24.82,24.78,24.81,17942,0
ZSEP.US,60,20250430,210000,24.88,24.9,24.88,24.88,9800,0
ZSEP.US,60,20250430,220000,24.93,24.95,24.93,24.95,1241,0
ZSEP.US,60,20250501,190000,25,25,25,25,100,0
ZSEP.US,60,20250501,220000,25.07,25.0899,25.02,25.02,7933,0
ZSEP.US,60,20250502,180000,25.0954,25.0954,25.0954,25.0954,1600,0
ZSEP.US,60,20250502,190000,25.105,25.11,25.105,25.11,713,0
ZSEP.US,60,20250502,220000,25.115,25.115,25.115,25.115,134,0
ZSEP.US,60,20250505,180000,25.07,25.07,25.07,25.07,808,0
ZSEP.US,60,20250505,220000,25.0924,25.1,25.04,25.04,482783,0
ZSEP.US,60,20250506,180000,25.02,25.05,25.02,25.05,2790,0
ZSEP.US,60,20250506,200000,25.04,25.05,25.025,25.05,29010,0
ZSEP.US,60,20250506,210000,25.0385,25.0385,25.0385,25.0385,1278,0
ZSEP.US,60,20250506,220000,25.0001,25.0001,25.0001,25.0001,175,0
ZSEP.US,60,20250507,170000,25.06,25.06,25.06,25.06,894,0
ZSEP.US,60,20250507,190000,25.05,25.0699,25.05,25.0699,4042,0
ZSEP.US,60,20250507,210000,25.035,25.035,25.035,25.035,360,0
ZSEP.US,60,20250508,220000,25.08,25.08,25.08,25.08,146,0
ZSEP.US,60,20250512,180000,25.28,25.28,25.2744,25.2744,1136,0
ZSEP.US,60,20250512,200000,25.27,25.27,25.27,25.27,700,0
ZSEP.US,60,20250513,170000,25.355,25.39,25.33,25.33,4253,0
ZSEP.US,60,20250513,180000,25.34,25.36,25.34,25.36,887,0
ZSEP.US,60,20250513,190000,25.35,25.35,25.35,25.35,444,0
ZSEP.US,60,20250514,220000,25.38,25.38,25.38,25.38,1986,0
ZSEP.US,60,20250515,160000,25.3428,25.3428,25.3428,25.3428,100,0
ZSEP.US,60,20250515,200000,25.43,25.43,25.4,25.4001,517,0
ZSEP.US,60,20250516,160000,25.412,25.412,25.412,25.412,1517,0
ZSEP.US,60,20250516,180000,25.42,25.43,25.41,25.42,55870,0
ZSEP.US,60,20250516,220000,25.45,25.451,25.44,25.4401,17490,0
ZSEP.US,60,20250519,210000,25.46,25.46,25.46,25.46,200,0
ZSEP.US,60,20250519,220000,25.45,25.4502,25.45,25.4502,532,0
ZSEP.US,60,20250520,170000,25.47,25.47,25.47,25.47,4928,0
ZSEP.US,60,20250520,210000,25.44,25.44,25.42,25.42,1700,0
ZSEP.US,60,20250520,220000,25.42,25.42,25.42,25.42,200,0
ZSEP.US,60,20250521,170000,25.425,25.425,25.425,25.425,172,0
ZSEP.US,60,20250521,200000,25.39,25.39,25.36,25.36,1966,0
ZSEP.US,60,20250521,210000,25.34,25.34,25.33,25.33,11259,0
ZSEP.US,60,20250522,200000,25.33,25.33,25.33,25.33,500,0
ZSEP.US,60,20250522,220000,25.395,25.395,25.32,25.32,1557,0
ZSEP.US,60,20250523,160000,25.2822,25.2822,25.2822,25.2822,200,0
ZSEP.US,60,20250523,170000,25.26,25.26,25.26,25.26,100,0
ZSEP.US,60,20250523,210000,25.3336,25.3336,25.3336,25.3336,274,0
ZSEP.US,60,20250527,170000,25.39,25.39,25.39,25.39,100,0
ZSEP.US,60,20250527,190000,25.437,25.437,25.437,25.437,280,0
ZSEP.US,60,20250527,210000,25.44,25.49,25.43,25.49,99005,0
ZSEP.US,60,20250527,220000,25.43,25.43,25.43,25.43,100,0
ZSEP.US,60,20250528,170000,25.4622,25.4622,25.43,25.43,641,0
ZSEP.US,60,20250528,180000,25.42,25.42,25.42,25.42,100,0
ZSEP.US,60,20250528,200000,25.43,25.43,25.43,25.43,1600,0
ZSEP.US,60,20250528,210000,25.43,25.43,25.43,25.43,464,0
ZSEP.US,60,20250528,220000,25.42,25.42,25.4,25.4,1966,0
ZSEP.US,60,20250529,170000,25.43,25.4301,25.42,25.42,3500,0
ZSEP.US,60,20250529,210000,25.42,25.49,25.41,25.42,5934,0
ZSEP.US,60,20250530,170000,25.43,25.43,25.43,25.43,100,0
ZSEP.US,60,20250602,180000,25.45,25.45,25.45,25.45,100,0
ZSEP.US,60,20250602,190000,25.44,25.44,25.44,25.44,200,0
ZSEP.US,60,20250602,210000,25.47,25.47,25.47,25.47,369,0
ZSEP.US,60,20250603,170000,25.5,25.5,25.5,25.5,100,0
ZSEP.US,60,20250603,220000,25.52,25.52,25.52,25.52,132,0
ZSEP.US,60,20250604,160000,25.55,25.55,25.55,25.55,147,0
ZSEP.US,60,20250604,170000,25.54,25.54,25.54,25.54,100,0
ZSEP.US,60,20250604,190000,25.54,25.54,25.54,25.54,100,0
ZSEP.US,60,20250604,200000,25.54,25.54,25.54,25.54,200,0
ZSEP.US,60,20250604,210000,25.54,25.54,25.54,25.54,100,0
ZSEP.US,60,20250604,220000,25.53,25.57,25.53,25.53,900,0
ZSEP.US,60,20250605,170000,25.54,25.54,25.54,25.54,100,0
ZSEP.US,60,20250605,180000,25.56,25.575,25.56,25.575,606,0
ZSEP.US,60,20250605,210000,25.55,25.5599,25.55,25.5599,6610,0
ZSEP.US,60,20250605,220000,25.533,25.533,25.5,25.5,397,0
ZSEP.US,60,20250606,160000,25.6,25.6,25.6,25.6,1000,0
ZSEP.US,60,20250606,170000,25.6,25.6,25.6,25.6,2270,0
ZSEP.US,60,20250606,180000,25.585,25.585,25.57,25.57,750,0
ZSEP.US,60,20250606,190000,25.56,25.56,25.56,25.56,100,0
ZSEP.US,60,20250606,200000,25.57,25.57,25.57,25.57,200,0
ZSEP.US,60,20250609,170000,25.58,25.58,25.58,25.58,100,0
ZSEP.US,60,20250609,190000,25.57,25.588,25.57,25.588,7746,0
ZSEP.US,60,20250609,200000,25.6,25.6,25.6,25.6,100,0
ZSEP.US,60,20250609,220000,25.59,25.622,25.59,25.622,320,0
ZSEP.US,60,20250610,170000,25.62,25.62,25.62,25.62,2447,0
ZSEP.US,60,20250610,180000,25.6,25.6,25.6,25.6,500,0
ZSEP.US,60,20250610,190000,25.61,25.61,25.61,25.61,100,0
ZSEP.US,60,20250610,220000,25.6463,25.65,25.6463,25.65,246,0
ZSEP.US,60,20250611,170000,25.63,25.63,25.63,25.63,100,0
ZSEP.US,60,20250611,210000,25.6,25.6,25.6,25.6,403,0
ZSEP.US,60,20250612,180000,25.63,25.63,25.63,25.63,100,0
ZSEP.US,60,20250612,190000,25.6102,25.67,25.6102,25.67,2127,0
ZSEP.US,60,20250612,200000,25.6356,25.6356,25.6356,25.6356,1000,0
ZSEP.US,60,20250612,210000,25.63,25.6301,25.6216,25.6216,1756,0
ZSEP.US,60,20250613,220000,25.63,25.67,25.54,25.54,1774,0
ZSEP.US,60,20250616,170000,25.65,25.679,25.65,25.65,2200,0
ZSEP.US,60,20250616,180000,25.665,25.665,25.665,25.665,200,0
ZSEP.US,60,20250616,190000,25.64,25.64,25.64,25.64,100,0
ZSEP.US,60,20250616,210000,25.67,25.6799,25.67,25.6799,6026,0
ZSEP.US,60,20250616,220000,25.62,25.62,25.62,25.62,100,0
ZSEP.US,60,20250617,170000,25.65,25.65,25.61,25.6101,936,0
ZSEP.US,60,20250617,190000,25.65,25.65,25.65,25.65,196,0
ZSEP.US,60,20250617,210000,25.61,25.61,25.598,25.598,2076,0
ZSEP.US,60,20250618,170000,25.6376,25.6376,25.6376,25.6376,167,0
ZSEP.US,60,20250618,180000,25.62,25.62,25.62,25.62,100,0
ZSEP.US,60,20250620,170000,25.63,25.63,25.63,25.63,174,0
ZSEP.US,60,20250620,190000,25.58,25.58,25.58,25.58,100,0
ZSEP.US,60,20250620,210000,25.571,25.5711,25.56,25.5601,874,0
ZSEP.US,60,20250623,170000,25.62,25.62,25.62,25.62,100,0
ZSEP.US,60,20250623,190000,25.6,25.6,25.6,25.6,200,0
ZSEP.US,60,20250623,200000,25.61,25.61,25.61,25.61,100,0
ZSEP.US,60,20250624,170000,25.72,25.72,25.71,25.71,200,0
ZSEP.US,60,20250624,190000,25.7425,25.7425,25.7425,25.7425,1016,0
ZSEP.US,60,20250624,200000,25.74,25.74,25.74,25.74,100,0
ZSEP.US,60,20250624,220000,25.75,25.75,25.74,25.7401,564,0
ZSEP.US,60,20250625,170000,25.78,25.78,25.75,25.75,794,0
ZSEP.US,60,20250625,200000,25.73,25.74,25.73,25.73,10283,0
ZSEP.US,60,20250626,190000,25.78,25.78,25.78,25.78,100,0
ZSEP.US,60,20250627,170000,25.81,25.81,25.81,25.81,100,0
ZSEP.US,60,20250627,190000,25.83,25.83,25.82,25.823,6010,0
ZSEP.US,60,20250627,200000,25.835,25.835,25.81,25.81,256,0
ZSEP.US,60,20250627,220000,25.79,25.82,25.79,25.82,200,0
ZSEP.US,60,20250630,200000,25.8295,25.8295,25.8295,25.8295,690,0
ZSEP.US,60,20250630,220000,25.85,25.85,25.85,25.85,100,0
ZSEP.US,60,20250701,200000,25.85,25.85,25.85,25.85,100,0
ZSEP.US,60,20250701,210000,25.8999,25.8999,25.8999,25.8999,485,0
ZSEP.US,60,20250701,220000,25.86,25.86,25.86,25.86,3142,0
ZSEP.US,60,20250702,160000,25.85,25.85,25.85,25.85,2033,0
ZSEP.US,60,20250702,180000,25.85,25.85,25.85,25.85,100,0
ZSEP.US,60,20250702,200000,25.86,25.86,25.86,25.86,1369,0
ZSEP.US,60,20250702,210000,25.85,25.9111,25.85,25.9111,355,0
ZSEP.US,60,20250702,220000,25.8955,25.8955,25.86,25.86,492,0
ZSEP.US,60,20250703,170000,25.96,25.96,25.9,25.9,200,0
ZSEP.US,60,20250703,180000,25.9033,25.9105,25.9033,25.9105,1136,0
ZSEP.US,60,20250703,190000,25.91,25.915,25.9099,25.915,643,0
ZSEP.US,60,20250707,160000,25.9097,25.9097,25.9097,25.9097,400,0
ZSEP.US,60,20250707,170000,25.89,25.89,25.89,25.89,100,0
ZSEP.US,60,20250707,180000,25.88,25.8801,25.8732,25.88,1000,0
ZSEP.US,60,20250707,220000,25.92,25.92,25.87,25.87,354,0
ZSEP.US,60,20250708,170000,25.89,25.89,25.89,25.89,100,0
ZSEP.US,60,20250708,180000,25.9233,25.9233,25.9233,25.9233,500,0
ZSEP.US,60,20250708,220000,25.92,25.92,25.92,25.92,516,0
ZSEP.US,60,20250709,170000,25.91,25.91,25.91,25.91,100,0
ZSEP.US,60,20250709,190000,25.92,25.9386,25.91,25.9386,43291,0
ZSEP.US,60,20250710,170000,25.93,25.93,25.93,25.93,100,0
ZSEP.US,60,20250710,210000,25.9433,25.9433,25.9433,25.9433,1300,0
ZSEP.US,60,20250711,220000,25.9678,25.9678,25.9678,25.9678,500,0
ZSEP.US,60,20250714,180000,25.94,25.94,25.94,25.94,8130,0
ZSEP.US,60,20250714,200000,25.95,25.9749,25.95,25.9501,700,0
ZSEP.US,60,20250714,210000,25.95,25.95,25.95,25.95,100,0
ZSEP.US,60,20250714,220000,25.98,25.98,25.95,25.9501,960,0
ZSEP.US,60,20250715,160000,25.9761,25.9761,25.9761,25.9761,5202,0
ZSEP.US,60,20250715,170000,25.95,25.95,25.95,25.95,100,0
ZSEP.US,60,20250715,180000,25.94,25.95,25.94,25.95,330,0
ZSEP.US,60,20250715,190000,25.94,25.94,25.94,25.94,100,0
ZSEP.US,60,20250715,200000,25.94,25.94,25.94,25.94,100,0
ZSEP.US,60,20250717,170000,25.95,25.95,25.95,25.95,100,0
ZSEP.US,60,20250717,180000,25.9978,25.9978,25.9978,25.9978,1016,0
ZSEP.US,60,20250718,190000,26.02,26.02,26.02,26.02,925,0
ZSEP.US,60,20250718,210000,25.98,25.98,25.98,25.98,100,0
ZSEP.US,60,20250718,220000,26.02,26.04,25.98,25.98,18565,0
ZSEP.US,60,20250721,170000,26.04,26.04,26.04,26.04,1327,0
ZSEP.US,60,20250721,180000,26.02,26.02,26.02,26.02,100,0
ZSEP.US,60,20250722,200000,26,26,26,26,100,0
ZSEP.US,60,20250722,210000,26.0184,26.0184,25.99,25.99,1760,0
ZSEP.US,60,20250723,170000,26.02,26.02,26.02,26.02,100,0
ZSEP.US,60,20250723,220000,26.07,26.07,26.07,26.07,791,0
ZSEP.US,60,20250724,170000,26.06,26.06,26.06,26.06,100,0
ZSEP.US,60,20250724,200000,26.07,26.07,26.07,26.07,153,0
ZSEP.US,60,20250725,170000,26.07,26.07,26.07,26.07,100,0
ZSEP.US,60,20250725,210000,26.08,26.08,26.08,26.08,1341,0
ZSEP.US,60,20250725,220000,26.09,26.09,26.09,26.09,593,0
ZSEP.US,60,20250728,160000,26.09,26.09,26.09,26.09,500,0
ZSEP.US,60,20250728,170000,26.08,26.08,26.08,26.08,100,0
ZSEP.US,60,20250728,200000,26.1178,26.1178,26.1178,26.1178,150,0
ZSEP.US,60,20250729,180000,26.1129,26.1129,26.1129,26.1129,388,0
ZSEP.US,60,20250729,190000,26.09,26.09,26.09,26.09,900,0
ZSEP.US,60,20250730,180000,26.09,26.09,26.09,26.09,100,0
ZSEP.US,60,20250731,170000,26.14,26.14,26.11,26.11,218,0
ZSEP.US,60,20250801,160000,26.07,26.07,26.07,26.07,3830,0
ZSEP.US,60,20250801,170000,26.0267,26.0267,25.99,26.02,1623,0
ZSEP.US,60,20250801,190000,26.03,26.03,26.02,26.02,25626,0
ZSEP.US,60,20250801,210000,25.98,25.98,25.98,25.98,100,0
ZSEP.US,60,20250801,220000,25.99,25.99,25.99,25.99,100,0
ZSEP.US,60,20250804,170000,26.085,26.085,26.06,26.06,341,0
ZSEP.US,60,20250804,180000,26.0858,26.09,26.06,26.07,6622,0
ZSEP.US,60,20250804,190000,26.1025,26.1025,26.1025,26.1025,508,0
ZSEP.US,60,20250804,210000,26.08,26.095,26.07,26.07,618,0
ZSEP.US,60,20250804,220000,26.1,26.1,26.08,26.08,7862,0
ZSEP.US,60,20250805,170000,26.0997,26.0997,26.0997,26.0997,870,0
ZSEP.US,60,20250805,180000,26.095,26.095,26.06,26.06,209,0
ZSEP.US,60,20250805,200000,26.08,26.08,26.08,26.08,100,0
ZSEP.US,60,20250805,210000,26.0601,26.0601,26.0601,26.0601,403,0
ZSEP.US,60,20250805,220000,26.095,26.095,26.095,26.095,210,0
ZSEP.US,60,20250806,170000,26.09,26.09,26.082,26.082,585,0
ZSEP.US,60,20250806,180000,26.11,26.11,26.1,26.1,1150,0
ZSEP.US,60,20250807,170000,26.12,26.12,26.12,26.12,100,0
ZSEP.US,60,20250807,180000,26.13,26.13,26.13,26.13,2130,0
ZSEP.US,60,20250807,190000,26.11,26.1101,26.11,26.11,1200,0
ZSEP.US,60,20250807,200000,26.1,26.1,26.1,26.1,100,0
ZSEP.US,60,20250807,220000,26.11,26.14,26.11,26.14,1633,0
ZSEP.US,60,20250808,180000,26.14,26.14,26.14,26.14,20316,0
ZSEP.US,60,20250808,190000,26.15,26.1799,26.15,26.1799,900,0
ZSEP.US,60,20250808,200000,26.15,26.15,26.15,26.15,100,0
ZSEP.US,60,20250808,220000,26.17,26.17,26.17,26.17,542,0
ZSEP.US,60,20250811,190000,26.17,26.17,26.17,26.17,100,0
ZSEP.US,60,20250811,220000,26.17,26.175,26.17,26.175,382,0
ZSEP.US,60,20250812,170000,26.17,26.17,26.17,26.17,100,0
ZSEP.US,60,20250812,190000,26.18,26.18,26.18,26.18,100,0
ZSEP.US,60,20250812,220000,26.19,26.19,26.19,26.19,100,0
ZSEP.US,60,20250813,170000,26.18,26.18,26.18,26.18,100,0
ZSEP.US,60,20250813,180000,26.19,26.19,26.19,26.19,800,0
ZSEP.US,60,20250813,190000,26.19,26.19,26.19,26.19,563,0
ZSEP.US,60,20250813,210000,26.19,26.19,26.19,26.19,204,0
ZSEP.US,60,20250813,220000,26.2,26.2,26.19,26.19,3758,0
ZSEP.US,60,20250814,180000,26.21,26.21,26.21,26.21,1237,0
ZSEP.US,60,20250814,190000,26.18,26.215,26.18,26.215,608,0
ZSEP.US,60,20250814,200000,26.19,26.19,26.19,26.19,100,0
ZSEP.US,60,20250814,210000,26.19,26.19,26.19,26.19,4160,0
ZSEP.US,60,20250814,220000,26.22,26.25,26.19,26.25,19458,0
ZSEP.US,60,20250815,170000,26.2,26.2349,26.2,26.2349,380,0
ZSEP.US,60,20250815,200000,26.2238,26.2238,26.2238,26.2238,341,0
ZSEP.US,60,20250815,220000,26.25,26.25,26.1901,26.2,9137,0
ZSEP.US,60,20250818,160000,26.23,26.23,26.23,26.23,100,0
ZSEP.US,60,20250818,170000,26.2,26.2,26.2,26.2,100,0
ZSEP.US,60,20250819,190000,26.2,26.25,26.2,26.25,1000,0
ZSEP.US,60,20250819,220000,26.22,26.22,26.22,26.22,1000,0
ZSEP.US,60,20250820,190000,26.2399,26.26,26.214,26.26,18208,0
ZSEP.US,60,20250820,200000,26.25,26.26,26.21,26.26,1215,0
ZSEP.US,60,20250820,210000,26.26,26.26,26.26,26.26,100,0
ZSEP.US,60,20250821,170000,26.26,26.26,26.26,26.26,100,0
ZSEP.US,60,20250821,200000,26.23,26.23,26.23,26.23,100,0
ZSEP.US,60,20250821,220000,26.26,26.26,26.2,26.26,2624,0
ZSEP.US,60,20250822,170000,26.265,26.32,26.23,26.246,2468,0
ZSEP.US,60,20250822,190000,26.29,26.29,26.27,26.27,1131,0
ZSEP.US,60,20250822,200000,26.29,26.29,26.29,26.29,100,0
ZSEP.US,60,20250822,210000,26.2201,26.29,26.22,26.29,403,0
ZSEP.US,60,20250822,220000,26.28,26.28,26.28,26.28,3812,0
ZSEP.US,60,20250825,180000,26.23,26.2599,26.23,26.2599,1200,0
ZSEP.US,60,20250825,190000,26.28,26.28,26.28,26.28,100,0
ZSEP.US,60,20250825,200000,26.2769,26.2769,26.2769,26.2769,551,0
ZSEP.US,60,20250825,210000,26.2999,26.2999,26.2999,26.2999,1546,0
ZSEP.US,60,20250825,220000,26.2644,26.2644,26.2644,26.2644,100,0
ZSEP.US,60,20250826,170000,26.27,26.27,26.25,26.25,480,0
ZSEP.US,60,20250826,200000,26.23,26.2301,26.23,26.2301,2380,0
ZSEP.US,60,20250826,210000,26.255,26.27,26.255,26.2674,2855,0
ZSEP.US,60,20250826,220000,26.26,26.28,26.26,26.265,2200,0
ZSEP.US,60,20250827,160000,26.27,26.27,26.23,26.27,300,0
ZSEP.US,60,20250827,170000,26.23,26.23,26.23,26.23,200,0
ZSEP.US,60,20250827,180000,26.26,26.3099,26.2386,26.26,5697,0
ZSEP.US,60,20250827,190000,26.26,26.28,26.26,26.265,1231,0
ZSEP.US,60,20250827,200000,26.28,26.28,26.23,26.26,11983,0
ZSEP.US,60,20250827,210000,26.25,26.25,26.25,26.25,1278,0
ZSEP.US,60,20250827,220000,26.23,26.28,26.23,26.28,52716,0
ZSEP.US,60,20250828,170000,26.28,26.29,26.28,26.29,22953,0
ZSEP.US,60,20250828,180000,26.29,26.2956,26.2775,26.2956,5493,0
ZSEP.US,60,20250828,190000,26.2956,26.2956,26.28,26.28,4800,0
ZSEP.US,60,20250828,200000,26.285,26.3099,26.285,26.285,5495,0
ZSEP.US,60,20250828,210000,26.26,26.3099,26.235,26.235,33720,0
ZSEP.US,60,20250828,220000,26.24,26.29,26.23,26.29,18633,0
ZSEP.US,60,20250829,160000,26.285,26.3499,26.285,26.34,92243,0
ZSEP.US,60,20250829,170000,26.295,26.34,26.2815,26.295,144089,0
ZSEP.US,60,20250829,180000,26.295,26.34,26.28,26.34,37598,0
ZSEP.US,60,20250829,190000,26.3,26.3399,26.26,26.3399,540759,0
ZSEP.US,60,20250829,200000,26.3,26.34,26.27,26.305,32511,0
ZSEP.US,60,20250829,210000,26.3399,26.34,26.2902,26.31,63219,0
ZSEP.US,60,20250829,220000,26.32,26.34,26.3,26.31,78019,0
ZSEP.US,60,20250902,160000,26.31,26.31,26.21,26.27,61942,0
ZSEP.US,60,20250902,170000,26.2899,26.29,26.2445,26.2445,91957,0
ZSEP.US,60,20250902,180000,26.27,26.2899,26.243,26.2694,142520,0
ZSEP.US,60,20250902,190000,26.255,26.27,26.2375,26.25,42716,0
ZSEP.US,60,20250902,200000,26.25,26.2714,26.24,26.265,101304,0
ZSEP.US,60,20250902,210000,26.2605,26.29,26.26,26.27,53699,0
ZSEP.US,60,20250902,220000,26.28,26.3299,26.27,26.3,77751,0
ZSEP.US,60,20250903,160000,26.32,26.3292,26.29,26.3,9244,0
ZSEP.US,60,20250903,170000,26.3094,26.31,26.2506,26.31,27768,0
ZSEP.US,60,20250903,180000,26.3,26.31,26.2905,26.3,28924,0
ZSEP.US,60,20250903,190000,26.3,26.3196,26.28,26.3,17622,0
ZSEP.US,60,20250903,200000,26.3,26.32,26.2801,26.2801,7061,0
ZSEP.US,60,20250903,210000,26.3199,26.3199,26.28,26.3,9678,0
ZSEP.US,60,20250903,220000,26.29,26.3196,26.28,26.31,46218,0
ZSEP.US,60,20250904,160000,26.305,26.33,26.3,26.32,3956,0
ZSEP.US,60,20250904,170000,26.32,26.33,26.3001,26.33,33039,0
ZSEP.US,60,20250904,180000,26.33,26.35,26.3,26.3118,195196,0
ZSEP.US,60,20250904,190000,26.3599,26.3599,26.3409,26.35,18234,0
ZSEP.US,60,20250904,200000,26.34,26.35,26.321,26.345,4728,0
ZSEP.US,60,20250904,210000,26.34,26.35,26.315,26.315,16651,0
ZSEP.US,60,20250904,220000,26.315,26.33,26.307,26.3282,12801,0
ZSEP.US,60,20250905,160000,26.41,26.41,26.41,26.41,100,0
ZSEP.US,60,20250905,170000,26.38,26.38,26.35,26.36,2100,0
ZSEP.US,60,20250905,180000,26.35,26.36,26.33,26.36,1746,0
ZSEP.US,60,20250905,190000,26.3662,26.3899,26.33,26.36,16704,0
ZSEP.US,60,20250905,200000,26.37,26.38,26.3475,26.36,55382,0
ZSEP.US,60,20250905,210000,26.36,26.39,26.34,26.39,110765,0
ZSEP.US,60,20250905,220000,26.35,26.39,26.35,26.38,25278,0
ZSEP.US,60,20250908,160000,26.38,26.38,26.38,26.38,3770,0
ZSEP.US,60,20250908,170000,26.36,26.38,26.33,26.36,12755,0
ZSEP.US,60,20250908,180000,26.3466,26.39,26.34,26.37,23648,0
ZSEP.US,60,20250908,190000,26.37,26.381,26.355,26.37,21045,0
ZSEP.US,60,20250908,200000,26.37,26.38,26.3475,26.3656,6017,0
ZSEP.US,60,20250908,210000,26.3594,26.39,26.3594,26.38,4265,0
ZSEP.US,60,20250908,220000,26.37,26.3989,26.3586,26.365,14912,0
ZSEP.US,60,20250909,160000,26.383,26.39,26.383,26.39,375,0
ZSEP.US,60,20250909,170000,26.39,26.39,26.36,26.38,7860,0
ZSEP.US,60,20250909,180000,26.36,26.38,26.3476,26.37,28829,0
ZSEP.US,60,20250909,190000,26.39,26.39,26.33,26.33,1499,0
ZSEP.US,60,20250909,200000,26.39,26.39,26.39,26.39,858,0
ZSEP.US,60,20250909,210000,26.38,26.4,26.3545,26.39,9252,0
ZSEP.US,60,20250909,220000,26.39,26.4,26.37,26.38,13712,0
ZSEP.US,60,20250910,160000,26.399,26.41,26.395,26.395,1871,0
ZSEP.US,60,20250910,170000,26.43,26.43,26.4,26.42,5753,0
ZSEP.US,60,20250910,180000,26.395,26.41,26.3835,26.385,2761,0
ZSEP.US,60,20250910,190000,26.385,26.4,26.385,26.4,1300,0
ZSEP.US,60,20250910,200000,26.4,26.4,26.4,26.4,400,0
ZSEP.US,60,20250910,210000,26.41,26.41,26.39,26.4,8241,0
ZSEP.US,60,20250910,220000,26.4,26.42,26.3507,26.39,15183,0
ZSEP.US,60,20250911,160000,26.3963,26.3963,26.3963,26.3963,1707,0
ZSEP.US,60,20250911,170000,26.44,26.44,26.42,26.44,777,0
ZSEP.US,60,20250911,180000,26.425,26.46,26.425,26.4459,4335,0
ZSEP.US,60,20250911,190000,26.45,26.45,26.45,26.45,2336,0
ZSEP.US,60,20250911,200000,26.4396,26.46,26.4396,26.44,2900,0
ZSEP.US,60,20250911,210000,26.445,26.48,26.44,26.46,259769,0
ZSEP.US,60,20250911,220000,26.46,26.46,26.46,26.46,100,0
ZSEP.US,60,20250912,160000,26.45,26.45,26.4308,26.44,2864,0
ZSEP.US,60,20250912,170000,26.425,26.45,26.4156,26.45,1162,0
ZSEP.US,60,20250912,180000,26.45,26.47,26.44,26.45,24802,0
ZSEP.US,60,20250912,190000,26.45,26.45,26.45,26.45,16797,0
ZSEP.US,60,20250912,200000,26.4156,26.4156,26.41,26.41,3263,0
ZSEP.US,60,20250912,210000,26.46,26.46,26.426,26.426,1870,0
ZSEP.US,60,20250912,220000,26.46,26.46,26.43,26.45,7473,0
ZSEP.US,60,20250915,160000,26.445,26.64,26.4008,26.61,4130,0
ZSEP.US,60,20250915,170000,26.445,26.48,26.41,26.47,18602,0
ZSEP.US,60,20250915,180000,26.46,26.46,26.4325,26.4325,15631,0
ZSEP.US,60,20250915,190000,26.45,26.46,26.429,26.46,3228,0
ZSEP.US,60,20250915,200000,26.46,26.46,26.46,26.46,400,0
ZSEP.US,60,20250915,210000,26.44,26.48,26.4286,26.48,3728,0
ZSEP.US,60,20250915,220000,26.46,26.49,26.44,26.47,224085,0
ZSEP.US,60,20250916,160000,26.4669,26.48,26.4669,26.48,660,0
ZSEP.US,60,20250916,170000,26.46,26.46,26.45,26.46,16761,0
ZSEP.US,60,20250916,180000,26.45,26.46,26.45,26.455,72523,0
ZSEP.US,60,20250916,190000,26.46,26.46,26.4563,26.46,2784,0
ZSEP.US,60,20250916,200000,26.46,26.46,26.459,26.459,1514,0
ZSEP.US,60,20250916,210000,26.47,26.49,26.46,26.4765,27315,0
ZSEP.US,60,20250916,220000,26.48,26.49,26.45,26.47,11492,0
ZSEP.US,60,20250917,160000,26.49,26.49,26.49,26.49,100,0
ZSEP.US,60,20250917,170000,26.47,26.476,26.468,26.476,2118,0
ZSEP.US,60,20250917,190000,26.47,26.4813,26.4395,26.46,32496,0
ZSEP.US,60,20250917,200000,26.46,26.49,26.44,26.49,26591,0
ZSEP.US,60,20250917,210000,26.49,26.49,26.46,26.46,854,0
ZSEP.US,60,20250917,220000,26.445,26.49,26.445,26.48,2804,0
ZSEP.US,60,20250918,160000,26.49,26.5,26.4889,26.4889,2710,0
ZSEP.US,60,20250918,170000,26.49,26.51,26.47,26.475,3212,0
ZSEP.US,60,20250918,180000,26.465,26.49,26.465,26.49,858,0
ZSEP.US,60,20250918,190000,26.49,26.5,26.457,26.49,5115,0
ZSEP.US,60,20250918,200000,26.49,26.5,26.44,26.5,11711,0
ZSEP.US,60,20250918,210000,26.47,26.5,26.47,26.5,400,0
ZSEP.US,60,20250918,220000,26.5,26.52,26.5,26.52,2225,0
ZSEP.US,60,20250919,160000,26.4301,26.4301,26.4301,26.4301,428,0
ZSEP.US,60,20250919,170000,26.51,26.52,26.44,26.5,22149,0
ZSEP.US,60,20250919,180000,26.52,26.52,26.4668,26.5099,13390,0
ZSEP.US,60,20250919,190000,26.461,26.4704,26.461,26.4704,1000,0
ZSEP.US,60,20250919,200000,26.5,26.5,26.48,26.49,1660,0
ZSEP.US,60,20250919,210000,26.5,26.51,26.44,26.48,4212,0
ZSEP.US,60,20250919,220000,26.4814,26.52,26.4814,26.52,287415,0
ZSEP.US,60,20250922,160000,26.5389,26.5389,26.5389,26.5389,200,0
ZSEP.US,60,20250922,170000,26.51,26.5299,26.51,26.5299,8392,0
ZSEP.US,60,20250922,180000,26.51,26.53,26.4675,26.51,2215,0
ZSEP.US,60,20250922,190000,26.5299,26.5299,26.47,26.52,9672,0
ZSEP.US,60,20250922,200000,26.5393,26.54,26.4701,26.54,1917,0
ZSEP.US,60,20250922,210000,26.505,26.52,26.505,26.52,1620,0
ZSEP.US,60,20250922,220000,26.51,26.54,26.49,26.51,14557,0
ZSEP.US,60,20250923,160000,26.48,26.48,26.48,26.48,300,0
ZSEP.US,60,20250923,170000,26.5,26.5157,26.4942,26.4942,3517,0
ZSEP.US,60,20250923,180000,26.51,26.51,26.49,26.51,524,0
ZSEP.US,60,20250923,190000,26.49,26.5072,26.49,26.5,635,0
ZSEP.US,60,20250923,200000,26.4808,26.4808,26.464,26.464,581,0
ZSEP.US,60,20250923,210000,26.49,26.49,26.44,26.49,3223,0
ZSEP.US,60,20250923,220000,26.49,26.49,26.465,26.465,2044,0
ZSEP.US,60,20250924,160000,26.485,26.485,26.485,26.485,188,0
ZSEP.US,60,20250924,170000,26.47,26.5094,26.4489,26.5094,12199,0
ZSEP.US,60,20250924,180000,26.4717,26.48,26.45,26.48,2272,0
ZSEP.US,60,20250924,190000,26.48,26.4984,26.475,26.475,1684,0
ZSEP.US,60,20250924,200000,26.48,26.48,26.44,26.46,7074,0
ZSEP.US,60,20250924,210000,26.48,26.48,26.4438,26.48,4467,0
ZSEP.US,60,20250924,220000,26.44,26.48,26.4301,26.4301,1260,0
ZSEP.US,60,20250925,160000,26.4786,26.4786,26.42,26.42,2433,0
ZSEP.US,60,20250925,170000,26.45,26.47,26.445,26.445,756,0
ZSEP.US,60,20250925,180000,26.445,26.445,26.42,26.42,107257,0
ZSEP.US,60,20250925,190000,26.42,26.46,26.42,26.46,64458,0
ZSEP.US,60,20250925,200000,26.48,26.48,26.4112,26.4112,1131,0
ZSEP.US,60,20250925,210000,26.445,26.445,26.445,26.445,527,0
ZSEP.US,60,20250925,220000,26.445,26.445,26.42,26.42,4205,0
ZSEP.US,60,20250926,160000,26.5099,26.5099,26.4868,26.4868,3469,0
ZSEP.US,60,20250926,170000,26.47,26.47,26.441,26.46,8173,0
ZSEP.US,60,20250926,180000,26.47,26.47,26.4577,26.47,4700,0
ZSEP.US,60,20250926,190000,26.4548,26.4548,26.43,26.43,12299,0
ZSEP.US,60,20250926,200000,26.46,26.46,26.46,26.46,200,0
ZSEP.US,60,20250926,210000,26.4404,26.4404,26.4404,26.4404,1000,0
ZSEP.US,60,20250926,220000,26.46,26.46,26.41,26.45,9464,0
ZSEP.US,60,20250929,160000,26.495,26.52,26.4706,26.4706,9927,0
ZSEP.US,60,20250929,170000,26.53,26.53,26.49,26.51,753,0
ZSEP.US,60,20250929,180000,26.4958,26.4958,26.4958,26.4958,474,0
ZSEP.US,60,20250929,200000,26.5,26.52,26.5,26.52,4388,0
ZSEP.US,60,20250929,210000,26.5,26.5,26.4854,26.4854,5156,0
ZSEP.US,60,20250929,220000,26.5,26.55,26.47,26.47,8406,0
ZSEP.US,60,20250930,170000,26.53,26.53,26.53,26.53,100,0
ZSEP.US,60,20250930,180000,26.4825,26.4825,26.4825,26.4825,746,0
ZSEP.US,60,20250930,190000,26.5099,26.5099,26.48,26.48,4491,0
ZSEP.US,60,20250930,200000,26.5,26.5,26.4701,26.4701,813,0
ZSEP.US,60,20250930,210000,26.485,26.5,26.47,26.5,5569,0
ZSEP.US,60,20250930,220000,26.4924,26.4952,26.47,26.47,4947,0
ZSEP.US,60,20251001,160000,26.53,26.53,26.5,26.5,425,0
ZSEP.US,60,20251001,180000,26.5335,26.54,26.51,26.5167,2801,0
ZSEP.US,60,20251001,190000,26.525,26.525,26.525,26.525,7765,0
ZSEP.US,60,20251001,200000,26.525,26.54,26.525,26.54,9761,0
ZSEP.US,60,20251001,210000,26.53,26.55,26.53,26.55,653,0
ZSEP.US,60,20251001,220000,26.5499,26.5499,26.5499,26.5499,680,0
ZSEP.US,60,20251002,160000,26.55,26.55,26.52,26.53,800,0
ZSEP.US,60,20251002,170000,26.54,26.54,26.51,26.51,3666,0
ZSEP.US,60,20251002,180000,26.51,26.5188,26.51,26.5188,596,0
ZSEP.US,60,20251002,190000,26.53,26.54,26.5099,26.5099,3457,0
ZSEP.US,60,20251002,200000,26.51,26.54,26.51,26.52,2933,0
ZSEP.US,60,20251002,210000,26.52,26.55,26.51,26.55,2658,0
ZSEP.US,60,20251002,220000,26.56,26.56,26.5101,26.5101,2198,0
ZSEP.US,60,20251003,160000,26.5999,26.5999,26.5999,26.5999,294,0
ZSEP.US,60,20251003,170000,26.58,26.59,26.58,26.58,3700,0
ZSEP.US,60,20251003,180000,26.59,26.59,26.54,26.58,5474,0
ZSEP.US,60,20251003,190000,26.54,26.58,26.54,26.58,1600,0
ZSEP.US,60,20251003,200000,26.56,26.57,26.56,26.56,700,0
ZSEP.US,60,20251003,210000,26.5567,26.5567,26.5567,26.5567,940,0
ZSEP.US,60,20251003,220000,26.53,26.58,26.51,26.51,9284,0
ZSEP.US,60,20251006,160000,26.5201,26.5201,26.5201,26.5201,274,0
ZSEP.US,60,20251006,170000,26.5512,26.56,26.5382,26.5382,4611,0
ZSEP.US,60,20251006,180000,26.56,26.56,26.56,26.56,100,0
ZSEP.US,60,20251006,190000,26.5429,26.57,26.53,26.54,11108,0
ZSEP.US,60,20251006,200000,26.57,26.57,26.54,26.54,8300,0
ZSEP.US,60,20251006,210000,26.54,26.57,26.53,26.56,4469,0
ZSEP.US,60,20251006,220000,26.53,26.548,26.5297,26.53,1708,0
ZSEP.US,60,20251007,170000,26.5201,26.5201,26.5201,26.5201,368,0
ZSEP.US,60,20251007,180000,26.54,26.55,26.51,26.55,910,0
ZSEP.US,60,20251007,190000,26.51,26.51,26.51,26.51,200,0
ZSEP.US,60,20251007,200000,26.51,26.51,26.51,26.51,300,0
ZSEP.US,60,20251007,210000,26.51,26.56,26.51,26.51,1296,0
ZSEP.US,60,20251007,220000,26.51,26.51,26.51,26.51,3872,0
ZSEP.US,60,20251008,160000,26.555,26.56,26.53,26.56,1120,0
ZSEP.US,60,20251008,170000,26.57,26.59,26.55,26.56,7172,0
ZSEP.US,60,20251008,180000,26.575,26.575,26.575,26.575,100,0
ZSEP.US,60,20251008,190000,26.5405,26.565,26.52,26.53,25971,0
ZSEP.US,60,20251008,200000,26.55,26.57,26.55,26.57,4702,0
ZSEP.US,60,20251008,210000,26.6,26.6,26.5401,26.5619,1150,0
ZSEP.US,60,20251008,220000,26.5775,26.5775,26.53,26.57,1447,0
ZSEP.US,60,20251009,190000,26.53,26.53,26.53,26.53,300,0
ZSEP.US,60,20251009,200000,26.58,26.58,26.5799,26.5799,601,0
ZSEP.US,60,20251009,210000,26.54,26.54,26.54,26.54,1256,0
ZSEP.US,60,20251009,220000,26.54,26.54,26.51,26.51,804,0
ZSEP.US,60,20251010,170000,26.55,26.59,26.52,26.52,784,0
ZSEP.US,60,20251010,180000,26.49,26.51,26.46,26.47,1915,0
ZSEP.US,60,20251010,190000,26.48,26.48,26.48,26.48,252,0
ZSEP.US,60,20251010,210000,26.49,26.49,26.49,26.49,2000,0
ZSEP.US,60,20251010,220000,26.48,26.48,26.41,26.41,9100,0
ZSEP.US,60,20251013,160000,26.5594,26.5594,26.5594,26.5594,385,0
ZSEP.US,60,20251013,170000,26.515,26.53,26.515,26.53,563,0
ZSEP.US,60,20251013,180000,26.5,26.52,26.5,26.5199,1240,0
ZSEP.US,60,20251013,190000,26.52,26.52,26.505,26.505,1105,0
ZSEP.US,60,20251013,200000,26.5121,26.5121,26.5121,26.5121,1359,0
ZSEP.US,60,20251013,220000,26.5026,26.505,26.5026,26.505,394,0
ZSEP.US,60,20251014,160000,26.46,26.46,26.46,26.46,500,0
ZSEP.US,60,20251014,170000,26.5199,26.52,26.481,26.52,8916,0
ZSEP.US,60,20251014,190000,26.49,26.4941,26.49,26.4941,122152,0
ZSEP.US,60,20251014,200000,26.52,26.52,26.51,26.51,1075,0
ZSEP.US,60,20251014,210000,26.505,26.5199,26.505,26.505,1789,0
ZSEP.US,60,20251014,220000,26.52,26.52,26.52,26.52,100,0
ZSEP.US,60,20251015,170000,26.555,26.5893,26.555,26.58,1148,0
ZSEP.US,60,20251015,180000,26.5263,26.5585,26.5263,26.5585,2328,0
ZSEP.US,60,20251015,190000,26.52,26.56,26.5008,26.51,5008,0
ZSEP.US,60,20251015,200000,26.54,26.54,26.54,26.54,100,0
ZSEP.US,60,20251015,210000,26.5,26.55,26.49,26.55,695,0
ZSEP.US,60,20251015,220000,26.5288,26.55,26.5,26.5,2965,0
ZSEP.US,60,20251016,170000,26.52,26.58,26.52,26.58,2276,0
ZSEP.US,60,20251016,180000,26.55,26.55,26.55,26.55,100,0
ZSEP.US,60,20251016,190000,26.491,26.491,26.491,26.491,408,0
ZSEP.US,60,20251016,200000,26.51,26.54,26.47,26.47,4077,0
ZSEP.US,60,20251016,210000,26.5,26.5,26.5,26.5,100,0
ZSEP.US,60,20251016,220000,26.5,26.56,26.4575,26.56,8058,0
ZSEP.US,60,20251017,170000,26.535,26.56,26.535,26.56,485,0
ZSEP.US,60,20251017,180000,26.5001,26.58,26.5,26.5294,4990,0
ZSEP.US,60,20251017,190000,26.535,26.55,26.52,26.55,870,0
ZSEP.US,60,20251017,200000,26.5352,26.5352,26.5352,26.5352,211,0
ZSEP.US,60,20251017,210000,26.57,26.57,26.51,26.51,323,0
ZSEP.US,60,20251017,220000,26.57,26.57,26.52,26.52,4322,0
ZSEP.US,60,20251020,160000,26.585,26.585,26.585,26.585,300,0
ZSEP.US,60,20251020,190000,26.5948,26.61,26.5948,26.61,246,0
ZSEP.US,60,20251020,200000,26.59,26.59,26.57,26.57,24300,0
ZSEP.US,60,20251020,210000,26.62,26.62,26.62,26.62,100,0
ZSEP.US,60,20251020,220000,26.6199,26.6199,26.56,26.56,6972,0
ZSEP.US,60,20251021,170000,26.56,26.5873,26.56,26.5873,1236,0
ZSEP.US,60,20251021,180000,26.61,26.61,26.58,26.58,211,0
ZSEP.US,60,20251021,190000,26.5671,26.5671,26.5671,26.5671,129,0
ZSEP.US,60,20251021,200000,26.58,26.58,26.58,26.58,2356,0
ZSEP.US,60,20251021,210000,26.5768,26.5768,26.5768,26.5768,500,0
ZSEP.US,60,20251021,220000,26.59,26.59,26.56,26.56,2223,0
ZSEP.US,60,20251022,170000,26.596,26.596,26.5922,26.5922,1048,0
ZSEP.US,60,20251022,180000,26.6111,26.6111,26.59,26.59,2257,0
ZSEP.US,60,20251022,190000,26.585,26.585,26.55,26.55,958,0
ZSEP.US,60,20251022,210000,26.5545,26.5545,26.5545,26.5545,190,0
ZSEP.US,60,20251023,170000,26.62,26.62,26.585,26.61,438,0
ZSEP.US,60,20251023,180000,26.5693,26.576,26.5693,26.5724,1218,0
ZSEP.US,60,20251023,200000,26.56,26.56,26.56,26.56,100,0
ZSEP.US,60,20251023,210000,26.5897,26.5897,26.5897,26.5897,186,0
ZSEP.US,60,20251023,220000,26.5795,26.5795,26.56,26.56,2175,0
ZSEP.US,60,20251024,170000,26.59,26.64,26.59,26.59,634,0
ZSEP.US,60,20251024,180000,26.625,26.625,26.59,26.59,2658,0
ZSEP.US,60,20251024,190000,26.6,26.6,26.6,26.6,535,0
ZSEP.US,60,20251024,210000,26.6,26.6,26.6,26.6,100,0
ZSEP.US,60,20251024,220000,26.6041,26.6041,26.59,26.59,2350,0
ZSEP.US,60,20251027,160000,26.6655,26.6655,26.655,26.655,573,0
ZSEP.US,60,20251027,170000,26.67,26.67,26.67,26.67,100,0
ZSEP.US,60,20251027,180000,26.67,26.67,26.636,26.636,337,0
ZSEP.US,60,20251027,190000,26.642,26.642,26.642,26.642,758,0
ZSEP.US,60,20251027,200000,26.641,26.645,26.6329,26.6329,1045,0
ZSEP.US,60,20251027,210000,26.628,26.63,26.62,26.63,1031,0
ZSEP.US,60,20251028,170000,26.6757,26.68,26.62,26.62,867,0
ZSEP.US,60,20251028,180000,26.6417,26.6417,26.6417,26.6417,500,0
ZSEP.US,60,20251028,210000,26.6699,26.6699,26.6699,26.6699,1700,0
ZSEP.US,60,20251029,150000,26.67,26.67,26.67,26.67,250,0
ZSEP.US,60,20251029,160000,26.69,26.69,26.6648,26.6648,219,0
ZSEP.US,60,20251029,170000,26.6536,26.68,26.6536,26.68,670,0
ZSEP.US,60,20251029,180000,26.641,26.643,26.63,26.63,5410,0
ZSEP.US,60,20251029,200000,26.62,26.62,26.62,26.62,1500,0
ZSEP.US,60,20251029,210000,26.6321,26.64,26.61,26.61,5859,0
ZSEP.US,60,20251030,160000,26.61,26.65,26.61,26.64,4449,0
ZSEP.US,60,20251030,170000,26.6104,26.63,26.6104,26.63,375,0
ZSEP.US,60,20251030,180000,26.65,26.65,26.6,26.65,1900,0
ZSEP.US,60,20251030,190000,26.64,26.64,26.64,26.64,100,0
ZSEP.US,60,20251030,210000,26.64,26.64,26.59,26.59,200,0
ZSEP.US,60,20251031,160000,26.6208,26.625,26.6208,26.6208,617,0
ZSEP.US,60,20251031,170000,26.64,26.64,26.64,26.64,100,0
ZSEP.US,60,20251031,180000,26.59,26.65,26.58,26.65,2228,0
ZSEP.US,60,20251031,190000,26.57,26.6018,26.57,26.57,3287,0
ZSEP.US,60,20251031,200000,26.58,26.63,26.58,26.63,1848,0
ZSEP.US,60,20251031,210000,26.59,26.59,26.59,26.59,200,0
ZSEP.US,60,20251103,170000,26.6,26.6,26.6,26.6,14023,0
ZSEP.US,60,20251103,180000,26.63,26.63,26.59,26.59,476,0
ZSEP.US,60,20251103,200000,26.6,26.6,26.6,26.6,90530,0
ZSEP.US,60,20251103,210000,26.611,26.611,26.6075,26.61,3795,0
ZSEP.US,60,20251103,220000,26.62,26.62,26.62,26.62,100,0
ZSEP.US,60,20251104,170000,26.57,26.61,26.57,26.61,664,0
ZSEP.US,60,20251104,180000,26.585,26.585,26.5819,26.5819,519,0
ZSEP.US,60,20251104,190000,26.59,26.59,26.59,26.59,100,0
ZSEP.US,60,20251104,200000,26.57,26.59,26.56,26.5601,3442,0
ZSEP.US,60,20251104,210000,26.5503,26.565,26.5503,26.565,320,0
ZSEP.US,60,20251104,220000,26.56,26.59,26.56,26.56,1871,0
ZSEP.US,60,20251105,170000,26.6,26.6,26.6,26.6,100,0
ZSEP.US,60,20251105,190000,26.6,26.61,26.5807,26.5807,2645,0
ZSEP.US,60,20251105,200000,26.5916,26.5916,26.5916,26.5916,1005,0
ZSEP.US,60,20251105,210000,26.593,26.6,26.593,26.6,398,0
ZSEP.US,60,20251106,170000,26.58,26.58,26.58,26.58,100,0
ZSEP.US,60,20251106,190000,26.5567,26.5567,26.5567,26.5567,550,0
ZSEP.US,60,20251106,200000,26.53,26.56,26.53,26.56,4272,0
ZSEP.US,60,20251106,220000,26.565,26.565,26.54,26.54,345,0
ZSEP.US,60,20251107,170000,26.51,26.54,26.51,26.5176,1364,0
ZSEP.US,60,20251107,180000,26.515,26.515,26.515,26.515,407,0
ZSEP.US,60,20251107,210000,26.52,26.5465,26.52,26.5465,535,0
ZSEP.US,60,20251107,220000,26.545,26.545,26.545,26.545,125,0
ZSEP.US,60,20251110,170000,26.605,26.605,26.605,26.605,588,0
ZSEP.US,60,20251110,180000,26.5801,26.5801,26.5801,26.5801,209,0
ZSEP.US,60,20251110,190000,26.6055,26.6055,26.5968,26.5968,295,0
ZSEP.US,60,20251110,210000,26.6125,26.6125,26.5905,26.5905,756,0
ZSEP.US,60,20251110,220000,26.64,26.64,26.59,26.59,2175,0
ZSEP.US,60,20251111,170000,26.63,26.63,26.63,26.63,100,0
ZSEP.US,60,20251111,180000,26.5801,26.5801,26.5801,26.5801,111,0
ZSEP.US,60,20251111,190000,26.6,26.6001,26.6,26.6001,7976,0
ZSEP.US,60,20251111,200000,26.6003,26.6003,26.6,26.6003,3778,0
ZSEP.US,60,20251111,210000,26.6,26.64,26.6,26.64,5915,0
ZSEP.US,60,20251111,220000,26.6,26.64,26.6,26.64,2295,0
ZSEP.US,60,20251112,170000,26.67,26.67,26.67,26.67,100,0
ZSEP.US,60,20251112,180000,26.59,26.59,26.59,26.59,319,0
ZSEP.US,60,20251112,210000,26.6294,26.6294,26.6294,26.6294,344,0
ZSEP.US,60,20251112,220000,26.6455,26.6455,26.6455,26.6455,261,0
ZSEP.US,60,20251113,160000,26.64,26.64,26.64,26.64,870,0
ZSEP.US,60,20251113,170000,26.585,26.6,26.585,26.6,304,0
ZSEP.US,60,20251113,190000,26.568,26.568,26.568,26.568,440,0
ZSEP.US,60,20251113,220000,26.574,26.59,26.5676,26.59,765,0
ZSEP.US,60,20251114,160000,26.5552,26.5552,26.5552,26.5552,2845,0
ZSEP.US,60,20251114,170000,26.5899,26.5899,26.52,26.58,1693,0
ZSEP.US,60,20251114,190000,26.56,26.5601,26.56,26.5601,5079,0
ZSEP.US,60,20251114,200000,26.55,26.6,26.55,26.6,341,0
ZSEP.US,60,20251114,220000,26.594,26.594,26.5778,26.5778,806,0
ZSEP.US,60,20251117,160000,26.53,26.53,26.53,26.53,900,0
ZSEP.US,60,20251117,170000,26.6,26.6,26.54,26.54,1990,0
ZSEP.US,60,20251117,200000,26.52,26.52,26.52,26.52,100,0
ZSEP.US,60,20251117,210000,26.536,26.536,26.536,26.536,121,0
ZSEP.US,60,20251117,220000,26.5,26.56,26.5,26.56,1537,0
ZSEP.US,60,20251118,170000,26.48,26.52,26.48,26.48,3339,0
ZSEP.US,60,20251118,220000,26.52,26.52,26.47,26.47,362,0
ZSEP.US,60,20251119,170000,26.57,26.57,26.552,26.552,344,0
ZSEP.US,60,20251119,190000,26.521,26.521,26.47,26.471,3871,0
ZSEP.US,60,20251119,210000,26.51,26.51,26.51,26.51,293,0
ZSEP.US,60,20251119,220000,26.481,26.5217,26.481,26.49,874,0
ZSEP.US,60,20251120,170000,26.5915,26.62,26.56,26.62,1313,0
ZSEP.US,60,20251120,190000,26.48,26.505,26.48,26.5,2373,0
ZSEP.US,60,20251120,200000,26.47,26.47,26.47,26.47,196,0
ZSEP.US,60,20251120,210000,26.491,26.491,26.491,26.491,168,0
ZSEP.US,60,20251120,220000,26.51,26.5284,26.42,26.42,11307,0
ZSEP.US,60,20251121,170000,26.49,26.51,26.46,26.51,614,0
ZSEP.US,60,20251121,190000,26.5,26.5,26.49,26.4901,570,0
ZSEP.US,60,20251121,200000,26.54,26.55,26.49,26.49,7744,0
ZSEP.US,60,20251121,210000,26.55,26.55,26.49,26.49,2492,0
ZSEP.US,60,20251121,220000,26.53,26.53,26.53,26.53,100,0
ZSEP.US,60,20251124,170000,26.5436,26.57,26.5341,26.57,2669,0
ZSEP.US,60,20251124,180000,26.557,26.56,26.54,26.56,2026,0
ZSEP.US,60,20251124,190000,26.58,26.58,26.58,26.58,100,0
ZSEP.US,60,20251124,200000,26.5581,26.5581,26.5581,26.5581,224,0
ZSEP.US,60,20251124,210000,26.5537,26.5537,26.5537,26.5537,165,0
ZSEP.US,60,20251124,220000,26.55,26.55,26.54,26.54,8867,0
ZSEP.US,60,20251125,160000,26.63,26.63,26.63,26.63,558,0
ZSEP.US,60,20251125,170000,26.595,26.595,26.5852,26.5852,653,0
ZSEP.US,60,20251125,180000,26.57,26.61,26.5601,26.595,2298,0
ZSEP.US,60,20251125,190000,26.6,26.6165,26.6,26.6165,714,0
ZSEP.US,60,20251125,200000,26.6,26.6325,26.59,26.62,5671,0
ZSEP.US,60,20251125,210000,26.6168,26.63,26.61,26.63,3407,0
ZSEP.US,60,20251125,220000,26.62,26.62,26.62,26.62,284,0
ZSEP.US,60,20251126,170000,26.635,26.65,26.635,26.635,661,0
ZSEP.US,60,20251126,180000,26.62,26.62,26.62,26.62,1676,0
ZSEP.US,60,20251126,190000,26.6095,26.6095,26.6095,26.6095,100,0
ZSEP.US,60,20251126,210000,26.62,26.6506,26.62,26.6506,17322,0
ZSEP.US,60,20251126,220000,26.6579,26.67,26.61,26.67,40431,0
ZSEP.US,60,20251128,170000,26.68,26.68,26.6411,26.68,801,0
ZSEP.US,60,20251201,160000,26.69,26.69,26.69,26.69,100,0
ZSEP.US,60,20251201,170000,26.7,26.7,26.655,26.655,1150,0
ZSEP.US,60,20251201,180000,26.63,26.63,26.63,26.63,2397,0
ZSEP.US,60,20251201,190000,26.69,26.69,26.69,26.69,100,0
ZSEP.US,60,20251201,200000,26.64,26.69,26.64,26.69,3100,0
ZSEP.US,60,20251201,210000,26.6795,26.69,26.63,26.68,1122,0
ZSEP.US,60,20251201,220000,26.62,26.62,26.62,26.62,100,0
ZSEP.US,60,20251202,160000,26.66,26.66,26.66,26.66,1462,0
ZSEP.US,60,20251202,170000,26.7,26.7,26.7,26.7,100,0
ZSEP.US,60,20251202,180000,26.65,26.69,26.63,26.69,1642,0
ZSEP.US,60,20251202,190000,26.665,26.665,26.64,26.659,717,0
ZSEP.US,60,20251202,200000,26.68,26.69,26.66,26.69,10913,0
ZSEP.US,60,20251202,210000,26.6401,26.69,26.6401,26.69,600,0
ZSEP.US,60,20251202,220000,26.665,26.665,26.665,26.665,300,0
ZSEP.US,60,20251203,170000,26.71,26.73,26.65,26.73,1980,0
ZSEP.US,60,20251203,180000,26.71,26.73,26.69,26.69,12094,0
ZSEP.US,60,20251203,190000,26.7,26.7006,26.695,26.695,1724,0
ZSEP.US,60,20251203,200000,26.7064,26.7064,26.7064,26.7064,128,0
ZSEP.US,60,20251203,210000,26.72,26.72,26.6957,26.6957,1019,0
ZSEP.US,60,20251204,170000,26.67,26.73,26.66,26.715,10235,0
ZSEP.US,60,20251204,180000,26.69,26.7,26.69,26.7,3711,0
ZSEP.US,60,20251204,190000,26.67,26.72,26.67,26.6915,1870,0
ZSEP.US,60,20251204,200000,26.695,26.695,26.66,26.66,2154,0
ZSEP.US,60,20251204,210000,26.68,26.68,26.65,26.6501,5076,0
ZSEP.US,60,20251204,220000,26.6999,26.6999,26.6782,26.6782,2349,0
ZSEP.US,60,20251205,170000,26.75,26.75,26.75,26.75,100,0
ZSEP.US,60,20251205,180000,26.7385,26.75,26.69,26.75,1746,0
ZSEP.US,60,20251205,190000,26.7205,26.7205,26.7205,26.7205,139,0
ZSEP.US,60,20251205,200000,26.71,26.71,26.71,26.71,100,0
ZSEP.US,60,20251205,210000,26.6922,26.6922,26.6922,26.6922,500,0
ZSEP.US,60,20251205,220000,26.6818,26.72,26.6818,26.72,554,0
ZSEP.US,60,20251208,180000,26.72,26.72,26.688,26.688,248,0
ZSEP.US,60,20251208,200000,26.67,26.71,26.67,26.71,300,0
ZSEP.US,60,20251208,220000,26.66,26.67,26.66,26.67,36854,0
ZSEP.US,60,20251209,170000,26.71,26.71,26.71,26.71,100,0
ZSEP.US,60,20251209,180000,26.7,26.7,26.6805,26.7,2070,0
ZSEP.US,60,20251209,190000,26.7,26.7,26.6977,26.6977,341,0
ZSEP.US,60,20251209,200000,26.6701,26.685,26.6701,26.6805,1749,0
ZSEP.US,60,20251209,210000,26.6966,26.7,26.6966,26.7,465,0
ZSEP.US,60,20251209,220000,26.67,26.675,26.67,26.675,1155,0
ZSEP.US,60,20251210,170000,26.6788,26.7,26.67,26.68,8780,0
ZSEP.US,60,20251210,180000,26.68,26.71,26.67,26.6701,738,0
ZSEP.US,60,20251210,190000,26.69,26.71,26.69,26.71,525,0
ZSEP.US,60,20251210,200000,26.69,26.6932,26.67,26.6932,973,0
ZSEP.US,60,20251210,210000,26.72,26.72,26.72,26.72,200,0
ZSEP.US,60,20251210,220000,26.725,26.725,26.725,26.725,157,0
ZSEP.US,60,20251211,170000,26.705,26.72,26.705,26.72,2321,0
ZSEP.US,60,20251211,190000,26.71,26.72,26.71,26.71,723,0
ZSEP.US,60,20251211,210000,26.7375,26.75,26.7172,26.73,3486,0
ZSEP.US,60,20251211,220000,26.72,26.72,26.71,26.71,359,0
ZSEP.US,60,20251212,180000,26.7,26.7,26.7,26.7,100,0
ZSEP.US,60,20251212,190000,26.72,26.74,26.7,26.7,2035,0
ZSEP.US,60,20251212,210000,26.72,26.72,26.6954,26.6954,2704,0
ZSEP.US,60,20251212,220000,26.705,26.74,26.691,26.74,980,0
ZSEP.US,60,20251215,170000,26.75,26.75,26.75,26.75,100,0
ZSEP.US,60,20251215,190000,26.73,26.73,26.71,26.71,1532,0
ZSEP.US,60,20251215,200000,26.7052,26.74,26.6939,26.74,1138,0
ZSEP.US,60,20251215,220000,26.73,26.74,26.73,26.74,288,0
ZSEP.US,60,20251216,160000,26.6982,26.6982,26.6982,26.6982,500,0
ZSEP.US,60,20251216,170000,26.73,26.73,26.71,26.71,429,0
ZSEP.US,60,20251216,190000,26.69,26.69,26.69,26.69,11008,0
ZSEP.US,60,20251216,200000,26.67,26.69,26.67,26.69,608,0
ZSEP.US,60,20251217,180000,26.66,26.72,26.66,26.7199,1188,0
ZSEP.US,60,20251217,200000,26.7,26.7,26.7,26.7,100,0
ZSEP.US,60,20251217,210000,26.68,26.68,26.66,26.6704,614,0
ZSEP.US,60,20251217,220000,26.6574,26.68,26.6574,26.68,5854,0
ZSEP.US,60,20251218,170000,26.6916,26.7099,26.69,26.7099,2513,0
ZSEP.US,60,20251218,180000,26.69,26.73,26.69,26.73,400,0
ZSEP.US,60,20251218,190000,26.68,26.71,26.67,26.7042,2501,0
ZSEP.US,60,20251218,210000,26.71,26.71,26.7,26.7,860,0
ZSEP.US,60,20251218,220000,26.68,26.72,26.6705,26.6705,1820,0
ZSEP.US,60,20251219,160000,26.73,26.73,26.73,26.73,100,0
ZSEP.US,60,20251219,170000,26.71,26.71,26.7,26.7,3653,0
ZSEP.US,60,20251219,180000,26.715,26.75,26.71,26.75,2180,0
ZSEP.US,60,20251219,200000,26.76,26.76,26.76,26.76,100,0
ZSEP.US,60,20251219,210000,26.759,26.76,26.72,26.76,23304,0
ZSEP.US,60,20251219,220000,26.77,26.77,26.77,26.77,203,0
ZSEP.US,60,20251222,160000,26.77,26.77,26.77,26.77,100,0
ZSEP.US,60,20251222,180000,26.75,26.75,26.75,26.75,772,0
ZSEP.US,60,20251222,190000,26.79,26.79,26.79,26.79,100,0
ZSEP.US,60,20251222,210000,26.79,26.79,26.79,26.79,100,0
ZSEP.US,60,20251222,220000,26.77,26.77,26.74,26.74,7582,0
ZSEP.US,60,20251223,170000,26.75,26.78,26.75,26.7601,4371,0
ZSEP.US,60,20251223,180000,26.79,26.79,26.76,26.79,4450,0
ZSEP.US,60,20251223,190000,26.8,26.8,26.8,26.8,100,0
ZSEP.US,60,20251223,200000,26.8,26.8,26.8,26.8,100,0
ZSEP.US,60,20251223,210000,26.7718,26.7718,26.7718,26.7718,748,0
ZSEP.US,60,20251223,220000,26.8299,26.8299,26.82,26.82,370,0
ZSEP.US,60,20251224,170000,26.83,26.83,26.83,26.83,100,0
ZSEP.US,60,20251224,190000,26.79,26.815,26.79,26.815,1075,0
ZSEP.US,60,20251226,170000,26.822,26.822,26.822,26.822,576,0
ZSEP.US,60,20251226,180000,26.84,26.84,26.8,26.84,900,0
ZSEP.US,60,20251226,190000,26.8076,26.81,26.8076,26.81,1035,0
ZSEP.US,60,20251226,200000,26.81,26.81,26.81,26.81,251,0
ZSEP.US,60,20251226,220000,26.8182,26.86,26.8182,26.86,605,0
