<TICKER>,<PER>,<DATE>,<TIME>,<OPEN>,<HIGH>,<LOW>,<CLOSE>,<VOL>,<OPENINT>
ROLR.US,60,20241023,180000,7,7.75,6.5,7.3377,146296,0
ROLR.US,60,20241023,190000,7.15,7.21,6.7,7.05,9722,0
ROLR.US,60,20241023,200000,7,7.2,6.91,7.02,7032,0
ROLR.US,60,20241023,210000,7.12,8.25,7.12,7.8,33314,0
ROLR.US,60,20241023,220000,7.7959,8.1194,7.2,7.79,45880,0
ROLR.US,60,20241024,160000,8.25,8.25,7.54,7.76,2789,0
ROLR.US,60,20241024,170000,7.695,7.98,7.679,7.8499,2251,0
ROLR.US,60,20241024,180000,7.8953,7.8953,7.75,7.75,1400,0
ROLR.US,60,20241024,190000,7.75,7.9,7.7,7.87,3231,0
ROLR.US,60,20241024,200000,7.9799,7.9799,7.73,7.9048,935,0
ROLR.US,60,20241024,210000,7.73,8.01,7.73,8.01,1664,0
ROLR.US,60,20241024,220000,7.86,8.01,7.74,7.9,5463,0
ROLR.US,60,20241025,160000,8.17,8.17,7.9999,8,1387,0
ROLR.US,60,20241025,180000,7.8084,7.99,7.8084,7.99,683,0
ROLR.US,60,20241025,200000,7.8,7.81,7.51,7.7499,4600,0
ROLR.US,60,20241025,210000,7.6263,7.6263,7.4,7.4,3074,0
ROLR.US,60,20241025,220000,7.625,7.94,7.5,7.75,3120,0
ROLR.US,60,20241028,150000,8.43,8.43,7.6201,7.6201,5983,0
ROLR.US,60,20241028,160000,7.815,7.88,7.77,7.88,1526,0
ROLR.US,60,20241028,170000,7.8993,8,7.8993,8,1400,0
ROLR.US,60,20241028,180000,7.908,7.908,7.908,7.908,200,0
ROLR.US,60,20241028,190000,7.98,7.98,7.98,7.98,100,0
ROLR.US,60,20241028,200000,7.98,8,7.95,7.99,1467,0
ROLR.US,60,20241028,210000,7.94,8.07,7.94,7.94,6788,0
ROLR.US,60,20241029,150000,7.69,7.8101,7.69,7.8101,2760,0
ROLR.US,60,20241029,160000,7.81,7.8699,7.81,7.8199,500,0
ROLR.US,60,20241029,170000,7.72,7.9,7.64,7.81,4010,0
ROLR.US,60,20241029,180000,7.9,8.07,7.88,8.07,1445,0
ROLR.US,60,20241029,190000,7.9837,7.9837,7.89,7.89,333,0
ROLR.US,60,20241029,200000,8.02,8.02,7.985,8.01,1400,0
ROLR.US,60,20241029,210000,8.01,8.01,7.9,7.9,2100,0
ROLR.US,60,20241030,150000,7.84,8,7.62,7.9,9028,0
ROLR.US,60,20241030,160000,7.82,7.93,7.82,7.9175,1400,0
ROLR.US,60,20241030,180000,7.888,7.888,7.888,7.888,135,0
ROLR.US,60,20241030,190000,7.62,7.66,7.19,7.19,9844,0
ROLR.US,60,20241030,200000,7.22,7.7155,7.22,7.7155,7026,0
ROLR.US,60,20241030,210000,7.6002,7.6002,7.35,7.4401,6905,0
ROLR.US,60,20241031,150000,7.23,7.3178,7.1,7.3,5311,0
ROLR.US,60,20241031,160000,7.3,7.3,6.35,6.5492,17615,0
ROLR.US,60,20241031,170000,6.54,6.95,6.54,6.95,1390,0
ROLR.US,60,20241031,180000,6.85,6.85,6.8,6.8,400,0
ROLR.US,60,20241031,190000,6.75,6.78,6.4775,6.4775,700,0
ROLR.US,60,20241031,200000,6.6,6.75,6.6,6.75,2641,0
ROLR.US,60,20241031,210000,6.841,6.92,6.47,6.66,3866,0
ROLR.US,60,20241101,150000,7,7.49,7,7,19844,0
ROLR.US,60,20241101,160000,7,7.04,6.35,6.8,6897,0
ROLR.US,60,20241101,170000,6.53,6.7,6.53,6.7,300,0
ROLR.US,60,20241101,180000,6.57,6.94,6.52,6.57,2300,0
ROLR.US,60,20241101,190000,6.6498,6.89,6.6,6.7,7044,0
ROLR.US,60,20241101,200000,6.65,6.65,6.54,6.58,1700,0
ROLR.US,60,20241101,210000,6.55,6.55,6.55,6.55,100,0
ROLR.US,60,20241104,160000,6.7,7,6.7,6.8,1606,0
ROLR.US,60,20241104,170000,6.59,6.59,6.0999,6.25,7653,0
ROLR.US,60,20241104,180000,6.35,6.4934,6.3299,6.4934,6372,0
ROLR.US,60,20241104,190000,6.4001,6.4001,6.4001,6.4001,313,0
ROLR.US,60,20241104,210000,6.3156,6.7,6.25,6.4,7010,0
ROLR.US,60,20241104,220000,6.45,6.45,6.45,6.45,100,0
ROLR.US,60,20241105,170000,6.35,6.534,6.35,6.41,2300,0
ROLR.US,60,20241105,180000,6.26,6.69,6.25,6.27,7301,0
ROLR.US,60,20241105,200000,6.15,6.22,6.15,6.15,1278,0
ROLR.US,60,20241105,210000,6.22,6.22,6.17,6.17,502,0
ROLR.US,60,20241105,220000,6.16,6.16,6.15,6.16,400,0
ROLR.US,60,20241106,170000,6.4,6.44,5.5,5.9629,3651,0
ROLR.US,60,20241106,180000,5.93,6.1683,5.27,6.02,2402,0
ROLR.US,60,20241106,190000,6.1935,6.3512,5.8,5.8,550,0
ROLR.US,60,20241106,200000,5.9,5.99,5.9,5.95,300,0
ROLR.US,60,20241106,210000,6.14,6.15,5.9,6.06,1000,0
ROLR.US,60,20241106,220000,5.91,6.2025,5.9001,6.09,17074,0
ROLR.US,60,20241107,160000,6.3,6.3,6,6,1400,0
ROLR.US,60,20241107,170000,6.225,6.34,6.11,6.34,582,0
ROLR.US,60,20241107,180000,6.14,6.2792,6.1,6.11,5200,0
ROLR.US,60,20241107,190000,6.15,6.15,6,6,562,0
ROLR.US,60,20241108,170000,5.89,6,5.8,5.8389,2800,0
ROLR.US,60,20241108,180000,5.875,5.875,5.875,5.875,500,0
ROLR.US,60,20241108,190000,5.9,6,5.9,5.91,500,0
ROLR.US,60,20241108,200000,5.9,5.9,5.81,5.81,1652,0
ROLR.US,60,20241108,220000,6.07,6.07,5.75,5.98,2361,0
ROLR.US,60,20241111,160000,6.3,6.3,6.1,6.1,1794,0
ROLR.US,60,20241111,190000,6.1,6.1,6.1,6.1,100,0
ROLR.US,60,20241111,210000,6.26,6.26,6.26,6.26,100,0
ROLR.US,60,20241111,220000,6.2,6.3,5.99,5.99,1485,0
ROLR.US,60,20241112,160000,6.33,6.33,6.31,6.32,500,0
ROLR.US,60,20241112,170000,6.17,6.28,6.17,6.25,2444,0
ROLR.US,60,20241112,180000,6.12,6.176,6.12,6.176,200,0
ROLR.US,60,20241112,200000,6.135,6.135,6.135,6.135,100,0
ROLR.US,60,20241112,210000,6.18,6.3494,6.18,6.3494,300,0
ROLR.US,60,20241112,220000,6.35,6.35,6,6,6124,0
ROLR.US,60,20241113,160000,6.14,6.14,5.875,5.875,2166,0
ROLR.US,60,20241113,170000,5.79,5.905,5.79,5.905,223,0
ROLR.US,60,20241113,180000,5.9,5.92,5.9,5.92,527,0
ROLR.US,60,20241113,190000,5.9,5.91,5.8,5.8,417,0
ROLR.US,60,20241113,200000,5.919,5.92,5.72,5.92,4735,0
ROLR.US,60,20241113,220000,5.9,5.93,5.85,5.89,2031,0
ROLR.US,60,20241114,160000,6.11,6.11,6.1,6.1,288,0
ROLR.US,60,20241114,180000,5.74,5.8983,5.74,5.75,1949,0
ROLR.US,60,20241114,190000,5.79,5.855,5.78,5.855,328,0
ROLR.US,60,20241114,200000,5.72,5.92,5.1,5.45,4777,0
ROLR.US,60,20241114,210000,5.1,5.3499,5,5.1954,4549,0
ROLR.US,60,20241114,220000,5.2,5.381,5.15,5.33,8056,0
ROLR.US,60,20241115,170000,5.59,5.65,5.56,5.56,1793,0
ROLR.US,60,20241115,180000,5.4,5.4,5.4,5.4,100,0
ROLR.US,60,20241115,190000,5.43,5.59,5.3992,5.59,2600,0
ROLR.US,60,20241115,200000,5.35,5.352,5.35,5.35,1000,0
ROLR.US,60,20241115,210000,5.6289,5.6289,5.6289,5.6289,266,0
ROLR.US,60,20241115,220000,5.575,5.6499,5.12,5.12,2519,0
ROLR.US,60,20241118,160000,5.28,5.29,5.0899,5.12,2642,0
ROLR.US,60,20241118,170000,5.28,5.28,5.05,5.1,2211,0
ROLR.US,60,20241118,180000,5.1,5.1,5.1,5.1,101,0
ROLR.US,60,20241118,190000,5.2,5.2,5.2,5.2,200,0
ROLR.US,60,20241118,200000,5.13,5.13,5.13,5.13,100,0
ROLR.US,60,20241118,210000,5.25,5.4,5.25,5.4,900,0
ROLR.US,60,20241118,220000,5.25,5.54,5.02,5.25,3117,0
ROLR.US,60,20241119,160000,5.5,6.95,5.45,6.9499,25445,0
ROLR.US,60,20241119,170000,7,7.2,6.5117,6.94,40042,0
ROLR.US,60,20241119,180000,6.95,8.46,5.5,5.85,230923,0
ROLR.US,60,20241119,190000,5.99,6.78,5.9,6.1735,30696,0
ROLR.US,60,20241119,200000,6.33,6.5,5.7,5.74,30901,0
ROLR.US,60,20241119,210000,5.8774,6.5,5.73,6.32,25480,0
ROLR.US,60,20241119,220000,6.4197,6.7417,6.21,6.22,22950,0
ROLR.US,60,20241120,160000,6.4,6.902,6.23,6.75,17247,0
ROLR.US,60,20241120,170000,6.515,7.458,6,7.2,27046,0
ROLR.US,60,20241120,180000,7,7.1,6.7201,6.855,7281,0
ROLR.US,60,20241120,190000,6.895,7.2,6.73,7.2,6519,0
ROLR.US,60,20241120,200000,7.1927,7.3303,6.72,6.8,19297,0
ROLR.US,60,20241120,210000,6.99,7.2,6.71,7.0299,11088,0
ROLR.US,60,20241120,220000,7.075,7.25,6.92,7.25,6965,0
ROLR.US,60,20241121,160000,7.25,7.5,6.149,6.53,1269,0
ROLR.US,60,20241121,170000,6.635,6.635,6,6,10217,0
ROLR.US,60,20241121,180000,6.14,6.28,6.05,6.1,2048,0
ROLR.US,60,20241121,190000,6.0501,6.0902,6.0501,6.0902,200,0
ROLR.US,60,20241121,200000,6.2,6.2,6.05,6.05,862,0
ROLR.US,60,20241121,210000,6,6.01,5.75,5.76,5126,0
ROLR.US,60,20241121,220000,5.7501,5.7501,5.5,5.75,11794,0
ROLR.US,60,20241122,160000,5.7,5.77,5.7,5.77,2728,0
ROLR.US,60,20241122,170000,5.6968,5.6968,5.635,5.635,274,0
ROLR.US,60,20241122,180000,5.65,6.5156,5.52,6.5156,4224,0
ROLR.US,60,20241122,190000,6.07,6.15,5.5601,5.6169,5695,0
ROLR.US,60,20241122,200000,5.67,5.76,5.67,5.76,828,0
ROLR.US,60,20241122,210000,5.762,5.78,5.76,5.7601,1498,0
ROLR.US,60,20241122,220000,5.79,6.04,5.75,6.04,2734,0
ROLR.US,60,20241125,160000,6.0971,6.3445,5.75,5.85,6164,0
ROLR.US,60,20241125,170000,6.04,6.04,5.857,5.8615,599,0
ROLR.US,60,20241125,180000,6.076,6.076,5.8867,5.8867,812,0
ROLR.US,60,20241125,190000,5.9,6.0928,5.87,6.0928,2951,0
ROLR.US,60,20241125,200000,5.9249,5.994,5.9249,5.994,404,0
ROLR.US,60,20241125,220000,5.9367,6.03,5.9,5.9,1301,0
ROLR.US,60,20241126,160000,5.925,6.2,5.67,5.67,615,0
ROLR.US,60,20241126,170000,5.8499,6,5.8499,5.9303,1800,0
ROLR.US,60,20241126,180000,5.785,5.785,5.785,5.785,111,0
ROLR.US,60,20241126,190000,5.74,5.9,5.74,5.9,1600,0
ROLR.US,60,20241126,200000,5.77,5.815,5.67,5.815,3356,0
ROLR.US,60,20241126,210000,5.7315,5.7315,5.7315,5.7315,119,0
ROLR.US,60,20241126,220000,5.8042,5.84,5.66,5.84,2267,0
ROLR.US,60,20241127,170000,5.88,5.88,5.88,5.88,142,0
ROLR.US,60,20241127,200000,5.76,5.84,5.54,5.7555,2472,0
ROLR.US,60,20241127,210000,5.67,5.68,5.67,5.67,1399,0
ROLR.US,60,20241127,220000,5.77,5.98,5.77,5.98,537,0
ROLR.US,60,20241129,160000,5.78,5.835,5.78,5.835,1150,0
ROLR.US,60,20241129,170000,5.81,5.81,5.81,5.81,100,0
ROLR.US,60,20241129,180000,5.8684,5.9003,5.8397,5.865,730,0
ROLR.US,60,20241129,190000,5.865,5.97,5.865,5.97,600,0
ROLR.US,60,20241202,160000,6,6.2,5.98,6.15,835,0
ROLR.US,60,20241202,170000,6.15,6.15,5.64,6,9950,0
ROLR.US,60,20241202,180000,6.05,6.1,5.75,5.75,11884,0
ROLR.US,60,20241202,190000,5.67,5.71,5.67,5.71,300,0
ROLR.US,60,20241202,200000,5.6146,6.025,5.55,5.76,4612,0
ROLR.US,60,20241202,210000,5.95,5.95,5.55,5.55,1445,0
ROLR.US,60,20241202,220000,5.55,5.92,5.51,5.58,1006,0
ROLR.US,60,20241203,170000,5.5558,5.65,5.5558,5.65,700,0
ROLR.US,60,20241203,180000,5.805,5.805,5.65,5.7,500,0
ROLR.US,60,20241203,190000,5.6504,5.66,5.51,5.6206,852,0
ROLR.US,60,20241203,200000,5.5,5.52,5.25,5.35,4419,0
ROLR.US,60,20241203,210000,5.4172,5.4172,5.29,5.29,300,0
ROLR.US,60,20241203,220000,5.38,5.99,5.38,5.39,960,0
ROLR.US,60,20241204,170000,5.41,5.56,5.41,5.56,200,0
ROLR.US,60,20241204,180000,5.4168,5.6388,5.4168,5.6388,1826,0
ROLR.US,60,20241204,200000,5.4244,5.4244,5.38,5.38,700,0
ROLR.US,60,20241204,210000,5.3201,5.4748,5.3201,5.4748,971,0
ROLR.US,60,20241204,220000,5.24,5.37,5.12,5.37,1658,0
ROLR.US,60,20241205,160000,5.45,5.5162,5.45,5.5162,346,0
ROLR.US,60,20241205,170000,5.6748,5.6748,5.26,5.26,3779,0
ROLR.US,60,20241205,180000,5.6471,5.6471,5.6471,5.6471,200,0
ROLR.US,60,20241205,200000,5.31,5.445,5.31,5.4001,582,0
ROLR.US,60,20241205,220000,5.6608,5.67,5.6608,5.67,367,0
ROLR.US,60,20241206,170000,5.775,6.3,5.775,6.29,6049,0
ROLR.US,60,20241206,180000,5.9885,6.29,5.9885,6.11,6355,0
ROLR.US,60,20241206,190000,6.3,6.5811,6.3,6.5811,1592,0
ROLR.US,60,20241206,200000,6.44,6.54,6.1944,6.3216,2608,0
ROLR.US,60,20241206,210000,6.38,6.6,6.38,6.5,3725,0
ROLR.US,60,20241206,220000,6.59,6.67,6.4995,6.67,1377,0
ROLR.US,60,20241209,170000,6.9619,6.98,6.69,6.69,3242,0
ROLR.US,60,20241209,180000,6.67,6.8384,6.67,6.68,840,0
ROLR.US,60,20241209,190000,6.67,6.84,6.65,6.84,1200,0
ROLR.US,60,20241209,200000,6.84,6.92,6.69,6.7272,1383,0
ROLR.US,60,20241209,210000,6.6979,6.9,6.689,6.689,1050,0
ROLR.US,60,20241209,220000,6.71,7.03,6.65,6.65,6823,0
ROLR.US,60,20241210,160000,7,7,6.6001,6.8,2750,0
ROLR.US,60,20241210,170000,6.62,6.96,6.6,6.96,900,0
ROLR.US,60,20241210,180000,6.9,6.95,6.821,6.88,575,0
ROLR.US,60,20241210,190000,6.98,6.98,6.7509,6.926,480,0
ROLR.US,60,20241210,200000,6.98,6.98,6.93,6.94,300,0
ROLR.US,60,20241210,210000,6.92,6.93,6.9,6.93,400,0
ROLR.US,60,20241210,220000,6.6001,6.9,6.34,6.34,2781,0
ROLR.US,60,20241211,160000,6.2851,6.475,6.2851,6.475,200,0
ROLR.US,60,20241211,170000,6.87,6.94,6.31,6.31,700,0
ROLR.US,60,20241211,180000,6.93,6.98,6.3749,6.7,3936,0
ROLR.US,60,20241211,200000,6.93,6.99,6.9,6.99,800,0
ROLR.US,60,20241211,210000,6.98,6.99,6.98,6.99,420,0
ROLR.US,60,20241211,220000,7,7,6.705,6.85,1315,0
ROLR.US,60,20241212,170000,6.34,6.34,6.05,6.05,200,0
ROLR.US,60,20241212,180000,5.99,6.082,5.99,6.082,200,0
ROLR.US,60,20241212,190000,6.12,6.25,6.05,6.05,570,0
ROLR.US,60,20241212,200000,6.15,6.18,6.11,6.11,400,0
ROLR.US,60,20241212,210000,6.1,6.1,6.05,6.1,598,0
ROLR.US,60,20241212,220000,6.3,6.3,6.3,6.3,200,0
ROLR.US,60,20241213,190000,6.05,6.05,6.05,6.05,100,0
ROLR.US,60,20241213,210000,5.94,5.9434,5.94,5.9434,220,0
ROLR.US,60,20241213,220000,6.01,6.01,5.88,5.88,298,0
ROLR.US,60,20241216,160000,6.2912,6.2912,6.095,6.095,800,0
ROLR.US,60,20241216,170000,5.88,5.88,5.71,5.72,300,0
ROLR.US,60,20241216,180000,5.76,5.76,5.75,5.75,400,0
ROLR.US,60,20241216,190000,5.71,5.71,5.7,5.7,200,0
ROLR.US,60,20241216,200000,5.69,5.7,5.69,5.7,400,0
ROLR.US,60,20241216,220000,5.75,5.75,5.53,5.53,239,0
ROLR.US,60,20241217,160000,5.66,5.66,5.66,5.66,100,0
ROLR.US,60,20241217,170000,5.4,5.4,5.3,5.4,2995,0
ROLR.US,60,20241217,180000,5.45,5.45,5.4376,5.4376,200,0
ROLR.US,60,20241217,190000,5.45,5.6271,5.45,5.6271,500,0
ROLR.US,60,20241217,200000,5.65,5.65,5.65,5.65,100,0
ROLR.US,60,20241217,220000,5.45,5.91,5.45,5.91,862,0
ROLR.US,60,20241218,160000,5.48,5.48,5.48,5.48,100,0
ROLR.US,60,20241218,170000,5.4633,5.7,5.45,5.45,1360,0
ROLR.US,60,20241218,190000,5.54,5.54,5.535,5.535,500,0
ROLR.US,60,20241218,200000,5.535,5.535,5.4,5.4,3500,0
ROLR.US,60,20241218,210000,5.44,5.63,5.37,5.575,1370,0
ROLR.US,60,20241218,220000,5.47,5.52,5.35,5.45,2500,0
ROLR.US,60,20241219,170000,5.32,5.32,4.6168,5.05,10638,0
ROLR.US,60,20241219,180000,5.2,5.2,5.1499,5.15,922,0
ROLR.US,60,20241219,200000,5.45,5.45,4.91,5,1700,0
ROLR.US,60,20241219,210000,4.96,5.4,4.96,5.4,400,0
ROLR.US,60,20241219,220000,5.36,5.49,5.36,5.49,200,0
ROLR.US,60,20241220,160000,5.7,5.7,5.7,5.7,100,0
ROLR.US,60,20241220,170000,5.52,5.52,5.52,5.52,163,0
ROLR.US,60,20241220,180000,5.8209,5.8209,5.6777,5.6777,500,0
ROLR.US,60,20241220,190000,5.5,5.5,5.5,5.5,185,0
ROLR.US,60,20241220,210000,5.5,5.5,5.5,5.5,505,0
ROLR.US,60,20241220,220000,5.51,5.51,5.2,5.2,11726,0
ROLR.US,60,20241223,160000,5.6347,5.6347,5.6347,5.6347,100,0
ROLR.US,60,20241223,170000,5.49,5.49,5.4,5.4,200,0
ROLR.US,60,20241223,180000,5.4,5.4,5.4,5.4,100,0
ROLR.US,60,20241223,190000,5.29,5.29,5.285,5.285,300,0
ROLR.US,60,20241223,200000,5.285,5.285,5.17,5.17,1723,0
ROLR.US,60,20241223,210000,5.07,5.07,5.01,5.01,548,0
ROLR.US,60,20241223,220000,5.0156,5.06,5.0156,5.06,881,0
ROLR.US,60,20241224,180000,4.98,5.2,4.98,5.2,1711,0
ROLR.US,60,20241224,190000,5.21,5.3,4.85,4.89,2017,0
ROLR.US,60,20241226,160000,5.05,5.2,5.05,5.17,500,0
ROLR.US,60,20241226,170000,5.21,5.21,4.8501,4.8501,361,0
ROLR.US,60,20241226,220000,5.09,5.09,5.09,5.09,210,0
ROLR.US,60,20241227,160000,5.3035,5.49,5.3035,5.49,546,0
ROLR.US,60,20241227,170000,5.11,5.432,4.857,4.925,6006,0
ROLR.US,60,20241227,180000,4.84,4.92,4.84,4.84,901,0
ROLR.US,60,20241227,190000,4.82,4.895,4.65,4.65,2431,0
ROLR.US,60,20241227,200000,4.65,4.7,3.9912,4,9859,0
ROLR.US,60,20241227,210000,4.075,4.2792,4.02,4.2639,2411,0
ROLR.US,60,20241227,220000,4.1652,4.28,4.02,4.28,1189,0
ROLR.US,60,20241230,160000,4.28,4.28,4.25,4.25,1157,0
ROLR.US,60,20241230,170000,4.5,4.575,4.0919,4.0919,2619,0
ROLR.US,60,20241230,180000,4.312,4.312,4.312,4.312,200,0
ROLR.US,60,20241230,200000,4.0349,4.26,4.0349,4.2,5690,0
ROLR.US,60,20241230,210000,4.22,4.22,4.17,4.17,200,0
ROLR.US,60,20241230,220000,4.15,4.27,4.15,4.27,300,0
ROLR.US,60,20241231,160000,4.438,4.5,4.15,4.16,1125,0
ROLR.US,60,20241231,170000,4.11,4.46,4.06,4.11,6601,0
ROLR.US,60,20241231,180000,4.27,4.27,3.9301,4,10285,0
ROLR.US,60,20241231,190000,3.96,3.96,3.75,3.75,2112,0
ROLR.US,60,20241231,200000,3.54,4.235,3.54,4.235,4985,0
ROLR.US,60,20241231,210000,4.3,4.79,4.1601,4.41,3255,0
ROLR.US,60,20241231,220000,4.505,4.6,4.36,4.37,5372,0
ROLR.US,60,20250102,160000,4.12,4.41,4.001,4.001,1585,0
ROLR.US,60,20250102,170000,4.01,4.2,3.9001,3.9001,1491,0
ROLR.US,60,20250102,180000,4.24,4.24,3.95,4.01,1256,0
ROLR.US,60,20250102,190000,3.99,3.99,3.9,3.9,900,0
ROLR.US,60,20250102,200000,3.85,3.85,3.81,3.815,795,0
ROLR.US,60,20250102,210000,3.74,3.99,3.74,3.99,281,0
ROLR.US,60,20250103,180000,3.93,3.93,3.93,3.93,122,0
ROLR.US,60,20250103,190000,3.7,3.7,3.7,3.7,100,0
ROLR.US,60,20250103,200000,3.71,3.85,3.71,3.76,2100,0
ROLR.US,60,20250103,210000,3.87,3.97,3.805,3.97,2704,0
ROLR.US,60,20250103,220000,3.97,4.08,3.97,4.08,500,0
ROLR.US,60,20250106,160000,4.29,4.29,4.29,4.29,100,0
ROLR.US,60,20250106,170000,4.1,4.1,4.1,4.1,200,0
ROLR.US,60,20250106,180000,4,4,3.73,3.73,1724,0
ROLR.US,60,20250106,190000,3.74,3.85,3.64,3.67,2606,0
ROLR.US,60,20250106,200000,3.68,3.68,3.68,3.68,100,0
ROLR.US,60,20250106,210000,3.75,3.75,3.58,3.63,1014,0
ROLR.US,60,20250106,220000,3.615,3.86,3.6,3.84,2608,0
ROLR.US,60,20250107,160000,3.9,3.9,3.8,3.8,1824,0
ROLR.US,60,20250107,170000,3.61,3.61,3.56,3.56,200,0
ROLR.US,60,20250107,200000,3.62,3.7392,3.62,3.675,600,0
ROLR.US,60,20250107,210000,3.61,3.61,3.61,3.61,100,0
ROLR.US,60,20250107,220000,3.62,3.62,3.6,3.6,521,0
ROLR.US,60,20250108,200000,3.58,3.58,3.58,3.58,100,0
ROLR.US,60,20250108,220000,3.55,3.72,3.55,3.72,663,0
ROLR.US,60,20250110,170000,3.54,3.54,3.3,3.38,2805,0
ROLR.US,60,20250110,180000,3.3999,3.42,3.33,3.42,400,0
ROLR.US,60,20250110,190000,3.4,3.55,3.35,3.3799,800,0
ROLR.US,60,20250110,200000,3.4,3.4,3.38,3.38,390,0
ROLR.US,60,20250113,170000,3.3801,4.3864,3.3339,4.3864,38155,0
ROLR.US,60,20250113,180000,4.08,4.3301,3.88,4.125,12205,0
ROLR.US,60,20250113,190000,4.179,4.36,4.0176,4.09,12641,0
ROLR.US,60,20250113,200000,4.09,4.2,4.0101,4.2,3091,0
ROLR.US,60,20250113,210000,4.35,4.72,4.3499,4.3501,22134,0
ROLR.US,60,20250113,220000,4.35,4.4199,4.26,4.26,6049,0
ROLR.US,60,20250114,160000,4.9798,5.18,4.79,5.05,13722,0
ROLR.US,60,20250114,170000,5.01,5.15,4.65,4.9085,12995,0
ROLR.US,60,20250114,180000,5.07,5.15,4.7121,5.15,6565,0
ROLR.US,60,20250114,190000,5.15,5.54,4.7129,4.94,18013,0
ROLR.US,60,20250114,200000,4.93,4.93,4.7,4.7628,3825,0
ROLR.US,60,20250114,210000,4.835,5.2,4.7,5,14189,0
ROLR.US,60,20250114,220000,4.97,5.18,4.96,5.03,3476,0
ROLR.US,60,20250115,160000,5.6,5.78,5.5,5.735,6667,0
ROLR.US,60,20250115,170000,5.87,6.16,5.57,5.63,13867,0
ROLR.US,60,20250115,180000,5.77,5.835,5.57,5.769,3322,0
ROLR.US,60,20250115,190000,5.77,6.05,5.55,6.01,7111,0
ROLR.US,60,20250115,200000,6,6,5.85,5.8677,2947,0
ROLR.US,60,20250115,210000,6,6.6609,5.9999,6.6299,7489,0
ROLR.US,60,20250115,220000,6.72,6.8767,6.11,6.59,15262,0
ROLR.US,60,20250116,160000,6.76,6.9,5.8231,6.04,7684,0
ROLR.US,60,20250116,170000,6.29,6.5499,6.05,6.2407,2626,0
ROLR.US,60,20250116,180000,6.1671,6.4499,6.13,6.3353,1324,0
ROLR.US,60,20250116,190000,6.2673,6.2673,6.2,6.2,2373,0
ROLR.US,60,20250116,200000,6.45,6.45,6.2,6.21,3030,0
ROLR.US,60,20250116,210000,6.275,6.275,5.99,6.08,4910,0
ROLR.US,60,20250116,220000,6.14,6.45,6.14,6.18,5911,0
ROLR.US,60,20250117,160000,6.25,6.41,6.14,6.41,1212,0
ROLR.US,60,20250117,170000,6.225,6.53,5.99,6.2,2810,0
ROLR.US,60,20250117,180000,6.1,6.1,6.1,6.1,161,0
ROLR.US,60,20250117,190000,6.24,6.24,5.99,5.9903,785,0
ROLR.US,60,20250117,200000,6.0576,6.0865,5.8179,6.03,3362,0
ROLR.US,60,20250117,210000,6.02,6.02,6.02,6.02,161,0
ROLR.US,60,20250117,220000,5.99,6.1,5.8872,5.8872,1057,0
ROLR.US,60,20250121,160000,6.2,6.2,6.025,6.025,440,0
ROLR.US,60,20250121,170000,5.885,5.99,4.9862,5.42,11132,0
ROLR.US,60,20250121,180000,5.2,5.325,5.1795,5.294,1439,0
ROLR.US,60,20250121,190000,5.25,5.3,4.9,4.9201,8305,0
ROLR.US,60,20250121,200000,4.99,5.0648,4.91,5.0648,600,0
ROLR.US,60,20250121,210000,5.02,5.02,4.774,4.774,3758,0
ROLR.US,60,20250121,220000,4.9295,5.01,4.77,5.01,1195,0
ROLR.US,60,20250122,160000,5.01,5.01,4.1159,4.2464,5182,0
ROLR.US,60,20250122,170000,4.2,4.4672,4.1,4.3286,9806,0
ROLR.US,60,20250122,180000,4.29,4.8,4.209,4.49,5139,0
ROLR.US,60,20250122,190000,4.69,4.92,4.4,4.47,6331,0
ROLR.US,60,20250122,200000,4.42,4.745,4.42,4.44,4355,0
ROLR.US,60,20250122,210000,4.4018,4.5462,4.3906,4.4008,1698,0
ROLR.US,60,20250122,220000,4.38,4.4941,4.365,4.49,2228,0
ROLR.US,60,20250123,170000,4.52,4.769,4.46,4.769,2034,0
ROLR.US,60,20250123,180000,4.5462,4.5462,4.3964,4.4,500,0
ROLR.US,60,20250123,190000,4.6165,4.6165,4.6165,4.6165,100,0
ROLR.US,60,20250123,210000,4.45,4.5815,4.45,4.48,709,0
ROLR.US,60,20250123,220000,4.4,4.59,4.4,4.59,689,0
ROLR.US,60,20250124,160000,5.49,5.59,4.88,5.2019,5058,0
ROLR.US,60,20250124,170000,5.14,5.42,5.0173,5.0675,10278,0
ROLR.US,60,20250124,180000,5.3456,5.3456,5.2,5.335,2378,0
ROLR.US,60,20250124,190000,5.27,5.335,5.18,5.18,1878,0
ROLR.US,60,20250124,200000,5.13,5.3461,5.13,5.3461,3230,0
ROLR.US,60,20250124,210000,5.3,5.3,5.11,5.15,1209,0
ROLR.US,60,20250124,220000,5.02,5.38,4.86,4.86,3945,0
ROLR.US,60,20250127,160000,4.68,4.8332,4.68,4.825,2588,0
ROLR.US,60,20250127,170000,4.75,4.75,4.74,4.74,250,0
ROLR.US,60,20250127,180000,4.7461,4.7461,4.7461,4.7461,225,0
ROLR.US,60,20250127,190000,5,5,4.6876,4.6876,2400,0
ROLR.US,60,20250127,200000,4.93,4.9699,4.75,4.825,3199,0
ROLR.US,60,20250127,210000,4.726,4.726,4.5619,4.5619,1561,0
ROLR.US,60,20250127,220000,4.61,4.62,4.5,4.5,2175,0
ROLR.US,60,20250128,160000,4.6255,4.7021,4.6255,4.7021,2450,0
ROLR.US,60,20250128,170000,4.7,4.8607,4.7,4.8607,529,0
ROLR.US,60,20250128,180000,4.6905,4.8289,4.6905,4.8289,1040,0
ROLR.US,60,20250128,190000,4.68,4.68,4.68,4.68,191,0
ROLR.US,60,20250128,210000,4.665,4.67,4.665,4.67,300,0
ROLR.US,60,20250128,220000,4.5647,4.71,4.5647,4.67,600,0
ROLR.US,60,20250129,160000,4.84,4.84,4.68,4.68,200,0
ROLR.US,60,20250129,170000,4.68,4.72,4.5687,4.72,700,0
ROLR.US,60,20250129,180000,4.7152,4.7152,4.7152,4.7152,100,0
ROLR.US,60,20250129,190000,4.715,4.715,4.715,4.715,100,0
ROLR.US,60,20250129,200000,4.774,4.774,4.774,4.774,149,0
ROLR.US,60,20250129,210000,4.6912,4.6912,4.6912,4.6912,2000,0
ROLR.US,60,20250129,220000,4.61,4.61,4.53,4.53,461,0
ROLR.US,60,20250130,160000,4.52,4.5441,4.477,4.5441,1242,0
ROLR.US,60,20250130,170000,4.54,4.69,4.37,4.37,3612,0
ROLR.US,60,20250130,180000,4.51,4.93,4.51,4.7,3124,0
ROLR.US,60,20250130,190000,4.9,5,4.89,4.89,3027,0
ROLR.US,60,20250130,200000,4.76,4.9958,4.76,4.77,2870,0
ROLR.US,60,20250130,210000,4.9812,4.9812,4.7424,4.7424,400,0
ROLR.US,60,20250130,220000,5.0199,5.0199,4.62,4.83,3721,0
ROLR.US,60,20250131,160000,4.85,4.85,4.55,4.55,900,0
ROLR.US,60,20250131,170000,5,5,4.66,4.8118,1505,0
ROLR.US,60,20250131,180000,4.795,5.095,4.7949,4.9595,4772,0
ROLR.US,60,20250131,190000,4.77,4.92,4.77,4.8975,700,0
ROLR.US,60,20250131,200000,4.925,5.01,4.925,4.935,4438,0
ROLR.US,60,20250131,210000,4.8501,4.95,4.8501,4.95,455,0
ROLR.US,60,20250131,220000,4.95,4.95,4.611072,4.68,1739,0
ROLR.US,60,20250203,160000,4.58,4.8132,4.5563,4.78,1750,0
ROLR.US,60,20250203,170000,4.77,4.77,4.77,4.77,267,0
ROLR.US,60,20250203,180000,4.855,4.855,4.7589,4.7589,1436,0
ROLR.US,60,20250203,190000,4.8,4.85,4.8,4.85,200,0
ROLR.US,60,20250203,220000,4.77,4.83,4.7,4.7,1531,0
ROLR.US,60,20250204,160000,4.72,4.75,4.7,4.73,400,0
ROLR.US,60,20250204,170000,4.6003,4.73,4.6003,4.73,1799,0
ROLR.US,60,20250204,180000,4.5662,4.75,4.55,4.571,1193,0
ROLR.US,60,20250204,190000,4.6593,4.665,4.57,4.59,1815,0
ROLR.US,60,20250204,200000,4.56,4.57,4.55,4.57,900,0
ROLR.US,60,20250204,220000,4.57,4.5712,4.5,4.55,3501,0
ROLR.US,60,20250205,160000,4.3988,4.56,4.3752,4.3752,5300,0
ROLR.US,60,20250205,170000,4.375,4.375,4.0001,4.07,4626,0
ROLR.US,60,20250205,180000,4.4799,4.4799,4.4799,4.4799,200,0
ROLR.US,60,20250205,190000,4.2955,4.4315,4.2,4.2,1600,0
ROLR.US,60,20250205,200000,4.2856,4.2856,4.2856,4.2856,714,0
ROLR.US,60,20250205,210000,4.29,4.3,4.29,4.29,1436,0
ROLR.US,60,20250205,220000,4.2014,4.49,4.0942,4.3,8671,0
ROLR.US,60,20250206,160000,4.4,4.4,4.32,4.4,300,0
ROLR.US,60,20250206,170000,4.415,4.415,4.415,4.415,228,0
ROLR.US,60,20250206,190000,4.46,4.46,4.322,4.322,2100,0
ROLR.US,60,20250206,200000,4.4378,4.4378,4.4378,4.4378,250,0
ROLR.US,60,20250206,210000,4.2787,4.48,4.2787,4.47,600,0
ROLR.US,60,20250206,220000,4.47,4.4758,4.35,4.35,2072,0
ROLR.US,60,20250207,160000,4.2977,4.5335,4.2977,4.5335,300,0
ROLR.US,60,20250207,180000,4.3,4.3,4.2,4.2,2566,0
ROLR.US,60,20250207,190000,4.51,4.51,4.51,4.51,100,0
ROLR.US,60,20250207,210000,4.25,4.25,4.2,4.2,958,0
ROLR.US,60,20250207,220000,4.19,4.19,4.19,4.19,140,0
ROLR.US,60,20250210,160000,4.15,4.39,4.15,4.3,1270,0
ROLR.US,60,20250210,170000,4.32,4.3876,4.32,4.32,591,0
ROLR.US,60,20250210,180000,4.255,4.255,4.255,4.255,100,0
ROLR.US,60,20250210,190000,4.36,4.36,4.36,4.36,100,0
ROLR.US,60,20250210,210000,4.3462,4.3462,4.2147,4.2147,600,0
ROLR.US,60,20250210,220000,4.275,4.275,4.2,4.21,600,0
ROLR.US,60,20250211,160000,4.3,4.3,4.23,4.23,550,0
ROLR.US,60,20250211,200000,4.265,4.265,4.265,4.265,300,0
ROLR.US,60,20250211,210000,4.22,4.26,4.22,4.26,400,0
ROLR.US,60,20250211,220000,4.17,4.17,4.17,4.17,100,0
ROLR.US,60,20250212,160000,4.17,4.17,4.17,4.17,318,0
ROLR.US,60,20250212,170000,4.15,4.17,4.0101,4.0101,898,0
ROLR.US,60,20250212,180000,4.2674,4.2674,4.1766,4.1766,500,0
ROLR.US,60,20250212,190000,4.2,4.2,4.06,4.06,1300,0
ROLR.US,60,20250212,200000,4.1252,4.2513,4.1154,4.1154,1808,0
ROLR.US,60,20250212,210000,4.225,4.225,4.225,4.225,1000,0
ROLR.US,60,20250213,160000,4.1581,4.1581,4.1581,4.1581,450,0
ROLR.US,60,20250213,180000,4.089,4.2,4.0121,4.11,5109,0
ROLR.US,60,20250213,190000,4.09,4.13,4.08,4.09,2320,0
ROLR.US,60,20250213,200000,4,4,3.89,3.89,2181,0
ROLR.US,60,20250213,210000,4.04,4.1018,3.7867,4,4547,0
ROLR.US,60,20250213,220000,3.949,4.3,3.8254,4.2,6756,0
ROLR.US,60,20250214,160000,4.05,4.06,3.97,4.06,1011,0
ROLR.US,60,20250214,170000,4.05,4.1631,3.7857,4.1631,2700,0
ROLR.US,60,20250214,180000,3.95,4.05,3.95,4.05,200,0
ROLR.US,60,20250214,190000,4.14,4.14,4.14,4.14,100,0
ROLR.US,60,20250214,200000,3.999,4.17,3.999,4.02,2364,0
ROLR.US,60,20250214,210000,4.06,4.06,3.9613,3.9613,925,0
ROLR.US,60,20250214,220000,4.06,4.11,3.92,4.04,2091,0
ROLR.US,60,20250218,160000,4.115,4.115,3.99,4,380,0
ROLR.US,60,20250218,170000,3.96,3.96,3.96,3.96,100,0
ROLR.US,60,20250218,180000,3.96,3.98,3.91,3.91,1833,0
ROLR.US,60,20250218,190000,3.9041,3.9041,3.9041,3.9041,100,0
ROLR.US,60,20250218,210000,3.896,3.896,3.8729,3.8729,507,0
ROLR.US,60,20250218,220000,3.895,3.98,3.895,3.98,570,0
ROLR.US,60,20250219,160000,3.92,3.96,3.92,3.96,600,0
ROLR.US,60,20250219,180000,3.91,3.91,3.91,3.91,100,0
ROLR.US,60,20250219,190000,4.1365,4.1365,4.0262,4.0262,1100,0
ROLR.US,60,20250219,220000,4.23,4.23,4.04,4.04,264,0
ROLR.US,60,20250220,160000,3.978,3.978,3.978,3.978,200,0
ROLR.US,60,20250220,180000,3.91,4.07,3.91,4.07,890,0
ROLR.US,60,20250220,190000,4.06,4.06,3.95,4.06,2238,0
ROLR.US,60,20250220,200000,4.09,4.31,3.8863,4.03,2090,0
ROLR.US,60,20250220,210000,4.1,4.13,4.029,4.11,2284,0
ROLR.US,60,20250220,220000,4.005,4.22,4,4,866,0
ROLR.US,60,20250221,160000,4.3,4.3,4.2244,4.2244,503,0
ROLR.US,60,20250221,170000,4.01,4.21,3.95,4.2,600,0
ROLR.US,60,20250221,200000,4.2,4.22,4.2,4.22,400,0
ROLR.US,60,20250221,210000,4.1,4.2164,4.01,4.2164,2400,0
ROLR.US,60,20250221,220000,3.9601,4.05,3.9601,3.99,697,0
ROLR.US,60,20250224,170000,3.96,3.96,3.96,3.96,100,0
ROLR.US,60,20250224,180000,3.8301,3.8301,3.8301,3.8301,120,0
ROLR.US,60,20250224,190000,3.996,4.0627,3.996,4.0627,230,0
ROLR.US,60,20250224,200000,3.92,3.92,3.92,3.92,400,0
ROLR.US,60,20250224,210000,3.9649,3.9649,3.95,3.95,466,0
ROLR.US,60,20250224,220000,3.995,3.995,3.85,3.85,200,0
ROLR.US,60,20250225,160000,4.155,4.155,4.155,4.155,100,0
ROLR.US,60,20250225,170000,3.95,3.9898,3.95,3.9898,357,0
ROLR.US,60,20250225,180000,3.8703,3.8703,3.63,3.63,3028,0
ROLR.US,60,20250225,190000,3.623,3.7526,3.5763,3.7526,3628,0
ROLR.US,60,20250225,210000,3.75,3.75,3.75,3.75,150,0
ROLR.US,60,20250225,220000,3.7419,3.82,3.7419,3.81,800,0
ROLR.US,60,20250226,160000,3.5809,3.5809,3.5809,3.5809,150,0
ROLR.US,60,20250226,170000,3.75,4.08,3.75,3.94,1821,0
ROLR.US,60,20250226,180000,3.95,4.11,3.95,3.98,4497,0
ROLR.US,60,20250226,190000,3.91,3.91,3.7988,3.7988,300,0
ROLR.US,60,20250226,200000,3.92,3.92,3.92,3.92,100,0
ROLR.US,60,20250226,220000,3.92,4.08,3.79,3.79,400,0
ROLR.US,60,20250227,160000,3.79,3.88,3.6952,3.88,1050,0
ROLR.US,60,20250227,170000,3.72,4.02,3.71,3.87,2751,0
ROLR.US,60,20250227,180000,3.8,3.8,3.8,3.8,100,0
ROLR.US,60,20250227,190000,3.76,3.8,3.7,3.7,1523,0
ROLR.US,60,20250227,200000,3.67,3.67,3.66,3.66,400,0
ROLR.US,60,20250227,220000,3.67,3.68,3.67,3.68,218,0
ROLR.US,60,20250228,160000,3.8,3.84,3.75,3.75,700,0
ROLR.US,60,20250228,170000,3.69,3.835,3.61,3.65,1410,0
ROLR.US,60,20250228,180000,3.8229,3.853,3.8229,3.853,410,0
ROLR.US,60,20250228,200000,3.7,3.89,3.67,3.72,700,0
ROLR.US,60,20250228,210000,3.8,3.8,3.8,3.8,100,0
ROLR.US,60,20250228,220000,3.7,3.7,3.62,3.62,1016,0
ROLR.US,60,20250303,170000,3.67,3.67,3.67,3.67,100,0
ROLR.US,60,20250303,190000,3.67,3.67,3.67,3.67,228,0
ROLR.US,60,20250303,210000,3.63,3.63,3.6,3.6,647,0
ROLR.US,60,20250304,160000,3.46,3.46,3.35,3.410284,1254,0
ROLR.US,60,20250304,170000,3.4042,3.502,3.35,3.45,1700,0
ROLR.US,60,20250304,180000,3.5377,3.5377,3.5377,3.5377,100,0
ROLR.US,60,20250304,190000,3.51,3.51,3.51,3.51,100,0
ROLR.US,60,20250304,200000,3.45,3.53,3.39,3.51,2917,0
ROLR.US,60,20250304,210000,3.52,3.56,3.43,3.56,2664,0
ROLR.US,60,20250304,220000,3.7676,3.7676,3.4,3.55,3500,0
ROLR.US,60,20250305,190000,3.62,3.74,3.62,3.73,1400,0
ROLR.US,60,20250305,200000,3.6,3.6,3.6,3.6,300,0
ROLR.US,60,20250305,220000,3.71,3.71,3.55,3.55,1418,0
ROLR.US,60,20250306,170000,3.45,3.45,3.45,3.45,300,0
ROLR.US,60,20250306,180000,3.45,3.45,3.45,3.45,100,0
ROLR.US,60,20250306,220000,3.51,3.51,3.51,3.51,300,0
ROLR.US,60,20250307,160000,3.4,3.45,3.4,3.45,1000,0
ROLR.US,60,20250307,180000,3.4,3.45,3.4,3.4,3200,0
ROLR.US,60,20250307,190000,3.41,3.46,3.17,3.21,12527,0
ROLR.US,60,20250307,200000,3.22,3.351,3.2,3.33,2897,0
ROLR.US,60,20250307,220000,3.21,3.21,3.2,3.2001,700,0
ROLR.US,60,20250310,150000,3.12,3.12,3.12,3.12,192,0
ROLR.US,60,20250310,160000,3,3,2.91,2.97,6466,0
ROLR.US,60,20250310,170000,2.9101,3.02,2.9101,3.02,510,0
ROLR.US,60,20250310,180000,2.91,2.91,2.91,2.91,204,0
ROLR.US,60,20250310,210000,2.96,3,2.9503,2.98,1463,0
ROLR.US,60,20250311,150000,2.95,2.95,2.95,2.95,150,0
ROLR.US,60,20250311,160000,2.77,2.9,2.77,2.9,3472,0
ROLR.US,60,20250311,180000,2.9,2.9,2.9,2.9,732,0
ROLR.US,60,20250311,190000,2.86,2.86,2.86,2.86,500,0
ROLR.US,60,20250311,200000,2.91,2.91,2.91,2.91,100,0
ROLR.US,60,20250311,210000,2.9183,3.04,2.9183,3.04,600,0
ROLR.US,60,20250312,170000,2.8,2.8,2.8,2.8,1000,0
ROLR.US,60,20250312,180000,2.8267,2.8267,2.8267,2.8267,100,0
ROLR.US,60,20250312,190000,2.94,2.94,2.94,2.94,175,0
ROLR.US,60,20250312,210000,3.01,3.01,2.93,2.93,1053,0
ROLR.US,60,20250313,150000,2.86,2.86,2.86,2.86,101,0
ROLR.US,60,20250313,190000,2.8,2.81,2.8,2.8,1215,0
ROLR.US,60,20250313,210000,3.0224,3.19,2.77,2.82,4050,0
ROLR.US,60,20250314,160000,3,3,2.8667,2.8667,450,0
ROLR.US,60,20250314,170000,3.04,3.04,2.86,2.9,3420,0
ROLR.US,60,20250314,180000,3,3,3,3,200,0
ROLR.US,60,20250314,190000,3.08,3.09,2.82,2.82,5478,0
ROLR.US,60,20250314,200000,2.99,3.09,2.98,3,3498,0
ROLR.US,60,20250314,210000,3.19,3.19,3.19,3.19,202,0
ROLR.US,60,20250317,150000,3.01,3.0861,2.78,3.0861,1753,0
ROLR.US,60,20250317,160000,2.812,3.09,2.812,3.09,267,0
ROLR.US,60,20250317,170000,3.05,3.05,2.9,2.9888,875,0
ROLR.US,60,20250317,180000,2.97,2.97,2.8584,2.8584,668,0
ROLR.US,60,20250317,210000,2.96,3.0757,2.96,3.0757,368,0
ROLR.US,60,20250318,150000,3.14,3.14,3.14,3.14,105,0
ROLR.US,60,20250318,160000,2.91,3.065,2.91,3.065,271,0
ROLR.US,60,20250318,170000,3.0918,3.0918,3.0918,3.0918,200,0
ROLR.US,60,20250318,180000,3.0456,3.0456,3.0456,3.0456,168,0
ROLR.US,60,20250318,200000,3.14,3.46,3.14,3.35,6411,0
ROLR.US,60,20250318,210000,3.05,3.21,3.05,3.21,2774,0
ROLR.US,60,20250319,150000,3.33,3.34,3.11,3.2,16507,0
ROLR.US,60,20250319,160000,3.4202,3.4202,2.99,3.05,22128,0
ROLR.US,60,20250319,190000,3.1599,3.16,3.05,3.16,2367,0
ROLR.US,60,20250319,210000,3.1267,3.24,3,3.02,5251,0
ROLR.US,60,20250320,150000,3,3.21,3,3.06,1101,0
ROLR.US,60,20250320,160000,3.1,3.1,3.1,3.1,1929,0
ROLR.US,60,20250320,190000,2.98,2.98,2.95,2.95,1198,0
ROLR.US,60,20250320,200000,2.99,2.99,2.95,2.98,1890,0
ROLR.US,60,20250320,210000,3,3.17,2.9,2.98,2351,0
ROLR.US,60,20250321,150000,3.09,3.1,3,3,1272,0
ROLR.US,60,20250321,160000,2.98,2.99,2.4892,2.76,9872,0
ROLR.US,60,20250321,170000,2.9,3,2.81,3,1897,0
ROLR.US,60,20250321,180000,2.8,2.8,2.646,2.8,1222,0
ROLR.US,60,20250321,190000,2.75,2.75,2.75,2.75,800,0
ROLR.US,60,20250321,200000,2.88,2.88,2.88,2.88,500,0
ROLR.US,60,20250321,210000,2.85,2.87,2.72,2.87,2427,0
ROLR.US,60,20250324,150000,2.8,3.01,2.71,2.71,2649,0
ROLR.US,60,20250324,160000,2.77,3.02,2.77,2.77,530,0
ROLR.US,60,20250324,170000,2.82,2.82,2.82,2.82,100,0
ROLR.US,60,20250324,180000,2.98,2.99,2.69,2.85,2406,0
ROLR.US,60,20250324,190000,2.8682,2.9,2.6782,2.7703,1366,0
ROLR.US,60,20250324,200000,2.96,2.96,2.8711,2.96,1000,0
ROLR.US,60,20250324,210000,2.8261,2.95,2.75,2.95,2461,0
ROLR.US,60,20250325,150000,3,3.4298,2.895,3.3,11757,0
ROLR.US,60,20250325,160000,3.28,3.4231,2.97,3.3,7861,0
ROLR.US,60,20250325,170000,3.3,3.9,2.9201,3.3356,66043,0
ROLR.US,60,20250325,180000,3.42,3.9,3.13,3.21,29499,0
ROLR.US,60,20250325,190000,3.68,3.7,3.455,3.565,2350,0
ROLR.US,60,20250325,200000,3.635,4.04,3.25,3.5495,55431,0
ROLR.US,60,20250325,210000,3.565,3.86,3.49,3.57,13523,0
ROLR.US,60,20250326,150000,3.6355,4.08,3.6355,3.91,7896,0
ROLR.US,60,20250326,160000,3.8159,4.05,3.55,3.94,19553,0
ROLR.US,60,20250326,170000,4.01,4.01,3.32,3.32,17561,0
ROLR.US,60,20250326,180000,3.13,3.59,3.08,3.23,4979,0
ROLR.US,60,20250326,190000,3.28,3.28,3.1704,3.1704,568,0
ROLR.US,60,20250326,200000,3.31,3.43,3.2,3.27,9486,0
ROLR.US,60,20250326,210000,3.3399,3.46,3.24,3.24,4786,0
ROLR.US,60,20250327,150000,3.55,3.55,3.25,3.3,1700,0
ROLR.US,60,20250327,170000,3.26,3.4232,3.26,3.4232,1423,0
ROLR.US,60,20250327,190000,3.32,3.47,3.32,3.35,1222,0
ROLR.US,60,20250327,200000,3.51,3.5649,3.28,3.4,8230,0
ROLR.US,60,20250327,210000,3.32,3.61,3.32,3.6,3845,0
ROLR.US,60,20250328,150000,3.497,3.497,3.497,3.497,200,0
ROLR.US,60,20250328,160000,3.4415,3.4415,3.4415,3.4415,100,0
ROLR.US,60,20250328,170000,3.6645,3.67,3.585,3.585,955,0
ROLR.US,60,20250328,180000,3.51,3.6413,3.51,3.6413,200,0
ROLR.US,60,20250328,190000,3.6,3.7,3.6,3.7,2639,0
ROLR.US,60,20250328,200000,3.8,3.8,3.4305,3.7,4607,0
ROLR.US,60,20250328,210000,3.69,3.78,3.43,3.43,7998,0
ROLR.US,60,20250331,160000,3.11,3.15,3.05,3.05,2200,0
ROLR.US,60,20250331,170000,3.15,3.4,3.15,3.36,3748,0
ROLR.US,60,20250331,180000,3.33,3.33,3.27,3.27,1700,0
ROLR.US,60,20250331,190000,3.25,3.27,3.17,3.27,400,0
ROLR.US,60,20250331,200000,3.22,3.22,3.1201,3.1201,1399,0
ROLR.US,60,20250331,210000,3.245,3.39,3.24,3.27,2766,0
ROLR.US,60,20250331,220000,3.3,3.56,3.26,3.34,2500,0
ROLR.US,60,20250401,160000,3.4,3.41,3.32,3.33,1107,0
ROLR.US,60,20250401,170000,3.395,3.395,3.19,3.22,700,0
ROLR.US,60,20250401,180000,3.5144,3.6938,3.2712,3.2712,800,0
ROLR.US,60,20250401,190000,3.29,3.35,3.15,3.2,3360,0
ROLR.US,60,20250401,220000,3.28,3.33,3.28,3.289,602,0
ROLR.US,60,20250402,170000,3.3,3.32,3.3,3.32,700,0
ROLR.US,60,20250402,180000,3.41,3.51,3.41,3.51,400,0
ROLR.US,60,20250402,190000,3.39,3.51,3.36,3.51,520,0
ROLR.US,60,20250402,200000,3.36,3.36,3.36,3.36,111,0
ROLR.US,60,20250402,210000,3.51,3.55,3.31,3.31,1437,0
ROLR.US,60,20250402,220000,3.41,3.5147,3.35,3.35,652,0
ROLR.US,60,20250403,160000,3.1,3.1,2.9,2.98,1441,0
ROLR.US,60,20250403,170000,2.87,2.87,2.87,2.87,883,0
ROLR.US,60,20250403,190000,3.07,3.07,3.07,3.07,100,0
ROLR.US,60,20250403,200000,3.1,3.1,3.1,3.1,1200,0
ROLR.US,60,20250403,210000,3.03,3.25,3.01,3.25,700,0
ROLR.US,60,20250403,220000,3.3,3.3,3.05,3.05,1238,0
ROLR.US,60,20250404,160000,2.9669,2.9669,2.9669,2.9669,150,0
ROLR.US,60,20250404,170000,2.8323,2.945,2.6301,2.8,2493,0
ROLR.US,60,20250404,180000,2.755,3,2.755,2.92,1636,0
ROLR.US,60,20250404,210000,2.93,2.93,2.93,2.93,200,0
ROLR.US,60,20250404,220000,3.06,3.06,2.7701,2.95,5475,0
ROLR.US,60,20250407,160000,2.7904,2.7904,2.7904,2.7904,154,0
ROLR.US,60,20250407,200000,2.892,2.892,2.52,2.6,7216,0
ROLR.US,60,20250407,210000,2.5716,2.5716,2.5716,2.5716,500,0
ROLR.US,60,20250407,220000,2.62,3.14,2.62,3.03,1996,0
ROLR.US,60,20250408,160000,3.05,3.3,2.98,3.1501,5261,0
ROLR.US,60,20250408,170000,2.985,2.985,2.985,2.985,100,0
ROLR.US,60,20250408,210000,2.94,2.96,2.94,2.96,1600,0
ROLR.US,60,20250408,220000,3.065,3.16,3.04,3.16,613,0
ROLR.US,60,20250409,160000,3.24,3.24,3.09,3.09,397,0
ROLR.US,60,20250409,170000,3.05,3.05,3.05,3.05,100,0
ROLR.US,60,20250409,180000,3.06,3.06,2.78,2.83,4274,0
ROLR.US,60,20250409,190000,2.8681,2.8681,2.84,2.84,337,0
ROLR.US,60,20250409,210000,2.85,3.16,2.85,3.11,3406,0
ROLR.US,60,20250409,220000,3.2,3.24,2.87,2.98,4087,0
ROLR.US,60,20250410,160000,3.1129,3.1129,3.1129,3.1129,100,0
ROLR.US,60,20250410,180000,3.01,3.13,2.9322,2.9322,1504,0
ROLR.US,60,20250410,190000,2.847,2.91,2.847,2.91,500,0
ROLR.US,60,20250410,200000,2.945,2.945,2.92,2.92,260,0
ROLR.US,60,20250410,210000,2.91,2.92,2.91,2.92,2337,0
ROLR.US,60,20250410,220000,2.99,2.99,2.99,2.99,200,0
ROLR.US,60,20250411,170000,3.1,3.1,2.89,2.89,541,0
ROLR.US,60,20250411,180000,3.1,3.1,2.96,2.995,1140,0
ROLR.US,60,20250411,190000,2.91,2.91,2.91,2.91,100,0
ROLR.US,60,20250414,160000,2.8041,2.8041,2.8041,2.8041,1900,0
ROLR.US,60,20250414,170000,2.9791,2.9791,2.9791,2.9791,100,0
ROLR.US,60,20250414,190000,2.8057,2.8057,2.8057,2.8057,100,0
ROLR.US,60,20250414,210000,2.9,2.95,2.65,2.75,1949,0
ROLR.US,60,20250414,220000,2.7,2.79,2.69,2.739,624,0
ROLR.US,60,20250415,160000,2.77,2.8,2.77,2.8,200,0
ROLR.US,60,20250415,170000,2.74,2.74,2.66,2.66,960,0
ROLR.US,60,20250415,180000,2.74,3.1,2.74,2.88,48090,0
ROLR.US,60,20250415,190000,2.93,2.93,2.93,2.93,800,0
ROLR.US,60,20250415,200000,2.75,2.93,2.75,2.93,200,0
ROLR.US,60,20250415,210000,2.7698,2.955559,2.74,2.85,23833,0
ROLR.US,60,20250415,220000,2.92,3.1299,2.84,2.84,6338,0
ROLR.US,60,20250416,170000,2.9,2.9,2.9,2.9,289,0
ROLR.US,60,20250416,180000,2.77083,2.77083,2.77083,2.77083,700,0
ROLR.US,60,20250416,190000,2.75,3.09,2.75,2.95,23819,0
ROLR.US,60,20250416,200000,2.95,2.95,2.95,2.95,100,0
ROLR.US,60,20250416,210000,2.95,2.95,2.91,2.93,1115,0
ROLR.US,60,20250416,220000,2.87,3.092,2.87,3.092,1701,0
ROLR.US,60,20250417,160000,3.15,3.26,3.11,3.17,1095,0
ROLR.US,60,20250417,170000,3.11,3.15,3.08,3.08,862,0
ROLR.US,60,20250417,180000,3.08,3.08,3.08,3.08,210,0
ROLR.US,60,20250417,190000,2.8,2.88,2.8,2.88,350,0
ROLR.US,60,20250417,200000,2.97,2.9701,2.895,2.895,352,0
ROLR.US,60,20250417,210000,2.97,2.97,2.83,2.83,588,0
ROLR.US,60,20250417,220000,2.83,3.03,2.83,2.85,1912,0
ROLR.US,60,20250421,170000,2.85,3.04,2.85,3.04,335,0
ROLR.US,60,20250421,190000,2.75,2.75,2.72,2.72,400,0
ROLR.US,60,20250421,200000,2.71,2.71,2.71,2.71,213,0
ROLR.US,60,20250421,210000,2.75,2.83,2.75,2.83,213,0
ROLR.US,60,20250421,220000,2.84,2.84,2.74,2.75,618,0
ROLR.US,60,20250422,200000,2.82,2.83,2.82,2.83,1500,0
ROLR.US,60,20250422,220000,2.79,3.23,2.79,3.23,7259,0
ROLR.US,60,20250423,160000,3.15,3.21,3.06,3.09,902,0
ROLR.US,60,20250423,170000,2.8111,2.8111,2.8111,2.8111,100,0
ROLR.US,60,20250423,180000,3.0406,3.0406,2.93,2.97,400,0
ROLR.US,60,20250423,200000,2.955,2.98,2.955,2.975,749,0
ROLR.US,60,20250423,210000,2.955,3.12,2.955,3.0375,400,0
ROLR.US,60,20250423,220000,3.12,3.185,2.965,3.1,3194,0
ROLR.US,60,20250424,160000,3.035,3.1,3,3,2706,0
ROLR.US,60,20250424,170000,2.9498,3,2.9498,3,2607,0
ROLR.US,60,20250424,180000,2.93,2.94,2.93,2.94,230,0
ROLR.US,60,20250424,200000,2.89,2.91,2.88,2.89,1000,0
ROLR.US,60,20250424,210000,2.985,2.985,2.985,2.985,100,0
ROLR.US,60,20250424,220000,2.86,2.99,2.81,2.9,2505,0
ROLR.US,60,20250425,160000,2.97,3.005,2.97,3.005,715,0
ROLR.US,60,20250425,170000,2.9001,2.9001,2.89,2.89,2160,0
ROLR.US,60,20250425,180000,2.89,2.89,2.89,2.89,150,0
ROLR.US,60,20250425,200000,2.73,2.75,2.73,2.75,316,0
ROLR.US,60,20250425,210000,2.76,2.84,2.68,2.7,3982,0
ROLR.US,60,20250425,220000,3.0894,3.0894,2.75,3.07,2380,0
ROLR.US,60,20250428,170000,3.047,3.047,3.047,3.047,162,0
ROLR.US,60,20250428,180000,2.8005,2.8005,2.8005,2.8005,100,0
ROLR.US,60,20250429,200000,2.9088,2.9088,2.9088,2.9088,100,0
ROLR.US,60,20250430,160000,2.89,2.89,2.88,2.88,200,0
ROLR.US,60,20250430,170000,2.8228,2.8228,2.7501,2.7501,600,0
ROLR.US,60,20250430,200000,2.75,2.75,2.75,2.75,105,0
ROLR.US,60,20250501,190000,2.6836,2.695,2.6836,2.695,1164,0
ROLR.US,60,20250502,180000,2.7689,3.05,2.7689,2.9,1657,0
ROLR.US,60,20250502,190000,2.76,2.85,2.76,2.85,200,0
ROLR.US,60,20250502,200000,2.8645,2.8645,2.8,2.8,537,0
ROLR.US,60,20250502,220000,2.84,2.84,2.78,2.78,200,0
ROLR.US,60,20250506,170000,2.73,2.73,2.73,2.73,100,0
ROLR.US,60,20250507,180000,2.75,2.75,2.71,2.71,200,0
ROLR.US,60,20250507,200000,2.71,2.71,2.71,2.71,100,0
ROLR.US,60,20250507,210000,2.71,2.71,2.71,2.71,200,0
ROLR.US,60,20250507,220000,2.71,2.71,2.71,2.71,100,0
ROLR.US,60,20250508,180000,2.83,2.83,2.83,2.83,178,0
ROLR.US,60,20250508,190000,2.71,2.71,2.68,2.68,300,0
ROLR.US,60,20250508,200000,2.69,2.69,2.69,2.69,100,0
ROLR.US,60,20250508,210000,2.681,2.681,2.68,2.68,1602,0
ROLR.US,60,20250508,220000,2.69,2.8285,2.69,2.8285,400,0
ROLR.US,60,20250509,180000,2.76,2.7776,2.75,2.7776,3293,0
ROLR.US,60,20250509,210000,2.8592,2.8592,2.8592,2.8592,1000,0
ROLR.US,60,20250512,170000,2.78,2.78,2.75,2.75,2043,0
ROLR.US,60,20250512,180000,2.7424,2.7424,2.7,2.7,492,0
ROLR.US,60,20250512,190000,2.68,2.72,2.68,2.72,609,0
ROLR.US,60,20250512,210000,2.68,2.7159,2.68,2.68,964,0
ROLR.US,60,20250512,220000,2.68,2.68,2.66,2.66,1157,0
ROLR.US,60,20250513,170000,3.1655,3.1655,2.7077,2.7077,550,0
ROLR.US,60,20250514,160000,3.168,3.168,3.168,3.168,1000,0
ROLR.US,60,20250514,170000,2.91,2.9856,2.88,2.88,1384,0
ROLR.US,60,20250514,190000,2.72,2.72,2.72,2.72,125,0
ROLR.US,60,20250514,210000,2.7632,2.7632,2.64,2.6413,1022,0
ROLR.US,60,20250514,220000,2.7326,2.7326,2.6,2.6,2353,0
ROLR.US,60,20250515,160000,2.6411,2.65,2.62,2.65,529,0
ROLR.US,60,20250515,180000,2.6515,2.6515,2.56,2.56,737,0
ROLR.US,60,20250515,190000,2.52,2.52,2.35,2.4716,2009,0
ROLR.US,60,20250515,200000,2.52,2.52,2.47,2.47,300,0
ROLR.US,60,20250515,210000,2.53,2.53,2.53,2.53,300,0
ROLR.US,60,20250515,220000,2.39,2.53,2.37,2.53,2384,0
ROLR.US,60,20250516,160000,2.2296,2.25,2.2296,2.25,800,0
ROLR.US,60,20250516,170000,2.37,2.37,2.37,2.37,100,0
ROLR.US,60,20250516,180000,2.29,2.324688,2.29,2.3246,2460,0
ROLR.US,60,20250516,190000,2.3247,2.3247,2.25,2.25,1800,0
ROLR.US,60,20250516,200000,2.3,2.3,2.3,2.3,1400,0
ROLR.US,60,20250516,220000,2.14,2.2999,2.1301,2.2,3226,0
ROLR.US,60,20250519,160000,2.19,2.76,2.19,2.67,3102,0
ROLR.US,60,20250519,170000,2.65,2.7,2.27,2.38,17741,0
ROLR.US,60,20250519,180000,2.4,2.4,2.34,2.35,1967,0
ROLR.US,60,20250519,190000,2.3,2.35,2.2,2.3,5555,0
ROLR.US,60,20250519,200000,2.295,2.33,2.235,2.28,4053,0
ROLR.US,60,20250519,210000,2.26,2.26,2.21,2.26,1196,0
ROLR.US,60,20250519,220000,2.27,2.27,2.27,2.27,213,0
ROLR.US,60,20250520,160000,2.3591,2.3591,2.3591,2.3591,350,0
ROLR.US,60,20250520,170000,2.2368,2.27,2.2368,2.27,1200,0
ROLR.US,60,20250520,180000,2.3,2.4309,2.29,2.345,8392,0
ROLR.US,60,20250520,200000,2.295,2.295,2.29,2.29,300,0
ROLR.US,60,20250520,210000,2.21,2.21,2.19,2.19,2408,0
ROLR.US,60,20250520,220000,2.19,2.205,2.08,2.2,1781,0
ROLR.US,60,20250521,170000,2.21,2.3,2.21,2.21,1262,0
ROLR.US,60,20250521,180000,2.31,2.31,2.25,2.2604,2985,0
ROLR.US,60,20250521,190000,2.1696,2.1696,2.1696,2.1696,333,0
ROLR.US,60,20250521,200000,2.1641,2.1641,2.1,2.1,866,0
ROLR.US,60,20250521,210000,2.08,2.08,2.06,2.06,300,0
ROLR.US,60,20250521,220000,2.07,2.07,2.01,2.01,2148,0
ROLR.US,60,20250522,160000,2.05,2.13,1.89,1.89,5377,0
ROLR.US,60,20250522,170000,1.94,2.0089,1.82,1.8777,3076,0
ROLR.US,60,20250522,180000,1.945,2.14,1.945,2.14,28362,0
ROLR.US,60,20250522,190000,2.11,2.3,2.06,2.18,4951,0
ROLR.US,60,20250522,200000,2.06,2.4,2.06,2.36,1512,0
ROLR.US,60,20250522,210000,2.06,2.39,2.06,2.08,3380,0
ROLR.US,60,20250522,220000,2.06,2.415,2.06,2.1834,2767,0
ROLR.US,60,20250523,160000,2.17,2.17,2.17,2.17,100,0
ROLR.US,60,20250523,170000,2.11,2.11,2.11,2.11,500,0
ROLR.US,60,20250523,180000,2.3,2.3,2.2,2.24,7973,0
ROLR.US,60,20250523,190000,2.29,2.4699,2.29,2.46,5493,0
ROLR.US,60,20250523,200000,2.47,2.9029,2.1625,2.48,19132,0
ROLR.US,60,20250523,210000,2.43,2.54,2.2,2.5015,17100,0
ROLR.US,60,20250523,220000,2.2972,2.44,2.2972,2.44,1132,0
ROLR.US,60,20250527,160000,2.51,2.6928,2.51,2.5101,6171,0
ROLR.US,60,20250527,170000,2.56,2.82,2.56,2.66,4296,0
ROLR.US,60,20250527,180000,2.66,2.7279,2.495,2.495,1877,0
ROLR.US,60,20250527,190000,2.48,2.6,2.4,2.4,7839,0
ROLR.US,60,20250527,200000,2.538,2.78,2.3808,2.5644,16273,0
ROLR.US,60,20250527,210000,2.56,2.62,2.552,2.62,3993,0
ROLR.US,60,20250527,220000,2.59,2.6,2.49,2.49,2551,0
ROLR.US,60,20250528,160000,2.6772,2.7256,2.6493,2.7256,630,0
ROLR.US,60,20250528,170000,2.6942,2.79,2.54,2.63,5327,0
ROLR.US,60,20250528,180000,2.58,2.61,2.4407,2.6,2377,0
ROLR.US,60,20250528,190000,2.702,2.7966,2.4487,2.55,5790,0
ROLR.US,60,20250528,200000,2.46,2.62,2.46,2.6,2573,0
ROLR.US,60,20250528,210000,2.42,2.43,2.35,2.43,2500,0
ROLR.US,60,20250528,220000,2.44,2.48,2.42,2.48,600,0
ROLR.US,60,20250529,160000,2.36,2.460924,2.36,2.460924,2509,0
ROLR.US,60,20250529,180000,2.25,2.25,2.25,2.25,114,0
ROLR.US,60,20250529,190000,2.2718,2.32,2.25,2.25,612,0
ROLR.US,60,20250529,200000,2.23,2.26,2.2,2.26,500,0
ROLR.US,60,20250529,210000,2.1663,2.41,2.1663,2.41,800,0
ROLR.US,60,20250529,220000,2.32,3.04,2.2589,2.74,25470,0
ROLR.US,60,20250530,160000,2.95,3.8199,2.95,3.2303,77712,0
ROLR.US,60,20250530,170000,3.25,4.04,3.24,3.685,49791,0
ROLR.US,60,20250530,180000,3.67,3.99,3.31,3.87,71913,0
ROLR.US,60,20250530,190000,3.85,5.33,3.51,3.7499,692745,0
ROLR.US,60,20250530,200000,3.7415,3.9974,3.5,3.83,136515,0
ROLR.US,60,20250530,210000,3.822,4.78,3.7021,3.84,302197,0
ROLR.US,60,20250530,220000,3.801,4.57,3.66,4.36,136894,0
ROLR.US,60,20250602,160000,3.92,4,3.75,3.76,25810,0
ROLR.US,60,20250602,170000,3.76,3.84,3.75,3.8292,28506,0
ROLR.US,60,20250602,180000,3.7548,3.76,3.2007,3.26,23274,0
ROLR.US,60,20250602,190000,3.25,3.69,3.25,3.269,12618,0
ROLR.US,60,20250602,200000,3.27,3.5976,3.27,3.39,2856,0
ROLR.US,60,20250602,210000,3.27,3.305,3.22,3.25,1550,0
ROLR.US,60,20250602,220000,3.21,3.3699,3.21,3.28,10288,0
ROLR.US,60,20250603,160000,3.11,3.2298,3.1001,3.1966,6652,0
ROLR.US,60,20250603,170000,3.16,3.43,3.16,3.341,7720,0
ROLR.US,60,20250603,180000,3.34,3.8399,3.325,3.55,33463,0
ROLR.US,60,20250603,190000,3.44,3.44,3.35,3.385,8964,0
ROLR.US,60,20250603,200000,3.39,3.5516,3.3601,3.3601,5444,0
ROLR.US,60,20250603,210000,3.395,3.425,3.3649,3.425,800,0
ROLR.US,60,20250603,220000,3.42,3.4599,2.98,3,20116,0
ROLR.US,60,20250604,160000,3.1787,3.31,3.04,3.0554,7326,0
ROLR.US,60,20250604,170000,3.2,3.79,3.2,3.31,18178,0
ROLR.US,60,20250604,180000,3.3,3.3,2.94,3.12,11157,0
ROLR.US,60,20250604,190000,3.1733,3.1733,3.1733,3.1733,300,0
ROLR.US,60,20250604,200000,3.17,3.25,2.98,3.22,15308,0
ROLR.US,60,20250604,210000,3.21,3.3592,3.2,3.3,2992,0
ROLR.US,60,20250604,220000,3.29,3.29,3.15,3.15,1761,0
ROLR.US,60,20250605,160000,3.3527,3.4274,3.053,3.1606,36199,0
ROLR.US,60,20250605,170000,3.1002,3.23,3.052,3.23,5701,0
ROLR.US,60,20250605,180000,3.3116,3.3116,3.0783,3.14,2301,0
ROLR.US,60,20250605,190000,3.06,3.0616,3.05,3.0616,2170,0
ROLR.US,60,20250605,200000,3.0601,3.0601,3,3,1324,0
ROLR.US,60,20250605,210000,3,3.0782,2.91,3,1385,0
ROLR.US,60,20250605,220000,2.99,3.06,2.98,3.06,2538,0
ROLR.US,60,20250606,160000,3.2196,3.22,3.06,3.063,2382,0
ROLR.US,60,20250606,170000,3,3.11,2.8,2.9,11550,0
ROLR.US,60,20250606,180000,3,3.24,2.9003,2.9003,8220,0
ROLR.US,60,20250606,190000,2.9262,2.93,2.83,2.86,3820,0
ROLR.US,60,20250606,200000,2.92,2.92,2.92,2.92,122,0
ROLR.US,60,20250606,210000,2.915,2.915,2.915,2.915,200,0
ROLR.US,60,20250606,220000,2.85,2.8754,2.53,2.87,6798,0
ROLR.US,60,20250609,160000,2.785,2.785,2.78,2.78,800,0
ROLR.US,60,20250609,170000,2.7602,2.7602,2.6,2.6,2741,0
ROLR.US,60,20250609,180000,2.6936,2.6936,2.54,2.54,2986,0
ROLR.US,60,20250609,190000,2.5832,2.5832,2.49,2.49,2104,0
ROLR.US,60,20250609,200000,2.465,2.53,2.4148,2.53,6769,0
ROLR.US,60,20250609,210000,2.53,2.67,2.53,2.65,2415,0
ROLR.US,60,20250609,220000,2.69,2.69,2.5655,2.5655,1747,0
ROLR.US,60,20250610,160000,2.59,2.6618,2.59,2.64,510,0
ROLR.US,60,20250610,170000,2.91,2.91,2.55,2.7,7362,0
ROLR.US,60,20250610,180000,2.707,2.8,2.5004,2.5201,6823,0
ROLR.US,60,20250610,190000,2.5301,2.5301,2.53,2.53,275,0
ROLR.US,60,20250610,200000,2.53,2.53,2.379,2.53,5879,0
ROLR.US,60,20250610,210000,2.3411,2.4,2.3411,2.4,246,0
ROLR.US,60,20250610,220000,2.5,2.5,2.31,2.31,2850,0
ROLR.US,60,20250611,160000,2.38,2.76,2.38,2.5494,17659,0
ROLR.US,60,20250611,170000,2.6929,2.8,2.51,2.79,12901,0
ROLR.US,60,20250611,180000,2.755,2.9364,2.755,2.9364,4981,0
ROLR.US,60,20250611,190000,2.92,2.92,2.6202,2.86,2823,0
ROLR.US,60,20250611,200000,2.706,2.706,2.706,2.706,100,0
ROLR.US,60,20250611,210000,2.75,2.76,2.54,2.72,14296,0
ROLR.US,60,20250611,220000,2.74,2.74,2.66,2.66,2446,0
ROLR.US,60,20250612,160000,2.66,2.695,2.655,2.695,1901,0
ROLR.US,60,20250612,170000,2.68,2.74,2.68,2.72,403,0
ROLR.US,60,20250612,180000,2.6893,2.6893,2.6893,2.6893,4775,0
ROLR.US,60,20250612,210000,2.74,2.74,2.61,2.66,2538,0
ROLR.US,60,20250612,220000,2.65,2.72,2.6012,2.67,1432,0
ROLR.US,60,20250613,160000,2.6,2.65,2.57,2.57,1090,0
ROLR.US,60,20250613,170000,2.58,2.64,2.5006,2.6,7006,0
ROLR.US,60,20250613,180000,2.59,2.644,2.59,2.644,400,0
ROLR.US,60,20250613,220000,2.575,2.595,2.41,2.595,13296,0
ROLR.US,60,20250616,160000,2.63,2.63,2.5,2.5,3152,0
ROLR.US,60,20250616,170000,2.5,2.68,2.49,2.54,3059,0
ROLR.US,60,20250616,180000,2.46,2.53,2.41,2.41,1541,0
ROLR.US,60,20250616,190000,2.37,2.46,2.37,2.405,6347,0
ROLR.US,60,20250616,210000,2.4354,2.56,2.39,2.55,3524,0
ROLR.US,60,20250616,220000,2.61,2.62,2.5,2.5,3037,0
ROLR.US,60,20250617,160000,2.74,2.75,2.6601,2.6601,3896,0
ROLR.US,60,20250617,170000,2.66,2.66,2.66,2.66,800,0
ROLR.US,60,20250617,180000,2.74,2.83,2.7,2.7,4131,0
ROLR.US,60,20250617,190000,2.65,2.7299,2.65,2.65,2118,0
ROLR.US,60,20250617,200000,2.56,2.718,2.56,2.718,829,0
ROLR.US,60,20250617,210000,2.5652,2.5652,2.5652,2.5652,110,0
ROLR.US,60,20250617,220000,2.57,2.82,2.55,2.595,8811,0
ROLR.US,60,20250618,170000,2.64,2.7,2.64,2.7,948,0
ROLR.US,60,20250618,190000,2.685,2.9499,2.685,2.7,4160,0
ROLR.US,60,20250618,210000,2.66,2.66,2.65,2.65,687,0
ROLR.US,60,20250618,220000,2.71,2.71,2.71,2.71,100,0
ROLR.US,60,20250620,160000,2.78,2.78,2.78,2.78,200,0
ROLR.US,60,20250620,170000,2.72,2.72,2.72,2.72,250,0
ROLR.US,60,20250620,190000,2.6757,2.6757,2.669,2.669,350,0
ROLR.US,60,20250620,200000,2.6882,2.69,2.66,2.66,1946,0
ROLR.US,60,20250620,210000,2.63,2.65,2.6288,2.65,1500,0
ROLR.US,60,20250620,220000,2.6599,2.6599,2.6,2.62,3599,0
ROLR.US,60,20250623,160000,2.68,2.68,2.68,2.68,350,0
ROLR.US,60,20250623,170000,2.7,2.7,2.605,2.605,848,0
ROLR.US,60,20250623,180000,2.725,2.725,2.7,2.725,1000,0
ROLR.US,60,20250623,190000,2.59,2.63,2.57,2.57,6205,0
ROLR.US,60,20250623,200000,2.57,2.57,2.57,2.57,1600,0
ROLR.US,60,20250623,210000,2.615,2.615,2.615,2.615,300,0
ROLR.US,60,20250623,220000,2.56,2.625,2.5503,2.58,900,0
ROLR.US,60,20250624,160000,2.625,2.625,2.625,2.625,2800,0
ROLR.US,60,20250624,180000,2.5708,2.5708,2.5708,2.5708,1000,0
ROLR.US,60,20250624,190000,2.55,2.56,2.4723,2.5,3916,0
ROLR.US,60,20250624,200000,2.5399,2.58,2.53,2.53,1960,0
ROLR.US,60,20250624,210000,2.4701,2.75,2.4701,2.5235,3370,0
ROLR.US,60,20250624,220000,2.53,2.6199,2.52,2.6128,5247,0
ROLR.US,60,20250625,160000,2.6952,2.782,2.6952,2.765,6200,0
ROLR.US,60,20250625,170000,2.7535,2.7535,2.7535,2.7535,100,0
ROLR.US,60,20250625,180000,2.71,2.76,2.7065,2.7126,2536,0
ROLR.US,60,20250625,190000,2.74,2.74,2.7045,2.7045,600,0
ROLR.US,60,20250625,200000,2.7199,2.7199,2.63,2.63,3402,0
ROLR.US,60,20250626,170000,2.62,2.62,2.62,2.62,225,0
ROLR.US,60,20250626,180000,2.72,2.82,2.6,2.67,1700,0
ROLR.US,60,20250626,190000,2.6936,2.6936,2.63,2.6781,2550,0
ROLR.US,60,20250626,200000,2.65,2.83,2.64,2.8,14356,0
ROLR.US,60,20250626,210000,2.7036,2.7036,2.7,2.7,3250,0
ROLR.US,60,20250626,220000,2.7,2.7,2.7,2.7,2500,0
ROLR.US,60,20250627,160000,2.745,2.7518,2.745,2.7518,1300,0
ROLR.US,60,20250627,170000,2.75,3.2744,2.75,3.2744,9721,0
ROLR.US,60,20250627,180000,3.14,3.21,2.98,2.99,9277,0
ROLR.US,60,20250627,190000,3.29,3.29,3.29,3.29,245,0
ROLR.US,60,20250627,200000,3.09,3.1349,2.99,3.043,3806,0
ROLR.US,60,20250627,210000,3.1074,3.1074,3,3.03,2799,0
ROLR.US,60,20250627,220000,3.06,3.06,2.9,2.9,6855,0
ROLR.US,60,20250630,160000,3.1032,3.15,2.9238,3.1,7667,0
ROLR.US,60,20250630,170000,2.89,3,2.89,2.89,1812,0
ROLR.US,60,20250630,180000,2.8879,2.9,2.81,2.86,4400,0
ROLR.US,60,20250630,190000,2.87,2.88,2.84,2.85,2050,0
ROLR.US,60,20250630,200000,2.81,2.94,2.81,2.94,1683,0
ROLR.US,60,20250630,210000,2.96,3.1,2.9,2.98,15138,0
ROLR.US,60,20250630,220000,3.05,3.05,2.95,3,301,0
ROLR.US,60,20250701,170000,2.9064,3,2.9064,3,201,0
ROLR.US,60,20250701,180000,2.92,3.02,2.92,2.98,684,0
ROLR.US,60,20250701,190000,2.94,3.0152,2.94,3.0152,300,0
ROLR.US,60,20250701,220000,3.02,3.02,2.98,3.02,2386,0
ROLR.US,60,20250702,160000,3.2219,3.29,2.94,3.075,16414,0
ROLR.US,60,20250702,170000,3.08,3.1692,2.99,3.05,4300,0
ROLR.US,60,20250702,180000,3.05,3.26,3.05,3.1583,33315,0
ROLR.US,60,20250702,190000,3.02,3.27,3.02,3.130908,21540,0
ROLR.US,60,20250702,210000,3.02,3.05,3,3,3771,0
ROLR.US,60,20250702,220000,3.02,3.046,3.02,3.02,722,0
ROLR.US,60,20250703,160000,3.15,3.15,3.15,3.15,100,0
ROLR.US,60,20250703,170000,3.03,3.2054,3.03,3.14,15457,0
ROLR.US,60,20250703,180000,3.1428,3.22,3.14,3.22,2812,0
ROLR.US,60,20250703,190000,3.22,3.22,3.05,3.1,4268,0
ROLR.US,60,20250703,200000,3.05,3.05,3.05,3.05,113,0
ROLR.US,60,20250707,160000,3.1001,3.1693,3.02,3.02,2500,0
ROLR.US,60,20250707,170000,2.99,3,2.99,3,1200,0
ROLR.US,60,20250707,180000,3.05,3.08,2.96,2.96,2856,0
ROLR.US,60,20250707,200000,2.915,3.17,2.915,3.0801,59854,0
ROLR.US,60,20250707,210000,3,3.01,2.98,3.01,1657,0
ROLR.US,60,20250707,220000,2.98,2.98,2.92,2.96,1797,0
ROLR.US,60,20250708,160000,2.92,3.025,2.92,3.025,638,0
ROLR.US,60,20250708,170000,3.05,3.12,3.03,3.12,6184,0
ROLR.US,60,20250708,180000,3.1,3.13,3.1,3.13,700,0
ROLR.US,60,20250708,200000,3.1208,3.13,3.1,3.13,1000,0
ROLR.US,60,20250708,210000,3.14,3.15,3.14,3.15,3323,0
ROLR.US,60,20250708,220000,3.13,3.13,3.06,3.06,1408,0
ROLR.US,60,20250709,160000,3.14,3.175,3.1,3.1,2592,0
ROLR.US,60,20250709,170000,3.1,3.19,3.04,3.1,2678,0
ROLR.US,60,20250709,180000,3.1,3.1,3.1,3.1,427,0
ROLR.US,60,20250709,200000,3.01,3.16,2.91,3.02,63890,0
ROLR.US,60,20250709,210000,2.96,3.2136,2.93,2.95,30814,0
ROLR.US,60,20250709,220000,3.0239,3.0691,3.0239,3.025,1600,0
ROLR.US,60,20250710,160000,3.01,3.11,3,3.11,4134,0
ROLR.US,60,20250710,170000,3.05,3.1801,3.03,3.105,52306,0
ROLR.US,60,20250710,180000,3.05,3.09,3,3.04,6433,0
ROLR.US,60,20250710,190000,2.9341,3.04,2.9341,3.04,6654,0
ROLR.US,60,20250710,200000,3.1405,3.1405,3.06,3.08,2927,0
ROLR.US,60,20250710,210000,3.02,3.02,3.02,3.02,1500,0
ROLR.US,60,20250710,220000,3.01,3.13,3.01,3.13,1450,0
ROLR.US,60,20250711,180000,3.05,3.05,3.03,3.03,1984,0
ROLR.US,60,20250711,200000,3.05,3.11,3.01,3.05,43313,0
ROLR.US,60,20250711,210000,3.07,3.07,3.01,3.025,2853,0
ROLR.US,60,20250711,220000,3,3.01,2.9721,2.9721,606,0
ROLR.US,60,20250714,160000,2.96,3.2438,2.9152,2.9152,7005,0
ROLR.US,60,20250714,170000,3.0978,3.0978,3.0978,3.0978,250,0
ROLR.US,60,20250714,190000,3.08,3.08,3.08,3.08,496,0
ROLR.US,60,20250714,200000,3.1036,3.1036,3.1036,3.1036,100,0
ROLR.US,60,20250714,220000,2.99,3.19,2.97,3.01,22851,0
ROLR.US,60,20250715,160000,3.2497,3.2497,3.05,3.05,1592,0
ROLR.US,60,20250715,170000,3.0653,3.25,3.05,3.0614,4156,0
ROLR.US,60,20250715,180000,3,3,3,3,1000,0
ROLR.US,60,20250715,190000,3.055,3.055,2.947,2.947,1015,0
ROLR.US,60,20250715,210000,2.95,2.95,2.7613,2.78,15258,0
ROLR.US,60,20250715,220000,2.9645,2.9645,2.7,2.77,5383,0
ROLR.US,60,20250716,160000,2.96,3.12,2.8,2.99996,6170,0
ROLR.US,60,20250716,170000,2.79,3.07,2.79,2.96,4977,0
ROLR.US,60,20250716,180000,2.8,2.8,2.8,2.8,1772,0
ROLR.US,60,20250716,190000,2.9691,2.98,2.8,2.8,1450,0
ROLR.US,60,20250716,200000,2.79,2.9096,2.79,2.9096,200,0
ROLR.US,60,20250716,210000,2.8,2.8378,2.79,2.8018,800,0
ROLR.US,60,20250716,220000,2.82,2.82,2.78,2.82,2027,0
ROLR.US,60,20250717,160000,2.9785,2.9785,2.82,2.82,1488,0
ROLR.US,60,20250717,170000,2.92,3.16,2.83,2.9245,3000,0
ROLR.US,60,20250717,180000,2.83,2.91,2.83,2.9,3108,0
ROLR.US,60,20250717,190000,2.91,2.91,2.91,2.91,125,0
ROLR.US,60,20250717,200000,2.89,2.91,2.89,2.91,300,0
ROLR.US,60,20250717,210000,2.955,2.955,2.955,2.955,100,0
ROLR.US,60,20250717,220000,2.83,3.0873,2.83,2.83,630,0
ROLR.US,60,20250718,160000,2.83,2.8763,2.79,2.8441,575,0
ROLR.US,60,20250718,170000,2.81,2.81,2.81,2.81,100,0
ROLR.US,60,20250718,190000,2.8039,2.8039,2.8039,2.8039,450,0
ROLR.US,60,20250718,210000,2.8,2.92,2.76,2.9174,1282,0
ROLR.US,60,20250718,220000,2.8787,2.8787,2.8785,2.8785,200,0
ROLR.US,60,20250721,170000,2.9432,2.9432,2.85,2.85,1100,0
ROLR.US,60,20250721,190000,2.77,2.88,2.77,2.88,300,0
ROLR.US,60,20250721,210000,2.7974,2.8,2.66,2.73,24991,0
ROLR.US,60,20250721,220000,2.75,2.85,2.69,2.79,600,0
ROLR.US,60,20250722,160000,2.745,2.97,2.66,2.97,6350,0
ROLR.US,60,20250722,170000,2.97,2.98,2.7433,2.93,8953,0
ROLR.US,60,20250722,180000,2.75,2.97,2.75,2.97,1420,0
ROLR.US,60,20250722,190000,2.935,2.935,2.935,2.935,100,0
ROLR.US,60,20250722,200000,2.94,2.94,2.94,2.94,100,0
ROLR.US,60,20250722,210000,2.94,2.94,2.9248,2.9248,540,0
ROLR.US,60,20250722,220000,2.93,2.93,2.74,2.844,2550,0
ROLR.US,60,20250723,160000,2.91,2.91,2.91,2.91,200,0
ROLR.US,60,20250723,170000,2.76,2.84,2.73,2.81,14028,0
ROLR.US,60,20250723,180000,2.78,2.78,2.76,2.76,992,0
ROLR.US,60,20250723,190000,2.72,2.8299,2.72,2.8299,814,0
ROLR.US,60,20250723,200000,2.85,2.85,2.8088,2.8088,2300,0
ROLR.US,60,20250723,220000,2.81,2.81,2.69,2.69,3470,0
ROLR.US,60,20250724,160000,2.7432,2.8467,2.7432,2.8467,1000,0
ROLR.US,60,20250724,170000,2.67,2.67,2.65,2.65,2152,0
ROLR.US,60,20250724,180000,2.66,2.85,2.6599,2.72,57703,0
ROLR.US,60,20250724,190000,2.7301,2.7301,2.608,2.61,4659,0
ROLR.US,60,20250724,200000,2.64,2.64,2.64,2.64,100,0
ROLR.US,60,20250724,210000,2.6,2.6,2.6,2.6,464,0
ROLR.US,60,20250724,220000,2.7058,2.717,2.66,2.66,525,0
ROLR.US,60,20250725,160000,2.75,2.75,2.75,2.75,1000,0
ROLR.US,60,20250725,210000,2.6181,2.6747,2.6181,2.6747,800,0
ROLR.US,60,20250725,220000,2.7,2.855,2.6622,2.7,5585,0
ROLR.US,60,20250728,160000,2.9,2.9,2.79,2.8,400,0
ROLR.US,60,20250728,180000,2.7799,2.7799,2.7799,2.7799,100,0
ROLR.US,60,20250728,190000,2.69,2.69,2.69,2.69,200,0
ROLR.US,60,20250728,210000,2.61,2.615,2.61,2.615,1100,0
ROLR.US,60,20250728,220000,2.6498,2.69,2.6498,2.69,1949,0
ROLR.US,60,20250729,160000,2.67,2.74,2.66,2.74,2304,0
ROLR.US,60,20250729,170000,2.79,2.79,2.6,2.6,2074,0
ROLR.US,60,20250729,180000,2.57,2.57,2.55,2.55,1099,0
ROLR.US,60,20250729,190000,2.47,2.54,2.47,2.52,526,0
ROLR.US,60,20250729,200000,2.5,2.52,2.5,2.52,215,0
ROLR.US,60,20250729,210000,2.5,2.66,2.5,2.66,275,0
ROLR.US,60,20250729,220000,2.538,2.538,2.47,2.47,2077,0
ROLR.US,60,20250730,160000,2.46,2.5,2.46,2.46,500,0
ROLR.US,60,20250730,170000,2.47,2.51,2.42,2.42,2438,0
ROLR.US,60,20250730,190000,2.41,2.4495,2.4,2.4495,1100,0
ROLR.US,60,20250730,200000,2.4,2.47,2.4,2.47,5225,0
ROLR.US,60,20250730,210000,2.42,2.42,2.42,2.42,100,0
ROLR.US,60,20250730,220000,2.61,2.61,2.61,2.61,125,0
ROLR.US,60,20250731,170000,2.3501,2.5037,2.3501,2.5037,1625,0
ROLR.US,60,20250731,180000,2.4884,2.4884,2.425,2.425,2650,0
ROLR.US,60,20250731,190000,2.4,2.53,2.4,2.53,2225,0
ROLR.US,60,20250731,200000,2.38,2.54,2.38,2.43,511,0
ROLR.US,60,20250731,220000,2.36,2.45,2.36,2.45,1442,0
ROLR.US,60,20250801,160000,2.4282,2.4282,2.4282,2.4282,250,0
ROLR.US,60,20250801,200000,2.36,2.36,2.36,2.36,654,0
ROLR.US,60,20250801,210000,2.4132,2.4132,2.4132,2.4132,125,0
ROLR.US,60,20250801,220000,2.37,2.37,2.3,2.35,7824,0
ROLR.US,60,20250804,160000,2.48,2.48,2.47,2.47,200,0
ROLR.US,60,20250804,170000,2.3672,2.3672,2.3672,2.3672,1000,0
ROLR.US,60,20250804,180000,2.3606,2.3606,2.3606,2.3606,1485,0
ROLR.US,60,20250804,190000,2.3412,2.37,2.3,2.3,700,0
ROLR.US,60,20250804,200000,2.31,2.31,2.14,2.26,27529,0
ROLR.US,60,20250804,210000,2.17,2.25,2.17,2.25,2425,0
ROLR.US,60,20250804,220000,2.25,2.25,2.25,2.25,113,0
ROLR.US,60,20250805,160000,2.3328,2.3328,2.3328,2.3328,125,0
ROLR.US,60,20250805,170000,2.27,2.33,2.26,2.33,2130,0
ROLR.US,60,20250805,180000,2.26,2.26,2.26,2.26,100,0
ROLR.US,60,20250805,200000,2.2359,2.2916,2.22,2.2916,6312,0
ROLR.US,60,20250805,220000,2.26,2.36,2.26,2.3569,3467,0
ROLR.US,60,20250806,160000,2.3507,2.3507,2.3507,2.3507,250,0
ROLR.US,60,20250806,170000,2.3105,2.3528,2.3105,2.3528,350,0
ROLR.US,60,20250806,180000,2.27,2.352,2.27,2.3139,2940,0
ROLR.US,60,20250806,200000,2.3599,2.3999,2.315,2.3999,2870,0
ROLR.US,60,20250806,210000,2.3999,2.695,2.33,2.37,28686,0
ROLR.US,60,20250806,220000,2.3,2.42,2.3,2.42,797,0
ROLR.US,60,20250807,170000,2.34,2.55,2.3,2.425,20536,0
ROLR.US,60,20250807,180000,2.4,2.645,2.4,2.4,16820,0
ROLR.US,60,20250807,190000,2.35,2.7968,2.35,2.7968,1463,0
ROLR.US,60,20250807,200000,2.69,2.7157,2.34,2.5469,3949,0
ROLR.US,60,20250807,210000,2.64,2.77,2.46,2.67,5861,0
ROLR.US,60,20250807,220000,2.4,2.6499,2.31,2.31,3731,0
ROLR.US,60,20250808,160000,2.57,2.57,2.31,2.31,1278,0
ROLR.US,60,20250808,170000,2.45,2.45,2.45,2.45,250,0
ROLR.US,60,20250808,180000,2.3315,2.495,2.3315,2.48,6682,0
ROLR.US,60,20250808,220000,2.3332,2.435,2.23,2.23,4625,0
ROLR.US,60,20250811,160000,2.2976,2.2976,2.2976,2.2976,1000,0
ROLR.US,60,20250811,190000,2.33,2.3499,2.22,2.3499,325,0
ROLR.US,60,20250811,200000,2.3499,2.3499,2.22,2.22,271,0
ROLR.US,60,20250811,210000,2.3367,2.3367,2.3367,2.3367,150,0
ROLR.US,60,20250811,220000,2.2,2.2,2.2,2.2,325,0
ROLR.US,60,20250812,160000,2.32,2.32,2.32,2.32,3000,0
ROLR.US,60,20250812,170000,2.35,2.35,2.27,2.27,2105,0
ROLR.US,60,20250812,180000,2.255,2.255,2.255,2.255,100,0
ROLR.US,60,20250812,190000,2.23,2.23,2.23,2.23,252,0
ROLR.US,60,20250812,200000,2.2851,2.2851,2.26,2.26,600,0
ROLR.US,60,20250812,210000,2.275,2.38,2.23,2.26,7238,0
ROLR.US,60,20250812,220000,2.31,2.4499,2.21,2.21,2191,0
ROLR.US,60,20250813,160000,2.3402,2.425,2.34,2.425,3212,0
ROLR.US,60,20250813,170000,2.4367,2.48,2.34,2.4226,1965,0
ROLR.US,60,20250813,180000,2.3646,2.3646,2.3646,2.3646,750,0
ROLR.US,60,20250813,190000,2.48,2.4998,2.35,2.415,2603,0
ROLR.US,60,20250813,200000,2.4115,2.4115,2.4115,2.4115,403,0
ROLR.US,60,20250813,210000,2.42,2.42,2.42,2.42,100,0
ROLR.US,60,20250813,220000,2.4,2.45,2.4,2.45,260,0
ROLR.US,60,20250814,160000,2.411,2.411,2.411,2.411,500,0
ROLR.US,60,20250814,180000,2.4895,2.4895,2.4895,2.4895,972,0
ROLR.US,60,20250814,190000,2.3359,2.45,2.3359,2.4,325,0
ROLR.US,60,20250814,200000,2.36,2.3996,2.36,2.3996,225,0
ROLR.US,60,20250814,210000,2.4,2.4,2.31,2.34,699,0
ROLR.US,60,20250815,160000,2.4,2.4,2.39,2.39,451,0
ROLR.US,60,20250815,170000,2.391682,2.391682,2.35,2.35,750,0
ROLR.US,60,20250815,180000,2.42,2.42,2.42,2.42,1000,0
ROLR.US,60,20250815,190000,2.415,2.49,2.415,2.4334,2245,0
ROLR.US,60,20250815,220000,2.38,2.4,2.38,2.39,1200,0
ROLR.US,60,20250818,160000,2.39,2.4475,2.37,2.44,3971,0
ROLR.US,60,20250818,170000,2.4,2.44,2.38,2.38,13449,0
ROLR.US,60,20250818,180000,2.31,2.345,2.31,2.31,1375,0
ROLR.US,60,20250818,190000,2.36,2.75,2.345,2.6,30727,0
ROLR.US,60,20250818,200000,2.514,2.935,2.514,2.72,4273,0
ROLR.US,60,20250818,210000,2.5719,2.6,2.555,2.555,2200,0
ROLR.US,60,20250818,220000,2.63,2.64,2.5925,2.64,1500,0
ROLR.US,60,20250819,160000,2.757,2.7897,2.7,2.7252,4505,0
ROLR.US,60,20250819,170000,2.55,2.615,2.5301,2.58,7200,0
ROLR.US,60,20250819,180000,2.5008,2.55,2.31,2.3501,16023,0
ROLR.US,60,20250819,190000,2.392,2.55,2.3501,2.55,6251,0
ROLR.US,60,20250819,200000,2.57,2.6,2.55,2.6,2597,0
ROLR.US,60,20250819,210000,2.6,2.6,2.6,2.6,1371,0
ROLR.US,60,20250819,220000,2.51,2.59,2.51,2.5153,604,0
ROLR.US,60,20250820,160000,2.4809,2.6799,2.4809,2.6799,280,0
ROLR.US,60,20250820,170000,2.39,2.6699,2.39,2.54,1383,0
ROLR.US,60,20250820,180000,2.63,2.6776,2.63,2.66,400,0
ROLR.US,60,20250820,190000,2.7557,2.7557,2.7557,2.7557,2000,0
ROLR.US,60,20250820,200000,2.6,2.6,2.6,2.6,200,0
ROLR.US,60,20250820,220000,2.7594,2.7594,2.54,2.54,2700,0
ROLR.US,60,20250821,160000,2.62,2.63,2.5,2.63,1200,0
ROLR.US,60,20250821,170000,2.695,2.7312,2.6908,2.6921,1610,0
ROLR.US,60,20250821,180000,2.545,2.6897,2.545,2.6897,600,0
ROLR.US,60,20250821,190000,2.57,2.57,2.57,2.57,100,0
ROLR.US,60,20250821,200000,2.57,2.59,2.54,2.54,1740,0
ROLR.US,60,20250821,210000,2.564,2.564,2.51,2.51,1500,0
ROLR.US,60,20250821,220000,2.52,2.52,2.52,2.52,100,0
ROLR.US,60,20250822,160000,2.6898,2.6898,2.6898,2.6898,125,0
ROLR.US,60,20250822,170000,2.52,2.7,2.52,2.7,3222,0
ROLR.US,60,20250822,180000,2.645,2.645,2.6,2.6,814,0
ROLR.US,60,20250822,190000,2.64,2.6731,2.64,2.6731,1121,0
ROLR.US,60,20250822,200000,2.52,2.64,2.52,2.64,2768,0
ROLR.US,60,20250822,210000,2.6794,2.6794,2.563,2.65,2200,0
ROLR.US,60,20250822,220000,2.53,2.85,2.53,2.85,5092,0
ROLR.US,60,20250825,160000,2.88,2.88,2.8152,2.85,2800,0
ROLR.US,60,20250825,170000,2.89,2.9,2.77,2.812,4000,0
ROLR.US,60,20250825,180000,2.91,2.91,2.91,2.91,100,0
ROLR.US,60,20250825,190000,2.91,2.91,2.8969,2.9029,400,0
ROLR.US,60,20250825,200000,2.83,2.83,2.83,2.83,236,0
ROLR.US,60,20250826,170000,2.6322,2.72,2.6,2.7,1050,0
ROLR.US,60,20250826,180000,2.62,2.62,2.6,2.6132,1440,0
ROLR.US,60,20250826,190000,2.6,2.7488,2.54,2.7488,1300,0
ROLR.US,60,20250826,210000,2.7639,2.7639,2.7639,2.7639,100,0
ROLR.US,60,20250826,220000,2.62,2.69,2.593,2.68,1400,0
ROLR.US,60,20250827,160000,2.585,2.7081,2.585,2.615,500,0
ROLR.US,60,20250827,170000,2.68,2.68,2.68,2.68,100,0
ROLR.US,60,20250827,180000,2.585,2.6499,2.533,2.533,1770,0
ROLR.US,60,20250827,190000,2.5528,2.5528,2.5528,2.5528,100,0
ROLR.US,60,20250827,210000,2.6451,2.65,2.64,2.65,577,0
ROLR.US,60,20250827,220000,2.5307,2.55,2.5307,2.54,1600,0
ROLR.US,60,20250828,160000,2.69,2.69,2.5808,2.5808,400,0
ROLR.US,60,20250828,180000,2.63,2.69,2.62,2.69,2000,0
ROLR.US,60,20250828,190000,2.62,2.62,2.62,2.62,500,0
ROLR.US,60,20250828,210000,2.6263,2.6263,2.58,2.58,266,0
ROLR.US,60,20250828,220000,2.615,2.9,2.615,2.8531,1427,0
ROLR.US,60,20250829,160000,2.72,2.72,2.72,2.72,100,0
ROLR.US,60,20250829,170000,2.7694,2.7694,2.585,2.63,1900,0
ROLR.US,60,20250829,210000,2.6231,2.6231,2.6,2.6,424,0
ROLR.US,60,20250902,160000,2.66,2.76,2.605,2.76,1963,0
ROLR.US,60,20250902,170000,2.84,2.84,2.63,2.7862,3179,0
ROLR.US,60,20250902,180000,2.79,2.79,2.75,2.75,800,0
ROLR.US,60,20250902,190000,2.78,2.83,2.75,2.83,1350,0
ROLR.US,60,20250902,200000,2.8364,2.8364,2.735,2.77,3100,0
ROLR.US,60,20250902,210000,2.74,2.74,2.69,2.69,400,0
ROLR.US,60,20250902,220000,2.72,2.79,2.72,2.79,1200,0
ROLR.US,60,20250903,160000,2.77,2.8021,2.77,2.8021,500,0
ROLR.US,60,20250903,170000,2.8399,2.8399,2.6834,2.75,769,0
ROLR.US,60,20250903,200000,2.780176,2.84,2.780176,2.84,736,0
ROLR.US,60,20250903,220000,2.8391,2.8391,2.8391,2.8391,308,0
ROLR.US,60,20250904,160000,2.84,2.84,2.71,2.7325,462,0
ROLR.US,60,20250904,170000,2.69,2.69,2.6151,2.6151,405,0
ROLR.US,60,20250904,180000,2.777,2.777,2.777,2.777,125,0
ROLR.US,60,20250904,190000,2.77,2.77,2.75,2.75,669,0
ROLR.US,60,20250904,220000,2.84,2.84,2.84,2.84,170,0
ROLR.US,60,20250905,160000,2.71,2.84,2.71,2.8,300,0
ROLR.US,60,20250905,170000,2.6328,2.6757,2.6328,2.6757,350,0
ROLR.US,60,20250905,180000,2.755,2.755,2.755,2.755,400,0
ROLR.US,60,20250905,200000,2.655,2.733,2.6474,2.6474,600,0
ROLR.US,60,20250905,210000,2.55,2.65,2.55,2.6485,800,0
ROLR.US,60,20250908,160000,2.47,2.7824,2.47,2.7824,200,0
ROLR.US,60,20250908,170000,2.48,2.5,2.48,2.5,259,0
ROLR.US,60,20250908,190000,2.7,2.76,2.67,2.67,900,0
ROLR.US,60,20250908,220000,2.53,2.7167,2.51,2.615,678,0
ROLR.US,60,20250909,160000,2.645,2.645,2.645,2.645,200,0
ROLR.US,60,20250909,170000,2.65,2.79,2.5272,2.6118,1325,0
ROLR.US,60,20250909,180000,2.68,2.68,2.68,2.68,100,0
ROLR.US,60,20250909,190000,2.51,2.51,2.51,2.51,150,0
ROLR.US,60,20250909,200000,2.67,2.6806,2.67,2.6806,350,0
ROLR.US,60,20250909,210000,2.71,2.71,2.71,2.71,100,0
ROLR.US,60,20250909,220000,2.6401,2.655,2.64,2.655,2935,0
ROLR.US,60,20250910,170000,2.84,2.85,2.7536,2.7536,5023,0
ROLR.US,60,20250910,180000,2.8318,2.8318,2.83,2.83,200,0
ROLR.US,60,20250910,190000,2.7814,2.83,2.7814,2.7867,1932,0
ROLR.US,60,20250910,200000,2.83,2.83,2.785,2.83,1479,0
ROLR.US,60,20250910,220000,2.93,2.93,2.84,2.84,1097,0
ROLR.US,60,20250911,160000,2.7666,2.88,2.7666,2.88,842,0
ROLR.US,60,20250911,170000,2.88,2.95,2.85,2.8567,5062,0
ROLR.US,60,20250911,180000,2.95,2.95,2.91,2.95,2621,0
ROLR.US,60,20250911,190000,2.98,2.98,2.94,2.9464,3200,0
ROLR.US,60,20250911,200000,2.955,3.34,2.955,3.22,17704,0
ROLR.US,60,20250911,210000,3.355,3.3979,3.2,3.32,13838,0
ROLR.US,60,20250911,220000,3.3,3.3,3.07,3.1885,2758,0
ROLR.US,60,20250912,160000,3.36,3.36,3.24,3.24,300,0
ROLR.US,60,20250912,170000,3.1433,3.32,3.0063,3.0063,2200,0
ROLR.US,60,20250912,180000,3.275,3.39,3.0409,3.39,6910,0
ROLR.US,60,20250912,190000,3.0583,3.335,3.0583,3.165,4337,0
ROLR.US,60,20250912,200000,3.17,3.17,3.17,3.17,984,0
ROLR.US,60,20250912,210000,3.215,3.215,3.215,3.215,301,0
ROLR.US,60,20250912,220000,3.38,3.38,3.24,3.24,1100,0
ROLR.US,60,20250915,160000,3.25,3.45,3.25,3.45,200,0
ROLR.US,60,20250915,170000,3.27,3.374,3.25,3.35,2200,0
ROLR.US,60,20250915,180000,3.3805,3.41,3.3805,3.41,200,0
ROLR.US,60,20250915,190000,3.38,3.38,3.38,3.38,100,0
ROLR.US,60,20250915,200000,3.1758,3.271,3.1758,3.271,555,0
ROLR.US,60,20250915,210000,3.27,3.27,3.27,3.27,100,0
ROLR.US,60,20250915,220000,3.16,3.16,3.1,3.1,900,0
ROLR.US,60,20250916,160000,3.0878,3.1,3.0878,3.0903,3311,0
ROLR.US,60,20250916,170000,3.21,3.21,3.1,3.1,200,0
ROLR.US,60,20250916,180000,3.19,3.19,3.19,3.19,1700,0
ROLR.US,60,20250916,190000,3.19,3.21,3.19,3.21,1100,0
ROLR.US,60,20250916,200000,3.21,3.21,3.21,3.21,500,0
ROLR.US,60,20250916,210000,3.125,3.125,3.125,3.125,100,0
ROLR.US,60,20250916,220000,3.13,3.15,3.13,3.14,842,0
ROLR.US,60,20250917,160000,3.07,3.07,3.07,3.07,151,0
ROLR.US,60,20250917,180000,3.07,3.08,3.07,3.07,2297,0
ROLR.US,60,20250917,200000,3.07,3.07,3.07,3.07,500,0
ROLR.US,60,20250917,210000,3.08,3.08,3.08,3.08,100,0
ROLR.US,60,20250917,220000,3.08,3.09,3.08,3.09,647,0
ROLR.US,60,20250918,160000,3.0601,3.0601,3.06,3.06,239,0
ROLR.US,60,20250918,170000,3.3575,3.3575,3.3,3.3,600,0
ROLR.US,60,20250918,180000,3.29,3.29,3.29,3.29,500,0
ROLR.US,60,20250918,190000,3.185,3.185,3.185,3.185,644,0
ROLR.US,60,20250918,210000,3.09,3.09,3.09,3.09,466,0
ROLR.US,60,20250918,220000,3.1,3.2,2.9,3.2,4136,0
ROLR.US,60,20250919,160000,3.2385,3.3,3.23,3.23,1275,0
ROLR.US,60,20250919,170000,3.22,3.282,3.22,3.22,706,0
ROLR.US,60,20250919,200000,2.92,2.92,2.92,2.92,110,0
ROLR.US,60,20250919,210000,3.21,3.21,3.21,3.21,300,0
ROLR.US,60,20250919,220000,3.07,3.16,3.005,3.02,13403,0
ROLR.US,60,20250922,160000,3.27,3.27,3.05,3.05,674,0
ROLR.US,60,20250922,170000,3.09,3.28,3.09,3.2376,2342,0
ROLR.US,60,20250922,190000,3.1719,3.1719,3.1719,3.1719,678,0
ROLR.US,60,20250922,200000,3.165,3.165,3.05,3.05,700,0
ROLR.US,60,20250922,210000,3.1067,3.1067,3.1067,3.1067,600,0
ROLR.US,60,20250922,220000,2.95,3.1,2.95,3.005,800,0
ROLR.US,60,20250923,160000,3.1277,3.1277,3.0279,3.0299,1963,0
ROLR.US,60,20250923,170000,3,3,3,3,253,0
ROLR.US,60,20250923,190000,2.923753,2.923753,2.923753,2.923753,100,0
ROLR.US,60,20250923,200000,2.895,2.895,2.895,2.895,100,0
ROLR.US,60,20250923,210000,2.9582,3.04,2.945,3.04,1215,0
ROLR.US,60,20250923,220000,3.05,3.05,3.04,3.04,336,0
ROLR.US,60,20250924,160000,3.02,3.02,3.01,3.01,1000,0
ROLR.US,60,20250924,170000,3.0552,3.0903,2.9584,2.9584,1587,0
ROLR.US,60,20250924,190000,2.94,3.27,2.94,3.27,1371,0
ROLR.US,60,20250924,210000,3,3.01,2.98,3.01,546,0
ROLR.US,60,20250924,220000,3.01,3.27,3.01,3.27,658,0
ROLR.US,60,20250925,170000,2.97,3,2.94,3,1947,0
ROLR.US,60,20250925,200000,3,3,2.97,2.97,325,0
ROLR.US,60,20250925,210000,2.955,2.955,2.94,2.9456,990,0
ROLR.US,60,20250925,220000,2.938,2.95,2.915,2.95,1602,0
ROLR.US,60,20250926,160000,2.89,2.89,2.89,2.89,100,0
ROLR.US,60,20250926,190000,2.9622,2.9622,2.9622,2.9622,500,0
ROLR.US,60,20250926,200000,2.96,3.05,2.96,2.96,1306,0
ROLR.US,60,20250926,210000,2.96,2.96,2.9001,2.9001,1495,0
ROLR.US,60,20250926,220000,2.9,2.901,2.9,2.901,200,0
ROLR.US,60,20250929,200000,2.94,2.94,2.75,2.75,1507,0
ROLR.US,60,20250929,210000,2.76,2.76,2.75,2.75,200,0
ROLR.US,60,20250930,160000,3.03,3.03,2.82,2.8449,1021,0
ROLR.US,60,20250930,170000,2.85,2.8503,2.85,2.85,2049,0
ROLR.US,60,20250930,180000,2.82,2.82,2.78,2.78,1693,0
ROLR.US,60,20250930,210000,2.84,2.84,2.8,2.8,402,0
ROLR.US,60,20250930,220000,2.805,2.805,2.79,2.8,600,0
ROLR.US,60,20251001,160000,2.6381,2.6381,2.6381,2.6381,244,0
ROLR.US,60,20251001,170000,2.75,2.8,2.75,2.8,593,0
ROLR.US,60,20251001,190000,2.8168,2.8168,2.7964,2.8,800,0
ROLR.US,60,20251001,220000,2.675,2.89,2.675,2.89,564,0
ROLR.US,60,20251002,160000,2.7537,3.0261,2.7537,3.011,677,0
ROLR.US,60,20251002,170000,2.8314,2.8314,2.8314,2.8314,500,0
ROLR.US,60,20251002,180000,2.8185,2.8185,2.681,2.681,898,0
ROLR.US,60,20251002,210000,2.71,2.71,2.71,2.71,100,0
ROLR.US,60,20251003,170000,2.6,2.6,2.6,2.6,200,0
ROLR.US,60,20251003,180000,2.6,2.78,2.5756,2.78,1337,0
ROLR.US,60,20251003,200000,2.66,2.66,2.66,2.66,379,0
ROLR.US,60,20251003,220000,2.87,2.87,2.87,2.87,100,0
ROLR.US,60,20251006,160000,2.7565,2.7565,2.7565,2.7565,375,0
ROLR.US,60,20251006,170000,2.7758,2.8499,2.71,2.8499,1900,0
ROLR.US,60,20251006,200000,2.76,2.7752,2.745,2.7752,5600,0
ROLR.US,60,20251006,210000,2.78,2.78,2.78,2.78,100,0
ROLR.US,60,20251006,220000,2.76,2.76,2.76,2.76,290,0
ROLR.US,60,20251007,160000,2.8194,2.8194,2.805,2.81,4298,0
ROLR.US,60,20251007,170000,2.8005,2.8689,2.785,2.8422,8458,0
ROLR.US,60,20251007,180000,2.86,2.86,2.7298,2.77,1900,0
ROLR.US,60,20251007,190000,2.77,2.84,2.77,2.84,600,0
ROLR.US,60,20251007,200000,2.7505,3.0775,2.74,3.0775,9836,0
ROLR.US,60,20251007,210000,3.1,3.1,3.075,3.08,1400,0
ROLR.US,60,20251007,220000,2.995,2.995,2.86,2.86,200,0
ROLR.US,60,20251008,160000,3.0195,3.065,3.0195,3.065,200,0
ROLR.US,60,20251008,170000,3.1,3.1,3.0002,3.0013,625,0
ROLR.US,60,20251008,180000,2.9186,2.9186,2.9186,2.9186,100,0
ROLR.US,60,20251008,190000,2.92,2.92,2.92,2.92,931,0
ROLR.US,60,20251008,200000,2.97,3.15,2.97,3.15,750,0
ROLR.US,60,20251008,210000,3.15,3.15,3.13,3.13,200,0
ROLR.US,60,20251008,220000,3.13,3.13,3.0845,3.13,450,0
ROLR.US,60,20251009,160000,2.91,3.11,2.91,2.92,533,0
ROLR.US,60,20251009,170000,2.97,2.99,2.97,2.99,200,0
ROLR.US,60,20251009,190000,3.065,3.065,3.065,3.065,193,0
ROLR.US,60,20251009,200000,3.1,3.13,3.1,3.13,329,0
ROLR.US,60,20251009,210000,3.13,3.13,3.13,3.13,258,0
ROLR.US,60,20251009,220000,3.1,3.1001,3.1,3.1001,282,0
ROLR.US,60,20251010,190000,3.01,3.05,2.935,3.05,811,0
ROLR.US,60,20251010,220000,2.8455,3.0105,2.8455,2.9112,3929,0
ROLR.US,60,20251013,190000,3.0464,3.0464,2.89,2.89,601,0
ROLR.US,60,20251014,160000,2.9235,2.9235,2.9235,2.9235,100,0
ROLR.US,60,20251014,180000,2.94,2.94,2.94,2.94,100,0
ROLR.US,60,20251014,190000,2.95,3,2.95,3,3000,0
ROLR.US,60,20251014,200000,2.95,2.95,2.95,2.95,231,0
ROLR.US,60,20251014,220000,2.95,2.95,2.95,2.95,100,0
ROLR.US,60,20251015,160000,2.95,2.95,2.95,2.95,343,0
ROLR.US,60,20251015,170000,2.8416,3.06,2.8416,3.06,12732,0
ROLR.US,60,20251015,180000,3.06,3.06,2.9548,3.06,662,0
ROLR.US,60,20251015,190000,3.06,3.06,3.06,3.06,100,0
ROLR.US,60,20251015,200000,2.9226,3.06,2.9226,3.06,450,0
ROLR.US,60,20251015,210000,2.98,2.98,2.98,2.98,657,0
ROLR.US,60,20251016,170000,2.95,2.95,2.78,2.79,5199,0
ROLR.US,60,20251016,180000,2.905,2.905,2.905,2.905,207,0
ROLR.US,60,20251017,170000,2.92,2.93,2.92,2.93,433,0
ROLR.US,60,20251017,180000,2.93,3.02,2.93,3.02,3400,0
ROLR.US,60,20251017,190000,2.9577,3.0599,2.95,3.005,3047,0
ROLR.US,60,20251017,200000,3.0355,3.0416,3,3.01,2609,0
ROLR.US,60,20251017,210000,2.99,3.05,2.98,3.04,4364,0
ROLR.US,60,20251017,220000,2.9864,2.9864,2.98,2.98,200,0
ROLR.US,60,20251020,160000,3.02,3.06,2.9981,3.0588,1615,0
ROLR.US,60,20251020,180000,3.0213,3.027,3.0213,3.027,250,0
ROLR.US,60,20251020,190000,3.0578,3.1394,3.0578,3.1394,3774,0
ROLR.US,60,20251020,200000,3.24,3.28,3.11,3.24,9675,0
ROLR.US,60,20251020,210000,3.249,3.38,3.1845,3.38,4967,0
ROLR.US,60,20251020,220000,3.2904,3.2995,3.12,3.14,7590,0
ROLR.US,60,20251021,160000,3.22,3.2393,3.14,3.14,650,0
ROLR.US,60,20251021,170000,3.14,3.14,3.14,3.14,500,0
ROLR.US,60,20251021,180000,3.14,3.14,3.0601,3.0601,1050,0
ROLR.US,60,20251021,190000,3.06,3.06,3.06,3.06,500,0
ROLR.US,60,20251021,200000,3.02,3.0337,3.02,3.03,400,0
ROLR.US,60,20251021,210000,3.0125,3.0173,2.91,2.91,4075,0
ROLR.US,60,20251021,220000,2.955,2.955,2.955,2.955,100,0
ROLR.US,60,20251022,160000,3.066,3.066,3.0206,3.0408,500,0
ROLR.US,60,20251022,170000,3.04,3.07,3.04,3.07,200,0
ROLR.US,60,20251022,190000,3.0468,3.0468,3.0468,3.0468,200,0
ROLR.US,60,20251022,200000,3.07,3.07,3.07,3.07,580,0
ROLR.US,60,20251022,210000,3.1,3.12,3.1,3.105,576,0
ROLR.US,60,20251023,160000,3.14,3.14,3.1101,3.1101,1029,0
ROLR.US,60,20251023,170000,3.14,3.14,3.14,3.14,888,0
ROLR.US,60,20251023,180000,3.14,3.21,3.14,3.18,4713,0
ROLR.US,60,20251023,200000,3.1215,3.27,3.12,3.15,2320,0
ROLR.US,60,20251023,210000,3.14,3.2,3.0017,3.2,2198,0
ROLR.US,60,20251023,220000,3.01,3.26,3,3.14,1375,0
ROLR.US,60,20251024,160000,3.4036,3.4036,3.1401,3.2412,2165,0
ROLR.US,60,20251024,170000,3.18,3.1832,3.15,3.1832,1300,0
ROLR.US,60,20251024,190000,3.0449,3.0449,3.02,3.04,1634,0
ROLR.US,60,20251024,200000,3.05,3.15,3.05,3.12,2480,0
ROLR.US,60,20251024,220000,3.1,3.17,3.01,3.13,1952,0
ROLR.US,60,20251027,150000,3.4201,3.4201,3.4201,3.4201,485,0
ROLR.US,60,20251027,180000,3.182,3.182,3.1,3.1,1045,0
ROLR.US,60,20251027,190000,3.35,3.35,3.35,3.35,100,0
ROLR.US,60,20251027,200000,3.2,3.2,3.11,3.11,410,0
ROLR.US,60,20251027,210000,3.11,3.14,3.11,3.14,1235,0
ROLR.US,60,20251028,150000,3.0243,3.2,3.0243,3.2,225,0
ROLR.US,60,20251028,160000,3.115,3.115,3.115,3.115,899,0
ROLR.US,60,20251028,180000,3.07,3.11,3.07,3.11,600,0
ROLR.US,60,20251028,210000,3.03,3.03,3.03,3.03,350,0
ROLR.US,60,20251029,170000,3.1199,3.1199,3.1199,3.1199,1000,0
ROLR.US,60,20251030,160000,3.11,3.11,2.99,2.9901,5950,0
ROLR.US,60,20251030,170000,2.99,2.99,2.89,2.89,4298,0
ROLR.US,60,20251030,180000,2.71,2.71,2.65,2.69,1308,0
ROLR.US,60,20251030,190000,2.7,2.82,2.7,2.82,3300,0
ROLR.US,60,20251030,200000,2.83,2.8699,2.73,2.73,1200,0
ROLR.US,60,20251030,210000,2.73,2.765,2.72,2.72,600,0
ROLR.US,60,20251031,150000,2.77,3.05,2.77,2.92,2098,0
ROLR.US,60,20251031,160000,2.7,2.97,2.7,2.89,444,0
ROLR.US,60,20251031,170000,2.84,2.84,2.84,2.84,400,0
ROLR.US,60,20251031,180000,2.69,2.69,2.68,2.68,524,0
ROLR.US,60,20251031,190000,2.67,2.67,2.65,2.65,1492,0
ROLR.US,60,20251031,200000,2.6472,2.69,2.6472,2.69,377,0
ROLR.US,60,20251031,210000,2.675,2.7,2.675,2.68,300,0
ROLR.US,60,20251103,170000,2.6901,3.22,2.6901,2.76,900,0
ROLR.US,60,20251103,180000,2.76,2.76,2.76,2.76,300,0
ROLR.US,60,20251103,200000,2.7,2.75,2.7,2.7,1299,0
ROLR.US,60,20251103,220000,2.81,2.81,2.81,2.81,119,0
ROLR.US,60,20251104,160000,2.69,2.69,2.69,2.69,201,0
ROLR.US,60,20251104,200000,2.6928,2.6928,2.6928,2.6928,597,0
ROLR.US,60,20251104,210000,2.666,2.666,2.57,2.57,600,0
ROLR.US,60,20251104,220000,2.6,2.6,2.58,2.58,631,0
ROLR.US,60,20251105,160000,2.64,2.64,2.64,2.64,100,0
ROLR.US,60,20251105,170000,2.68,2.77,2.68,2.77,200,0
ROLR.US,60,20251105,220000,2.83,2.83,2.73,2.73,368,0
ROLR.US,60,20251106,190000,2.57,2.5701,2.57,2.5701,200,0
ROLR.US,60,20251106,210000,2.905,2.905,2.6,2.64,985,0
ROLR.US,60,20251106,220000,2.96,3.22,2.65,2.65,1400,0
ROLR.US,60,20251107,160000,2.69,2.85,2.69,2.85,320,0
ROLR.US,60,20251107,180000,2.73,2.73,2.73,2.73,1000,0
ROLR.US,60,20251107,220000,2.735,2.8535,2.6,2.6,6499,0
ROLR.US,60,20251110,190000,2.71,2.71,2.71,2.71,100,0
ROLR.US,60,20251110,200000,2.67,2.67,2.67,2.67,100,0
ROLR.US,60,20251110,210000,2.67,2.75,2.61,2.7,400,0
ROLR.US,60,20251110,220000,2.62,2.655,2.605,2.6199,2200,0
ROLR.US,60,20251111,180000,2.671,2.671,2.671,2.671,625,0
ROLR.US,60,20251111,200000,2.713,2.713,2.713,2.713,1000,0
ROLR.US,60,20251111,220000,2.86,2.86,2.56,2.56,200,0
ROLR.US,60,20251112,160000,2.8253,2.8253,2.61,2.82,900,0
ROLR.US,60,20251112,170000,2.73,2.73,2.61,2.61,3247,0
ROLR.US,60,20251112,180000,2.61,2.62,2.55,2.56,1520,0
ROLR.US,60,20251112,190000,2.55,2.55,2.55,2.55,100,0
ROLR.US,60,20251112,210000,2.56,2.56,2.56,2.56,100,0
ROLR.US,60,20251112,220000,2.55,2.55,2.55,2.55,104,0
ROLR.US,60,20251113,160000,2.4692,2.47,2.37,2.37,1600,0
ROLR.US,60,20251113,170000,2.4144,2.48,2.4,2.41,5711,0
ROLR.US,60,20251113,180000,2.41,2.41,2.1402,2.27,15202,0
ROLR.US,60,20251113,190000,2.3109,2.3109,2.15,2.26,2000,0
ROLR.US,60,20251113,200000,2.2199,2.48,2.1752,2.48,1246,0
ROLR.US,60,20251113,210000,2.31,2.31,2.31,2.31,100,0
ROLR.US,60,20251114,160000,2.34,2.34,2.34,2.34,100,0
ROLR.US,60,20251114,170000,2.4,2.4,2.4,2.4,100,0
ROLR.US,60,20251114,220000,2.22,2.22,2.2,2.21,970,0
ROLR.US,60,20251117,160000,2.26,2.305,2.26,2.305,300,0
ROLR.US,60,20251117,170000,2.4,2.43,2.205,2.2462,6485,0
ROLR.US,60,20251117,180000,2.33,2.33,2.31,2.31,200,0
ROLR.US,60,20251117,190000,2.33,2.43,2.31,2.31,600,0
ROLR.US,60,20251117,200000,2.2002,2.39,2.2001,2.37,1200,0
ROLR.US,60,20251118,170000,2.32,2.38,2.2886,2.2886,649,0
ROLR.US,60,20251118,180000,2.19,2.2,2.19,2.2,207,0
ROLR.US,60,20251118,220000,2.2734,2.2734,2.2,2.2,207,0
ROLR.US,60,20251119,170000,2.22,2.2399,2.18,2.18,10822,0
ROLR.US,60,20251119,180000,2.1952,2.1952,2.11,2.11,1269,0
ROLR.US,60,20251119,220000,2.1501,2.17,2.1501,2.17,801,0
ROLR.US,60,20251120,160000,2.2,2.2036,2.2,2.2,910,0
ROLR.US,60,20251120,170000,2.2,2.2,2.2,2.2,1001,0
ROLR.US,60,20251120,180000,2.22,2.22,2.2,2.2,623,0
ROLR.US,60,20251120,190000,2.2001,2.2126,2.2,2.2,1300,0
ROLR.US,60,20251120,200000,2.12,2.17,2.1,2.1,2023,0
ROLR.US,60,20251120,210000,2.09,2.09,2.09,2.09,519,0
ROLR.US,60,20251121,160000,2.15,2.16,2.15,2.16,350,0
ROLR.US,60,20251121,170000,2.16,2.16,2.1,2.13,2006,0
ROLR.US,60,20251121,180000,2.13,2.13,2.1001,2.1001,1041,0
ROLR.US,60,20251121,190000,2.121,2.121,2.1,2.1,1500,0
ROLR.US,60,20251121,220000,2.1002,2.1002,2.09,2.09,823,0
ROLR.US,60,20251124,160000,2.085,2.085,2.085,2.085,499,0
ROLR.US,60,20251124,180000,2.04,2.04,2.02,2.02,765,0
ROLR.US,60,20251124,200000,2.0906,2.0906,2.0866,2.0866,303,0
ROLR.US,60,20251124,210000,2.0552,2.09,2.0552,2.09,1000,0
ROLR.US,60,20251124,220000,2.06,2.06,2.06,2.06,300,0
ROLR.US,60,20251125,170000,2,2,2,2,100,0
ROLR.US,60,20251125,180000,2,2,2,2,100,0
ROLR.US,60,20251125,200000,1.9765,1.9765,1.9765,1.9765,251,0
ROLR.US,60,20251125,210000,1.959,1.97,1.9501,1.97,1849,0
ROLR.US,60,20251125,220000,1.97,1.975,1.92,1.964,2200,0
ROLR.US,60,20251126,160000,1.98,1.98,1.96,1.96,289,0
ROLR.US,60,20251126,170000,1.95,2.05,1.95,2.0488,6772,0
ROLR.US,60,20251126,180000,2.05,2.05,2.03,2.03,7866,0
ROLR.US,60,20251126,190000,2.03,2.03,2,2.0017,3184,0
ROLR.US,60,20251126,210000,1.95,1.97,1.94,1.97,500,0
ROLR.US,60,20251126,220000,1.94,1.965,1.84,1.84,4873,0
ROLR.US,60,20251128,160000,1.96,1.96,1.92,1.92,760,0
ROLR.US,60,20251128,170000,1.88,2.0385,1.88,2.0054,1592,0
ROLR.US,60,20251128,180000,1.98,2.03,1.98,2.03,279,0
ROLR.US,60,20251201,160000,2.0299,2.0299,1.93,1.93,3054,0
ROLR.US,60,20251201,170000,1.9431,1.9431,1.9431,1.9431,199,0
ROLR.US,60,20251201,180000,1.955,1.955,1.9,1.92,1093,0
ROLR.US,60,20251201,190000,1.9095,1.9095,1.9,1.9,565,0
ROLR.US,60,20251201,200000,1.86,1.86,1.86,1.86,300,0
ROLR.US,60,20251201,210000,1.8521,1.8521,1.82,1.82,1976,0
ROLR.US,60,20251201,220000,1.8165,1.8165,1.79,1.79,1430,0
ROLR.US,60,20251202,170000,1.77,1.77,1.7,1.7,2738,0
ROLR.US,60,20251202,180000,1.69,1.6913,1.62,1.6354,4577,0
ROLR.US,60,20251202,190000,1.58,1.62,1.55,1.55,3226,0
ROLR.US,60,20251202,200000,1.5373,1.54,1.52,1.54,1029,0
ROLR.US,60,20251202,210000,1.54,1.55,1.33,1.33,19816,0
ROLR.US,60,20251202,220000,1.37,1.6424,1.36,1.5601,12487,0
ROLR.US,60,20251203,160000,1.56,1.5658,1.5,1.54,2639,0
ROLR.US,60,20251203,170000,1.54,1.56,1.43,1.4479,8375,0
ROLR.US,60,20251203,180000,1.4453,1.4453,1.236,1.26,8547,0
ROLR.US,60,20251203,190000,1.24,1.52,1.21,1.48,25057,0
ROLR.US,60,20251203,210000,1.51,1.55,1.51,1.55,4352,0
ROLR.US,60,20251203,220000,1.59,1.6,1.5239,1.5401,4450,0
ROLR.US,60,20251204,160000,1.605,1.645,1.5018,1.55,12313,0
ROLR.US,60,20251204,170000,1.65,1.65,1.5,1.51,8594,0
ROLR.US,60,20251204,180000,1.52,1.5321,1.4944,1.4944,2150,0
ROLR.US,60,20251204,190000,1.51,1.59,1.51,1.517,7157,0
ROLR.US,60,20251204,200000,1.5011,1.52,1.501,1.5078,2262,0
ROLR.US,60,20251204,220000,1.5268,1.55,1.51,1.51,10148,0
ROLR.US,60,20251205,160000,1.53,1.53,1.5104,1.5104,755,0
ROLR.US,60,20251205,170000,1.47,1.47,1.47,1.47,100,0
ROLR.US,60,20251205,180000,1.52,1.57,1.52,1.53,5000,0
ROLR.US,60,20251205,190000,1.57,2.03,1.53,1.95,49388,0
ROLR.US,60,20251205,200000,2,2,1.61,1.64,180639,0
ROLR.US,60,20251205,210000,1.72,1.72,1.53,1.57,14765,0
ROLR.US,60,20251205,220000,1.56,1.6668,1.56,1.62,22619,0
ROLR.US,60,20251208,160000,1.66,1.66,1.65,1.66,550,0
ROLR.US,60,20251208,170000,1.67,1.72,1.66,1.72,6783,0
ROLR.US,60,20251208,180000,1.74,1.775,1.7101,1.775,2081,0
ROLR.US,60,20251208,190000,1.785,1.915,1.785,1.8941,6971,0
ROLR.US,60,20251208,200000,1.92,2.2,1.66,1.8674,199043,0
ROLR.US,60,20251208,210000,1.8799,1.9,1.8201,1.83,9269,0
ROLR.US,60,20251208,220000,1.85,1.9,1.8215,1.85,9116,0
ROLR.US,60,20251209,160000,1.89,1.9282,1.89,1.9282,1596,0
ROLR.US,60,20251209,170000,1.9104,1.93,1.7,1.7222,21465,0
ROLR.US,60,20251209,180000,1.7212,1.75,1.69,1.705,7232,0
ROLR.US,60,20251209,190000,1.69,1.7161,1.6301,1.7037,3617,0
ROLR.US,60,20251209,200000,1.6893,1.7,1.68,1.7,5628,0
ROLR.US,60,20251209,210000,1.7397,1.75,1.73,1.73,2482,0
ROLR.US,60,20251209,220000,1.7496,1.82,1.73,1.78,4206,0
ROLR.US,60,20251210,170000,1.76,1.81,1.76,1.7701,1492,0
ROLR.US,60,20251210,180000,1.875,1.875,1.875,1.875,175,0
ROLR.US,60,20251210,190000,1.7981,1.8,1.7981,1.8,800,0
ROLR.US,60,20251210,200000,1.835,1.835,1.81,1.81,461,0
ROLR.US,60,20251210,210000,1.8106,1.83,1.77,1.77,11185,0
ROLR.US,60,20251210,220000,1.8044,1.8044,1.77,1.77,12287,0
ROLR.US,60,20251211,160000,1.8504,1.8504,1.78,1.78,369,0
ROLR.US,60,20251211,170000,1.79,1.8395,1.79,1.8395,600,0
ROLR.US,60,20251211,180000,1.79,1.8,1.79,1.8,526,0
ROLR.US,60,20251211,190000,1.8,1.8,1.77,1.77,877,0
ROLR.US,60,20251211,200000,1.79,1.8,1.77,1.7984,4400,0
ROLR.US,60,20251211,210000,1.78,1.8199,1.78,1.79,800,0
ROLR.US,60,20251211,220000,1.8183,1.8183,1.77,1.77,3562,0
ROLR.US,60,20251212,180000,1.74,1.845,1.74,1.8325,5300,0
ROLR.US,60,20251212,190000,1.82,1.82,1.8,1.82,503,0
ROLR.US,60,20251212,200000,1.78,1.79,1.78,1.78,500,0
ROLR.US,60,20251212,220000,1.805,1.81,1.78,1.81,348,0
ROLR.US,60,20251215,160000,1.77,1.77,1.77,1.77,200,0
ROLR.US,60,20251215,170000,1.7,1.7,1.5807,1.595,25524,0
ROLR.US,60,20251215,180000,1.6,1.74,1.6,1.74,5125,0
ROLR.US,60,20251215,190000,1.74,1.74,1.66,1.74,3300,0
ROLR.US,60,20251215,200000,1.6426,1.7,1.6426,1.7,1906,0
ROLR.US,60,20251215,210000,1.7,1.7,1.675,1.7,600,0
ROLR.US,60,20251215,220000,1.665,1.78,1.66,1.66,25335,0
ROLR.US,60,20251216,170000,1.8584,1.8584,1.8584,1.8584,100,0
ROLR.US,60,20251216,180000,1.7907,1.8301,1.7907,1.8154,7601,0
ROLR.US,60,20251216,200000,1.77,1.77,1.71,1.71,300,0
ROLR.US,60,20251216,210000,1.7,1.71,1.69,1.71,4520,0
ROLR.US,60,20251216,220000,1.71,1.71,1.68,1.68,958,0
ROLR.US,60,20251217,160000,1.8,1.82,1.75,1.75,26899,0
ROLR.US,60,20251217,170000,1.76,1.76,1.75,1.75,1716,0
ROLR.US,60,20251217,180000,1.76,1.76,1.75,1.75,2312,0
ROLR.US,60,20251217,190000,1.7,1.7699,1.7,1.7699,1200,0
ROLR.US,60,20251217,200000,1.75,1.75,1.725,1.725,200,0
ROLR.US,60,20251217,210000,1.77,1.77,1.7,1.7,665,0
ROLR.US,60,20251217,220000,1.69,1.69,1.47,1.56,15266,0
ROLR.US,60,20251218,160000,1.69,1.69,1.585,1.63,699,0
ROLR.US,60,20251218,180000,1.6,1.6,1.58,1.58,420,0
ROLR.US,60,20251218,200000,1.5818,1.5818,1.55,1.565,1518,0
ROLR.US,60,20251218,220000,1.56,1.56,1.36,1.4,13029,0
ROLR.US,60,20251219,160000,1.39,1.44,1.3405,1.44,6292,0
ROLR.US,60,20251219,170000,1.39,1.44,1.36,1.36,23788,0
ROLR.US,60,20251219,180000,1.35,1.405,1.35,1.405,11501,0
ROLR.US,60,20251219,190000,1.46,1.46,1.425,1.425,1009,0
ROLR.US,60,20251219,200000,1.425,1.425,1.425,1.425,100,0
ROLR.US,60,20251219,210000,1.4084,1.425,1.4,1.425,449,0
ROLR.US,60,20251219,220000,1.425,1.425,1.37,1.37,1205,0
ROLR.US,60,20251222,160000,1.33,1.34,1.29,1.29,2492,0
ROLR.US,60,20251222,170000,1.29,1.5099,1.29,1.395,12343,0
ROLR.US,60,20251222,180000,1.4,1.49,1.4,1.4701,1150,0
ROLR.US,60,20251222,190000,1.4436,1.47,1.395,1.42,3034,0
ROLR.US,60,20251222,200000,1.44,1.44,1.435,1.435,650,0
ROLR.US,60,20251222,210000,1.4911,1.4911,1.3782,1.3782,260,0
ROLR.US,60,20251222,220000,1.4,1.425,1.365,1.38,2000,0
ROLR.US,60,20251223,160000,1.4301,1.441,1.4301,1.441,377,0
ROLR.US,60,20251223,170000,1.46,1.79,1.44,1.6,44944,0
ROLR.US,60,20251223,180000,1.55,1.675,1.4401,1.56,25581,0
ROLR.US,60,20251223,190000,1.55,1.55,1.54,1.54,1786,0
ROLR.US,60,20251223,200000,1.58,1.78,1.5101,1.548,34321,0
ROLR.US,60,20251223,210000,1.54,1.6175,1.51,1.572,1794,0
ROLR.US,60,20251223,220000,1.6406,1.6468,1.52,1.59,2618,0
ROLR.US,60,20251224,160000,1.59,1.59,1.54,1.54,2873,0
ROLR.US,60,20251224,170000,1.5401,1.5401,1.44,1.5,3861,0
ROLR.US,60,20251224,180000,1.44,1.44,1.44,1.44,100,0
ROLR.US,60,20251224,190000,1.54,1.59,1.45,1.51,4240,0
ROLR.US,60,20251224,200000,1.43,1.43,1.43,1.43,188,0
ROLR.US,60,20251226,160000,1.5544,1.6341,1.39,1.39,29414,0
ROLR.US,60,20251226,170000,1.3897,1.5718,1.36,1.5,14475,0
ROLR.US,60,20251226,180000,1.42,1.55,1.29,1.46,25132,0
ROLR.US,60,20251226,190000,1.45,1.47,1.35,1.42,5387,0
ROLR.US,60,20251226,210000,1.4,1.4,1.35,1.4,2950,0
ROLR.US,60,20251226,220000,1.28,1.445,1.28,1.41,1600,0
