<TICKER>,<PER>,<DATE>,<TIME>,<OPEN>,<HIGH>,<LOW>,<CLOSE>,<VOL>,<OPENINT>
SRXH.US,60,20250730,160000,0.4,0.43,0.395,0.4199,131564,0
SRXH.US,60,20250730,170000,0.4,0.4489,0.4,0.4428,69161,0
SRXH.US,60,20250730,180000,0.4449,0.4494,0.425,0.4397,78265,0
SRXH.US,60,20250730,190000,0.4397,0.4398,0.4286,0.4321,4482,0
SRXH.US,60,20250730,200000,0.4303,0.4322,0.425,0.425,17898,0
SRXH.US,60,20250730,210000,0.4237,0.4299,0.4211,0.4295,17288,0
SRXH.US,60,20250730,220000,0.426,0.4323,0.421,0.4211,24876,0
SRXH.US,60,20250731,160000,0.437849,0.439999,0.4237,0.4242,15677,0
SRXH.US,60,20250731,170000,0.421,0.4274,0.421,0.421,16240,0
SRXH.US,60,20250731,180000,0.4242,0.4242,0.4199,0.422,5414,0
SRXH.US,60,20250731,190000,0.4173,0.4185,0.4125,0.4125,8850,0
SRXH.US,60,20250731,200000,0.4088,0.4125,0.4067,0.4067,2514,0
SRXH.US,60,20250731,210000,0.4083,0.4094,0.402,0.4094,15356,0
SRXH.US,60,20250731,220000,0.402,0.4077,0.381,0.3919,42545,0
SRXH.US,60,20250801,160000,0.3835,0.393463,0.3571,0.3879,105591,0
SRXH.US,60,20250801,170000,0.3719,0.3837,0.351,0.3646,201064,0
SRXH.US,60,20250801,180000,0.3642,0.3672,0.3601,0.3611,14660,0
SRXH.US,60,20250801,190000,0.3616,0.37,0.3611,0.3657,5351,0
SRXH.US,60,20250801,200000,0.3603,0.37,0.3475,0.359,73507,0
SRXH.US,60,20250801,210000,0.35,0.3733,0.3415,0.3733,68121,0
SRXH.US,60,20250801,220000,0.3733,0.3939,0.3524,0.3806,27640,0
SRXH.US,60,20250804,160000,0.355,0.379999,0.322,0.3398,44214,0
SRXH.US,60,20250804,170000,0.3359,0.3798,0.3359,0.35565,85366,0
SRXH.US,60,20250804,180000,0.347,0.3609,0.3419,0.348283,6841,0
SRXH.US,60,20250804,190000,0.3512,0.3604,0.3512,0.3604,900,0
SRXH.US,60,20250804,200000,0.35,0.3598,0.340101,0.349,25065,0
SRXH.US,60,20250804,210000,0.34755,0.36,0.34755,0.3525,14493,0
SRXH.US,60,20250804,220000,0.3599,0.36,0.342,0.3579,19000,0
SRXH.US,60,20250805,160000,0.3579,0.3579,0.3401,0.3483,11408,0
SRXH.US,60,20250805,170000,0.3488,0.3489,0.341,0.3411,23154,0
SRXH.US,60,20250805,180000,0.3411,0.3489,0.3411,0.3488,5800,0
SRXH.US,60,20250805,190000,0.3489,0.354,0.3457,0.354,9630,0
SRXH.US,60,20250805,200000,0.3535,0.3579,0.3413,0.3502,6542,0
SRXH.US,60,20250805,210000,0.354,0.3579,0.350301,0.3578,22050,0
SRXH.US,60,20250805,220000,0.3578,0.42,0.357,0.4194,716597,0
SRXH.US,60,20250806,160000,0.380001,0.41,0.380001,0.3998,33245,0
SRXH.US,60,20250806,170000,0.39495,0.3998,0.39,0.3949,5740,0
SRXH.US,60,20250806,180000,0.39,0.3971,0.3843,0.3941,40926,0
SRXH.US,60,20250806,190000,0.3842,0.397,0.3842,0.397,1600,0
SRXH.US,60,20250806,200000,0.39699,0.39699,0.3901,0.3901,22745,0
SRXH.US,60,20250806,210000,0.3874,0.39345,0.3829,0.3851,41228,0
SRXH.US,60,20250806,220000,0.3829,0.3934,0.3784,0.385,4975,0
SRXH.US,60,20250807,160000,0.376,0.376,0.365,0.3675,7616,0
SRXH.US,60,20250807,170000,0.365,0.381,0.3505,0.3797,34962,0
SRXH.US,60,20250807,180000,0.36785,0.378599,0.3505,0.3505,38812,0
SRXH.US,60,20250807,190000,0.355,0.37,0.3507,0.3666,11241,0
SRXH.US,60,20250807,200000,0.36585,0.381,0.36585,0.36585,751,0
SRXH.US,60,20250807,210000,0.3659,0.3659,0.3659,0.3659,1990,0
SRXH.US,60,20250807,220000,0.3599,0.3659,0.3525,0.3659,6991,0
SRXH.US,60,20250808,160000,0.3629,0.3659,0.35,0.35,6485,0
SRXH.US,60,20250808,170000,0.3599,0.3599,0.3501,0.3596,10808,0
SRXH.US,60,20250808,180000,0.3548,0.3596,0.35,0.3509,7273,0
SRXH.US,60,20250808,190000,0.35,0.3508,0.3457,0.3497,2539,0
SRXH.US,60,20250808,200000,0.3474,0.3499,0.345,0.3474,18895,0
SRXH.US,60,20250808,210000,0.3497,0.3497,0.347,0.3494,1470,0
SRXH.US,60,20250808,220000,0.3488,0.3508,0.342,0.3508,25181,0
SRXH.US,60,20250811,160000,0.3459,0.36,0.3414,0.349,30104,0
SRXH.US,60,20250811,170000,0.3512,0.385,0.3422,0.3782,343351,0
SRXH.US,60,20250811,180000,0.3826,0.3827,0.37,0.3702,25445,0
SRXH.US,60,20250811,190000,0.3702,0.3828,0.3701,0.3702,26787,0
SRXH.US,60,20250811,200000,0.3744,0.3787,0.3744,0.3744,1000,0
SRXH.US,60,20250811,210000,0.375,0.375,0.3701,0.3712,7021,0
SRXH.US,60,20250811,220000,0.3701,0.3922,0.3662,0.3793,142770,0
SRXH.US,60,20250812,160000,0.35,0.369,0.3415,0.369,98362,0
SRXH.US,60,20250812,170000,0.3623,0.3799,0.35272,0.3799,146361,0
SRXH.US,60,20250812,180000,0.3818,0.39,0.3799,0.3854,45435,0
SRXH.US,60,20250812,190000,0.39,0.39,0.3654,0.38,21211,0
SRXH.US,60,20250812,200000,0.3727,0.3776,0.3654,0.375,51904,0
SRXH.US,60,20250812,210000,0.3751,0.385,0.302,0.38009,793722,0
SRXH.US,60,20250812,220000,0.3801,0.3801,0.31195,0.326225,194160,0
SRXH.US,60,20250813,160000,0.3153,0.3376,0.3051,0.332,296518,0
SRXH.US,60,20250813,170000,0.332,0.3398,0.3301,0.3398,20395,0
SRXH.US,60,20250813,180000,0.3375,0.3375,0.3305,0.3305,24510,0
SRXH.US,60,20250813,190000,0.3301,0.3301,0.3204,0.3234,62223,0
SRXH.US,60,20250813,200000,0.32,0.3284,0.3123,0.3161,47185,0
SRXH.US,60,20250813,210000,0.312585,0.316,0.3051,0.3066,35925,0
SRXH.US,60,20250813,220000,0.3082,0.31,0.281,0.299,203834,0
SRXH.US,60,20250814,160000,0.3,0.305,0.2702,0.2739,542251,0
SRXH.US,60,20250814,170000,0.2739,0.2824,0.265,0.2747,522993,0
SRXH.US,60,20250814,180000,0.2739,0.2787,0.2735,0.2736,410022,0
SRXH.US,60,20250814,190000,0.27355,0.2761,0.2686,0.2701,277614,0
SRXH.US,60,20250814,200000,0.2732,0.2775,0.2686,0.2712,137148,0
SRXH.US,60,20250814,210000,0.2712,0.2788,0.2694,0.2706,277321,0
SRXH.US,60,20250814,220000,0.2705,0.2788,0.2694,0.2708,442774,0
SRXH.US,60,20250815,160000,0.39,0.67,0.3355,0.644,139770034,0
SRXH.US,60,20250815,170000,0.6475,0.77999,0.526,0.5556,227315422,0
SRXH.US,60,20250815,180000,0.5553,0.577,0.4529,0.4689,60659670,0
SRXH.US,60,20250815,190000,0.4688,0.5615,0.4207,0.54715,58161669,0
SRXH.US,60,20250815,200000,0.5472,0.589,0.4988,0.5334,65345355,0
SRXH.US,60,20250815,210000,0.5323,0.545,0.4793,0.5046,23482570,0
SRXH.US,60,20250815,220000,0.5047,0.58419,0.422,0.499,44210491,0
SRXH.US,60,20250818,160000,0.4611,0.49,0.4197,0.47,2015858,0
SRXH.US,60,20250818,170000,0.4701,0.4746,0.4255,0.4325,1362984,0
SRXH.US,60,20250818,180000,0.4317,0.452,0.3658,0.39,1899693,0
SRXH.US,60,20250818,190000,0.3924,0.41,0.3807,0.3958,916958,0
SRXH.US,60,20250818,200000,0.3979,0.3979,0.37,0.3818,850429,0
SRXH.US,60,20250818,210000,0.3847,0.3942,0.3725,0.3808,554844,0
SRXH.US,60,20250818,220000,0.3844,0.4199,0.3806,0.4199,834805,0
SRXH.US,60,20250819,160000,0.399,0.4042,0.3317,0.3555,1313394,0
SRXH.US,60,20250819,170000,0.3503,0.384,0.3321,0.3639,664374,0
SRXH.US,60,20250819,180000,0.3647,0.37,0.355,0.36,311877,0
SRXH.US,60,20250819,190000,0.3579,0.3674,0.357,0.3674,372675,0
SRXH.US,60,20250819,200000,0.359693,0.3644,0.3583,0.36,108913,0
SRXH.US,60,20250819,210000,0.36,0.3624,0.34,0.349466,269859,0
SRXH.US,60,20250819,220000,0.3508,0.3549,0.34,0.34,220920,0
SRXH.US,60,20250820,160000,0.3277,0.3364,0.3207,0.3275,282021,0
SRXH.US,60,20250820,170000,0.3272,0.359,0.325,0.3582,373719,0
SRXH.US,60,20250820,180000,0.356486,0.368,0.3525,0.3644,275315,0
SRXH.US,60,20250820,190000,0.3644,0.38,0.3636,0.3764,449925,0
SRXH.US,60,20250820,200000,0.3756,0.3756,0.355501,0.3616,177462,0
SRXH.US,60,20250820,210000,0.363449,0.369,0.3581,0.363,82331,0
SRXH.US,60,20250820,220000,0.363,0.3717,0.3405,0.3454,167373,0
SRXH.US,60,20250821,160000,0.35,0.3609,0.3466,0.3501,75193,0
SRXH.US,60,20250821,170000,0.3501,0.3879,0.3501,0.385251,579520,0
SRXH.US,60,20250821,180000,0.3865,0.3914,0.37515,0.3865,333289,0
SRXH.US,60,20250821,190000,0.385,0.3907,0.3785,0.3907,100882,0
SRXH.US,60,20250821,200000,0.3915,0.4033,0.3851,0.397,514115,0
SRXH.US,60,20250821,210000,0.3953,0.4124,0.3902,0.4076,311775,0
SRXH.US,60,20250821,220000,0.405,0.4118,0.3939,0.396,356105,0
SRXH.US,60,20250822,160000,0.37165,0.3999,0.3716,0.3874,266792,0
SRXH.US,60,20250822,170000,0.391,0.4,0.3802,0.3929,927714,0
SRXH.US,60,20250822,180000,0.393,0.393,0.3801,0.385,170933,0
SRXH.US,60,20250822,190000,0.3801,0.3935,0.371,0.386549,433315,0
SRXH.US,60,20250822,200000,0.3851,0.3934,0.375,0.3876,47504,0
SRXH.US,60,20250822,210000,0.3868,0.4142,0.3868,0.4002,300615,0
SRXH.US,60,20250822,220000,0.401,0.4235,0.4002,0.4214,325118,0
SRXH.US,60,20250825,160000,0.4064,0.4066,0.398,0.399,89211,0
SRXH.US,60,20250825,170000,0.3969,0.4,0.3894,0.3909,148546,0
SRXH.US,60,20250825,180000,0.3911,0.3995,0.3859,0.3995,93527,0
SRXH.US,60,20250825,190000,0.3957,0.4139,0.389,0.4127,236134,0
SRXH.US,60,20250825,200000,0.4093,0.4093,0.396,0.399,32113,0
SRXH.US,60,20250825,210000,0.3961,0.4048,0.391531,0.3936,9928,0
SRXH.US,60,20250825,220000,0.3962,0.412999,0.3911,0.4041,93433,0
SRXH.US,60,20250826,160000,0.3806,0.3968,0.3806,0.395199,134475,0
SRXH.US,60,20250826,170000,0.3914,0.4134,0.39,0.4097,295833,0
SRXH.US,60,20250826,180000,0.40355,0.4093,0.3944,0.395,109510,0
SRXH.US,60,20250826,190000,0.395,0.3957,0.3902,0.391455,39759,0
SRXH.US,60,20250826,200000,0.3918,0.398,0.3911,0.3944,23731,0
SRXH.US,60,20250826,210000,0.391201,0.4,0.3911,0.4,11226,0
SRXH.US,60,20250826,220000,0.3999,0.3999,0.3844,0.3924,45690,0
SRXH.US,60,20250827,160000,0.381,0.384,0.365,0.3766,367478,0
SRXH.US,60,20250827,170000,0.380251,0.3838,0.3672,0.3717,88577,0
SRXH.US,60,20250827,180000,0.3799,0.3969,0.37,0.393,107743,0
SRXH.US,60,20250827,190000,0.3963,0.3963,0.3812,0.39,96019,0
SRXH.US,60,20250827,200000,0.3851,0.3889,0.3821,0.3856,24349,0
SRXH.US,60,20250827,210000,0.3851,0.3883,0.382,0.3865,65965,0
SRXH.US,60,20250827,220000,0.3864,0.3874,0.37,0.37,57864,0
SRXH.US,60,20250828,160000,0.3614,0.367,0.36,0.3641,71288,0
SRXH.US,60,20250828,170000,0.3612,0.37,0.354,0.37,112046,0
SRXH.US,60,20250828,180000,0.3659,0.3811,0.3654,0.381,36789,0
SRXH.US,60,20250828,190000,0.377,0.3843,0.375,0.3752,17911,0
SRXH.US,60,20250828,200000,0.3755,0.379,0.3647,0.3663,64491,0
SRXH.US,60,20250828,210000,0.3614,0.37,0.3614,0.3625,30723,0
SRXH.US,60,20250828,220000,0.365101,0.365101,0.359075,0.3649,25634,0
SRXH.US,60,20250829,160000,0.4365,0.4373,0.4026,0.4093,4765926,0
SRXH.US,60,20250829,170000,0.4094,0.4486,0.4018,0.4251,6069396,0
SRXH.US,60,20250829,180000,0.4262,0.4272,0.403,0.4065,2411441,0
SRXH.US,60,20250829,190000,0.4068,0.4221,0.405,0.4089,1422450,0
SRXH.US,60,20250829,200000,0.4085,0.428,0.3845,0.423,1970752,0
SRXH.US,60,20250829,210000,0.4208,0.429,0.4205,0.421385,843500,0
SRXH.US,60,20250829,220000,0.4225,0.4283,0.3979,0.4052,1320420,0
SRXH.US,60,20250902,160000,0.3729,0.3799,0.365,0.3723,254353,0
SRXH.US,60,20250902,170000,0.372101,0.3975,0.37,0.3897,327026,0
SRXH.US,60,20250902,180000,0.392249,0.4325,0.3919,0.4314,826275,0
SRXH.US,60,20250902,190000,0.4317,0.4348,0.410001,0.426451,400850,0
SRXH.US,60,20250902,200000,0.426451,0.4265,0.416,0.4194,288787,0
SRXH.US,60,20250902,210000,0.4164,0.4197,0.3879,0.4056,130511,0
SRXH.US,60,20250902,220000,0.4056,0.419499,0.3806,0.403,78163,0
SRXH.US,60,20250903,160000,0.3852,0.388,0.375,0.3799,124049,0
SRXH.US,60,20250903,170000,0.3821,0.3926,0.37,0.3801,195356,0
SRXH.US,60,20250903,180000,0.3852,0.3859,0.3775,0.3822,72020,0
SRXH.US,60,20250903,190000,0.3822,0.3899,0.3701,0.382344,76212,0
SRXH.US,60,20250903,200000,0.3827,0.3913,0.3732,0.3806,39421,0
SRXH.US,60,20250903,210000,0.3806,0.3988,0.3737,0.3887,108123,0
SRXH.US,60,20250903,220000,0.3861,0.4,0.38205,0.4,188650,0
SRXH.US,60,20250904,160000,0.375,0.3778,0.3712,0.374,79340,0
SRXH.US,60,20250904,170000,0.3712,0.38,0.37,0.3751,117709,0
SRXH.US,60,20250904,180000,0.3737,0.3773,0.37,0.3718,94253,0
SRXH.US,60,20250904,190000,0.3706,0.3706,0.3636,0.3699,38147,0
SRXH.US,60,20250904,200000,0.3669,0.3698,0.36,0.3636,109152,0
SRXH.US,60,20250904,210000,0.361,0.367,0.36,0.3641,92944,0
SRXH.US,60,20250904,220000,0.3643,0.382,0.36,0.382,64333,0
SRXH.US,60,20250905,160000,0.3651,0.3754,0.3611,0.363,72981,0
SRXH.US,60,20250905,170000,0.3673,0.3739,0.36,0.361,129421,0
SRXH.US,60,20250905,180000,0.3611,0.3749,0.35981,0.3661,141493,0
SRXH.US,60,20250905,190000,0.362,0.3634,0.3598,0.3604,108702,0
SRXH.US,60,20250905,200000,0.3604,0.365,0.36,0.3601,6957,0
SRXH.US,60,20250905,210000,0.3601,0.3642,0.3588,0.3598,34737,0
SRXH.US,60,20250905,220000,0.3588,0.375,0.3501,0.375,161914,0
SRXH.US,60,20250908,160000,0.3591,0.3593,0.3464,0.3502,122241,0
SRXH.US,60,20250908,170000,0.3502,0.3543,0.3485,0.3543,67224,0
SRXH.US,60,20250908,180000,0.3501,0.3577,0.33,0.3536,376328,0
SRXH.US,60,20250908,190000,0.3535,0.37,0.3474,0.36,105366,0
SRXH.US,60,20250908,200000,0.36,0.3604,0.3536,0.3551,27949,0
SRXH.US,60,20250908,210000,0.3551,0.36,0.3437,0.3438,109239,0
SRXH.US,60,20250908,220000,0.3438,0.3557,0.3363,0.3557,103540,0
SRXH.US,60,20250909,160000,0.3405,0.341,0.333,0.335,95069,0
SRXH.US,60,20250909,170000,0.3313,0.3368,0.32532,0.336399,109284,0
SRXH.US,60,20250909,180000,0.3301,0.3367,0.3277,0.3279,80960,0
SRXH.US,60,20250909,190000,0.331424,0.334015,0.3255,0.328694,33962,0
SRXH.US,60,20250909,200000,0.3278,0.33,0.325601,0.3297,38754,0
SRXH.US,60,20250909,210000,0.3297,0.3375,0.3256,0.331,34286,0
SRXH.US,60,20250909,220000,0.3268,0.341,0.3268,0.336,122414,0
SRXH.US,60,20250910,160000,0.326,0.3336,0.3074,0.3114,131022,0
SRXH.US,60,20250910,170000,0.3114,0.3179,0.27,0.2978,597648,0
SRXH.US,60,20250910,180000,0.2985,0.318,0.295,0.2969,178631,0
SRXH.US,60,20250910,190000,0.2999,0.2999,0.2897,0.2897,199841,0
SRXH.US,60,20250910,200000,0.2935,0.305199,0.2876,0.302101,400367,0
SRXH.US,60,20250910,210000,0.3053,0.311999,0.297,0.2994,325925,0
SRXH.US,60,20250910,220000,0.2991,0.3065,0.2982,0.3015,296805,0
SRXH.US,60,20250911,160000,0.3015,0.3015,0.295,0.2996,62362,0
SRXH.US,60,20250911,170000,0.2996,0.31,0.283,0.3076,208453,0
SRXH.US,60,20250911,180000,0.3076,0.3135,0.3028,0.313,69745,0
SRXH.US,60,20250911,190000,0.313,0.3151,0.3114,0.3126,81778,0
SRXH.US,60,20250911,200000,0.3126,0.315,0.31,0.31,31344,0
SRXH.US,60,20250911,210000,0.312,0.315,0.312,0.315,24881,0
SRXH.US,60,20250911,220000,0.315,0.316,0.304,0.304,82914,0
SRXH.US,60,20250912,160000,0.3099,0.3099,0.3038,0.304,42167,0
SRXH.US,60,20250912,170000,0.304,0.3085,0.304,0.3066,21999,0
SRXH.US,60,20250912,180000,0.3067,0.3084,0.3051,0.3052,14254,0
SRXH.US,60,20250912,190000,0.3069,0.3085,0.3052,0.3061,24387,0
SRXH.US,60,20250912,200000,0.3054,0.307,0.304,0.3058,8202,0
SRXH.US,60,20250912,210000,0.3058,0.3082,0.305,0.3082,10158,0
SRXH.US,60,20250912,220000,0.307999,0.3086,0.3052,0.306,59810,0
SRXH.US,60,20250915,160000,0.315,0.3155,0.31,0.3135,55203,0
SRXH.US,60,20250915,170000,0.314,0.3313,0.314,0.3312,260006,0
SRXH.US,60,20250915,180000,0.3272,0.348,0.327,0.3388,256711,0
SRXH.US,60,20250915,190000,0.3363,0.3596,0.335,0.3596,249780,0
SRXH.US,60,20250915,200000,0.3596,0.3596,0.3383,0.352059,163055,0
SRXH.US,60,20250915,210000,0.355001,0.3961,0.3517,0.396,915240,0
SRXH.US,60,20250915,220000,0.396,0.3961,0.3579,0.36,1425990,0
SRXH.US,60,20250916,160000,0.3519,0.3519,0.3432,0.3433,109515,0
SRXH.US,60,20250916,170000,0.347401,0.355,0.343,0.355,158517,0
SRXH.US,60,20250916,180000,0.35,0.3595,0.35,0.3501,94801,0
SRXH.US,60,20250916,190000,0.3578,0.3581,0.35,0.3511,71766,0
SRXH.US,60,20250916,200000,0.3542,0.357,0.347,0.3538,35907,0
SRXH.US,60,20250916,210000,0.353799,0.3575,0.3449,0.3495,88319,0
SRXH.US,60,20250916,220000,0.3468,0.35,0.3448,0.345,75860,0
SRXH.US,60,20250917,160000,0.3445,0.3515,0.3445,0.3499,23324,0
SRXH.US,60,20250917,170000,0.3473,0.35,0.335,0.3375,296233,0
SRXH.US,60,20250917,180000,0.3375,0.3425,0.3375,0.3424,173166,0
SRXH.US,60,20250917,190000,0.3425,0.3516,0.3424,0.3463,92875,0
SRXH.US,60,20250917,200000,0.3499,0.36,0.3478,0.3558,45014,0
SRXH.US,60,20250917,210000,0.3558,0.36,0.346,0.34905,49648,0
SRXH.US,60,20250917,220000,0.35,0.3539,0.346,0.346,65260,0
SRXH.US,60,20250918,160000,0.34145,0.345,0.3369,0.345,11334,0
SRXH.US,60,20250918,170000,0.3398,0.3448,0.339701,0.3445,26226,0
SRXH.US,60,20250918,180000,0.3419,0.3449,0.3398,0.3426,37602,0
SRXH.US,60,20250918,190000,0.3447,0.3449,0.3392,0.343199,15338,0
SRXH.US,60,20250918,200000,0.3415,0.344899,0.3415,0.3443,16221,0
SRXH.US,60,20250918,210000,0.3448,0.3449,0.3425,0.3437,7563,0
SRXH.US,60,20250918,220000,0.3425,0.345,0.339,0.339,45468,0
SRXH.US,60,20250919,160000,0.3495,0.359,0.3463,0.347,13561,0
SRXH.US,60,20250919,170000,0.349999,0.3548,0.347,0.35245,73772,0
SRXH.US,60,20250919,180000,0.35245,0.3549,0.3452,0.3496,28405,0
SRXH.US,60,20250919,190000,0.349,0.352,0.3489,0.3511,27234,0
SRXH.US,60,20250919,200000,0.3504,0.3582,0.3504,0.3558,40944,0
SRXH.US,60,20250919,210000,0.3564,0.3568,0.3504,0.352901,15983,0
SRXH.US,60,20250919,220000,0.3523,0.3554,0.3473,0.3473,30713,0
SRXH.US,60,20250922,160000,0.3371,0.3375,0.3297,0.3311,56022,0
SRXH.US,60,20250922,170000,0.3351,0.3459,0.3301,0.332101,62027,0
SRXH.US,60,20250922,180000,0.3322,0.3401,0.3322,0.3353,37707,0
SRXH.US,60,20250922,190000,0.3349,0.3349,0.3306,0.3318,18833,0
SRXH.US,60,20250922,200000,0.3321,0.333,0.331,0.3317,11607,0
SRXH.US,60,20250922,210000,0.332,0.332,0.3263,0.3288,56340,0
SRXH.US,60,20250922,220000,0.3281,0.3367,0.3263,0.3367,20329,0
SRXH.US,60,20250923,160000,0.33,0.3394,0.3238,0.3333,71237,0
SRXH.US,60,20250923,170000,0.3332,0.3398,0.333,0.3377,34961,0
SRXH.US,60,20250923,180000,0.336172,0.3387,0.3353,0.335302,14401,0
SRXH.US,60,20250923,190000,0.337,0.3377,0.3342,0.3362,14618,0
SRXH.US,60,20250923,200000,0.3349,0.336,0.3333,0.3343,19292,0
SRXH.US,60,20250923,210000,0.331,0.3344,0.331,0.3344,9800,0
SRXH.US,60,20250923,220000,0.3349,0.3388,0.328,0.3388,41936,0
SRXH.US,60,20250924,160000,0.3291,0.338,0.3291,0.3347,5785,0
SRXH.US,60,20250924,170000,0.3329,0.333,0.3291,0.331,5203,0
SRXH.US,60,20250924,180000,0.3309,0.333,0.3291,0.3291,8479,0
SRXH.US,60,20250924,190000,0.3296,0.333,0.3295,0.3314,33934,0
SRXH.US,60,20250924,200000,0.3314,0.333,0.3299,0.3299,29615,0
SRXH.US,60,20250924,210000,0.3296,0.3309,0.3262,0.3262,21275,0
SRXH.US,60,20250924,220000,0.3263,0.35,0.3247,0.35,15124,0
SRXH.US,60,20250925,160000,0.33,0.3367,0.3228,0.33,9273,0
SRXH.US,60,20250925,170000,0.3243,0.3387,0.3235,0.3283,21690,0
SRXH.US,60,20250925,180000,0.3262,0.3294,0.324,0.3279,14371,0
SRXH.US,60,20250925,190000,0.3251,0.329,0.324,0.324,23416,0
SRXH.US,60,20250925,200000,0.3241,0.3255,0.3232,0.324,22903,0
SRXH.US,60,20250925,210000,0.3247,0.3248,0.324,0.3244,2549,0
SRXH.US,60,20250925,220000,0.324,0.3387,0.3228,0.3387,14519,0
SRXH.US,60,20250926,160000,0.33,0.3387,0.33,0.3301,34436,0
SRXH.US,60,20250926,170000,0.3365,0.3366,0.33,0.3301,12514,0
SRXH.US,60,20250926,180000,0.33,0.33,0.3259,0.329,9608,0
SRXH.US,60,20250926,190000,0.33,0.33,0.3281,0.3281,3768,0
SRXH.US,60,20250926,200000,0.3283,0.3284,0.3257,0.3257,10466,0
SRXH.US,60,20250926,210000,0.328,0.3281,0.3252,0.3281,5100,0
SRXH.US,60,20250926,220000,0.3251,0.3281,0.325,0.3281,13292,0
SRXH.US,60,20250929,160000,0.3244,0.3278,0.3235,0.3236,20855,0
SRXH.US,60,20250929,170000,0.3235,0.3235,0.32,0.32,38573,0
SRXH.US,60,20250929,180000,0.3234,0.3235,0.32,0.3219,7456,0
SRXH.US,60,20250929,190000,0.3218,0.3228,0.32,0.3217,17591,0
SRXH.US,60,20250929,200000,0.3235,0.3235,0.32,0.3203,4999,0
SRXH.US,60,20250929,210000,0.3201,0.3207,0.32,0.32,10911,0
SRXH.US,60,20250929,220000,0.32,0.338,0.32,0.338,14236,0
SRXH.US,60,20250930,160000,0.3261,0.3283,0.312,0.312,72784,0
SRXH.US,60,20250930,170000,0.312,0.317099,0.3019,0.3117,112529,0
SRXH.US,60,20250930,180000,0.3055,0.314,0.3031,0.3047,40054,0
SRXH.US,60,20250930,190000,0.303,0.3069,0.3003,0.3035,96797,0
SRXH.US,60,20250930,200000,0.3003,0.3097,0.3,0.3,85930,0
SRXH.US,60,20250930,210000,0.3,0.301,0.2996,0.3005,89125,0
SRXH.US,60,20250930,220000,0.2996,0.317,0.295,0.317,215223,0
SRXH.US,60,20251001,160000,0.3029,0.3064,0.2958,0.3063,28549,0
SRXH.US,60,20251001,170000,0.3063,0.3116,0.3063,0.3104,37170,0
SRXH.US,60,20251001,180000,0.3104,0.328,0.3086,0.3189,136314,0
SRXH.US,60,20251001,190000,0.3234,0.3447,0.3093,0.3247,240542,0
SRXH.US,60,20251001,200000,0.3345,0.3367,0.3186,0.3245,23792,0
SRXH.US,60,20251001,210000,0.3239,0.328,0.3239,0.3275,3467,0
SRXH.US,60,20251001,220000,0.3273,0.33,0.32,0.32,110638,0
SRXH.US,60,20251002,160000,0.3324,0.3448,0.3201,0.3299,35774,0
SRXH.US,60,20251002,170000,0.33,0.3338,0.3222,0.3291,10615,0
SRXH.US,60,20251002,180000,0.3281,0.3285,0.3222,0.32615,13263,0
SRXH.US,60,20251002,190000,0.3262,0.3298,0.3228,0.328799,7903,0
SRXH.US,60,20251002,200000,0.3265,0.336,0.326,0.336,15000,0
SRXH.US,60,20251002,210000,0.3321,0.39,0.33,0.3505,792541,0
SRXH.US,60,20251002,220000,0.355,0.3698,0.3401,0.3524,141469,0
SRXH.US,60,20251003,160000,0.3418,0.3528,0.3351,0.3374,84018,0
SRXH.US,60,20251003,170000,0.3377,0.3539,0.3376,0.3515,53187,0
SRXH.US,60,20251003,180000,0.3516,0.3536,0.348,0.3516,35183,0
SRXH.US,60,20251003,190000,0.3516,0.3533,0.3492,0.3494,6370,0
SRXH.US,60,20251003,200000,0.3491,0.3511,0.348,0.3511,31165,0
SRXH.US,60,20251003,210000,0.3529,0.3529,0.348,0.351,46799,0
SRXH.US,60,20251003,220000,0.3509,0.355,0.3481,0.3493,64517,0
SRXH.US,60,20251006,160000,0.3551,0.3551,0.3399,0.34,127472,0
SRXH.US,60,20251006,170000,0.3401,0.3462,0.3391,0.34,62302,0
SRXH.US,60,20251006,180000,0.3446,0.3503,0.3392,0.3449,23064,0
SRXH.US,60,20251006,190000,0.3449,0.3658,0.3449,0.357,79220,0
SRXH.US,60,20251006,200000,0.3564,0.362,0.3504,0.3604,71665,0
SRXH.US,60,20251006,210000,0.3609,0.3791,0.3609,0.3663,178125,0
SRXH.US,60,20251006,220000,0.3667,0.375,0.3663,0.367,52156,0
SRXH.US,60,20251007,160000,0.3491,0.353583,0.3431,0.3482,45107,0
SRXH.US,60,20251007,170000,0.3502,0.3536,0.3418,0.3418,63057,0
SRXH.US,60,20251007,180000,0.3452,0.3488,0.3311,0.3325,135034,0
SRXH.US,60,20251007,190000,0.3338,0.3413,0.3338,0.34,2230,0
SRXH.US,60,20251007,200000,0.34,0.3449,0.34,0.3422,9825,0
SRXH.US,60,20251007,210000,0.3411,0.3431,0.3397,0.34,66881,0
SRXH.US,60,20251007,220000,0.34,0.3401,0.321,0.3315,159000,0
SRXH.US,60,20251008,160000,0.331,0.3395,0.3292,0.3393,78059,0
SRXH.US,60,20251008,170000,0.338,0.348,0.3292,0.3351,90161,0
SRXH.US,60,20251008,180000,0.3359,0.339,0.3301,0.3344,2070,0
SRXH.US,60,20251008,190000,0.339,0.3419,0.335,0.3419,2423,0
SRXH.US,60,20251008,200000,0.3445,0.3445,0.3394,0.34,7034,0
SRXH.US,60,20251008,210000,0.342964,0.3434,0.3411,0.3411,2167,0
SRXH.US,60,20251008,220000,0.3404,0.3419,0.335,0.3378,18158,0
SRXH.US,60,20251009,160000,0.3397,0.375,0.3388,0.359899,418185,0
SRXH.US,60,20251009,170000,0.3589,0.3688,0.3511,0.3636,156017,0
SRXH.US,60,20251009,180000,0.3635,0.3649,0.3578,0.3624,35017,0
SRXH.US,60,20251009,190000,0.3642,0.3737,0.3642,0.3737,202151,0
SRXH.US,60,20251009,200000,0.3728,0.375,0.3621,0.3656,146156,0
SRXH.US,60,20251009,210000,0.362538,0.3713,0.3621,0.368,63161,0
SRXH.US,60,20251009,220000,0.364717,0.3687,0.3586,0.3648,83518,0
SRXH.US,60,20251010,160000,0.3423,0.3468,0.3355,0.338102,96149,0
SRXH.US,60,20251010,170000,0.3407,0.3407,0.33,0.33,136450,0
SRXH.US,60,20251010,180000,0.33,0.335,0.3232,0.3238,96496,0
SRXH.US,60,20251010,190000,0.332,0.332,0.3251,0.326,16876,0
SRXH.US,60,20251010,200000,0.3253,0.3431,0.3253,0.3431,10400,0
SRXH.US,60,20251010,210000,0.3388,0.3398,0.333,0.3398,8405,0
SRXH.US,60,20251010,220000,0.3365,0.34,0.332,0.332153,69149,0
SRXH.US,60,20251013,160000,0.3227,0.3256,0.321,0.3256,27470,0
SRXH.US,60,20251013,170000,0.3233,0.3255,0.321,0.321,108389,0
SRXH.US,60,20251013,180000,0.321,0.3256,0.321,0.3231,5695,0
SRXH.US,60,20251013,190000,0.3232,0.3256,0.3223,0.3256,21698,0
SRXH.US,60,20251013,200000,0.3263,0.3298,0.325,0.325,7533,0
SRXH.US,60,20251013,210000,0.325,0.3281,0.3227,0.322825,20452,0
SRXH.US,60,20251013,220000,0.3277,0.3283,0.321,0.321,18884,0
SRXH.US,60,20251014,160000,0.3264,0.3264,0.319,0.3237,12879,0
SRXH.US,60,20251014,170000,0.3264,0.3326,0.31805,0.33,113633,0
SRXH.US,60,20251014,180000,0.33045,0.3478,0.33045,0.331,92803,0
SRXH.US,60,20251014,190000,0.3312,0.339,0.331,0.339,2033,0
SRXH.US,60,20251014,200000,0.3349,0.3377,0.325,0.3295,36753,0
SRXH.US,60,20251014,210000,0.3252,0.3289,0.325,0.3289,1900,0
SRXH.US,60,20251014,220000,0.3275,0.3289,0.3131,0.32,38109,0
SRXH.US,60,20251015,160000,0.3176,0.3333,0.3166,0.33,79719,0
SRXH.US,60,20251015,170000,0.3308,0.3494,0.3253,0.337812,225300,0
SRXH.US,60,20251015,180000,0.3415,0.3465,0.3346,0.3455,65947,0
SRXH.US,60,20251015,190000,0.3388,0.34,0.32991,0.3324,153985,0
SRXH.US,60,20251015,200000,0.3324,0.342,0.3242,0.337,95530,0
SRXH.US,60,20251015,210000,0.336899,0.336899,0.3289,0.3364,18642,0
SRXH.US,60,20251015,220000,0.3294,0.3355,0.3253,0.33,46253,0
SRXH.US,60,20251016,160000,0.3283,0.3335,0.3221,0.3293,13312,0
SRXH.US,60,20251016,170000,0.327301,0.34,0.3249,0.3325,98607,0
SRXH.US,60,20251016,180000,0.3326,0.3338,0.3249,0.3249,44361,0
SRXH.US,60,20251016,190000,0.3244,0.33,0.3115,0.320899,93586,0
SRXH.US,60,20251016,200000,0.321,0.321,0.3163,0.3173,11425,0
SRXH.US,60,20251016,210000,0.32,0.32,0.3088,0.308901,36595,0
SRXH.US,60,20251016,220000,0.3128,0.3165,0.31,0.3165,36503,0
SRXH.US,60,20251017,160000,0.3131,0.3131,0.3131,0.3131,7200,0
SRXH.US,60,20251017,170000,0.3146,0.319,0.3138,0.3138,8678,0
SRXH.US,60,20251017,180000,0.314,0.3192,0.3101,0.3122,27473,0
SRXH.US,60,20251017,190000,0.3101,0.3189,0.3101,0.3103,23618,0
SRXH.US,60,20251017,200000,0.31505,0.31505,0.31505,0.31505,320,0
SRXH.US,60,20251017,210000,0.319,0.319,0.3116,0.315,3202,0
SRXH.US,60,20251017,220000,0.3155,0.3192,0.314,0.3192,12017,0
SRXH.US,60,20251020,160000,0.3211,0.325,0.3211,0.3211,4515,0
SRXH.US,60,20251020,170000,0.3298,0.3298,0.325,0.32755,38393,0
SRXH.US,60,20251020,180000,0.3262,0.3335,0.3262,0.33055,33917,0
SRXH.US,60,20251020,190000,0.329,0.3338,0.3218,0.3218,29458,0
SRXH.US,60,20251020,200000,0.3218,0.3284,0.3218,0.3284,21621,0
SRXH.US,60,20251020,210000,0.3283,0.33,0.3251,0.3283,72863,0
SRXH.US,60,20251020,220000,0.3283,0.3312,0.327,0.327,65807,0
SRXH.US,60,20251021,160000,0.3288,0.3288,0.3197,0.324,91144,0
SRXH.US,60,20251021,170000,0.3217,0.326,0.3171,0.3212,17807,0
SRXH.US,60,20251021,180000,0.318514,0.3212,0.317201,0.3201,2702,0
SRXH.US,60,20251021,190000,0.32,0.32,0.319,0.319,1100,0
SRXH.US,60,20251021,200000,0.319,0.3233,0.3178,0.3217,54456,0
SRXH.US,60,20251021,210000,0.325,0.3365,0.32,0.33,73899,0
SRXH.US,60,20251021,220000,0.325201,0.3348,0.325201,0.331,42472,0
SRXH.US,60,20251022,160000,0.3243,0.3243,0.31,0.3207,43112,0
SRXH.US,60,20251022,170000,0.3174,0.3203,0.3123,0.3169,25062,0
SRXH.US,60,20251022,180000,0.3167,0.3178,0.3127,0.3127,20964,0
SRXH.US,60,20251022,190000,0.3127,0.3296,0.3127,0.31785,72644,0
SRXH.US,60,20251022,200000,0.32245,0.3249,0.31875,0.32,39200,0
SRXH.US,60,20251022,210000,0.3248,0.3298,0.3221,0.326,14910,0
SRXH.US,60,20251022,220000,0.3224,0.3271,0.3205,0.3205,19107,0
SRXH.US,60,20251023,160000,0.3152,0.3275,0.3152,0.3202,20245,0
SRXH.US,60,20251023,170000,0.3239,0.3276,0.3217,0.3217,10028,0
SRXH.US,60,20251023,180000,0.32355,0.327,0.32,0.3258,33235,0
SRXH.US,60,20251023,190000,0.320001,0.3201,0.32,0.32,1243,0
SRXH.US,60,20251023,200000,0.3201,0.32255,0.32,0.32255,1782,0
SRXH.US,60,20251023,210000,0.3224,0.3231,0.32125,0.3213,8678,0
SRXH.US,60,20251023,220000,0.3212,0.3249,0.32,0.3201,9014,0
SRXH.US,60,20251024,160000,0.321,0.3498,0.3201,0.3488,117140,0
SRXH.US,60,20251024,170000,0.3499,0.3499,0.3347,0.3347,64090,0
SRXH.US,60,20251024,180000,0.3392,0.3465,0.3347,0.3354,11549,0
SRXH.US,60,20251024,190000,0.3347,0.335,0.3217,0.325,75574,0
SRXH.US,60,20251024,200000,0.325,0.3293,0.3219,0.3293,19219,0
SRXH.US,60,20251024,210000,0.3257,0.3407,0.3257,0.3302,98633,0
SRXH.US,60,20251024,220000,0.335,0.335,0.326,0.3336,44201,0
SRXH.US,60,20251027,150000,0.3311,0.3324,0.331,0.331347,10961,0
SRXH.US,60,20251027,160000,0.3314,0.3465,0.3314,0.3401,86565,0
SRXH.US,60,20251027,170000,0.3432,0.3432,0.3379,0.3409,18007,0
SRXH.US,60,20251027,180000,0.34025,0.34025,0.3362,0.3362,720,0
SRXH.US,60,20251027,190000,0.33635,0.3401,0.3325,0.3364,4370,0
SRXH.US,60,20251027,200000,0.3364,0.345,0.3326,0.3395,67762,0
SRXH.US,60,20251027,210000,0.34095,0.3461,0.3331,0.3449,49149,0
SRXH.US,60,20251028,150000,0.341,0.343,0.33,0.335,30210,0
SRXH.US,60,20251028,160000,0.3346,0.3635,0.3331,0.3613,489614,0
SRXH.US,60,20251028,170000,0.3607,0.362,0.3551,0.3572,26695,0
SRXH.US,60,20251028,180000,0.35795,0.362,0.3562,0.361,34861,0
SRXH.US,60,20251028,190000,0.362,0.378,0.359001,0.366,258155,0
SRXH.US,60,20251028,200000,0.367001,0.3699,0.357902,0.3685,11818,0
SRXH.US,60,20251028,210000,0.3647,0.3757,0.3581,0.37,158248,0
SRXH.US,60,20251029,150000,0.3689,0.3689,0.345,0.3456,35440,0
SRXH.US,60,20251029,160000,0.3456,0.3584,0.3436,0.3453,90376,0
SRXH.US,60,20251029,170000,0.3482,0.3508,0.3362,0.3457,108296,0
SRXH.US,60,20251029,180000,0.3429,0.3475,0.3377,0.3377,61490,0
SRXH.US,60,20251029,190000,0.34,0.3431,0.333,0.3339,20861,0
SRXH.US,60,20251029,200000,0.337599,0.337599,0.333,0.3331,32597,0
SRXH.US,60,20251029,210000,0.3331,0.3375,0.3331,0.3375,26629,0
SRXH.US,60,20251030,150000,0.33,0.33,0.3221,0.3252,28843,0
SRXH.US,60,20251030,160000,0.3238,0.3444,0.3222,0.3401,100111,0
SRXH.US,60,20251030,170000,0.3422,0.3499,0.34,0.3482,56418,0
SRXH.US,60,20251030,180000,0.3481,0.3482,0.3341,0.3461,88363,0
SRXH.US,60,20251030,190000,0.346,0.3718,0.343101,0.3598,517394,0
SRXH.US,60,20251030,200000,0.3599,0.3619,0.35,0.35005,118030,0
SRXH.US,60,20251030,210000,0.3501,0.3634,0.35005,0.3524,106997,0
SRXH.US,60,20251031,150000,0.348,0.348,0.3233,0.3235,35107,0
SRXH.US,60,20251031,160000,0.3286,0.3286,0.3162,0.3163,111168,0
SRXH.US,60,20251031,170000,0.3163,0.3164,0.31625,0.316299,39155,0
SRXH.US,60,20251031,180000,0.31625,0.3176,0.316,0.316,21527,0
SRXH.US,60,20251031,190000,0.316,0.3161,0.3,0.3,177187,0
SRXH.US,60,20251031,200000,0.3,0.3001,0.3,0.3001,51290,0
SRXH.US,60,20251031,210000,0.300025,0.3001,0.3,0.30005,131216,0
SRXH.US,60,20251103,160000,0.2995,0.2995,0.294364,0.2961,29976,0
SRXH.US,60,20251103,170000,0.2961,0.2984,0.296,0.2961,14934,0
SRXH.US,60,20251103,180000,0.2961,0.2961,0.296,0.2961,10424,0
SRXH.US,60,20251103,190000,0.2961,0.2985,0.296,0.2961,21700,0
SRXH.US,60,20251103,200000,0.2961,0.2972,0.296025,0.296025,46819,0
SRXH.US,60,20251103,210000,0.2961,0.3113,0.296025,0.304,140944,0
SRXH.US,60,20251103,220000,0.3057,0.306,0.3004,0.306,11178,0
SRXH.US,60,20251104,160000,0.31,0.32,0.2884,0.2889,52456,0
SRXH.US,60,20251104,170000,0.2889,0.299,0.2731,0.27455,55629,0
SRXH.US,60,20251104,180000,0.274501,0.292,0.2745,0.285,84561,0
SRXH.US,60,20251104,190000,0.285,0.2872,0.2829,0.2829,14551,0
SRXH.US,60,20251104,200000,0.28285,0.2829,0.28,0.2801,39954,0
SRXH.US,60,20251104,210000,0.280001,0.280001,0.273125,0.27315,55413,0
SRXH.US,60,20251104,220000,0.27315,0.2732,0.2667,0.268,53264,0
SRXH.US,60,20251105,160000,0.2686,0.282,0.2686,0.2796,11152,0
SRXH.US,60,20251105,170000,0.2797,0.282,0.277201,0.2801,38557,0
SRXH.US,60,20251105,180000,0.2811,0.2823,0.281,0.2822,48504,0
SRXH.US,60,20251105,190000,0.2811,0.2956,0.2811,0.2956,17373,0
SRXH.US,60,20251105,200000,0.2955,0.2955,0.2861,0.2861,14064,0
SRXH.US,60,20251105,210000,0.288,0.2956,0.2847,0.2881,23994,0
SRXH.US,60,20251105,220000,0.288,0.2923,0.2871,0.2872,12013,0
SRXH.US,60,20251106,160000,0.2853,0.2853,0.2627,0.2675,46308,0
SRXH.US,60,20251106,170000,0.2675,0.2935,0.2675,0.28515,154965,0
SRXH.US,60,20251106,180000,0.28515,0.3162,0.28515,0.31,311829,0
SRXH.US,60,20251106,190000,0.3053,0.3141,0.3,0.3071,119166,0
SRXH.US,60,20251106,200000,0.3071,0.398,0.303501,0.33,12099658,0
SRXH.US,60,20251106,210000,0.3286,0.3467,0.265,0.286,6200110,0
SRXH.US,60,20251106,220000,0.285,0.2867,0.2651,0.272,480912,0
SRXH.US,60,20251107,160000,0.23995,0.2585,0.2229,0.2379,176291,0
SRXH.US,60,20251107,170000,0.2356,0.236,0.2251,0.2326,138030,0
SRXH.US,60,20251107,180000,0.2316,0.232,0.231,0.231001,60942,0
SRXH.US,60,20251107,190000,0.231,0.23275,0.226,0.2275,67279,0
SRXH.US,60,20251107,200000,0.2262,0.2313,0.2262,0.2308,58028,0
SRXH.US,60,20251107,210000,0.2298,0.2353,0.22625,0.2285,143063,0
SRXH.US,60,20251107,220000,0.2272,0.2429,0.2271,0.228,91040,0
SRXH.US,60,20251110,160000,0.22,0.228,0.2149,0.2233,87646,0
SRXH.US,60,20251110,170000,0.22435,0.2335,0.221301,0.2242,88733,0
SRXH.US,60,20251110,180000,0.2248,0.2283,0.2214,0.2252,13329,0
SRXH.US,60,20251110,190000,0.2222,0.2283,0.2222,0.22445,21634,0
SRXH.US,60,20251110,200000,0.22515,0.2273,0.201,0.2061,349759,0
SRXH.US,60,20251110,210000,0.2068,0.210799,0.2068,0.2105,20128,0
SRXH.US,60,20251110,220000,0.2071,0.2108,0.205,0.2108,64675,0
SRXH.US,60,20251111,160000,0.2108,0.2288,0.2108,0.22495,33777,0
SRXH.US,60,20251111,170000,0.228,0.2298,0.211,0.2126,75462,0
SRXH.US,60,20251111,180000,0.2149,0.22,0.2149,0.2197,13237,0
SRXH.US,60,20251111,190000,0.2196,0.2471,0.215,0.2246,726896,0
SRXH.US,60,20251111,200000,0.2224,0.2251,0.215,0.2185,276419,0
SRXH.US,60,20251111,210000,0.21975,0.2278,0.2168,0.2198,47718,0
SRXH.US,60,20251111,220000,0.2197,0.2247,0.2151,0.2213,38578,0
SRXH.US,60,20251112,160000,0.216,0.2194,0.213951,0.2194,21017,0
SRXH.US,60,20251112,170000,0.2181,0.2287,0.2179,0.224901,61332,0
SRXH.US,60,20251112,180000,0.2249,0.2287,0.2221,0.225051,57714,0
SRXH.US,60,20251112,190000,0.2275,0.2275,0.2211,0.2221,26684,0
SRXH.US,60,20251112,200000,0.2211,0.227,0.221,0.2259,41120,0
SRXH.US,60,20251112,210000,0.227,0.2341,0.226,0.2324,68280,0
SRXH.US,60,20251112,220000,0.2324,0.2456,0.2316,0.2419,109113,0
SRXH.US,60,20251113,160000,0.2492,0.2492,0.2351,0.2455,47520,0
SRXH.US,60,20251113,170000,0.2467,0.25919,0.2381,0.2443,189499,0
SRXH.US,60,20251113,180000,0.2446,0.2478,0.23,0.244,95601,0
SRXH.US,60,20251113,190000,0.2411,0.245,0.2381,0.2387,5663,0
SRXH.US,60,20251113,200000,0.240838,0.2409,0.2341,0.2381,12633,0
SRXH.US,60,20251113,210000,0.2386,0.2412,0.2318,0.23635,15050,0
SRXH.US,60,20251113,220000,0.237,0.248,0.235,0.2438,24146,0
SRXH.US,60,20251114,160000,0.2319,0.2389,0.2319,0.2388,41840,0
SRXH.US,60,20251114,170000,0.2337,0.2491,0.2335,0.248899,14815,0
SRXH.US,60,20251114,180000,0.24865,0.2546,0.2452,0.25335,35012,0
SRXH.US,60,20251114,190000,0.2521,0.2521,0.2452,0.2494,12793,0
SRXH.US,60,20251114,200000,0.2496,0.2496,0.2453,0.2453,3289,0
SRXH.US,60,20251114,210000,0.2453,0.2481,0.24445,0.2481,3800,0
SRXH.US,60,20251114,220000,0.245,0.2489,0.2409,0.245,29382,0
SRXH.US,60,20251117,160000,0.247,0.2499,0.24,0.2499,43000,0
SRXH.US,60,20251117,170000,0.2457,0.3086,0.2437,0.2628,708381,0
SRXH.US,60,20251117,180000,0.2628,0.2634,0.2448,0.2586,103842,0
SRXH.US,60,20251117,190000,0.2566,0.2641,0.2552,0.2619,80037,0
SRXH.US,60,20251117,200000,0.2629,0.2629,0.245,0.245,87532,0
SRXH.US,60,20251117,210000,0.2501,0.2501,0.243,0.2456,15545,0
SRXH.US,60,20251117,220000,0.2455,0.2498,0.2389,0.247,95316,0
SRXH.US,60,20251118,160000,0.2489,0.2529,0.2415,0.246,94133,0
SRXH.US,60,20251118,170000,0.245801,0.2619,0.245801,0.2619,71454,0
SRXH.US,60,20251118,180000,0.26075,0.26075,0.2543,0.2543,12963,0
SRXH.US,60,20251118,190000,0.2553,0.2564,0.2543,0.2563,8082,0
SRXH.US,60,20251118,200000,0.2596,0.2596,0.2545,0.2545,5967,0
SRXH.US,60,20251118,210000,0.2546,0.2566,0.2544,0.2545,5189,0
SRXH.US,60,20251118,220000,0.2549,0.263,0.2496,0.263,64076,0
SRXH.US,60,20251119,160000,0.2642,0.2671,0.2624,0.2671,1491,0
SRXH.US,60,20251119,170000,0.2656,0.2671,0.2591,0.2633,25043,0
SRXH.US,60,20251119,180000,0.2633,0.2633,0.2515,0.25385,10978,0
SRXH.US,60,20251119,190000,0.2559,0.2559,0.2531,0.2534,16447,0
SRXH.US,60,20251119,200000,0.2545,0.256,0.2536,0.2536,3113,0
SRXH.US,60,20251119,210000,0.2547,0.2596,0.2539,0.2544,13752,0
SRXH.US,60,20251119,220000,0.2545,0.2619,0.2545,0.2619,5544,0
SRXH.US,60,20251120,160000,0.2615,0.2737,0.2608,0.2608,78745,0
SRXH.US,60,20251120,170000,0.2594,0.27,0.2594,0.262,73213,0
SRXH.US,60,20251120,180000,0.258701,0.262,0.2472,0.251301,160861,0
SRXH.US,60,20251120,190000,0.2478,0.2548,0.2453,0.2473,22793,0
SRXH.US,60,20251120,200000,0.2473,0.2505,0.2473,0.2505,3055,0
SRXH.US,60,20251120,210000,0.2494,0.2564,0.247,0.2563,60155,0
SRXH.US,60,20251120,220000,0.2533,0.2543,0.2465,0.2473,61382,0
SRXH.US,60,20251121,160000,0.2429,0.24605,0.2429,0.2453,2424,0
SRXH.US,60,20251121,170000,0.2454,0.2568,0.2453,0.2533,43986,0
SRXH.US,60,20251121,180000,0.2533,0.2603,0.25,0.2603,71908,0
SRXH.US,60,20251121,190000,0.2609,0.2609,0.2545,0.2545,24180,0
SRXH.US,60,20251121,200000,0.25735,0.2597,0.25675,0.25675,1200,0
SRXH.US,60,20251121,210000,0.259,0.2879,0.259,0.2685,184700,0
SRXH.US,60,20251121,220000,0.2697,0.276,0.2687,0.2735,41910,0
SRXH.US,60,20251124,160000,0.2592,0.2771,0.2503,0.277,37420,0
SRXH.US,60,20251124,170000,0.277,0.28,0.2717,0.277,115277,0
SRXH.US,60,20251124,180000,0.2772,0.2818,0.2751,0.2808,38318,0
SRXH.US,60,20251124,190000,0.2808,0.282,0.2769,0.2808,42880,0
SRXH.US,60,20251124,200000,0.2808,0.2995,0.2802,0.2971,163912,0
SRXH.US,60,20251124,210000,0.2966,0.298,0.2902,0.295,40800,0
SRXH.US,60,20251124,220000,0.294,0.2996,0.293,0.299,29716,0
SRXH.US,60,20251125,160000,0.299,0.3054,0.2941,0.3043,144952,0
SRXH.US,60,20251125,170000,0.3013,0.3028,0.2825,0.3026,46856,0
SRXH.US,60,20251125,180000,0.3026,0.318,0.296,0.3151,46525,0
SRXH.US,60,20251125,190000,0.3188,0.327,0.3104,0.324,110116,0
SRXH.US,60,20251125,200000,0.3274,0.3284,0.3151,0.3265,41420,0
SRXH.US,60,20251125,210000,0.3224,0.3273,0.3204,0.3239,40525,0
SRXH.US,60,20251125,220000,0.320501,0.3275,0.314,0.32065,180004,0
SRXH.US,60,20251126,160000,0.32,0.3262,0.314,0.3201,9780,0
SRXH.US,60,20251126,170000,0.3237,0.3279,0.3184,0.3233,6138,0
SRXH.US,60,20251126,180000,0.3233,0.3447,0.3233,0.32955,91429,0
SRXH.US,60,20251126,190000,0.3298,0.334699,0.327314,0.3346,2764,0
SRXH.US,60,20251126,200000,0.3312,0.3363,0.3278,0.3363,24331,0
SRXH.US,60,20251126,210000,0.3361,0.3447,0.3361,0.3439,14295,0
SRXH.US,60,20251126,220000,0.3438,0.3459,0.332,0.332,38595,0
SRXH.US,60,20251128,160000,0.3231,0.33825,0.3229,0.33825,33084,0
SRXH.US,60,20251128,170000,0.3383,0.3429,0.3302,0.337,7008,0
SRXH.US,60,20251128,180000,0.3359,0.3382,0.3327,0.3382,13548,0
SRXH.US,60,20251128,190000,0.3382,0.342,0.3319,0.332101,5313,0
SRXH.US,60,20251128,200000,0.342,0.342,0.342,0.342,266,0
SRXH.US,60,20251201,160000,0.3151,0.325,0.3151,0.3209,39388,0
SRXH.US,60,20251201,170000,0.3266,0.3313,0.3253,0.3275,4104,0
SRXH.US,60,20251201,180000,0.328,0.32905,0.32595,0.32595,7830,0
SRXH.US,60,20251201,190000,0.32595,0.32715,0.323,0.32715,4162,0
SRXH.US,60,20251201,200000,0.327,0.344,0.327,0.342,36724,0
SRXH.US,60,20251201,210000,0.3429,0.3437,0.33935,0.33935,16249,0
SRXH.US,60,20251201,220000,0.33905,0.3481,0.339,0.3459,25575,0
SRXH.US,60,20251202,160000,0.343751,0.3482,0.343751,0.34595,10579,0
SRXH.US,60,20251202,170000,0.3459,0.34635,0.3427,0.34635,11221,0
SRXH.US,60,20251202,180000,0.34625,0.3647,0.3462,0.3643,81797,0
SRXH.US,60,20251202,190000,0.36375,0.3646,0.3602,0.3634,5990,0
SRXH.US,60,20251202,200000,0.3634,0.3639,0.3565,0.3588,32480,0
SRXH.US,60,20251202,210000,0.3588,0.3693,0.3588,0.3691,58137,0
SRXH.US,60,20251202,220000,0.36845,0.3841,0.3671,0.3838,232600,0
SRXH.US,60,20251203,160000,0.3819,0.4088,0.3817,0.3977,328045,0
SRXH.US,60,20251203,170000,0.3976,0.3976,0.38,0.387,80884,0
SRXH.US,60,20251203,180000,0.3837,0.3913,0.38,0.3898,101938,0
SRXH.US,60,20251203,190000,0.3884,0.389,0.38165,0.3856,1200,0
SRXH.US,60,20251203,200000,0.3884,0.3884,0.3838,0.3861,6970,0
SRXH.US,60,20251203,210000,0.3872,0.3872,0.3751,0.37805,6201,0
SRXH.US,60,20251203,220000,0.3805,0.3945,0.378249,0.3938,106878,0
SRXH.US,60,20251204,160000,0.3999,0.3999,0.38,0.391964,38137,0
SRXH.US,60,20251204,170000,0.3967,0.4131,0.39,0.3987,73462,0
SRXH.US,60,20251204,180000,0.3965,0.41,0.3965,0.4034,80726,0
SRXH.US,60,20251204,190000,0.4031,0.40605,0.3969,0.397,21099,0
SRXH.US,60,20251204,200000,0.397,0.4028,0.397,0.3992,21181,0
SRXH.US,60,20251204,210000,0.3994,0.402,0.397,0.397,112971,0
SRXH.US,60,20251204,220000,0.3901,0.4,0.3901,0.3995,45790,0
SRXH.US,60,20251205,160000,0.3901,0.404,0.3854,0.4033,135706,0
SRXH.US,60,20251205,170000,0.4024,0.4153,0.40155,0.4139,438174,0
SRXH.US,60,20251205,180000,0.4127,0.425,0.4064,0.4241,107035,0
SRXH.US,60,20251205,190000,0.424,0.4248,0.4148,0.4237,16402,0
SRXH.US,60,20251205,200000,0.4247,0.43,0.4192,0.4299,137197,0
SRXH.US,60,20251205,210000,0.43,0.4336,0.4238,0.4295,140064,0
SRXH.US,60,20251205,220000,0.4334,0.4418,0.432,0.44,150874,0
SRXH.US,60,20251208,160000,0.43,0.46,0.4177,0.454,67554,0
SRXH.US,60,20251208,170000,0.4539,0.4655,0.4489,0.449,139950,0
SRXH.US,60,20251208,180000,0.44905,0.47,0.44905,0.462,191806,0
SRXH.US,60,20251208,190000,0.46525,0.468,0.4508,0.4509,28093,0
SRXH.US,60,20251208,200000,0.4567,0.4633,0.445,0.445,25018,0
SRXH.US,60,20251208,210000,0.4362,0.46,0.4348,0.46,54022,0
SRXH.US,60,20251208,220000,0.454,0.4607,0.4466,0.4559,69068,0
SRXH.US,60,20251209,160000,0.4559,0.4694,0.4214,0.4665,93163,0
SRXH.US,60,20251209,170000,0.4608,0.47365,0.46,0.4735,54616,0
SRXH.US,60,20251209,180000,0.4736,0.4738,0.43,0.4592,45202,0
SRXH.US,60,20251209,190000,0.4516,0.4719,0.4516,0.465201,108908,0
SRXH.US,60,20251209,200000,0.46775,0.4752,0.4651,0.4693,33427,0
SRXH.US,60,20251209,210000,0.47,0.47,0.4529,0.462,81231,0
SRXH.US,60,20251209,220000,0.463501,0.48,0.456,0.48,68749,0
SRXH.US,60,20251210,160000,0.4655,0.495,0.4591,0.4931,70624,0
SRXH.US,60,20251210,170000,0.4879,0.4931,0.4829,0.4925,26330,0
SRXH.US,60,20251210,180000,0.4919,0.5186,0.49,0.5099,307586,0
SRXH.US,60,20251210,190000,0.5099,0.5504,0.5049,0.5428,183566,0
SRXH.US,60,20251210,200000,0.5462,0.55,0.5258,0.5422,134638,0
SRXH.US,60,20251210,210000,0.535601,0.5754,0.47,0.5703,238489,0
SRXH.US,60,20251210,220000,0.5702,0.6029,0.57,0.6029,118249,0
SRXH.US,60,20251211,160000,0.5708,0.6034,0.5603,0.562,80778,0
SRXH.US,60,20251211,170000,0.5623,0.5711,0.461,0.4749,342244,0
SRXH.US,60,20251211,180000,0.4748,0.5051,0.4521,0.474,306060,0
SRXH.US,60,20251211,190000,0.4769,0.4769,0.4202,0.4238,97384,0
SRXH.US,60,20251211,200000,0.42525,0.44989,0.3521,0.3572,258583,0
SRXH.US,60,20251211,210000,0.366,0.3701,0.3435,0.3563,103228,0
SRXH.US,60,20251211,220000,0.3562,0.3802,0.3541,0.3795,73304,0
SRXH.US,60,20251212,160000,0.3864,0.3929,0.3779,0.3929,16544,0
SRXH.US,60,20251212,170000,0.39245,0.439,0.3859,0.426,74766,0
SRXH.US,60,20251212,180000,0.4308,0.48,0.4168,0.4738,333811,0
SRXH.US,60,20251212,190000,0.4698,0.4899,0.4611,0.4736,91018,0
SRXH.US,60,20251212,200000,0.4735,0.49,0.4666,0.4684,211285,0
SRXH.US,60,20251212,210000,0.4684,0.475,0.4596,0.4663,106529,0
SRXH.US,60,20251212,220000,0.4664,0.475,0.461,0.461,68446,0
SRXH.US,60,20251215,160000,0.4179,0.4194,0.39,0.39,115958,0
SRXH.US,60,20251215,170000,0.391,0.391,0.3478,0.3478,97933,0
SRXH.US,60,20251215,180000,0.3479,0.3699,0.3397,0.365,192877,0
SRXH.US,60,20251215,190000,0.36735,0.378,0.3444,0.3454,316816,0
SRXH.US,60,20251215,200000,0.3464,0.3498,0.32,0.32,96376,0
SRXH.US,60,20251215,210000,0.3154,0.3344,0.31405,0.3251,43366,0
SRXH.US,60,20251215,220000,0.322,0.3238,0.29,0.3045,135751,0
SRXH.US,60,20251216,160000,0.7101,0.7102,0.58,0.6176,51288999,0
SRXH.US,60,20251216,170000,0.6177,0.6317,0.4502,0.6004,72929624,0
SRXH.US,60,20251216,180000,0.6026,0.66499,0.55,0.6318,40503933,0
SRXH.US,60,20251216,190000,0.6318,0.65,0.5809,0.6006,32216689,0
SRXH.US,60,20251216,200000,0.6005,0.6108,0.4933,0.5655,30875928,0
SRXH.US,60,20251216,210000,0.5642,0.568,0.4581,0.47005,28524814,0
SRXH.US,60,20251216,220000,0.4701,0.4766,0.35,0.3769,31700490,0
SRXH.US,60,20251217,160000,0.34705,0.37999,0.3302,0.35,6167429,0
SRXH.US,60,20251217,170000,0.35195,0.35989,0.3433,0.3521,6486146,0
SRXH.US,60,20251217,180000,0.3531,0.3572,0.344,0.345,3186743,0
SRXH.US,60,20251217,190000,0.3469,0.3596,0.3345,0.3551,2454745,0
SRXH.US,60,20251217,200000,0.3553,0.39535,0.3539,0.3563,9797652,0
SRXH.US,60,20251217,210000,0.3564,0.368,0.3325,0.3605,4863737,0
SRXH.US,60,20251217,220000,0.360301,0.375,0.34,0.375,2911848,0
SRXH.US,60,20251218,160000,0.3233,0.335,0.3125,0.32,2720819,0
SRXH.US,60,20251218,170000,0.3203,0.32525,0.3051,0.3199,4381585,0
SRXH.US,60,20251218,180000,0.32,0.3257,0.3159,0.3228,2058960,0
SRXH.US,60,20251218,190000,0.3234,0.333,0.32,0.331549,1856135,0
SRXH.US,60,20251218,200000,0.3319,0.369,0.3281,0.3501,2913354,0
SRXH.US,60,20251218,210000,0.3509,0.3627,0.33,0.341,1156111,0
SRXH.US,60,20251218,220000,0.3417,0.3417,0.3276,0.335,1312096,0
SRXH.US,60,20251219,160000,0.3286,0.3286,0.3039,0.3125,2460833,0
SRXH.US,60,20251219,170000,0.3124,0.3174,0.30945,0.31,1739348,0
SRXH.US,60,20251219,180000,0.3105,0.3121,0.3,0.3092,1853123,0
SRXH.US,60,20251219,190000,0.3092,0.3129,0.3067,0.3103,1011557,0
SRXH.US,60,20251219,200000,0.3101,0.3114,0.303,0.3086,778064,0
SRXH.US,60,20251219,210000,0.30815,0.31,0.29,0.2979,1395909,0
SRXH.US,60,20251219,220000,0.2979,0.312,0.28,0.312,2955227,0
SRXH.US,60,20251222,160000,0.288,0.3119,0.2849,0.288201,2523430,0
SRXH.US,60,20251222,170000,0.286301,0.30055,0.2851,0.2994,1134996,0
SRXH.US,60,20251222,180000,0.2998,0.3039,0.2927,0.3011,912855,0
SRXH.US,60,20251222,190000,0.3016,0.302,0.2957,0.298,738837,0
SRXH.US,60,20251222,200000,0.2981,0.308,0.2958,0.3071,629548,0
SRXH.US,60,20251222,210000,0.30705,0.3081,0.3002,0.3036,540911,0
SRXH.US,60,20251222,220000,0.3065,0.3069,0.298,0.298,865136,0
SRXH.US,60,20251223,160000,0.2933,0.3096,0.251,0.2589,3916684,0
SRXH.US,60,20251223,170000,0.2588,0.27,0.2521,0.2587,2616445,0
SRXH.US,60,20251223,180000,0.2599,0.271,0.253,0.2661,1375610,0
SRXH.US,60,20251223,190000,0.267,0.270499,0.252,0.2555,922255,0
SRXH.US,60,20251223,200000,0.2562,0.266,0.2201,0.2382,3917905,0
SRXH.US,60,20251223,210000,0.2389,0.243,0.205,0.2101,4926776,0
SRXH.US,60,20251223,220000,0.2101,0.243,0.1874,0.2199,8103333,0
SRXH.US,60,20251224,160000,0.2186,0.2339,0.211,0.2323,1210971,0
SRXH.US,60,20251224,170000,0.2307,0.276,0.2304,0.2504,7426747,0
SRXH.US,60,20251224,180000,0.25075,0.2639,0.245,0.2578,1543185,0
SRXH.US,60,20251224,190000,0.2591,0.262,0.2535,0.255201,2048412,0
SRXH.US,60,20251224,200000,0.259,0.259,0.259,0.259,12996,0
SRXH.US,60,20251226,160000,0.2582,0.2671,0.245,0.2488,1676979,0
SRXH.US,60,20251226,170000,0.2499,0.2851,0.2422,0.2687,3717899,0
SRXH.US,60,20251226,180000,0.2691,0.2713,0.2636,0.2677,1747465,0
SRXH.US,60,20251226,190000,0.268,0.2724,0.2601,0.269,1452681,0
SRXH.US,60,20251226,200000,0.2687,0.2758,0.2664,0.27205,1615350,0
SRXH.US,60,20251226,210000,0.27205,0.285,0.26,0.27126,1729184,0
SRXH.US,60,20251226,220000,0.2718,0.297499,0.2678,0.2809,2504112,0
