<TICKER>,<PER>,<DATE>,<TIME>,<OPEN>,<HIGH>,<LOW>,<CLOSE>,<VOL>,<OPENINT>
JFU.US,60,20240411,160000,2.98,2.98,2.8639,2.8639,1159,0
JFU.US,60,20240411,170000,2.89,2.89,2.7046,2.7046,6519,0
JFU.US,60,20240411,210000,2.95,2.95,2.95,2.95,100,0
JFU.US,60,20240411,220000,2.95,2.95,2.95,2.95,1142,0
JFU.US,60,20240412,160000,2.92,3.73,2.92,3.63,35822,0
JFU.US,60,20240412,170000,3.4936,3.5766,3.42,3.56,2486,0
JFU.US,60,20240412,180000,3.48,3.6143,3.41,3.41,4575,0
JFU.US,60,20240412,190000,3.205,3.3987,3.205,3.205,610,0
JFU.US,60,20240412,200000,3.2,3.2,3,3,1424,0
JFU.US,60,20240412,220000,3.02,3.04,3.02,3.04,200,0
JFU.US,60,20240416,160000,3.14,3.14,2.98,2.98,202,0
JFU.US,60,20240416,170000,3.0421,3.0421,3.0421,3.0421,100,0
JFU.US,60,20240416,220000,3.054,3.054,2.79,2.79,255,0
JFU.US,60,20240417,160000,2.76,2.76,2.76,2.76,536,0
JFU.US,60,20240417,180000,2.84,2.8559,2.84,2.8559,523,0
JFU.US,60,20240417,190000,2.88,2.92,2.88,2.92,200,0
JFU.US,60,20240417,220000,3.12,3.13,3.09,3.1201,3234,0
JFU.US,60,20240418,160000,3.13,3.13,3.13,3.13,116,0
JFU.US,60,20240418,180000,2.9,2.9,2.75,2.75,1099,0
JFU.US,60,20240418,190000,2.66,2.66,2.66,2.66,200,0
JFU.US,60,20240418,200000,2.79,2.81,2.74,2.81,703,0
JFU.US,60,20240418,220000,2.75,2.76,2.72,2.74,2716,0
JFU.US,60,20240419,180000,2.79,2.79,2.79,2.79,100,0
JFU.US,60,20240419,190000,3.23,3.23,3.23,3.23,163,0
JFU.US,60,20240419,210000,3.1899,3.1899,3.1899,3.1899,400,0
JFU.US,60,20240419,220000,2.715,2.76,2.715,2.73,800,0
JFU.US,60,20240422,180000,2.7437,2.7437,2.7437,2.7437,159,0
JFU.US,60,20240422,220000,2.69,2.71,2.66,2.71,700,0
JFU.US,60,20240423,160000,3.47,3.47,3.0979,3.32,18857,0
JFU.US,60,20240423,170000,3.32,3.4597,3.03,3.072,3912,0
JFU.US,60,20240423,180000,3.295,3.39,3.0732,3.19,2403,0
JFU.US,60,20240423,190000,3.188,3.188,3.188,3.188,100,0
JFU.US,60,20240423,200000,3.36,3.3793,3.1,3.24,1604,0
JFU.US,60,20240423,210000,3.24,3.3443,3.24,3.3443,224,0
JFU.US,60,20240423,220000,3.2648,3.47,3.2648,3.47,1802,0
JFU.US,60,20240424,160000,3.47,3.6646,3.45,3.45,1642,0
JFU.US,60,20240424,170000,3.455,3.455,3.415,3.415,950,0
JFU.US,60,20240424,180000,3.3735,3.3735,3.3735,3.3735,119,0
JFU.US,60,20240424,190000,3.35,3.35,3.35,3.35,122,0
JFU.US,60,20240424,220000,3.3301,3.3301,3.32,3.32,688,0
JFU.US,60,20240425,160000,3.37,3.37,3.37,3.37,105,0
JFU.US,60,20240425,170000,3.3286,3.3286,3.3286,3.3286,176,0
JFU.US,60,20240425,180000,3.35,3.36,3.29,3.31,1601,0
JFU.US,60,20240425,190000,3.3,3.3,3.3,3.3,125,0
JFU.US,60,20240425,200000,3.495,3.495,3.405,3.405,225,0
JFU.US,60,20240426,170000,3.65,3.65,3.2,3.6118,2868,0
JFU.US,60,20240426,190000,3.0701,3.0701,3.06,3.06,724,0
JFU.US,60,20240426,200000,3.11,3.11,3.11,3.11,125,0
JFU.US,60,20240426,210000,3.12,3.12,3.12,3.12,100,0
JFU.US,60,20240426,220000,3.12,3.12,3.12,3.12,150,0
JFU.US,60,20240429,160000,3.01,3.08,3.01,3.08,383,0
JFU.US,60,20240429,180000,3.23,3.23,3.23,3.23,100,0
JFU.US,60,20240429,190000,3.28,3.28,3.28,3.28,100,0
JFU.US,60,20240429,210000,3.33,3.33,3.32,3.32,1095,0
JFU.US,60,20240429,220000,3.48,3.48,3.48,3.48,109,0
JFU.US,60,20240430,170000,3.17,3.17,3.15,3.15,367,0
JFU.US,60,20240430,220000,3.17,3.18,3.17,3.18,497,0
JFU.US,60,20240501,210000,3.08,3.08,3.06,3.06,300,0
JFU.US,60,20240501,220000,3.1,3.1,3.08,3.08,1189,0
JFU.US,60,20240502,160000,3.06,3.06,3.06,3.06,100,0
JFU.US,60,20240502,210000,3.08,3.08,3.07,3.07,200,0
JFU.US,60,20240502,220000,3.07,3.07,3.05,3.05,1049,0
JFU.US,60,20240503,170000,3.01,3.01,3.01,3.01,100,0
JFU.US,60,20240503,180000,3.11,3.11,3.05,3.05,200,0
JFU.US,60,20240503,200000,3.02,3.0201,3.02,3.0201,400,0
JFU.US,60,20240503,210000,3.0101,3.0101,3.0101,3.0101,100,0
JFU.US,60,20240503,220000,3.124,3.124,3.105,3.105,302,0
JFU.US,60,20240506,160000,3.06,3.0999,3,3,1406,0
JFU.US,60,20240506,170000,3,3.0425,3,3.0425,1108,0
JFU.US,60,20240506,220000,3.0503,3.0503,3.04,3.04,300,0
JFU.US,60,20240507,200000,3.01,3.01,3.01,3.01,488,0
JFU.US,60,20240507,220000,3,3.01,3,3.01,292,0
JFU.US,60,20240508,160000,3,3,3,3,541,0
JFU.US,60,20240508,170000,3.0251,3.0251,3.0251,3.0251,100,0
JFU.US,60,20240508,180000,3.145,3.145,3.145,3.145,100,0
JFU.US,60,20240508,200000,3.0506,3.0506,3.0506,3.0506,100,0
JFU.US,60,20240508,210000,3,3,3,3,300,0
JFU.US,60,20240508,220000,3.0463,3.0463,3.0463,3.0463,100,0
JFU.US,60,20240509,160000,3.0675,3.0675,3,3,204,0
JFU.US,60,20240509,170000,3,3,3,3,254,0
JFU.US,60,20240510,190000,3,3.1317,3,3.1046,821,0
JFU.US,60,20240510,210000,3.03,3.0399,3.03,3.0399,634,0
JFU.US,60,20240510,220000,3.05,3.1931,3.0495,3.1931,1773,0
JFU.US,60,20240513,160000,3.16,3.16,3.16,3.16,100,0
JFU.US,60,20240513,200000,3.1278,3.1278,3.1278,3.1278,267,0
JFU.US,60,20240513,220000,3,3.1827,3,3,1533,0
JFU.US,60,20240514,170000,3.01,3.1,2.7287,2.8,5469,0
JFU.US,60,20240514,180000,3.11,3.11,3.11,3.11,124,0
JFU.US,60,20240514,190000,2.84,2.88,2.84,2.8501,1300,0
JFU.US,60,20240514,210000,2.8653,2.8653,2.8653,2.8653,100,0
JFU.US,60,20240515,220000,2.9201,3.0455,2.82,2.82,1298,0
JFU.US,60,20240516,160000,2.83,2.83,2.83,2.83,100,0
JFU.US,60,20240516,170000,3.065,3.065,3.065,3.065,163,0
JFU.US,60,20240516,180000,2.83,3.2526,2.82,3.0075,4410,0
JFU.US,60,20240516,190000,3.0466,3.24,3.04,3.08,500,0
JFU.US,60,20240516,220000,3.06,3.19,2.84,3.12,1245,0
JFU.US,60,20240517,160000,3.12,3.31,3.12,3.31,1199,0
JFU.US,60,20240517,170000,3.2624,3.51,3.07,3.5,10056,0
JFU.US,60,20240517,180000,3.4,3.4,2.8267,2.8267,5248,0
JFU.US,60,20240517,190000,3.16,3.45,2.975,3.4,24518,0
JFU.US,60,20240517,200000,3.38,3.4,3.175,3.35,1250,0
JFU.US,60,20240517,210000,3.4,3.5,3.4,3.5,11190,0
JFU.US,60,20240517,220000,3.4,3.4,3.34,3.35,9378,0
JFU.US,60,20240520,160000,3.3,3.3,2.97,3.0999,407,0
JFU.US,60,20240520,170000,3.22,3.3,3.22,3.3,1097,0
JFU.US,60,20240520,180000,3.01,3.01,3.01,3.01,100,0
JFU.US,60,20240520,190000,3.29,3.29,3.012,3.012,595,0
JFU.US,60,20240520,200000,3.15,3.15,3.15,3.15,200,0
JFU.US,60,20240521,190000,3.16,3.16,3.14,3.14,1100,0
JFU.US,60,20240521,200000,3.14,3.14,2.88,2.88,868,0
JFU.US,60,20240521,220000,3.05,3.05,3.03,3.03,400,0
JFU.US,60,20240522,170000,3.03,3.03,3.03,3.03,100,0
JFU.US,60,20240522,180000,3,3,3,3,200,0
JFU.US,60,20240522,200000,3.2178,3.2178,2.945,2.96,355,0
JFU.US,60,20240522,220000,2.935,2.935,2.935,2.935,200,0
JFU.US,60,20240523,160000,2.93,3.11,2.7,2.7,2308,0
JFU.US,60,20240523,170000,2.78,3.07,2.78,3.07,1535,0
JFU.US,60,20240523,180000,2.94,3.1,2.94,3.07,1221,0
JFU.US,60,20240523,190000,2.8,2.8,2.8,2.8,100,0
JFU.US,60,20240523,200000,2.96,2.96,2.78,2.78,200,0
JFU.US,60,20240523,220000,3.045,3.045,2.82,2.82,400,0
JFU.US,60,20240524,180000,2.95,2.95,2.8298,2.8298,253,0
JFU.US,60,20240524,190000,2.83,2.83,2.83,2.83,100,0
JFU.US,60,20240524,200000,2.82,2.82,2.82,2.82,210,0
JFU.US,60,20240524,210000,2.77,2.77,2.77,2.77,100,0
JFU.US,60,20240524,220000,2.7992,2.83,2.78,2.78,1247,0
JFU.US,60,20240528,160000,2.89,3.0518,2.89,3.05,3875,0
JFU.US,60,20240528,170000,2.9747,3.05,2.8218,2.8218,2011,0
JFU.US,60,20240528,180000,2.8178,2.83,2.79,2.79,1287,0
JFU.US,60,20240528,190000,2.81,2.93,2.81,2.93,200,0
JFU.US,60,20240528,200000,2.81,2.81,2.8,2.8,1383,0
JFU.US,60,20240528,210000,2.8,2.8,2.79,2.79,728,0
JFU.US,60,20240528,220000,2.8,2.8,2.8,2.8,1164,0
JFU.US,60,20240529,170000,2.74,2.74,2.74,2.74,100,0
JFU.US,60,20240529,190000,2.78,2.8,2.78,2.8,300,0
JFU.US,60,20240529,210000,2.8,2.92,2.76,2.8,4589,0
JFU.US,60,20240529,220000,2.81,2.81,2.79,2.79,921,0
JFU.US,60,20240530,160000,2.8,2.8,2.6599,2.69,4834,0
JFU.US,60,20240530,170000,2.69,2.69,2.69,2.69,763,0
JFU.US,60,20240530,180000,2.69,2.69,2.5616,2.5616,224,0
JFU.US,60,20240531,220000,2.9057,2.995,2.58,2.59,2325,0
JFU.US,60,20240603,170000,2.68,2.68,2.68,2.68,100,0
JFU.US,60,20240603,200000,2.6594,2.82,2.6535,2.765,3323,0
JFU.US,60,20240603,210000,2.72,2.72,2.72,2.72,146,0
JFU.US,60,20240603,220000,2.72,2.73,2.6,2.6,912,0
JFU.US,60,20240604,180000,2.625,2.625,2.625,2.625,200,0
JFU.US,60,20240604,190000,2.6,2.6,2.6,2.6,105,0
JFU.US,60,20240604,200000,2.6,2.6212,2.6,2.6212,600,0
JFU.US,60,20240604,220000,2.635,2.635,2.635,2.635,200,0
JFU.US,60,20240605,190000,2.5601,2.5601,2.5601,2.5601,163,0
JFU.US,60,20240605,210000,2.5615,2.72,2.56,2.62,2139,0
JFU.US,60,20240606,220000,2.64,2.64,2.28,2.3516,1816,0
JFU.US,60,20240607,160000,2.38,2.38,2.38,2.38,100,0
JFU.US,60,20240607,190000,2.411,2.44,2.4,2.4201,976,0
JFU.US,60,20240607,200000,2.51,2.51,2.51,2.51,207,0
JFU.US,60,20240607,220000,2.51,2.51,2.51,2.51,444,0
JFU.US,60,20240610,170000,2.4012,2.4012,2.4012,2.4012,517,0
JFU.US,60,20240611,180000,2.31,2.34,2.28,2.34,441,0
JFU.US,60,20240611,190000,2.28,2.28,2.28,2.28,100,0
JFU.US,60,20240611,200000,2.28,2.28,2.28,2.28,100,0
JFU.US,60,20240611,210000,2.28,2.28,2.28,2.28,100,0
JFU.US,60,20240611,220000,2.28,2.3,2.28,2.3,200,0
JFU.US,60,20240612,160000,2.2,2.46,2.2,2.46,255,0
JFU.US,60,20240612,170000,2.33,2.7,2.33,2.51,1869,0
JFU.US,60,20240612,180000,2.36,2.36,2.36,2.36,100,0
JFU.US,60,20240612,190000,2.3,2.365,2.261,2.295,964,0
JFU.US,60,20240612,200000,2.28,2.33,2.215,2.215,847,0
JFU.US,60,20240612,210000,2.43,2.65,2.24,2.5,3072,0
JFU.US,60,20240612,220000,2.4,2.5,2.3,2.3,800,0
JFU.US,60,20240613,160000,2.21,2.23,2.21,2.23,279,0
JFU.US,60,20240613,170000,2.43,2.555,2.31,2.32,1920,0
JFU.US,60,20240613,180000,2.3101,2.3101,2.23,2.23,2225,0
JFU.US,60,20240613,190000,2.26,2.26,2.24,2.24,400,0
JFU.US,60,20240613,200000,2.23,2.23,2.23,2.23,100,0
JFU.US,60,20240613,210000,2.25,2.25,2.25,2.25,200,0
JFU.US,60,20240613,220000,2.23,2.27,2.23,2.23,300,0
JFU.US,60,20240614,160000,2.2,2.22,2.2,2.22,200,0
JFU.US,60,20240614,190000,2.41,2.41,2.41,2.41,400,0
JFU.US,60,20240614,200000,2.2957,2.2957,2.2957,2.2957,100,0
JFU.US,60,20240614,210000,2.21,2.3,2.2,2.2101,1034,0
JFU.US,60,20240614,220000,2.2,2.268,2.2,2.2,500,0
JFU.US,60,20240617,160000,2.2,2.2,2.12,2.12,1682,0
JFU.US,60,20240617,170000,1.81,2.13,1.79,1.91,2536,0
JFU.US,60,20240617,180000,2.0482,2.0482,2.03,2.03,300,0
JFU.US,60,20240617,190000,2.13,2.13,2.13,2.13,100,0
JFU.US,60,20240617,220000,2.13,2.2291,2.13,2.13,867,0
JFU.US,60,20240618,180000,2.16,2.18,2.14,2.14,300,0
JFU.US,60,20240618,190000,2.13,2.13,2.03,2.13,1692,0
JFU.US,60,20240618,200000,2,2,2,2,100,0
JFU.US,60,20240618,210000,1.96,1.96,1.945,1.945,200,0
JFU.US,60,20240618,220000,1.97,1.98,1.97,1.97,300,0
JFU.US,60,20240620,160000,1.91,1.91,1.91,1.91,183,0
JFU.US,60,20240620,190000,1.93,1.93,1.93,1.93,100,0
JFU.US,60,20240620,200000,1.9,1.99,1.8999,1.99,2579,0
JFU.US,60,20240620,210000,1.9,1.9,1.9,1.9,100,0
JFU.US,60,20240620,220000,1.985,1.99,1.87,1.925,2300,0
JFU.US,60,20240621,160000,1.86,1.86,1.86,1.86,250,0
JFU.US,60,20240621,170000,1.88,1.88,1.88,1.88,100,0
JFU.US,60,20240621,180000,1.8897,2.1316,1.8897,1.955,4934,0
JFU.US,60,20240621,200000,1.88,1.8802,1.88,1.8802,225,0
JFU.US,60,20240621,210000,1.88,1.88,1.88,1.88,100,0
JFU.US,60,20240621,220000,1.93,1.93,1.9,1.9,400,0
JFU.US,60,20240624,160000,1.81,1.81,1.81,1.81,144,0
JFU.US,60,20240624,170000,1.9,1.91,1.9,1.91,200,0
JFU.US,60,20240624,180000,1.91,1.91,1.91,1.91,100,0
JFU.US,60,20240624,190000,1.9935,1.9935,1.9935,1.9935,325,0
JFU.US,60,20240624,200000,1.92,1.92,1.92,1.92,100,0
JFU.US,60,20240624,210000,1.91,1.9101,1.91,1.9101,400,0
JFU.US,60,20240624,220000,1.91,2.1193,1.91,2.1193,1235,0
JFU.US,60,20240625,160000,1.92,1.95,1.92,1.95,214,0
JFU.US,60,20240625,170000,1.97,1.97,1.97,1.97,200,0
JFU.US,60,20240625,180000,1.97,1.97,1.97,1.97,100,0
JFU.US,60,20240625,200000,1.97,1.97,1.97,1.97,100,0
JFU.US,60,20240625,210000,1.95,2.0011,1.95,2.0011,460,0
JFU.US,60,20240625,220000,1.96,1.96,1.96,1.96,200,0
JFU.US,60,20240626,160000,1.85,1.96,1.8,1.8,1168,0
JFU.US,60,20240626,170000,1.8,2.0305,1.8,1.92,1848,0
JFU.US,60,20240626,180000,1.81,1.81,1.81,1.81,100,0
JFU.US,60,20240626,200000,1.98,1.9889,1.8101,1.8101,660,0
JFU.US,60,20240626,220000,1.81,1.81,1.81,1.81,100,0
JFU.US,60,20240627,160000,2,2.18,2,2.13,7467,0
JFU.US,60,20240627,170000,2,2.13,2,2.04,577,0
JFU.US,60,20240627,180000,2.01,2.01,2.01,2.01,243,0
JFU.US,60,20240627,190000,2.11,2.11,2.11,2.11,200,0
JFU.US,60,20240627,200000,2.03,2.03,2.03,2.03,100,0
JFU.US,60,20240627,210000,2.11,2.11,2.03,2.03,200,0
JFU.US,60,20240627,220000,2.03,2.03,2.02,2.02,300,0
JFU.US,60,20240628,160000,1.96,2.09,1.9001,1.945,506,0
JFU.US,60,20240628,170000,1.85,1.85,1.85,1.85,100,0
JFU.US,60,20240628,180000,1.89,1.89,1.89,1.89,200,0
JFU.US,60,20240628,210000,1.87,1.87,1.87,1.87,100,0
JFU.US,60,20240628,220000,1.88,1.88,1.88,1.88,102,0
JFU.US,60,20240701,160000,1.85,1.99,1.85,1.99,639,0
JFU.US,60,20240701,170000,1.97,2.04,1.87,1.87,734,0
JFU.US,60,20240701,180000,1.8834,1.8834,1.8834,1.8834,139,0
JFU.US,60,20240701,190000,2.07,2.07,1.87,1.87,200,0
JFU.US,60,20240701,210000,1.88,1.88,1.88,1.88,100,0
JFU.US,60,20240701,220000,1.87,1.87,1.87,1.87,100,0
JFU.US,60,20240702,160000,2,2,2,2,876,0
JFU.US,60,20240702,170000,2.05,2.3404,2,2.1717,3994,0
JFU.US,60,20240702,180000,2.02,2.02,2.02,2.02,100,0
JFU.US,60,20240702,200000,2.28,2.28,2.05,2.05,300,0
JFU.US,60,20240702,210000,2.165,2.165,2.06,2.06,548,0
JFU.US,60,20240702,220000,2.08,2.08,2.08,2.08,100,0
JFU.US,60,20240703,190000,2.2338,2.2338,2.0301,2.0301,825,0
JFU.US,60,20240705,180000,2.01,2.185,2.01,2.185,300,0
JFU.US,60,20240705,190000,2.05,2.185,2.02,2.185,300,0
JFU.US,60,20240705,200000,2.01,2.1088,2.01,2.02,300,0
JFU.US,60,20240705,210000,2.03,2.03,2.03,2.03,100,0
JFU.US,60,20240705,220000,2.03,2.04,2.03,2.04,329,0
JFU.US,60,20240708,160000,2,2,2,2,114,0
JFU.US,60,20240708,180000,2.05,2.11,2.05,2.05,500,0
JFU.US,60,20240708,190000,2.03,2.03,2.03,2.03,100,0
JFU.US,60,20240708,210000,2.1025,2.1025,2.1025,2.1025,100,0
JFU.US,60,20240708,220000,2.03,2.0514,2.03,2.03,300,0
JFU.US,60,20240709,160000,2.04,2.04,2.04,2.04,267,0
JFU.US,60,20240709,170000,2.02,2.02,2.02,2.02,100,0
JFU.US,60,20240709,180000,2.02,2.02,2.02,2.02,300,0
JFU.US,60,20240709,200000,2.01,2.02,2.01,2.02,200,0
JFU.US,60,20240709,220000,2,2.05,2,2,715,0
JFU.US,60,20240710,160000,2,2.17,1.95,2.17,1153,0
JFU.US,60,20240710,170000,2.01,2.11,2.01,2.01,500,0
JFU.US,60,20240710,180000,2.02,2.02,2.02,2.02,100,0
JFU.US,60,20240710,190000,2.01,2.01,2,2,200,0
JFU.US,60,20240710,200000,2.1551,2.1551,2,2.074,400,0
JFU.US,60,20240710,210000,2.01,2.146,2,2.02,698,0
JFU.US,60,20240710,220000,2.01,2.1402,2,2.1402,910,0
JFU.US,60,20240711,180000,2.14,2.14,2,2,1960,0
JFU.US,60,20240711,190000,2.05,2.05,2,2.025,854,0
JFU.US,60,20240711,200000,2,2,2,2,274,0
JFU.US,60,20240711,210000,2,2.025,2,2,1897,0
JFU.US,60,20240711,220000,2,2.0212,2,2,1254,0
JFU.US,60,20240712,160000,2.02,2.02,2.02,2.02,134,0
JFU.US,60,20240712,180000,2.13,2.13,2.13,2.13,100,0
JFU.US,60,20240712,190000,2.11,2.11,2.01,2.01,482,0
JFU.US,60,20240712,200000,2.09,2.09,2,2,1000,0
JFU.US,60,20240712,210000,2,2.07,2,2,3112,0
JFU.US,60,20240712,220000,2.01,2.01,2,2.01,600,0
JFU.US,60,20240715,160000,1.92,1.92,1.92,1.92,156,0
JFU.US,60,20240715,180000,2.0101,2.02,2.0101,2.02,225,0
JFU.US,60,20240715,200000,2.0334,2.0334,2.0334,2.0334,100,0
JFU.US,60,20240715,210000,2.15,2.15,2,2,1517,0
JFU.US,60,20240715,220000,2.075,2.078,2,2.078,300,0
JFU.US,60,20240716,170000,1.98,1.98,1.86,1.86,1127,0
JFU.US,60,20240716,180000,1.89,2.02,1.89,1.97,2139,0
JFU.US,60,20240716,200000,2.015,2.0499,2.015,2.0499,1000,0
JFU.US,60,20240716,210000,2.015,2.015,2.015,2.015,147,0
JFU.US,60,20240716,220000,2.05,2.05,2.015,2.015,455,0
JFU.US,60,20240717,160000,1.9,1.9,1.9,1.9,134,0
JFU.US,60,20240717,170000,1.98,1.98,1.98,1.98,100,0
JFU.US,60,20240717,180000,1.98,1.99,1.98,1.99,200,0
JFU.US,60,20240717,220000,1.97,1.97,1.97,1.97,300,0
JFU.US,60,20240718,160000,1.81,1.86,1.81,1.86,202,0
JFU.US,60,20240718,170000,1.88,1.88,1.88,1.88,100,0
JFU.US,60,20240718,180000,1.88,1.88,1.86,1.86,500,0
JFU.US,60,20240718,190000,1.88,1.88,1.88,1.88,236,0
JFU.US,60,20240718,210000,1.88,1.88,1.88,1.88,100,0
JFU.US,60,20240718,220000,1.88,2.02,1.88,2.02,1428,0
JFU.US,60,20240722,160000,1.83,1.83,1.83,1.83,118,0
JFU.US,60,20240722,180000,1.86,1.9439,1.86,1.9439,200,0
JFU.US,60,20240722,190000,1.86,1.86,1.86,1.86,100,0
JFU.US,60,20240722,200000,1.87,1.87,1.87,1.87,100,0
JFU.US,60,20240722,210000,1.86,1.87,1.86,1.87,200,0
JFU.US,60,20240722,220000,1.86,1.8601,1.85,1.85,300,0
JFU.US,60,20240723,160000,1.82,1.82,1.82,1.82,107,0
JFU.US,60,20240723,180000,1.86,1.94,1.86,1.94,200,0
JFU.US,60,20240723,190000,1.86,1.86,1.85,1.85,699,0
JFU.US,60,20240723,200000,1.8675,1.8675,1.8675,1.8675,2040,0
JFU.US,60,20240723,210000,1.85,1.85,1.85,1.85,200,0
JFU.US,60,20240723,220000,1.85,1.85,1.85,1.85,1099,0
JFU.US,60,20240724,160000,1.8,1.8,1.8,1.8,102,0
JFU.US,60,20240724,180000,1.85,1.935,1.85,1.935,300,0
JFU.US,60,20240724,190000,1.85,1.9399,1.85,1.85,400,0
JFU.US,60,20240724,210000,1.85,1.85,1.85,1.85,100,0
JFU.US,60,20240724,220000,1.85,1.85,1.85,1.85,200,0
JFU.US,60,20240725,190000,1.8,1.8,1.8,1.8,215,0
JFU.US,60,20240725,200000,1.8557,1.8557,1.8557,1.8557,442,0
JFU.US,60,20240725,210000,1.8,1.8,1.8,1.8,360,0
JFU.US,60,20240725,220000,1.81,1.81,1.81,1.81,200,0
JFU.US,60,20240726,190000,1.85,1.85,1.85,1.85,100,0
JFU.US,60,20240726,200000,1.88,1.88,1.88,1.88,108,0
JFU.US,60,20240726,210000,1.85,1.88,1.85,1.88,800,0
JFU.US,60,20240726,220000,1.88,1.88,1.88,1.88,100,0
JFU.US,60,20240729,160000,1.81,1.81,1.81,1.81,197,0
JFU.US,60,20240729,170000,1.85,1.85,1.85,1.85,100,0
JFU.US,60,20240729,180000,1.8718,1.884,1.8718,1.884,200,0
JFU.US,60,20240729,200000,1.8901,1.8901,1.8901,1.8901,100,0
JFU.US,60,20240729,210000,1.884,1.884,1.884,1.884,100,0
JFU.US,60,20240729,220000,1.87,1.935,1.85,1.85,679,0
JFU.US,60,20240730,160000,2,2.0627,2,2.0248,3205,0
JFU.US,60,20240730,170000,2.01,2.01,2.0001,2.01,500,0
JFU.US,60,20240730,180000,2.02,2.02,2,2,700,0
JFU.US,60,20240730,190000,2,2,2,2,200,0
JFU.US,60,20240730,200000,2,2,2,2,200,0
JFU.US,60,20240730,220000,2,2,2,2,600,0
JFU.US,60,20240731,160000,2,2.0002,2,2.0001,800,0
JFU.US,60,20240731,170000,2,2.04,2,2.04,300,0
JFU.US,60,20240731,190000,2.06,2.06,2,2,369,0
JFU.US,60,20240731,200000,2.03,2.03,2.03,2.03,100,0
JFU.US,60,20240731,220000,2,2.03,2,2.03,200,0
JFU.US,60,20240801,180000,2.03,2.03,2.03,2.03,100,0
JFU.US,60,20240801,200000,2.03,2.03,2,2,800,0
JFU.US,60,20240801,210000,2.015,2.015,2.015,2.015,100,0
JFU.US,60,20240802,160000,2.0332,2.0484,2.01,2.0484,667,0
JFU.US,60,20240802,170000,2,2.036,2,2.036,300,0
JFU.US,60,20240802,180000,2,2.036,2,2.036,200,0
JFU.US,60,20240802,190000,2,2,2,2,632,0
JFU.US,60,20240802,200000,2,2,2,2,100,0
JFU.US,60,20240802,210000,2.01,2.0822,2,2,1400,0
JFU.US,60,20240802,220000,2.02,2.02,2,2,400,0
JFU.US,60,20240805,180000,2.02,2.02,2,2,200,0
JFU.US,60,20240805,210000,2.02,2.02,2.02,2.02,738,0
JFU.US,60,20240806,200000,2.0001,2.0001,2.0001,2.0001,100,0
JFU.US,60,20240806,210000,2.03,2.03,2.03,2.03,100,0
JFU.US,60,20240806,220000,2.025,2.025,2.025,2.025,100,0
JFU.US,60,20240808,170000,2.01,2.0606,2.01,2.0606,200,0
JFU.US,60,20240808,210000,2.016,2.016,2,2,2082,0
JFU.US,60,20240808,220000,2,2,2,2,261,0
JFU.US,60,20240812,160000,1.76,1.76,1.76,1.76,786,0
JFU.US,60,20240812,170000,2.02,2.02,2.02,2.02,200,0
JFU.US,60,20240812,210000,2.0099,2.0099,2.0099,2.0099,100,0
JFU.US,60,20240812,220000,1.78,1.81,1.77,1.79,749,0
JFU.US,60,20240813,170000,1.96,1.96,1.96,1.96,100,0
JFU.US,60,20240813,190000,1.98,2.0599,1.98,2.0599,980,0
JFU.US,60,20240813,210000,1.95,1.95,1.95,1.95,100,0
JFU.US,60,20240814,220000,1.95,1.95,1.75,1.75,1148,0
JFU.US,60,20240815,170000,1.9015,2.1,1.8001,1.925,2347,0
JFU.US,60,20240815,180000,1.8794,1.8794,1.8794,1.8794,100,0
JFU.US,60,20240815,190000,1.82,1.8637,1.8,1.8,900,0
JFU.US,60,20240815,210000,1.8488,1.8488,1.8488,1.8488,100,0
JFU.US,60,20240815,220000,1.8637,1.88,1.8,1.88,1484,0
JFU.US,60,20240816,210000,1.8,1.85,1.8,1.85,2427,0
JFU.US,60,20240816,220000,1.87,1.875,1.85,1.875,1065,0
JFU.US,60,20240819,160000,1.44,1.7882,1.44,1.7882,3539,0
JFU.US,60,20240819,170000,1.65,1.9474,1.65,1.9474,445,0
JFU.US,60,20240819,180000,1.935,1.935,1.935,1.935,180,0
JFU.US,60,20240819,190000,1.87,1.87,1.8,1.801,2180,0
JFU.US,60,20240819,210000,1.8,1.8,1.8,1.8,112,0
JFU.US,60,20240819,220000,1.8,1.8,1.56,1.56,785,0
JFU.US,60,20240820,160000,1.56,1.8544,1.56,1.83,1370,0
JFU.US,60,20240820,170000,1.88,1.92,1.8557,1.8804,618,0
JFU.US,60,20240820,180000,1.8071,1.8699,1.8,1.8699,1138,0
JFU.US,60,20240820,190000,1.8148,1.8599,1.8148,1.8599,547,0
JFU.US,60,20240820,200000,1.8799,1.8799,1.87,1.87,400,0
JFU.US,60,20240820,220000,1.81,1.83,1.81,1.81,500,0
JFU.US,60,20240821,160000,1.76,1.91,1.76,1.91,326,0
JFU.US,60,20240821,170000,1.81,2.0289,1.7512,2.0289,838,0
JFU.US,60,20240821,180000,1.83,1.83,1.83,1.83,290,0
JFU.US,60,20240821,200000,1.81,1.81,1.81,1.81,256,0
JFU.US,60,20240821,210000,1.82,1.82,1.82,1.82,200,0
JFU.US,60,20240822,220000,1.8,1.82,1.61,1.64,998,0
JFU.US,60,20240823,160000,1.64,1.64,1.64,1.64,188,0
JFU.US,60,20240823,210000,1.78,1.88,1.78,1.88,500,0
JFU.US,60,20240823,220000,1.95,1.97,1.7201,1.8,1380,0
JFU.US,60,20240826,210000,1.76,1.76,1.76,1.76,100,0
JFU.US,60,20240826,220000,1.66,1.66,1.66,1.66,666,0
JFU.US,60,20240827,160000,1.67,1.67,1.67,1.67,200,0
JFU.US,60,20240827,210000,1.7624,1.7624,1.7624,1.7624,125,0
JFU.US,60,20240827,220000,1.76,1.7972,1.75,1.75,719,0
JFU.US,60,20240828,170000,1.71,1.7172,1.7,1.7,8932,0
JFU.US,60,20240828,180000,1.7288,1.7288,1.7288,1.7288,100,0
JFU.US,60,20240828,220000,1.74,1.875,1.7,1.875,3245,0
JFU.US,60,20240829,160000,1.74,1.74,1.74,1.74,401,0
JFU.US,60,20240829,220000,1.87,1.87,1.81,1.81,1252,0
JFU.US,60,20240830,190000,1.8,1.8,1.8,1.8,1061,0
JFU.US,60,20240903,160000,1.9192,1.9192,1.9192,1.9192,100,0
JFU.US,60,20240903,170000,1.5602,1.5602,1.5602,1.5602,199,0
JFU.US,60,20240903,220000,1.65,1.65,1.6,1.6,851,0
JFU.US,60,20240904,160000,1.65,1.65,1.65,1.65,500,0
JFU.US,60,20240904,170000,1.7,1.7,1.68,1.68,201,0
JFU.US,60,20240904,220000,1.74,1.74,1.7,1.7,908,0
JFU.US,60,20240905,180000,1.8383,1.8383,1.8383,1.8383,108,0
JFU.US,60,20240906,220000,1.7,1.7,1.7,1.7,944,0
JFU.US,60,20240909,180000,1.7,1.7,1.7,1.7,100,0
JFU.US,60,20240910,220000,1.7,1.7,1.7,1.7,2610,0
JFU.US,60,20240911,170000,1.7,1.79,1.7,1.79,200,0
JFU.US,60,20240911,200000,1.7,1.9055,1.7,1.9021,6271,0
JFU.US,60,20240911,210000,1.71,1.71,1.71,1.71,100,0
JFU.US,60,20240911,220000,1.7,1.7,1.7,1.7,370,0
JFU.US,60,20240912,180000,1.72,1.989,1.7,1.9223,2763,0
JFU.US,60,20240912,190000,1.82,1.82,1.82,1.82,100,0
JFU.US,60,20240912,200000,1.7632,1.7632,1.71,1.71,2046,0
JFU.US,60,20240912,220000,1.775,1.82,1.775,1.82,200,0
JFU.US,60,20240913,160000,1.8,1.8,1.76,1.76,1476,0
JFU.US,60,20240913,170000,1.77,1.8099,1.77,1.7903,718,0
JFU.US,60,20240913,180000,1.705,1.805,1.7,1.73,4227,0
JFU.US,60,20240913,190000,1.7,1.7,1.7,1.7,100,0
JFU.US,60,20240913,200000,1.7,1.81,1.7,1.81,454,0
JFU.US,60,20240913,210000,1.7786,1.81,1.65,1.65,4740,0
JFU.US,60,20240913,220000,1.73,1.79,1.63,1.63,1919,0
JFU.US,60,20240916,160000,1.6138,1.6138,1.6138,1.6138,155,0
JFU.US,60,20240916,190000,1.56,1.842,1.56,1.77,2710,0
JFU.US,60,20240916,200000,1.57,1.57,1.57,1.57,110,0
JFU.US,60,20240916,210000,1.58,1.65,1.58,1.65,1044,0
JFU.US,60,20240916,220000,1.63,1.7,1.63,1.63,300,0
JFU.US,60,20240917,170000,1.65,1.65,1.65,1.65,100,0
JFU.US,60,20240917,180000,1.57,1.7583,1.54,1.68,3506,0
JFU.US,60,20240917,220000,1.59,1.69,1.57,1.67,1584,0
JFU.US,60,20240918,160000,1.7558,1.7558,1.7558,1.7558,227,0
JFU.US,60,20240918,170000,1.63,1.6944,1.53,1.53,2107,0
JFU.US,60,20240918,190000,1.7117,1.7117,1.7117,1.7117,199,0
JFU.US,60,20240918,210000,1.6,1.6,1.58,1.6,501,0
JFU.US,60,20240918,220000,1.68,1.68,1.54,1.54,2357,0
JFU.US,60,20240919,200000,1.6,1.6,1.55,1.55,402,0
JFU.US,60,20240919,220000,1.68,1.68,1.54,1.56,1021,0
JFU.US,60,20240920,160000,1.55,1.55,1.55,1.55,773,0
JFU.US,60,20240920,170000,1.6015,1.6015,1.55,1.55,375,0
JFU.US,60,20240920,180000,1.552,1.552,1.552,1.552,606,0
JFU.US,60,20240920,210000,1.62,1.62,1.62,1.62,3765,0
JFU.US,60,20240920,220000,1.51,1.54,1.25,1.33,4548,0
JFU.US,60,20240923,160000,1.32,1.41,1.32,1.36,3601,0
JFU.US,60,20240923,170000,1.3503,1.3503,1.2101,1.2101,1572,0
JFU.US,60,20240923,180000,1.3,1.3699,1.248,1.248,1550,0
JFU.US,60,20240923,200000,1.2302,1.38,1.2302,1.3098,747,0
JFU.US,60,20240923,210000,1.26,1.3,1.26,1.3,400,0
JFU.US,60,20240923,220000,1.3,1.39,1.3,1.39,497,0
JFU.US,60,20240924,160000,1.39,1.39,1.3,1.3,396,0
JFU.US,60,20240924,170000,1.4,1.42,1.4,1.42,395,0
JFU.US,60,20240924,180000,1.32,1.32,1.32,1.32,142,0
JFU.US,60,20240924,210000,1.31,1.32,1.31,1.32,200,0
JFU.US,60,20240924,220000,1.4,1.4,1.3201,1.34,3546,0
JFU.US,60,20240925,160000,1.35,1.62,1.35,1.62,335,0
JFU.US,60,20240925,170000,1.46,1.515,1.3315,1.41,6883,0
JFU.US,60,20240925,180000,1.47,1.47,1.3788,1.44,2370,0
JFU.US,60,20240925,190000,1.32,1.32,1.32,1.32,100,0
JFU.US,60,20240925,210000,1.42,1.4898,1.405,1.4898,1011,0
JFU.US,60,20240925,220000,1.38,1.38,1.32,1.32,327,0
JFU.US,60,20240926,160000,1.33,1.48,1.315,1.385,1849,0
JFU.US,60,20240926,180000,1.27,1.27,1.27,1.27,100,0
JFU.US,60,20240926,190000,1.29,1.29,1.29,1.29,100,0
JFU.US,60,20240926,200000,1.32,1.42,1.31,1.4,2397,0
JFU.US,60,20240926,220000,1.32,1.32,1.31,1.31,200,0
JFU.US,60,20240927,180000,1.36,1.96,1.35,1.68,136548,0
JFU.US,60,20240927,190000,1.68,1.781,1.61,1.65,15834,0
JFU.US,60,20240927,200000,1.65,1.8,1.64,1.66,5992,0
JFU.US,60,20240927,210000,1.7156,2.31,1.7083,1.9235,210889,0
JFU.US,60,20240927,220000,1.9689,3,1.94,2.3,1686153,0
JFU.US,60,20240930,160000,2.36,2.6,1.98,2.5599,101173,0
JFU.US,60,20240930,170000,2.5302,2.8,2.48,2.55,130275,0
JFU.US,60,20240930,180000,2.5235,2.81,2.5,2.74,96968,0
JFU.US,60,20240930,190000,2.69,2.91,2.67,2.9,43162,0
JFU.US,60,20240930,200000,2.9,2.9,2.2416,2.65,53586,0
JFU.US,60,20240930,210000,2.61,2.65,2.29,2.45,30849,0
JFU.US,60,20240930,220000,2.38,2.45,2.28,2.42,29335,0
JFU.US,60,20241001,160000,2.34,2.5617,2.2,2.56,13955,0
JFU.US,60,20241001,170000,2.56,2.8,2.45,2.7,22416,0
JFU.US,60,20241001,180000,2.7005,2.8,2.65,2.75,32993,0
JFU.US,60,20241001,190000,2.75,2.85,2.69,2.8287,23913,0
JFU.US,60,20241001,200000,2.82,2.98,2.82,2.84,44270,0
JFU.US,60,20241001,210000,2.8608,2.97,2.8,2.96,26277,0
JFU.US,60,20241001,220000,2.9401,2.98,2.75,2.75,43276,0
JFU.US,60,20241002,160000,3.25,3.6,3.1,3.22,70603,0
JFU.US,60,20241002,170000,3.24,3.33,3.18,3.2,28469,0
JFU.US,60,20241002,180000,3.26,3.26,2.75,3.0899,66235,0
JFU.US,60,20241002,190000,3.09,3.2,3.09,3.15,23626,0
JFU.US,60,20241002,200000,3.183,3.2,2.87,3,26183,0
JFU.US,60,20241002,210000,2.902,2.922,2.8501,2.8966,15851,0
JFU.US,60,20241002,220000,2.875,2.93,2.85,2.85,20834,0
JFU.US,60,20241003,160000,2.81,2.88,2.5,2.6,33138,0
JFU.US,60,20241003,170000,2.61,2.7499,2.56,2.72,10135,0
JFU.US,60,20241003,180000,2.74,2.74,2.62,2.7,1779,0
JFU.US,60,20241003,190000,2.665,2.74,2.6,2.6,6491,0
JFU.US,60,20241003,200000,2.6,2.72,2.5401,2.61,12711,0
JFU.US,60,20241003,210000,2.65,2.686,2.62,2.64,1245,0
JFU.US,60,20241003,220000,2.6,2.63,2.27,2.28,38732,0
JFU.US,60,20241004,160000,2.56,2.98,2.56,2.72,41765,0
JFU.US,60,20241004,170000,2.73,2.85,2.72,2.73,35843,0
JFU.US,60,20241004,180000,2.78,2.9299,2.75,2.9,36918,0
JFU.US,60,20241004,190000,2.9,2.9,2.78,2.84,8060,0
JFU.US,60,20241004,200000,2.8381,2.84,2.76,2.8001,35256,0
JFU.US,60,20241004,210000,2.8,2.84,2.77,2.83,12787,0
JFU.US,60,20241004,220000,2.77,2.81,2.73,2.79,15236,0
JFU.US,60,20241007,160000,3.18,3.365,2.86,2.9501,47287,0
JFU.US,60,20241007,170000,3.02,3.0299,2.8,2.855,61898,0
JFU.US,60,20241007,180000,2.9157,2.9157,2.78,2.8,12613,0
JFU.US,60,20241007,190000,2.95,2.95,2.81,2.83,6500,0
JFU.US,60,20241007,200000,2.83,2.83,2.81,2.83,3128,0
JFU.US,60,20241007,210000,2.88,2.9,2.82,2.83,5445,0
JFU.US,60,20241007,220000,2.82,2.88,2.7,2.71,16635,0
JFU.US,60,20241008,160000,2.69,2.7,2.41,2.42,18638,0
JFU.US,60,20241008,170000,2.5894,2.6,2.4001,2.41,13976,0
JFU.US,60,20241008,180000,2.42,2.57,2.42,2.42,1700,0
JFU.US,60,20241008,190000,2.4402,2.57,2.44,2.5,7422,0
JFU.US,60,20241008,200000,2.495,2.55,2.49,2.55,3234,0
JFU.US,60,20241008,210000,2.53,2.53,2.491,2.5009,502,0
JFU.US,60,20241008,220000,2.51,2.51,2.47,2.47,3531,0
JFU.US,60,20241009,160000,2.51,2.51,2.41,2.41,3386,0
JFU.US,60,20241009,170000,2.3433,2.38,2.2,2.28,9240,0
JFU.US,60,20241009,180000,2.3,2.3148,2.29,2.3148,6305,0
JFU.US,60,20241009,190000,2.29,2.3032,2.29,2.3032,1000,0
JFU.US,60,20241009,200000,2.21,2.2704,2.2,2.2704,1328,0
JFU.US,60,20241009,210000,2.29,2.29,2.2,2.23,2185,0
JFU.US,60,20241009,220000,2.27,2.27,2.17,2.17,10042,0
JFU.US,60,20241010,160000,2.23,2.23,2.11,2.11,1337,0
JFU.US,60,20241010,170000,2.1625,2.1625,2.1625,2.1625,100,0
JFU.US,60,20241010,180000,2.11,2.16,1.96,1.96,19056,0
JFU.US,60,20241010,190000,1.96,1.9601,1.81,1.9,11239,0
JFU.US,60,20241010,200000,1.89,1.93,1.84,1.84,1966,0
JFU.US,60,20241010,210000,1.84,1.951,1.82,1.822,900,0
JFU.US,60,20241010,220000,1.82,1.85,1.81,1.83,10801,0
JFU.US,60,20241011,160000,1.8,1.87,1.77,1.77,1734,0
JFU.US,60,20241011,170000,1.8063,1.84,1.8063,1.84,210,0
JFU.US,60,20241011,180000,1.84,1.95,1.79,1.95,3654,0
JFU.US,60,20241011,190000,1.85,1.85,1.85,1.85,1000,0
JFU.US,60,20241011,210000,1.91,1.91,1.91,1.91,203,0
JFU.US,60,20241011,220000,1.9196,1.9196,1.8,1.8,5003,0
JFU.US,60,20241014,160000,1.88,1.88,1.88,1.88,552,0
JFU.US,60,20241014,170000,1.96,1.96,1.88,1.88,755,0
JFU.US,60,20241014,180000,1.879,1.879,1.85,1.8501,2196,0
JFU.US,60,20241014,190000,1.8742,1.94,1.8742,1.91,300,0
JFU.US,60,20241014,210000,1.85,1.92,1.85,1.92,500,0
JFU.US,60,20241014,220000,1.905,1.905,1.81,1.81,1487,0
JFU.US,60,20241015,160000,1.885,1.95,1.81,1.81,2625,0
JFU.US,60,20241015,170000,1.942,2.03,1.78,2,5404,0
JFU.US,60,20241015,180000,2.0599,2.11,2,2.01,6974,0
JFU.US,60,20241015,190000,2.12,2.2,2.0501,2.15,7256,0
JFU.US,60,20241015,200000,2.0901,2.1,2.01,2.1,2600,0
JFU.US,60,20241015,210000,2.05,2.05,2.03,2.03,400,0
JFU.US,60,20241015,220000,2.03,2.07,1.96,1.96,7532,0
JFU.US,60,20241016,170000,1.99,2,1.99,2,850,0
JFU.US,60,20241016,180000,2.01,2.1,2.01,2.03,2161,0
JFU.US,60,20241016,190000,2.02,2.022,1.99,2,900,0
JFU.US,60,20241016,200000,2,2,1.97,1.9701,500,0
JFU.US,60,20241016,210000,1.92,1.92,1.92,1.92,200,0
JFU.US,60,20241016,220000,1.94,1.94,1.92,1.92,801,0
JFU.US,60,20241017,160000,1.978,1.978,1.9,1.93,2666,0
JFU.US,60,20241017,170000,1.95,2.03,1.93,2.03,1526,0
JFU.US,60,20241017,180000,2.0299,2.0299,1.8835,1.8835,1186,0
JFU.US,60,20241017,190000,1.88,1.88,1.8699,1.88,2000,0
JFU.US,60,20241017,200000,1.88,1.88,1.88,1.88,100,0
JFU.US,60,20241017,210000,1.87,1.88,1.87,1.88,1194,0
JFU.US,60,20241017,220000,1.89,1.89,1.84,1.84,1957,0
JFU.US,60,20241018,160000,1.85,1.9494,1.85,1.8916,840,0
JFU.US,60,20241018,170000,1.9112,1.9399,1.84,1.84,1239,0
JFU.US,60,20241018,190000,1.88,1.89,1.87,1.89,400,0
JFU.US,60,20241018,210000,1.88,1.88,1.85,1.85,631,0
JFU.US,60,20241018,220000,1.85,1.851652,1.8,1.8,3723,0
JFU.US,60,20241021,160000,1.74,1.83,1.74,1.83,501,0
JFU.US,60,20241021,170000,1.79,1.7999,1.7,1.74,2239,0
JFU.US,60,20241021,190000,1.75,1.79,1.75,1.78,1035,0
JFU.US,60,20241021,200000,1.71,1.71,1.71,1.71,400,0
JFU.US,60,20241021,210000,1.71,1.74,1.71,1.74,2909,0
JFU.US,60,20241021,220000,1.71,1.72,1.7,1.7,757,0
JFU.US,60,20241022,170000,1.76,1.76,1.76,1.76,100,0
JFU.US,60,20241022,180000,1.78,1.8014,1.78,1.8014,451,0
JFU.US,60,20241022,190000,1.7,1.77,1.7,1.77,350,0
JFU.US,60,20241022,210000,1.71,1.71,1.71,1.71,426,0
JFU.US,60,20241022,220000,1.7,1.7,1.7,1.7,100,0
JFU.US,60,20241023,170000,1.72,1.72,1.72,1.72,100,0
JFU.US,60,20241023,220000,1.7101,1.7102,1.71,1.71,700,0
JFU.US,60,20241024,170000,1.75,1.75,1.75,1.75,100,0
JFU.US,60,20241024,180000,1.73,1.7602,1.725,1.7602,3032,0
JFU.US,60,20241024,220000,1.71,1.8,1.67,1.67,3301,0
JFU.US,60,20241025,160000,1.65,1.65,1.65,1.65,100,0
JFU.US,60,20241025,170000,1.7782,1.7782,1.7035,1.7035,587,0
JFU.US,60,20241025,180000,1.7296,1.7296,1.7296,1.7296,135,0
JFU.US,60,20241025,190000,1.73,1.73,1.73,1.73,100,0
JFU.US,60,20241025,200000,1.67,1.67,1.67,1.67,300,0
JFU.US,60,20241025,220000,1.69,1.69,1.67,1.67,800,0
JFU.US,60,20241028,150000,1.73,1.75,1.7,1.74,2299,0
JFU.US,60,20241028,160000,1.715,1.74,1.6575,1.6575,800,0
JFU.US,60,20241028,170000,1.68,1.7299,1.68,1.7299,350,0
JFU.US,60,20241028,210000,1.67,1.72,1.67,1.68,2283,0
JFU.US,60,20241029,150000,1.63,1.67,1.63,1.67,276,0
JFU.US,60,20241029,160000,1.7069,1.7069,1.7069,1.7069,175,0
JFU.US,60,20241029,170000,1.7,1.7,1.69,1.7,1322,0
JFU.US,60,20241029,180000,1.72,1.72,1.7,1.7001,1000,0
JFU.US,60,20241029,190000,1.72,1.72,1.7,1.7,300,0
JFU.US,60,20241029,200000,1.7,1.7001,1.7,1.7,400,0
JFU.US,60,20241029,210000,1.69,1.69,1.68,1.69,603,0
JFU.US,60,20241030,150000,1.62,1.6479,1.52,1.55,12205,0
JFU.US,60,20241030,160000,1.63,1.655,1.57,1.57,5961,0
JFU.US,60,20241030,170000,1.63,1.6699,1.5701,1.645,1306,0
JFU.US,60,20241030,180000,1.65,1.6548,1.61,1.63,3874,0
JFU.US,60,20241030,200000,1.59,1.59,1.59,1.59,103,0
JFU.US,60,20241030,210000,1.61,1.625,1.6,1.6,2122,0
JFU.US,60,20241031,160000,1.7345,1.7345,1.7345,1.7345,500,0
JFU.US,60,20241031,170000,1.65,1.65,1.64,1.64,400,0
JFU.US,60,20241031,190000,1.6,1.6,1.6,1.6,380,0
JFU.US,60,20241031,200000,1.6,1.6,1.6,1.6,100,0
JFU.US,60,20241031,210000,1.6,1.6,1.57,1.57,2640,0
JFU.US,60,20241101,150000,1.6,1.6,1.5936,1.5936,224,0
JFU.US,60,20241101,160000,1.67,1.67,1.64,1.64,200,0
JFU.US,60,20241101,170000,1.64,1.7123,1.61,1.68,3157,0
JFU.US,60,20241101,180000,1.62,1.62,1.62,1.62,100,0
JFU.US,60,20241101,210000,1.68,1.68,1.63,1.63,300,0
JFU.US,60,20241104,170000,1.68,1.68,1.68,1.68,246,0
JFU.US,60,20241104,200000,1.64,1.64,1.61,1.63,3230,0
JFU.US,60,20241104,210000,1.67,1.67,1.63,1.67,724,0
JFU.US,60,20241104,220000,1.63,1.63,1.61,1.61,1205,0
JFU.US,60,20241105,160000,1.6,1.61,1.52,1.574,5476,0
JFU.US,60,20241105,170000,1.56,1.56,1.56,1.56,100,0
JFU.US,60,20241105,180000,1.575,1.5999,1.56,1.57,1771,0
JFU.US,60,20241105,190000,1.56,1.6,1.56,1.57,8451,0
JFU.US,60,20241105,200000,1.57,1.575,1.54,1.54,1811,0
JFU.US,60,20241105,210000,1.57,1.5868,1.57,1.5868,300,0
JFU.US,60,20241105,220000,1.55,1.55,1.53,1.53,200,0
JFU.US,60,20241106,160000,1.5301,1.57,1.51,1.55,2586,0
JFU.US,60,20241106,170000,1.6,1.6,1.52,1.52,6367,0
JFU.US,60,20241106,180000,1.575,1.6239,1.57,1.6239,1975,0
JFU.US,60,20241106,190000,1.6441,1.71,1.57,1.6982,2896,0
JFU.US,60,20241106,200000,1.6,1.6726,1.57,1.57,1377,0
JFU.US,60,20241106,210000,1.64,1.655,1.64,1.655,373,0
JFU.US,60,20241106,220000,1.64,1.66,1.58,1.58,611,0
JFU.US,60,20241107,160000,1.58,1.675,1.58,1.675,256,0
JFU.US,60,20241107,170000,1.66,1.66,1.58,1.58,2533,0
JFU.US,60,20241107,180000,1.58,1.6,1.52,1.6,11797,0
JFU.US,60,20241107,200000,1.58,1.58,1.53,1.555,400,0
JFU.US,60,20241107,210000,1.5853,1.5853,1.57,1.57,460,0
JFU.US,60,20241107,220000,1.56,1.59,1.53,1.53,932,0
JFU.US,60,20241108,160000,1.5302,1.5302,1.5302,1.5302,200,0
JFU.US,60,20241108,170000,1.5785,1.5785,1.53,1.53,200,0
JFU.US,60,20241108,190000,1.59,1.66,1.55,1.6395,12647,0
JFU.US,60,20241108,200000,1.6,1.65,1.6,1.65,1200,0
JFU.US,60,20241108,210000,1.65,1.655,1.65,1.655,750,0
JFU.US,60,20241108,220000,1.64,1.65,1.61,1.61,2610,0
JFU.US,60,20241111,160000,1.57,1.665,1.56,1.56,2048,0
JFU.US,60,20241111,170000,1.56,1.59,1.55,1.56,1880,0
JFU.US,60,20241111,180000,1.5898,1.5898,1.56,1.56,440,0
JFU.US,60,20241111,190000,1.56,1.5869,1.56,1.5869,225,0
JFU.US,60,20241111,200000,1.5614,1.575,1.56,1.575,1744,0
JFU.US,60,20241111,220000,1.58,1.6,1.56,1.56,1047,0
JFU.US,60,20241112,160000,1.565,1.565,1.565,1.565,608,0
JFU.US,60,20241112,170000,1.525,1.525,1.4508,1.4508,4646,0
JFU.US,60,20241112,180000,1.5,1.53,1.5,1.53,1400,0
JFU.US,60,20241112,190000,1.526,1.526,1.48,1.48,1119,0
JFU.US,60,20241112,200000,1.5,1.52,1.5,1.52,200,0
JFU.US,60,20241112,220000,1.48,1.48,1.41,1.44,5596,0
JFU.US,60,20241113,160000,1.41,1.4475,1.4,1.4,785,0
JFU.US,60,20241113,170000,1.44,1.47,1.34,1.47,4324,0
JFU.US,60,20241113,180000,1.3918,1.46,1.3918,1.46,1025,0
JFU.US,60,20241113,190000,1.49,1.49,1.43,1.43,312,0
JFU.US,60,20241113,220000,1.41,1.41,1.4,1.4,300,0
JFU.US,60,20241114,160000,1.39,1.39,1.35,1.35,25822,0
JFU.US,60,20241114,170000,1.32,1.43,1.25,1.39,10876,0
JFU.US,60,20241114,180000,1.41,1.5,1.31,1.31,4877,0
JFU.US,60,20241114,190000,1.3463,1.51,1.32,1.4,8486,0
JFU.US,60,20241114,200000,1.38,1.3804,1.32,1.3804,5206,0
JFU.US,60,20241114,210000,1.31,1.43,1.31,1.4,3037,0
JFU.US,60,20241114,220000,1.45,1.45,1.4,1.44,1203,0
JFU.US,60,20241115,160000,1.416,1.44,1.416,1.42,918,0
JFU.US,60,20241115,170000,1.41,1.45,1.35,1.4316,6844,0
JFU.US,60,20241115,180000,1.35,1.35,1.35,1.35,168,0
JFU.US,60,20241115,190000,1.43,1.43,1.43,1.43,200,0
JFU.US,60,20241115,200000,1.3501,1.37,1.35,1.35,3498,0
JFU.US,60,20241115,210000,1.4675,1.4675,1.35,1.35,670,0
JFU.US,60,20241115,220000,1.4,1.44,1.4,1.4,600,0
JFU.US,60,20241118,160000,1.35,1.35,1.35,1.35,748,0
JFU.US,60,20241118,170000,1.3658,1.3658,1.36,1.36,740,0
JFU.US,60,20241118,180000,1.43,1.43,1.43,1.43,168,0
JFU.US,60,20241118,190000,1.3515,1.3515,1.3515,1.3515,100,0
JFU.US,60,20241118,200000,1.38,1.41,1.35,1.375,3001,0
JFU.US,60,20241118,210000,1.365,1.365,1.35,1.35,1117,0
JFU.US,60,20241118,220000,1.325,1.35,1.28,1.28,433,0
JFU.US,60,20241119,160000,1.28,1.28,1.28,1.28,227,0
JFU.US,60,20241119,170000,1.305,1.3884,1.16,1.23,9715,0
JFU.US,60,20241119,180000,1.38,1.38,1.2201,1.312,1199,0
JFU.US,60,20241119,200000,1.2713,1.2713,1.23,1.23,430,0
JFU.US,60,20241119,210000,1.23,1.34,1.23,1.23,1200,0
JFU.US,60,20241119,220000,1.2201,1.34,1.19,1.19,2750,0
JFU.US,60,20241120,160000,1.2134,1.2134,1.2134,1.2134,179,0
JFU.US,60,20241120,170000,1.27,1.3698,1.24,1.3156,9357,0
JFU.US,60,20241120,180000,1.28,1.34,1.28,1.34,1901,0
JFU.US,60,20241120,200000,1.32,1.32,1.32,1.32,100,0
JFU.US,60,20241120,210000,1.3,1.3,1.28,1.29,1500,0
JFU.US,60,20241120,220000,1.28,1.3,1.28,1.28,3513,0
JFU.US,60,20241121,160000,1.2201,1.24,1.2201,1.24,439,0
JFU.US,60,20241121,170000,1.325,1.33,1.29,1.3,4079,0
JFU.US,60,20241121,180000,1.275,1.3,1.275,1.3,2493,0
JFU.US,60,20241121,190000,1.3,1.3,1.3,1.3,3341,0
JFU.US,60,20241121,220000,1.33,1.3702,1.33,1.33,1222,0
JFU.US,60,20241122,160000,1.31,1.415,1.31,1.3201,2945,0
JFU.US,60,20241122,170000,1.375,1.42,1.36,1.375,2360,0
JFU.US,60,20241122,180000,1.41,1.41,1.41,1.41,325,0
JFU.US,60,20241122,190000,1.4,1.4098,1.4,1.4098,300,0
JFU.US,60,20241122,200000,1.3938,1.3938,1.39,1.39,2100,0
JFU.US,60,20241122,220000,1.36,1.39,1.36,1.365,700,0
JFU.US,60,20241125,160000,1.45,1.45,1.35,1.41,3505,0
JFU.US,60,20241125,180000,1.39008,1.39008,1.38,1.38,1035,0
JFU.US,60,20241125,190000,1.39,1.43,1.39,1.4201,2462,0
JFU.US,60,20241125,200000,1.43,1.43,1.42,1.42,200,0
JFU.US,60,20241125,210000,1.42,1.42,1.42,1.42,100,0
JFU.US,60,20241125,220000,1.37,1.43,1.3607,1.43,1692,0
JFU.US,60,20241126,160000,1.43,1.43,1.43,1.43,100,0
JFU.US,60,20241126,170000,1.39,1.39,1.35,1.39,3794,0
JFU.US,60,20241126,180000,1.3714,1.67,1.3714,1.575,7876,0
JFU.US,60,20241126,190000,1.464,1.575,1.464,1.47,1200,0
JFU.US,60,20241126,200000,1.49,1.49,1.489,1.489,300,0
JFU.US,60,20241126,210000,1.5427,1.58,1.49,1.49,7484,0
JFU.US,60,20241126,220000,1.545,1.5691,1.52,1.52,2364,0
JFU.US,60,20241127,160000,1.46,1.46,1.44,1.46,1018,0
JFU.US,60,20241127,170000,1.47,1.52,1.41,1.42,3100,0
JFU.US,60,20241127,190000,1.45,1.48,1.15,1.35,8174,0
JFU.US,60,20241127,200000,1.3697,1.4,1.3697,1.4,1499,0
JFU.US,60,20241127,210000,1.47,1.47,1.43,1.4531,800,0
JFU.US,60,20241127,220000,1.3639,1.449,1.3499,1.3601,5462,0
JFU.US,60,20241129,160000,1.5205,1.5205,1.455,1.455,446,0
JFU.US,60,20241129,180000,1.38,1.43,1.37,1.43,400,0
JFU.US,60,20241129,190000,1.45,1.5407,1.45,1.49,2504,0
JFU.US,60,20241202,160000,1.46,1.46,1.45,1.46,4543,0
JFU.US,60,20241202,170000,1.5003,1.5003,1.45,1.4756,1200,0
JFU.US,60,20241202,190000,1.48,1.52,1.45,1.455,881,0
JFU.US,60,20241202,200000,1.5269,1.5269,1.5269,1.5269,400,0
JFU.US,60,20241202,220000,1.5299,1.5299,1.48,1.51,740,0
JFU.US,60,20241203,160000,1.4997,1.4997,1.4997,1.4997,155,0
JFU.US,60,20241203,170000,1.4403,1.48,1.4395,1.48,1400,0
JFU.US,60,20241203,180000,1.431,1.431,1.431,1.431,128,0
JFU.US,60,20241203,190000,1.4301,1.46,1.43,1.46,1900,0
JFU.US,60,20241203,210000,1.495,1.5157,1.4604,1.5157,4458,0
JFU.US,60,20241203,220000,1.5,1.5,1.5,1.5,100,0
JFU.US,60,20241204,160000,1.44,1.45,1.44,1.45,3733,0
JFU.US,60,20241204,170000,1.4575,1.4575,1.4575,1.4575,781,0
JFU.US,60,20241204,210000,1.49,1.49,1.45,1.45,350,0
JFU.US,60,20241204,220000,1.45,1.46,1.44,1.44,781,0
JFU.US,60,20241205,160000,1.39,1.39,1.39,1.39,100,0
JFU.US,60,20241205,170000,1.385,1.385,1.36,1.36,300,0
JFU.US,60,20241205,180000,1.4175,1.4175,1.4175,1.4175,300,0
JFU.US,60,20241205,190000,1.4292,1.55,1.4292,1.55,12066,0
JFU.US,60,20241205,200000,1.5342,1.57,1.5199,1.559,3308,0
JFU.US,60,20241205,210000,1.55,1.55,1.475,1.475,800,0
JFU.US,60,20241205,220000,1.54,1.54,1.485,1.53,649,0
JFU.US,60,20241206,160000,1.51,1.57,1.4957,1.57,5363,0
JFU.US,60,20241206,170000,1.56,1.59,1.56,1.59,6902,0
JFU.US,60,20241206,180000,1.655,1.655,1.5696,1.5696,413,0
JFU.US,60,20241206,190000,1.62,1.64,1.562,1.562,779,0
JFU.US,60,20241206,200000,1.64,1.64,1.64,1.64,100,0
JFU.US,60,20241206,210000,1.63,1.63,1.37,1.5,6999,0
JFU.US,60,20241206,220000,1.55,1.55,1.41,1.41,500,0
JFU.US,60,20241209,160000,1.5,1.69,1.5,1.66,464,0
JFU.US,60,20241209,170000,1.6842,1.6842,1.5813,1.66,3790,0
JFU.US,60,20241209,180000,1.635,1.65,1.635,1.65,1400,0
JFU.US,60,20241209,190000,1.65,1.66,1.61,1.6101,960,0
JFU.US,60,20241209,200000,1.639,1.639,1.639,1.639,271,0
JFU.US,60,20241209,210000,1.56,1.65,1.56,1.65,1375,0
JFU.US,60,20241209,220000,1.65,1.659,1.65,1.659,200,0
JFU.US,60,20241210,160000,1.65,1.6699,1.64,1.64,3706,0
JFU.US,60,20241210,170000,1.635,1.635,1.5,1.51,20328,0
JFU.US,60,20241210,200000,1.6,1.6,1.6,1.6,100,0
JFU.US,60,20241210,210000,1.611,1.611,1.611,1.611,500,0
JFU.US,60,20241210,220000,1.575,1.575,1.575,1.575,339,0
JFU.US,60,20241211,160000,1.55,1.55,1.55,1.55,163,0
JFU.US,60,20241211,170000,1.555,1.555,1.555,1.555,500,0
JFU.US,60,20241211,180000,1.555,1.555,1.555,1.555,157,0
JFU.US,60,20241211,220000,1.58,1.5953,1.56,1.56,8466,0
JFU.US,60,20241212,170000,1.56,1.56,1.53,1.53,200,0
JFU.US,60,20241212,180000,1.5311,1.565,1.53,1.53,1593,0
JFU.US,60,20241212,200000,1.51,1.5175,1.51,1.5175,335,0
JFU.US,60,20241212,220000,1.52,1.52,1.5016,1.5016,753,0
JFU.US,60,20241213,160000,1.5,1.502,1.5,1.5,1188,0
JFU.US,60,20241213,180000,1.5001,1.6287,1.5,1.6287,2331,0
JFU.US,60,20241213,200000,1.54,1.54,1.54,1.54,500,0
JFU.US,60,20241213,220000,1.51,1.53,1.5,1.515,1728,0
JFU.US,60,20241216,170000,1.49,1.49,1.49,1.49,150,0
JFU.US,60,20241216,190000,1.46,1.47,1.46,1.47,302,0
JFU.US,60,20241216,210000,1.48,1.5039,1.4719,1.5039,371,0
JFU.US,60,20241217,160000,1.5,1.56,1.5,1.56,1847,0
JFU.US,60,20241217,180000,1.5,1.525,1.5,1.525,229,0
JFU.US,60,20241217,190000,1.5,1.5,1.5,1.5,156,0
JFU.US,60,20241217,200000,1.51,1.55,1.51,1.55,300,0
JFU.US,60,20241217,210000,1.53,1.5301,1.52,1.52,750,0
JFU.US,60,20241217,220000,1.52,1.52,1.52,1.52,100,0
JFU.US,60,20241218,200000,1.53,1.53,1.53,1.53,100,0
JFU.US,60,20241219,180000,1.59,1.6,1.54,1.6,1908,0
JFU.US,60,20241219,190000,1.52,1.5223,1.52,1.52,372,0
JFU.US,60,20241219,200000,1.51,1.51,1.51,1.51,315,0
JFU.US,60,20241219,210000,1.52,1.53,1.5101,1.5101,1389,0
JFU.US,60,20241219,220000,1.5222,1.5222,1.5222,1.5222,420,0
JFU.US,60,20241220,160000,1.52,1.52,1.52,1.52,115,0
JFU.US,60,20241220,180000,1.53,1.53,1.53,1.53,263,0
JFU.US,60,20241220,210000,1.52,1.52,1.52,1.52,260,0
JFU.US,60,20241220,220000,1.52,1.5224,1.5,1.5,790,0
JFU.US,60,20241223,160000,1.53,1.53,1.53,1.53,100,0
JFU.US,60,20241223,170000,1.53,1.53,1.53,1.53,105,0
JFU.US,60,20241223,190000,1.53,1.53,1.53,1.53,245,0
JFU.US,60,20241223,200000,1.53,1.53,1.53,1.53,226,0
JFU.US,60,20241223,210000,1.53,1.53,1.5,1.5,5411,0
JFU.US,60,20241223,220000,1.5,1.5,1.5,1.5,3700,0
JFU.US,60,20241224,160000,1.507,1.51,1.502,1.51,540,0
JFU.US,60,20241224,170000,1.51,1.55,1.51,1.55,3562,0
JFU.US,60,20241224,180000,1.52,1.59,1.51,1.53,7340,0
JFU.US,60,20241224,190000,1.52,1.53,1.5,1.51,5583,0
JFU.US,60,20241226,160000,1.48,1.5801,1.48,1.5101,1041,0
JFU.US,60,20241226,180000,1.545,1.545,1.545,1.545,1000,0
JFU.US,60,20241226,210000,1.5747,1.5747,1.5747,1.5747,500,0
JFU.US,60,20241226,220000,1.56,1.58,1.5489,1.57,3282,0
JFU.US,60,20241227,160000,1.51,1.58,1.51,1.51,400,0
JFU.US,60,20241227,210000,1.52,1.52,1.52,1.52,100,0
JFU.US,60,20241230,200000,1.51,1.58,1.5,1.58,2900,0
JFU.US,60,20241231,160000,1.58,1.58,1.58,1.58,355,0
JFU.US,60,20241231,170000,1.5492,1.57,1.51,1.54,2535,0
JFU.US,60,20241231,190000,1.5338,1.5338,1.5338,1.5338,900,0
JFU.US,60,20241231,200000,1.57,1.6,1.57,1.6,2899,0
JFU.US,60,20241231,210000,1.57,1.63,1.57,1.63,300,0
JFU.US,60,20241231,220000,1.51,1.51,1.51,1.51,340,0
JFU.US,60,20250102,160000,1.5,1.554,1.5,1.51,1040,0
JFU.US,60,20250102,170000,1.51,1.5152,1.5,1.5152,1288,0
JFU.US,60,20250102,180000,1.5399,1.54,1.5399,1.54,300,0
JFU.US,60,20250102,200000,1.52,1.52,1.509,1.5101,3926,0
JFU.US,60,20250103,180000,1.53,1.53,1.53,1.53,100,0
JFU.US,60,20250106,160000,1.5,1.565,1.5,1.565,782,0
JFU.US,60,20250106,170000,1.52,1.609,1.5102,1.5102,425,0
JFU.US,60,20250106,180000,1.622,1.622,1.5111,1.5111,1012,0
JFU.US,60,20250106,190000,1.568,1.568,1.5621,1.5621,300,0
JFU.US,60,20250106,200000,1.555,1.555,1.555,1.555,100,0
JFU.US,60,20250106,210000,1.56,1.56,1.56,1.56,100,0
JFU.US,60,20250106,220000,1.56,1.56,1.56,1.56,659,0
JFU.US,60,20250107,160000,1.6,1.6,1.6,1.6,101,0
JFU.US,60,20250107,210000,1.56,1.56,1.55,1.55,306,0
JFU.US,60,20250110,180000,1.53,1.5399,1.53,1.5399,526,0
JFU.US,60,20250113,160000,1.53,1.53,1.49,1.49,996,0
JFU.US,60,20250113,190000,1.47,1.47,1.47,1.47,1900,0
JFU.US,60,20250113,220000,1.45,1.465,1.45,1.45,1187,0
JFU.US,60,20250114,160000,1.43,1.43,1.43,1.43,140,0
JFU.US,60,20250114,170000,1.44,1.44,1.42,1.43,3900,0
JFU.US,60,20250115,180000,1.4101,1.46,1.4,1.46,4872,0
JFU.US,60,20250115,200000,1.46,1.46,1.46,1.46,100,0
JFU.US,60,20250116,160000,1.4853,1.4853,1.4853,1.4853,129,0
JFU.US,60,20250116,170000,1.39,1.39,1.39,1.39,187,0
JFU.US,60,20250116,190000,1.4615,1.4615,1.4615,1.4615,100,0
JFU.US,60,20250116,200000,1.46,1.4849,1.4,1.4,1947,0
JFU.US,60,20250116,210000,1.4552,1.4552,1.45,1.45,200,0
JFU.US,60,20250117,160000,1.47,1.49,1.47,1.49,15770,0
JFU.US,60,20250117,170000,1.49,1.51,1.49,1.49,11400,0
JFU.US,60,20250117,200000,1.49,1.49,1.4801,1.4801,346,0
JFU.US,60,20250117,220000,1.485,1.52,1.48,1.52,600,0
JFU.US,60,20250121,160000,1.5,1.51,1.49,1.51,1201,0
JFU.US,60,20250121,170000,1.51,1.51,1.51,1.51,200,0
JFU.US,60,20250121,180000,1.51,1.51,1.51,1.51,1605,0
JFU.US,60,20250121,190000,1.5057,1.52,1.5057,1.52,450,0
JFU.US,60,20250121,220000,1.5039,1.5039,1.5039,1.5039,580,0
JFU.US,60,20250122,160000,1.4819,1.5,1.4819,1.5,5634,0
JFU.US,60,20250122,170000,1.5399,1.54,1.5399,1.54,388,0
JFU.US,60,20250122,180000,1.51,1.51,1.5001,1.5001,1507,0
JFU.US,60,20250123,170000,1.5038,1.5038,1.5038,1.5038,143,0
JFU.US,60,20250123,190000,1.505,1.505,1.5,1.5,983,0
JFU.US,60,20250124,170000,1.4942,1.5,1.49,1.5,5088,0
JFU.US,60,20250124,180000,1.52,1.52,1.52,1.52,100,0
JFU.US,60,20250124,190000,1.52,1.5288,1.52,1.5288,200,0
JFU.US,60,20250124,210000,1.5101,1.5101,1.5101,1.5101,143,0
JFU.US,60,20250127,220000,1.51,1.55,1.51,1.55,497,0
JFU.US,60,20250128,160000,1.535,1.535,1.535,1.535,124,0
JFU.US,60,20250128,170000,1.5201,1.5202,1.5201,1.5202,236,0
JFU.US,60,20250128,180000,1.5368,1.5368,1.5046,1.5046,500,0
JFU.US,60,20250128,190000,1.5399,1.5399,1.5287,1.5287,204,0
JFU.US,60,20250128,210000,1.5399,1.5399,1.5399,1.5399,324,0
JFU.US,60,20250129,180000,1.53,1.54,1.53,1.54,1200,0
JFU.US,60,20250129,190000,1.5549,1.5549,1.5549,1.5549,341,0
JFU.US,60,20250129,200000,1.59,1.59,1.59,1.59,259,0
JFU.US,60,20250129,210000,1.5501,1.5501,1.5501,1.5501,297,0
JFU.US,60,20250130,160000,1.473,1.473,1.473,1.473,129,0
JFU.US,60,20250130,170000,1.48,1.48,1.48,1.48,291,0
JFU.US,60,20250130,220000,1.5439,1.5439,1.5439,1.5439,173,0
JFU.US,60,20250131,170000,1.525,1.575,1.525,1.575,6011,0
JFU.US,60,20250131,180000,1.55,1.55,1.55,1.55,318,0
JFU.US,60,20250131,190000,1.5725,1.5725,1.5725,1.5725,258,0
JFU.US,60,20250131,210000,1.5713,1.5713,1.5713,1.5713,258,0
JFU.US,60,20250131,220000,1.5565,1.56,1.55,1.55,1290,0
JFU.US,60,20250204,160000,1.6067,1.6067,1.6067,1.6067,244,0
JFU.US,60,20250204,200000,1.5826,1.5826,1.5826,1.5826,150,0
JFU.US,60,20250204,220000,1.58,1.58,1.58,1.58,600,0
JFU.US,60,20250205,160000,1.49,1.49,1.49,1.49,571,0
JFU.US,60,20250205,170000,1.49,1.5,1.49,1.5,471,0
JFU.US,60,20250205,220000,1.525,1.525,1.5,1.5,1748,0
JFU.US,60,20250206,170000,1.5207,1.565,1.5207,1.565,552,0
JFU.US,60,20250206,180000,1.51,1.57,1.51,1.57,776,0
JFU.US,60,20250206,220000,1.54,1.54,1.54,1.54,341,0
JFU.US,60,20250210,170000,1.51,1.55,1.51,1.55,3024,0
JFU.US,60,20250210,180000,1.55,1.55,1.55,1.55,174,0
JFU.US,60,20250210,190000,1.55,1.55,1.55,1.55,6600,0
JFU.US,60,20250210,220000,1.5015,1.5015,1.5015,1.5015,250,0
JFU.US,60,20250211,160000,1.42,1.42,1.2,1.2301,39222,0
JFU.US,60,20250211,170000,1.3786,1.38,1.263,1.263,1291,0
JFU.US,60,20250211,180000,1.37,1.38,1.37,1.38,865,0
JFU.US,60,20250211,220000,1.389,1.389,1.33,1.33,2000,0
JFU.US,60,20250212,160000,1.34,1.34,1.32,1.339,504,0
JFU.US,60,20250212,170000,1.3101,1.3101,1.31,1.31,300,0
JFU.US,60,20250212,180000,1.34,1.34,1.33,1.33,263,0
JFU.US,60,20250212,190000,1.3265,1.3265,1.3,1.3,300,0
JFU.US,60,20250212,200000,1.3399,1.3399,1.3,1.3,1103,0
JFU.US,60,20250212,210000,1.33,1.33,1.3,1.31,400,0
JFU.US,60,20250212,220000,1.3327,1.3327,1.3327,1.3327,100,0
JFU.US,60,20250213,160000,1.34,1.359,1.34,1.3419,1434,0
JFU.US,60,20250213,190000,1.36,1.36,1.36,1.36,344,0
JFU.US,60,20250213,210000,1.37,1.425,1.37,1.425,600,0
JFU.US,60,20250214,160000,1.37,1.42,1.37,1.42,570,0
JFU.US,60,20250214,190000,1.43,1.88,1.4201,1.47,12600,0
JFU.US,60,20250214,200000,1.43,1.45,1.3754,1.45,625,0
JFU.US,60,20250214,220000,1.4498,1.55,1.41,1.4601,2504,0
JFU.US,60,20250218,160000,1.51,1.51,1.51,1.51,1471,0
JFU.US,60,20250218,170000,1.5,1.595,1.5,1.595,1135,0
JFU.US,60,20250218,180000,1.5466,1.5969,1.5,1.5969,4255,0
JFU.US,60,20250218,190000,1.51,1.53,1.51,1.53,800,0
JFU.US,60,20250218,200000,1.53,1.53,1.52,1.52,900,0
JFU.US,60,20250218,220000,1.6,1.6,1.52,1.52,500,0
JFU.US,60,20250219,160000,1.5644,1.5661,1.5,1.5634,2375,0
JFU.US,60,20250219,170000,1.56,1.5691,1.56,1.5691,420,0
JFU.US,60,20250219,200000,1.5,1.53,1.5,1.53,1525,0
JFU.US,60,20250219,210000,1.537,1.6,1.5201,1.5201,3184,0
JFU.US,60,20250219,220000,1.5118,1.53,1.5118,1.53,493,0
JFU.US,60,20250220,200000,1.5661,1.5661,1.5661,1.5661,193,0
JFU.US,60,20250220,210000,1.5522,1.5522,1.5522,1.5522,193,0
JFU.US,60,20250220,220000,1.5018,1.5018,1.5018,1.5018,135,0
JFU.US,60,20250221,160000,1.6,1.6,1.6,1.6,100,0
JFU.US,60,20250221,170000,1.56,1.57,1.54,1.54,887,0
JFU.US,60,20250221,210000,1.45,1.51,1.44,1.5,4700,0
JFU.US,60,20250221,220000,1.5991,1.65,1.5106,1.53,18320,0
JFU.US,60,20250224,180000,1.5389,1.59,1.5389,1.59,580,0
JFU.US,60,20250224,190000,1.61,1.61,1.605,1.605,450,0
JFU.US,60,20250225,160000,1.54,1.54,1.54,1.54,100,0
JFU.US,60,20250225,170000,1.5305,1.5305,1.5305,1.5305,113,0
JFU.US,60,20250225,180000,1.54,1.57,1.5056,1.57,1093,0
JFU.US,60,20250225,200000,1.51,1.51,1.51,1.51,500,0
JFU.US,60,20250225,210000,1.56,1.58,1.56,1.58,371,0
JFU.US,60,20250226,180000,1.53,1.53,1.52,1.53,2426,0
JFU.US,60,20250227,170000,1.53,1.53,1.53,1.53,143,0
JFU.US,60,20250227,180000,1.545,1.545,1.51,1.51,2000,0
JFU.US,60,20250227,200000,1.545,1.545,1.51,1.51,450,0
JFU.US,60,20250227,210000,1.51,1.57,1.5,1.5,1199,0
JFU.US,60,20250227,220000,1.525,1.56,1.5,1.51,10711,0
JFU.US,60,20250228,160000,1.5,1.54,1.5,1.5123,600,0
JFU.US,60,20250228,170000,1.5,1.5,1.5,1.5,100,0
JFU.US,60,20250303,210000,1.53,1.53,1.53,1.53,100,0
JFU.US,60,20250303,220000,1.52,1.52,1.52,1.52,201,0
JFU.US,60,20250304,190000,1.41,1.41,1.41,1.41,800,0
JFU.US,60,20250304,200000,1.4373,1.5,1.4373,1.5,2698,0
JFU.US,60,20250304,220000,1.4742,1.4742,1.4742,1.4742,5000,0
JFU.US,60,20250305,170000,1.4799,1.55,1.4799,1.55,5400,0
JFU.US,60,20250305,180000,1.6091,1.6091,1.54,1.54,2872,0
JFU.US,60,20250305,190000,1.55,1.55,1.55,1.55,610,0
JFU.US,60,20250305,210000,1.56,1.56,1.56,1.56,100,0
JFU.US,60,20250306,160000,1.48,1.48,1.48,1.48,811,0
JFU.US,60,20250307,170000,1.4999,1.56,1.435,1.45,5646,0
JFU.US,60,20250307,200000,1.46,1.46,1.46,1.46,100,0
JFU.US,60,20250307,220000,1.49,1.49,1.49,1.49,100,0
JFU.US,60,20250310,170000,1.57,1.6124,1.57,1.58,1101,0
JFU.US,60,20250311,210000,1.46,1.46,1.38,1.38,300,0
JFU.US,60,20250312,160000,1.555,1.56,1.555,1.56,299,0
JFU.US,60,20250312,180000,1.555,1.555,1.555,1.555,195,0
JFU.US,60,20250312,190000,1.46,1.46,1.45,1.45,505,0
JFU.US,60,20250313,180000,1.45,1.45,1.45,1.45,267,0
JFU.US,60,20250313,190000,1.4,1.4,1.4,1.4,600,0
JFU.US,60,20250313,210000,1.37,1.37,1.37,1.37,100,0
JFU.US,60,20250314,160000,1.45,1.4691,1.45,1.4691,696,0
JFU.US,60,20250314,170000,1.4758,1.63,1.4758,1.51,1005,0
JFU.US,60,20250314,180000,1.48,1.48,1.48,1.48,600,0
JFU.US,60,20250314,200000,1.45,1.48,1.45,1.48,700,0
JFU.US,60,20250317,150000,1.46,1.46,1.46,1.46,100,0
JFU.US,60,20250317,180000,1.5,1.5,1.45,1.4728,1395,0
JFU.US,60,20250317,210000,1.535,1.55,1.45,1.45,3312,0
JFU.US,60,20250318,180000,1.49,1.4999,1.49,1.4999,1903,0
JFU.US,60,20250318,210000,1.46,1.46,1.45,1.45,430,0
JFU.US,60,20250319,150000,1.46,1.46,1.46,1.46,105,0
JFU.US,60,20250319,160000,1.5825,1.5825,1.55,1.58,1153,0
JFU.US,60,20250319,170000,1.46,1.46,1.46,1.46,200,0
JFU.US,60,20250319,180000,1.51,1.51,1.51,1.51,100,0
JFU.US,60,20250321,160000,1.65,1.65,1.46,1.4622,4325,0
JFU.US,60,20250321,170000,1.6598,1.6598,1.46,1.5999,4901,0
JFU.US,60,20250321,180000,1.51,1.51,1.51,1.51,100,0
JFU.US,60,20250321,190000,1.51,1.7,1.51,1.6,3063,0
JFU.US,60,20250324,160000,1.53,1.53,1.53,1.53,490,0
JFU.US,60,20250324,190000,1.6,1.65,1.59,1.63,2072,0
JFU.US,60,20250324,210000,1.53,1.53,1.53,1.53,100,0
JFU.US,60,20250325,150000,1.46,1.62,1.46,1.6,1350,0
JFU.US,60,20250325,160000,1.5214,1.5214,1.5214,1.5214,320,0
JFU.US,60,20250325,170000,1.53,1.53,1.4,1.4,1223,0
JFU.US,60,20250325,180000,1.51,1.51,1.51,1.51,200,0
JFU.US,60,20250325,210000,1.47,1.47,1.45,1.45,837,0
JFU.US,60,20250327,150000,1.45,1.45,1.45,1.45,200,0
JFU.US,60,20250327,180000,1.42,1.53,1.42,1.5,2400,0
JFU.US,60,20250328,160000,1.46,1.46,1.42,1.42,555,0
JFU.US,60,20250328,180000,1.46,1.46,1.45,1.45,1697,0
JFU.US,60,20250328,200000,1.44,1.44,1.44,1.44,143,0
JFU.US,60,20250328,210000,1.41,1.41,1.41,1.41,200,0
JFU.US,60,20250331,160000,1.39,1.39,1.39,1.39,763,0
JFU.US,60,20250331,170000,1.36,1.39,1.36,1.39,1480,0
JFU.US,60,20250331,180000,1.36,1.36,1.36,1.36,400,0
JFU.US,60,20250331,190000,1.36,1.3602,1.35,1.35,700,0
JFU.US,60,20250331,210000,1.3399,1.3399,1.3399,1.3399,200,0
JFU.US,60,20250331,220000,1.3301,1.35,1.29,1.35,4419,0
JFU.US,60,20250401,180000,1.45,1.4806,1.45,1.45,2784,0
JFU.US,60,20250401,190000,1.3258,1.4308,1.3258,1.4308,3350,0
JFU.US,60,20250401,200000,1.4,1.42,1.32,1.37,4624,0
JFU.US,60,20250401,210000,1.3,1.31,1.26,1.31,1585,0
JFU.US,60,20250401,220000,1.45,1.45,1.45,1.45,700,0
JFU.US,60,20250402,170000,1.4598,1.4598,1.3942,1.3942,1300,0
JFU.US,60,20250402,220000,1.42,1.42,1.42,1.42,700,0
JFU.US,60,20250403,210000,1.41,1.41,1.35,1.35,934,0
JFU.US,60,20250404,160000,1.35,1.35,1.35,1.35,565,0
JFU.US,60,20250404,170000,1.27,1.27,1.27,1.27,1000,0
JFU.US,60,20250404,180000,1.2701,1.2701,1.2701,1.2701,229,0
JFU.US,60,20250404,210000,1.2988,1.2988,1.29,1.29,475,0
JFU.US,60,20250404,220000,1.2904,1.2904,1.29,1.29,371,0
JFU.US,60,20250407,180000,1.2565,1.2565,1.2565,1.2565,1342,0
JFU.US,60,20250407,190000,1.2137,1.25,1.2137,1.25,1049,0
JFU.US,60,20250407,200000,1.25,1.25,1.25,1.25,100,0
JFU.US,60,20250407,220000,1.21,1.221889,1.21,1.21,1737,0
JFU.US,60,20250408,160000,1.1972,1.1972,1.1972,1.1972,164,0
JFU.US,60,20250408,170000,1.195,1.195,1.195,1.195,200,0
JFU.US,60,20250408,180000,1.21,1.21,1.21,1.21,400,0
JFU.US,60,20250408,190000,1.21,1.21,1.21,1.21,337,0
JFU.US,60,20250408,200000,1.21,1.21,1.1398,1.1398,2117,0
JFU.US,60,20250408,210000,1.06,1.1,1.03,1.07,6299,0
JFU.US,60,20250408,220000,1.08,1.08,1.0799,1.0799,600,0
JFU.US,60,20250409,210000,1.03,1.04,1.01,1.01,13581,0
JFU.US,60,20250410,160000,1.04,1.04,1.04,1.04,1368,0
JFU.US,60,20250410,180000,1.04,1.04,1.04,1.04,112,0
JFU.US,60,20250410,190000,1.04,1.04,1.04,1.04,124,0
JFU.US,60,20250410,220000,1.04,1.05,1.04,1.05,200,0
JFU.US,60,20250411,160000,1.03,1.03,1.03,1.03,100,0
JFU.US,60,20250411,180000,1.0499,1.0499,1.04,1.04,247,0
JFU.US,60,20250411,210000,1.01,1.01,1.01,1.01,101,0
JFU.US,60,20250411,220000,1.01,1.03,1.01,1.01,1702,0
JFU.US,60,20250414,160000,1.24,1.24,1.03,1.03,1221,0
JFU.US,60,20250414,170000,1.1596,1.1596,1.1596,1.1596,200,0
JFU.US,60,20250414,210000,1.11,1.2,1.04,1.06,8700,0
JFU.US,60,20250414,220000,1.04,1.0999,1.04,1.0999,2119,0
JFU.US,60,20250415,160000,1.09,1.12,1.09,1.12,553,0
JFU.US,60,20250415,170000,1.1179,1.1179,1.1179,1.1179,1200,0
JFU.US,60,20250415,180000,1.0843,1.0843,1.0843,1.0843,200,0
JFU.US,60,20250415,200000,1.11,1.12,1.11,1.12,923,0
JFU.US,60,20250415,220000,1.06,1.06,1.06,1.06,100,0
JFU.US,60,20250416,180000,1.06,1.06,1.06,1.06,410,0
JFU.US,60,20250416,190000,1.14,1.14,1.14,1.14,200,0
JFU.US,60,20250416,220000,1.07,1.07,1.07,1.07,100,0
JFU.US,60,20250417,160000,1.06,1.07,1.06,1.07,823,0
JFU.US,60,20250417,170000,1.06,1.06,1.06,1.06,100,0
JFU.US,60,20250417,180000,1.06,1.06,1.06,1.06,2721,0
JFU.US,60,20250417,200000,1.04,1.0599,1.04,1.0599,1630,0
JFU.US,60,20250417,210000,1.0599,1.0599,1.0599,1.0599,110,0
JFU.US,60,20250417,220000,1.0321,1.06,1.0321,1.06,1285,0
JFU.US,60,20250422,160000,1.05,1.05,1.02,1.03,586,0
JFU.US,60,20250422,220000,1.07,1.075,1.07,1.075,1178,0
JFU.US,60,20250423,160000,1.065,1.065,1.0107,1.0107,1000,0
JFU.US,60,20250423,170000,1.087,1.087,1.087,1.087,222,0
JFU.US,60,20250423,180000,1.01,1.01,1.01,1.01,1000,0
JFU.US,60,20250423,210000,1.0775,1.0775,1.0775,1.0775,179,0
JFU.US,60,20250424,180000,1.02,1.02,1.02,1.02,110,0
JFU.US,60,20250424,190000,1.1945,1.1945,1.1945,1.1945,122,0
JFU.US,60,20250425,180000,1.05,1.26,1.05,1.2006,62408,0
JFU.US,60,20250425,200000,1.2,1.26,1.2,1.25,2145,0
JFU.US,60,20250425,210000,1.1511,1.205,1.15,1.15,581,0
JFU.US,60,20250425,220000,1.24,1.24,1.24,1.24,119,0
JFU.US,60,20250428,160000,1.12,1.12,1.12,1.12,1316,0
JFU.US,60,20250428,170000,1.1495,1.4,1.1495,1.22,12846,0
JFU.US,60,20250428,180000,1.21,1.21,1.21,1.21,100,0
JFU.US,60,20250428,200000,1.26,1.26,1.26,1.26,500,0
JFU.US,60,20250428,220000,1.21,1.21,1.21,1.21,100,0
JFU.US,60,20250430,160000,1.245,1.43,1.2,1.2,9800,0
JFU.US,60,20250430,170000,1.2393,1.59,1.2393,1.435,31953,0
JFU.US,60,20250430,180000,1.36,1.4659,1.32,1.3201,1282,0
JFU.US,60,20250430,210000,1.33,1.33,1.3,1.32,911,0
JFU.US,60,20250430,220000,1.3,1.36,1.2999,1.35,7744,0
JFU.US,60,20250501,160000,1.3975,1.3975,1.3975,1.3975,103,0
JFU.US,60,20250501,170000,1.31,1.35,1.31,1.35,1300,0
JFU.US,60,20250501,180000,1.35,1.35,1.35,1.35,100,0
JFU.US,60,20250501,190000,1.31,1.54,1.3,1.4208,32647,0
JFU.US,60,20250501,200000,1.45,1.45,1.45,1.45,2950,0
JFU.US,60,20250501,220000,1.47,1.4899,1.47,1.4899,200,0
JFU.US,60,20250502,160000,1.53,1.53,1.36,1.36,3105,0
JFU.US,60,20250502,180000,1.3614,1.43,1.3614,1.37,774,0
JFU.US,60,20250502,200000,1.44,1.44,1.36,1.3915,5277,0
JFU.US,60,20250502,210000,1.3849,1.4255,1.37,1.37,976,0
JFU.US,60,20250502,220000,1.36,1.37,1.36,1.37,378,0
JFU.US,60,20250505,170000,1.4387,1.5,1.43,1.5,12415,0
JFU.US,60,20250505,180000,1.5,1.58,1.33,1.54,12162,0
JFU.US,60,20250505,190000,1.5408,1.55,1.33,1.33,13978,0
JFU.US,60,20250505,200000,1.39,1.47,1.38,1.45,3372,0
JFU.US,60,20250506,170000,1.4005,1.42,1.38,1.4,2285,0
JFU.US,60,20250506,190000,1.4,1.4,1.4,1.4,190,0
JFU.US,60,20250506,200000,1.43,1.43,1.43,1.43,867,0
JFU.US,60,20250506,220000,1.49,1.49,1.49,1.49,1130,0
JFU.US,60,20250507,160000,1.52,1.52,1.52,1.52,100,0
JFU.US,60,20250507,170000,1.4,1.4,1.4,1.4,100,0
JFU.US,60,20250507,190000,1.4,1.4,1.4,1.4,100,0
JFU.US,60,20250507,200000,1.4199,1.7499,1.39,1.57,63162,0
JFU.US,60,20250507,210000,1.68,1.68,1.44,1.48,2100,0
JFU.US,60,20250507,220000,1.6,1.62,1.45,1.48,10544,0
JFU.US,60,20250508,170000,1.421,1.4321,1.421,1.43,625,0
JFU.US,60,20250508,180000,1.55,1.58,1.55,1.58,2873,0
JFU.US,60,20250509,190000,1.41,1.41,1.3913,1.3913,400,0
JFU.US,60,20250509,200000,1.48,1.48,1.48,1.48,200,0
JFU.US,60,20250512,160000,1.475,1.475,1.475,1.475,106,0
JFU.US,60,20250512,170000,1.475,1.475,1.3501,1.47,15636,0
JFU.US,60,20250512,210000,1.4,1.4,1.4,1.4,100,0
JFU.US,60,20250513,170000,1.3102,1.47,1.3102,1.39,1150,0
JFU.US,60,20250513,180000,1.33,1.33,1.32,1.32,300,0
JFU.US,60,20250513,210000,1.36,1.36,1.33,1.33,475,0
JFU.US,60,20250513,220000,1.33,1.4685,1.33,1.34,549,0
JFU.US,60,20250514,160000,1.33,1.33,1.33,1.33,2000,0
JFU.US,60,20250514,170000,1.39,1.39,1.39,1.39,107,0
JFU.US,60,20250514,200000,1.33,1.33,1.33,1.33,308,0
JFU.US,60,20250514,210000,1.36,1.36,1.36,1.36,200,0
JFU.US,60,20250515,160000,1.4688,1.4688,1.4688,1.4688,100,0
JFU.US,60,20250515,170000,1.3238,1.4498,1.3238,1.4498,430,0
JFU.US,60,20250515,200000,1.31,1.33,1.31,1.33,399,0
JFU.US,60,20250515,220000,1.32,1.32,1.32,1.32,100,0
JFU.US,60,20250516,170000,1.4699,1.4699,1.385,1.39,2500,0
JFU.US,60,20250516,190000,1.3009,1.31,1.3009,1.31,300,0
JFU.US,60,20250516,210000,1.4,1.47,1.39,1.47,4400,0
JFU.US,60,20250516,220000,1.4,1.41,1.34,1.34,500,0
JFU.US,60,20250519,190000,1.3,1.3,1.3,1.3,100,0
JFU.US,60,20250519,200000,1.3265,1.3265,1.3265,1.3265,200,0
JFU.US,60,20250519,220000,1.33,1.33,1.32,1.32,518,0
JFU.US,60,20250523,160000,1.49,1.49,1.49,1.49,107,0
JFU.US,60,20250523,220000,1.4653,1.4653,1.4653,1.4653,400,0
JFU.US,60,20250527,160000,1.33,1.33,1.3207,1.3207,961,0
JFU.US,60,20250527,170000,1.32,1.32,1.32,1.32,100,0
JFU.US,60,20250528,160000,1.32,1.48,1.32,1.46,3636,0
JFU.US,60,20250528,180000,1.34,1.34,1.34,1.34,100,0
JFU.US,60,20250528,190000,1.33,1.33,1.33,1.33,1000,0
JFU.US,60,20250528,200000,1.34,1.34,1.34,1.34,100,0
JFU.US,60,20250528,210000,1.34,1.34,1.34,1.34,100,0
JFU.US,60,20250528,220000,1.34,1.34,1.34,1.34,300,0
JFU.US,60,20250529,160000,1.33,1.33,1.33,1.33,100,0
JFU.US,60,20250530,180000,1.365,1.48,1.365,1.48,3020,0
JFU.US,60,20250530,190000,1.48,1.48,1.34,1.34,830,0
JFU.US,60,20250530,200000,1.48,1.48,1.35,1.45,2635,0
JFU.US,60,20250530,220000,1.395,1.395,1.395,1.395,192,0
JFU.US,60,20250602,160000,1.43,1.43,1.43,1.43,100,0
JFU.US,60,20250602,190000,1.35,1.35,1.35,1.35,107,0
JFU.US,60,20250603,160000,1.3407,1.3407,1.3407,1.3407,254,0
JFU.US,60,20250603,170000,1.36,1.36,1.36,1.36,900,0
JFU.US,60,20250603,180000,1.3622,1.405,1.3622,1.405,200,0
JFU.US,60,20250604,170000,1.4029,1.4029,1.4029,1.4029,215,0
JFU.US,60,20250604,180000,1.34,1.34,1.34,1.34,149,0
JFU.US,60,20250605,160000,1.41,1.41,1.41,1.41,253,0
JFU.US,60,20250605,180000,1.41,1.41,1.41,1.41,776,0
JFU.US,60,20250605,200000,1.4299,1.4299,1.4299,1.4299,500,0
JFU.US,60,20250605,210000,1.3501,1.3501,1.3501,1.3501,224,0
JFU.US,60,20250606,160000,1.43,1.43,1.43,1.43,500,0
JFU.US,60,20250606,170000,1.4786,1.4786,1.4786,1.4786,209,0
JFU.US,60,20250606,180000,1.353,1.353,1.353,1.353,499,0
JFU.US,60,20250606,200000,1.425,1.425,1.425,1.425,285,0
JFU.US,60,20250610,160000,1.5,1.5,1.5,1.5,1450,0
JFU.US,60,20250610,170000,1.48,1.6,1.37,1.556,4709,0
JFU.US,60,20250610,200000,1.41,1.41,1.41,1.41,100,0
JFU.US,60,20250610,210000,1.47,1.47,1.47,1.47,169,0
JFU.US,60,20250610,220000,1.49,1.54,1.47,1.53,4328,0
JFU.US,60,20250611,170000,1.54,1.57,1.54,1.54,3901,0
JFU.US,60,20250611,180000,1.47,1.47,1.47,1.47,200,0
JFU.US,60,20250612,190000,1.38,1.38,1.38,1.38,609,0
JFU.US,60,20250613,180000,1.4,1.4,1.4,1.4,616,0
JFU.US,60,20250616,160000,1.46,1.46,1.46,1.46,175,0
JFU.US,60,20250616,170000,1.39,1.44,1.39,1.42,2964,0
JFU.US,60,20250616,180000,1.3901,1.41,1.3901,1.4,300,0
JFU.US,60,20250616,200000,1.52,1.52,1.52,1.52,118,0
JFU.US,60,20250616,210000,1.455,1.455,1.455,1.455,127,0
JFU.US,60,20250618,180000,1.46,1.46,1.4,1.455,1927,0
JFU.US,60,20250620,160000,1.41,1.41,1.41,1.41,177,0
JFU.US,60,20250620,180000,1.4102,1.4102,1.4101,1.4101,500,0
JFU.US,60,20250620,190000,1.42,1.4724,1.42,1.4724,200,0
JFU.US,60,20250620,200000,1.48,1.48,1.48,1.48,100,0
JFU.US,60,20250623,160000,1.36,1.4101,1.36,1.4101,1796,0
JFU.US,60,20250623,180000,1.42,1.42,1.42,1.42,100,0
JFU.US,60,20250623,220000,1.445,1.445,1.41,1.42,5600,0
JFU.US,60,20250624,190000,1.45,1.45,1.45,1.45,100,0
JFU.US,60,20250624,210000,1.46,1.46,1.46,1.46,1000,0
JFU.US,60,20250624,220000,1.42,1.43,1.3905,1.4,3099,0
JFU.US,60,20250625,160000,1.46,1.46,1.46,1.46,183,0
JFU.US,60,20250625,170000,1.425,1.425,1.425,1.425,518,0
JFU.US,60,20250625,180000,1.46,1.46,1.397,1.45,458,0
JFU.US,60,20250625,220000,1.425,1.425,1.425,1.425,235,0
JFU.US,60,20250626,160000,1.45,1.46,1.425,1.46,517,0
JFU.US,60,20250626,170000,1.4428,1.4428,1.4428,1.4428,717,0
JFU.US,60,20250627,180000,1.444,1.444,1.4,1.4,447,0
JFU.US,60,20250627,190000,1.4659,1.4659,1.4659,1.4659,100,0
JFU.US,60,20250630,160000,1.5,1.54,1.46,1.54,3088,0
JFU.US,60,20250630,180000,1.46,1.46,1.26,1.26,17483,0
JFU.US,60,20250630,190000,1.2899,1.2899,1.275,1.275,1598,0
JFU.US,60,20250630,200000,1.29,1.29,1.28,1.28,1100,0
JFU.US,60,20250630,210000,1.27,1.2896,1.26,1.2896,5600,0
JFU.US,60,20250630,220000,1.285,1.3,1.2529,1.2529,13872,0
JFU.US,60,20250701,170000,1.28,1.33,1.28,1.28,1492,0
JFU.US,60,20250701,190000,1.33,1.33,1.2683,1.28,8182,0
JFU.US,60,20250702,170000,1.335,1.335,1.335,1.335,1361,0
JFU.US,60,20250702,180000,1.34,1.35,1.34,1.34,900,0
JFU.US,60,20250702,190000,1.33,1.37,1.33,1.37,679,0
JFU.US,60,20250702,200000,1.37,1.43,1.31,1.33,31912,0
JFU.US,60,20250702,210000,1.447044,1.447044,1.447044,1.447044,300,0
JFU.US,60,20250702,220000,1.415,1.44,1.415,1.44,536,0
JFU.US,60,20250703,160000,1.4307,1.465,1.4307,1.465,1027,0
JFU.US,60,20250703,170000,1.5,1.5,1.49,1.49,1099,0
JFU.US,60,20250703,190000,1.517,1.517,1.47,1.47,1500,0
JFU.US,60,20250707,160000,1.43,1.43,1.43,1.43,1722,0
JFU.US,60,20250707,180000,1.4479,1.4479,1.4479,1.4479,549,0
JFU.US,60,20250707,190000,1.45,1.45,1.45,1.45,499,0
JFU.US,60,20250707,210000,1.45,1.45,1.44,1.44,927,0
JFU.US,60,20250708,160000,1.44,1.44,1.44,1.44,100,0
JFU.US,60,20250708,170000,1.4502,1.54,1.44,1.54,10953,0
JFU.US,60,20250708,180000,1.5324,1.65,1.5,1.6,23866,0
JFU.US,60,20250708,190000,1.68,1.69,1.51,1.56,13143,0
JFU.US,60,20250708,200000,1.68,1.73,1.61,1.68,15885,0
JFU.US,60,20250708,210000,1.61,1.61,1.61,1.61,100,0
JFU.US,60,20250708,220000,1.61,1.6621,1.58,1.58,3190,0
JFU.US,60,20250709,160000,1.6,1.61,1.6,1.61,354,0
JFU.US,60,20250709,170000,1.64,1.655,1.64,1.655,311,0
JFU.US,60,20250709,180000,1.7,1.71,1.65,1.65,3600,0
JFU.US,60,20250709,210000,1.61,1.61,1.5,1.5,3987,0
JFU.US,60,20250709,220000,1.57,1.57,1.57,1.57,554,0
JFU.US,60,20250710,170000,1.66,1.66,1.66,1.66,1500,0
JFU.US,60,20250714,160000,1.52,1.54,1.51,1.54,1914,0
JFU.US,60,20250714,190000,1.61,1.63,1.5884,1.5884,2000,0
JFU.US,60,20250714,200000,1.54,1.54,1.5,1.5001,2030,0
JFU.US,60,20250714,220000,1.48,1.48,1.48,1.48,362,0
JFU.US,60,20250715,170000,1.515,1.515,1.48,1.48,200,0
JFU.US,60,20250715,180000,1.5525,1.6,1.545,1.59,2678,0
JFU.US,60,20250715,190000,1.61,1.64,1.61,1.62,800,0
JFU.US,60,20250716,160000,1.59,1.6,1.59,1.6,3581,0
JFU.US,60,20250716,170000,1.62,1.7086,1.62,1.7086,5407,0
JFU.US,60,20250716,180000,1.7208,1.775,1.63,1.6643,16312,0
JFU.US,60,20250716,190000,1.6468,1.6468,1.6468,1.6468,200,0
JFU.US,60,20250716,200000,1.66,1.66,1.66,1.66,100,0
JFU.US,60,20250716,210000,1.71,1.75,1.71,1.75,2641,0
JFU.US,60,20250716,220000,1.78,1.85,1.735,1.735,6363,0
JFU.US,60,20250717,160000,1.85,1.85,1.7638,1.7638,1414,0
JFU.US,60,20250717,170000,1.8559,1.99,1.85,1.9165,5845,0
JFU.US,60,20250717,180000,1.92,1.92,1.6534,1.6849,15446,0
JFU.US,60,20250717,190000,1.65,1.715,1.58,1.715,12520,0
JFU.US,60,20250717,200000,1.7025,1.7148,1.7025,1.7148,200,0
JFU.US,60,20250717,210000,1.66,1.6815,1.65,1.65,3746,0
JFU.US,60,20250717,220000,1.715,1.715,1.66,1.6735,1100,0
JFU.US,60,20250718,160000,1.6,1.6,1.54,1.55,3621,0
JFU.US,60,20250718,170000,1.632826,1.7344,1.632826,1.68,648,0
JFU.US,60,20250718,190000,1.62,1.62,1.51,1.5101,3333,0
JFU.US,60,20250718,200000,1.6439,1.6439,1.6439,1.6439,320,0
JFU.US,60,20250718,210000,1.6044,1.6044,1.6044,1.6044,100,0
JFU.US,60,20250721,170000,1.605,1.64,1.605,1.62,3000,0
JFU.US,60,20250721,210000,1.62,1.62,1.62,1.62,958,0
JFU.US,60,20250721,220000,1.61,1.61,1.61,1.61,1580,0
JFU.US,60,20250722,170000,1.7163,1.7163,1.6,1.665,12050,0
JFU.US,60,20250722,180000,1.6258,1.6258,1.6258,1.6258,100,0
JFU.US,60,20250722,190000,1.67,1.67,1.67,1.67,100,0
JFU.US,60,20250722,210000,1.6201,1.6201,1.6201,1.6201,288,0
JFU.US,60,20250722,220000,1.63,1.64,1.63,1.64,300,0
JFU.US,60,20250723,200000,1.64,1.65,1.63,1.63,844,0
JFU.US,60,20250723,210000,1.63,1.63,1.63,1.63,216,0
JFU.US,60,20250724,170000,1.65,1.67,1.64,1.67,468,0
JFU.US,60,20250724,180000,1.64,1.745,1.64,1.745,12920,0
JFU.US,60,20250724,190000,1.7009,1.7009,1.7009,1.7009,299,0
JFU.US,60,20250724,210000,1.7752,1.7752,1.7752,1.7752,400,0
JFU.US,60,20250724,220000,1.745,1.745,1.72,1.72,300,0
JFU.US,60,20250725,160000,1.7397,1.7397,1.7397,1.7397,100,0
JFU.US,60,20250725,170000,1.745,1.76,1.71,1.76,720,0
JFU.US,60,20250725,180000,1.7,1.71,1.57,1.61,7012,0
JFU.US,60,20250725,190000,1.7,1.7,1.7,1.7,100,0
JFU.US,60,20250725,210000,1.65,1.661,1.63,1.66,4626,0
JFU.US,60,20250725,220000,1.7059,1.77,1.61,1.61,1524,0
JFU.US,60,20250728,160000,1.735,1.735,1.69,1.72,899,0
JFU.US,60,20250728,170000,1.66,1.66,1.61,1.65,500,0
JFU.US,60,20250728,180000,1.6628,1.6628,1.6628,1.6628,500,0
JFU.US,60,20250728,210000,1.66,1.66,1.66,1.66,300,0
JFU.US,60,20250728,220000,1.66,1.67,1.66,1.66,3936,0
JFU.US,60,20250729,160000,1.745,1.8,1.745,1.79,2467,0
JFU.US,60,20250729,170000,1.73,1.73,1.73,1.73,100,0
JFU.US,60,20250729,180000,1.7,1.7,1.7,1.7,200,0
JFU.US,60,20250729,200000,1.7,1.7,1.7,1.7,200,0
JFU.US,60,20250729,210000,1.7,1.7,1.7,1.7,1508,0
JFU.US,60,20250729,220000,1.6,1.6,1.6,1.6,100,0
JFU.US,60,20250730,170000,1.6,1.6,1.6,1.6,100,0
JFU.US,60,20250730,180000,1.62,1.62,1.62,1.62,700,0
JFU.US,60,20250730,190000,1.62,1.62,1.62,1.62,100,0
JFU.US,60,20250730,200000,1.685,1.69,1.675,1.68,2751,0
JFU.US,60,20250730,210000,1.69,1.69,1.68,1.68,1015,0
JFU.US,60,20250730,220000,1.62,1.62,1.6,1.6,300,0
JFU.US,60,20250731,170000,1.6,1.6,1.6,1.6,100,0
JFU.US,60,20250731,190000,1.61,1.6238,1.61,1.6238,200,0
JFU.US,60,20250731,210000,1.62,1.62,1.62,1.62,100,0
JFU.US,60,20250731,220000,1.62,1.62,1.62,1.62,100,0
JFU.US,60,20250801,170000,1.601,1.601,1.6,1.6,208,0
JFU.US,60,20250801,190000,1.62,1.62,1.62,1.62,590,0
JFU.US,60,20250801,210000,1.685,1.725,1.685,1.69,1233,0
JFU.US,60,20250801,220000,1.71,1.71,1.64,1.64,400,0
JFU.US,60,20250804,170000,1.62,1.6201,1.61,1.6101,1110,0
JFU.US,60,20250804,180000,1.645,1.645,1.55,1.56,16445,0
JFU.US,60,20250804,190000,1.555,1.633,1.555,1.633,1594,0
JFU.US,60,20250804,200000,1.58,1.6152,1.58,1.58,2800,0
JFU.US,60,20250804,220000,1.55,1.55,1.54,1.55,500,0
JFU.US,60,20250805,170000,1.6,1.61,1.57,1.61,3293,0
JFU.US,60,20250805,180000,1.5378,1.575,1.52,1.568,5926,0
JFU.US,60,20250805,200000,1.52,1.52,1.52,1.52,119,0
JFU.US,60,20250805,210000,1.587,1.587,1.587,1.587,501,0
JFU.US,60,20250806,160000,1.55,1.61,1.55,1.6,1158,0
JFU.US,60,20250806,170000,1.61,1.61,1.6,1.61,685,0
JFU.US,60,20250806,180000,1.565,1.62,1.565,1.62,423,0
JFU.US,60,20250807,190000,1.58,1.62,1.565,1.6018,3417,0
JFU.US,60,20250807,200000,1.59,1.59,1.59,1.59,423,0
JFU.US,60,20250807,220000,1.6,1.6,1.59,1.59,802,0
JFU.US,60,20250808,170000,1.6118,1.6118,1.58,1.58,222,0
JFU.US,60,20250808,180000,1.615,1.615,1.58,1.58,4887,0
JFU.US,60,20250808,190000,1.6,1.61,1.56,1.603,1012,0
JFU.US,60,20250808,200000,1.555,1.555,1.555,1.555,122,0
JFU.US,60,20250808,210000,1.533,1.533,1.533,1.533,236,0
JFU.US,60,20250811,160000,1.58,1.9,1.58,1.775,16213,0
JFU.US,60,20250811,170000,1.77,1.8134,1.74,1.8134,724,0
JFU.US,60,20250811,180000,1.76,1.805,1.76,1.8,600,0
JFU.US,60,20250811,190000,1.85,2.05,1.825,1.9019,26675,0
JFU.US,60,20250811,200000,1.8682,1.8682,1.71,1.71,6068,0
JFU.US,60,20250811,210000,1.78,1.78,1.78,1.78,100,0
JFU.US,60,20250811,220000,1.76,1.84,1.755,1.84,437,0
JFU.US,60,20250812,160000,2,2.05,1.87,1.87,20384,0
JFU.US,60,20250812,170000,1.84,1.87,1.82,1.82,3980,0
JFU.US,60,20250812,180000,1.8,1.85,1.8,1.85,4088,0
JFU.US,60,20250812,190000,1.835,1.9,1.835,1.88,1525,0
JFU.US,60,20250812,200000,1.9,1.91,1.9,1.9,3007,0
JFU.US,60,20250812,210000,1.91,1.91,1.9,1.9,3451,0
JFU.US,60,20250812,220000,1.9999,1.9999,1.8979,1.8979,571,0
JFU.US,60,20250813,160000,1.8537,1.8537,1.8537,1.8537,112,0
JFU.US,60,20250813,170000,1.8952,1.98,1.8952,1.98,1361,0
JFU.US,60,20250814,160000,1.95,2.087,1.89,2.087,2099,0
JFU.US,60,20250814,170000,2.04,2.1,2.04,2.07,8587,0
JFU.US,60,20250814,180000,2.05,2.05,1.9,1.92,13867,0
JFU.US,60,20250814,190000,1.95,1.95,1.95,1.95,300,0
JFU.US,60,20250814,210000,1.9695,1.985,1.9695,1.985,600,0
JFU.US,60,20250815,160000,1.97,1.97,1.97,1.97,100,0
JFU.US,60,20250815,170000,1.97,1.98,1.85,1.85,30102,0
JFU.US,60,20250815,180000,1.865,1.95,1.86,1.9,6482,0
JFU.US,60,20250815,200000,1.8546,1.8546,1.8546,1.8546,108,0
JFU.US,60,20250815,210000,1.9124,1.9124,1.83,1.83,364,0
JFU.US,60,20250818,160000,1.84,1.94,1.84,1.94,1396,0
JFU.US,60,20250818,170000,1.9,1.9,1.85,1.85,763,0
JFU.US,60,20250818,180000,1.8639,1.87,1.86,1.87,996,0
JFU.US,60,20250818,220000,1.9,1.9,1.9,1.9,100,0
JFU.US,60,20250819,170000,1.93,1.93,1.9,1.9,2259,0
JFU.US,60,20250819,180000,1.91,1.91,1.9,1.9,1800,0
JFU.US,60,20250819,190000,1.91,1.91,1.9,1.91,822,0
JFU.US,60,20250819,210000,1.9,1.915,1.9,1.915,660,0
JFU.US,60,20250819,220000,1.91,1.91,1.905,1.905,439,0
JFU.US,60,20250820,180000,1.95,1.95,1.9,1.9,633,0
JFU.US,60,20250821,160000,1.99,1.99,1.99,1.99,309,0
JFU.US,60,20250821,180000,1.96,1.9899,1.96,1.97,683,0
JFU.US,60,20250822,160000,2,2.04,2,2.037,2200,0
JFU.US,60,20250822,170000,2.09,2.31,2.065,2.16,22787,0
JFU.US,60,20250822,180000,2.2,2.2,2.17,2.17,594,0
JFU.US,60,20250822,190000,2.24,2.41,2.24,2.258,17817,0
JFU.US,60,20250822,200000,2.25,2.3897,2.25,2.365,2214,0
JFU.US,60,20250822,210000,2.34,2.38,2.33,2.355,3000,0
JFU.US,60,20250822,220000,2.355,2.39,2.35,2.3899,6688,0
JFU.US,60,20250825,160000,2.56,2.8899,2.53,2.56,48525,0
JFU.US,60,20250825,170000,2.675,2.85,2.61,2.85,12621,0
JFU.US,60,20250825,180000,2.84,3.25,2.72,2.8593,45754,0
JFU.US,60,20250825,190000,2.85,2.8551,2.56,2.6091,9000,0
JFU.US,60,20250825,200000,2.56,2.56,2.4,2.48,9684,0
JFU.US,60,20250825,210000,2.451,2.52,2.4,2.44,11424,0
JFU.US,60,20250825,220000,2.45,2.45,2.2,2.28,9418,0
JFU.US,60,20250826,160000,2.27,2.27,2.27,2.27,2000,0
JFU.US,60,20250826,170000,2.269,2.41,2.269,2.4,7977,0
JFU.US,60,20250826,180000,2.33,2.33,2.33,2.33,101,0
JFU.US,60,20250826,210000,2.34,2.34,2.33,2.33,200,0
JFU.US,60,20250826,220000,2.37,2.8,2.325,2.47,21845,0
JFU.US,60,20250827,160000,2.675,2.675,2.675,2.675,100,0
JFU.US,60,20250827,180000,2.515,2.515,2.515,2.515,373,0
JFU.US,60,20250827,190000,2.43,2.43,2.43,2.43,212,0
JFU.US,60,20250827,200000,2.39,2.39,2.39,2.39,497,0
JFU.US,60,20250827,210000,2.38,2.38,2.3,2.36,2637,0
JFU.US,60,20250827,220000,2.31,2.43,2.31,2.43,419,0
JFU.US,60,20250828,160000,2.34,2.4088,2.34,2.37,4691,0
JFU.US,60,20250828,170000,2.56,2.56,2.3717,2.3717,2201,0
JFU.US,60,20250828,190000,2.3871,2.3871,2.3871,2.3871,400,0
JFU.US,60,20250828,200000,2.42,2.4255,2.37,2.37,1514,0
JFU.US,60,20250828,210000,2.37,2.37,2.37,2.37,200,0
JFU.US,60,20250828,220000,2.375,2.38,2.37,2.38,4525,0
JFU.US,60,20250829,160000,2.31,2.31,2.31,2.31,100,0
JFU.US,60,20250829,170000,2.35,2.35,2.35,2.35,1095,0
JFU.US,60,20250829,180000,2.33,2.3603,2.33,2.33,983,0
JFU.US,60,20250829,190000,2.3384,2.4,2.3384,2.4,1198,0
JFU.US,60,20250829,200000,2.49,2.49,2.49,2.49,100,0
JFU.US,60,20250829,220000,2.39,2.4856,2.33,2.4856,2081,0
JFU.US,60,20250902,160000,2.41,2.48,2.34,2.34,700,0
JFU.US,60,20250902,170000,2.3579,2.3579,2.3579,2.3579,200,0
JFU.US,60,20250902,180000,2.42,2.43,2.42,2.43,1073,0
JFU.US,60,20250902,190000,2.45,2.45,2.43,2.43,400,0
JFU.US,60,20250902,220000,2.4043,2.4043,2.4043,2.4043,125,0
JFU.US,60,20250903,160000,2.4,2.42,2.4,2.4,670,0
JFU.US,60,20250903,190000,2.445,2.445,2.445,2.445,100,0
JFU.US,60,20250903,200000,2.43,2.445,2.43,2.445,200,0
JFU.US,60,20250903,220000,2.42,2.4437,2.42,2.4437,200,0
JFU.US,60,20250904,160000,2.41,2.41,2.41,2.41,449,0
JFU.US,60,20250904,170000,2.41,2.425,2.41,2.425,1400,0
JFU.US,60,20250904,180000,2.425,2.425,2.41,2.41,600,0
JFU.US,60,20250904,190000,2.44,2.4763,2.43,2.43,877,0
JFU.US,60,20250905,160000,2.4998,2.58,2.49,2.58,2231,0
JFU.US,60,20250905,170000,2.58,2.6,2.58,2.58,2600,0
JFU.US,60,20250905,180000,2.748,2.748,2.655,2.655,400,0
JFU.US,60,20250905,190000,2.6982,2.6982,2.56,2.62,350,0
JFU.US,60,20250905,210000,2.6,2.6,2.6,2.6,200,0
JFU.US,60,20250905,220000,2.6715,2.6715,2.51,2.51,1582,0
JFU.US,60,20250908,160000,2.6,2.6,2.505,2.505,495,0
JFU.US,60,20250908,170000,2.42,2.505,2.41,2.505,7920,0
JFU.US,60,20250908,180000,2.505,2.57,2.505,2.57,625,0
JFU.US,60,20250908,190000,2.41,2.43,2.41,2.43,1000,0
JFU.US,60,20250908,210000,2.5404,2.5404,2.45,2.45,300,0
JFU.US,60,20250908,220000,2.5,2.5,2.5,2.5,283,0
JFU.US,60,20250909,160000,2.45,2.49,2.45,2.49,1368,0
JFU.US,60,20250909,170000,2.505,2.505,2.44,2.45,866,0
JFU.US,60,20250909,180000,2.49,2.52,2.441,2.441,499,0
JFU.US,60,20250909,190000,2.44,2.4402,2.43,2.43,4410,0
JFU.US,60,20250909,200000,2.44,2.44,2.44,2.44,203,0
JFU.US,60,20250909,220000,2.53,2.53,2.44,2.53,400,0
JFU.US,60,20250910,160000,2.5,2.6,2.5,2.58,2966,0
JFU.US,60,20250910,170000,2.5702,2.5702,2.5702,2.5702,140,0
JFU.US,60,20250910,180000,2.6347,2.6347,2.6347,2.6347,731,0
JFU.US,60,20250910,200000,2.63,2.63,2.63,2.63,223,0
JFU.US,60,20250910,210000,2.5592,2.5592,2.5,2.5,200,0
JFU.US,60,20250910,220000,2.44,2.5,2.44,2.5,4659,0
JFU.US,60,20250911,160000,2.75,2.75,2.75,2.75,324,0
JFU.US,60,20250911,170000,2.5574,2.5574,2.5574,2.5574,185,0
JFU.US,60,20250911,220000,2.59,2.67,2.575,2.6,5382,0
JFU.US,60,20250912,160000,2.53,2.53,2.53,2.53,103,0
JFU.US,60,20250912,190000,2.6,2.6,2.5999,2.6,600,0
JFU.US,60,20250912,200000,2.5703,2.5703,2.5703,2.5703,193,0
JFU.US,60,20250912,210000,2.5265,2.625,2.5265,2.625,329,0
JFU.US,60,20250912,220000,2.57,2.57,2.57,2.57,126,0
JFU.US,60,20250915,160000,2.57,2.57,2.51,2.5468,897,0
JFU.US,60,20250915,170000,2.6,2.8,2.6,2.8,8399,0
JFU.US,60,20250915,180000,2.75,2.75,2.74,2.74,280,0
JFU.US,60,20250915,190000,2.67,2.67,2.67,2.67,100,0
JFU.US,60,20250915,210000,2.65,2.6887,2.65,2.6887,690,0
JFU.US,60,20250915,220000,2.67,2.67,2.6574,2.67,2031,0
JFU.US,60,20250916,170000,2.72,2.72,2.55,2.55,216,0
JFU.US,60,20250916,180000,2.56,2.56,2.56,2.56,201,0
JFU.US,60,20250916,210000,2.59,2.59,2.59,2.59,200,0
JFU.US,60,20250917,160000,2.59,2.59,2.59,2.59,157,0
JFU.US,60,20250917,170000,2.5953,2.5953,2.5953,2.5953,157,0
JFU.US,60,20250917,200000,2.61,2.71,2.61,2.71,400,0
JFU.US,60,20250917,210000,2.6376,2.6376,2.6376,2.6376,300,0
JFU.US,60,20250918,170000,2.6999,2.6999,2.6999,2.6999,179,0
JFU.US,60,20250918,210000,2.57,2.57,2.57,2.57,500,0
JFU.US,60,20250918,220000,2.582,2.582,2.58,2.58,400,0
JFU.US,60,20250919,170000,2.5705,2.5705,2.5705,2.5705,200,0
JFU.US,60,20250919,180000,2.58,2.62,2.58,2.62,1400,0
JFU.US,60,20250919,190000,2.64,2.64,2.64,2.64,400,0
JFU.US,60,20250919,200000,2.62,2.64,2.62,2.64,2355,0
JFU.US,60,20250919,220000,2.63,2.63,2.62,2.62,2295,0
JFU.US,60,20250922,160000,2.65,2.65,2.65,2.65,169,0
JFU.US,60,20250922,170000,2.54,2.61,2.54,2.54,780,0
JFU.US,60,20250922,180000,2.58,2.68,2.58,2.68,825,0
JFU.US,60,20250922,190000,2.64,2.64,2.64,2.64,931,0
JFU.US,60,20250922,200000,2.64,2.65,2.64,2.65,1500,0
JFU.US,60,20250922,210000,2.6594,2.6594,2.6594,2.6594,450,0
JFU.US,60,20250922,220000,2.65,2.65,2.65,2.65,1310,0
JFU.US,60,20250923,160000,2.65,2.65,2.65,2.65,300,0
JFU.US,60,20250923,200000,2.5241,2.5241,2.52,2.52,398,0
JFU.US,60,20250923,220000,2.52,2.6216,2.47,2.57,1400,0
JFU.US,60,20250924,170000,2.625,2.625,2.625,2.625,380,0
JFU.US,60,20250924,220000,2.68,2.68,2.66,2.66,500,0
JFU.US,60,20250925,160000,2.5402,2.5402,2.43,2.43,987,0
JFU.US,60,20250925,170000,2.59,2.59,2.59,2.59,100,0
JFU.US,60,20250925,190000,2.44,2.7241,2.44,2.595,1751,0
JFU.US,60,20250925,220000,2.62,2.62,2.62,2.62,700,0
JFU.US,60,20250926,170000,2.62,2.62,2.62,2.62,100,0
JFU.US,60,20250926,190000,2.63,2.63,2.58,2.61,1768,0
JFU.US,60,20250926,200000,2.61,2.61,2.61,2.61,250,0
JFU.US,60,20250926,210000,2.6259,2.6259,2.6259,2.6259,100,0
JFU.US,60,20250929,160000,2.56,2.56,2.44,2.5,708,0
JFU.US,60,20250929,170000,2.54,2.54,2.54,2.54,243,0
JFU.US,60,20250929,190000,2.54,2.54,2.508,2.508,1451,0
JFU.US,60,20250929,200000,2.53,2.54,2.53,2.54,833,0
JFU.US,60,20251001,210000,2.62,2.6345,2.532,2.532,16403,0
JFU.US,60,20251002,160000,2.6127,2.6127,2.6127,2.6127,243,0
JFU.US,60,20251002,170000,2.5846,2.5846,2.5201,2.5201,365,0
JFU.US,60,20251002,180000,2.5352,2.5352,2.5352,2.5352,373,0
JFU.US,60,20251002,190000,2.53,2.53,2.53,2.53,312,0
JFU.US,60,20251002,220000,2.56,2.56,2.55,2.55,1139,0
JFU.US,60,20251003,160000,2.5312,2.55,2.53,2.55,536,0
JFU.US,60,20251003,180000,2.74,2.74,2.5339,2.72,5624,0
JFU.US,60,20251003,190000,2.6014,2.6014,2.6,2.6,352,0
JFU.US,60,20251006,160000,2.7,2.755,2.7,2.755,6952,0
JFU.US,60,20251006,170000,2.83,2.83,2.75,2.75,1710,0
JFU.US,60,20251006,180000,2.7342,2.7342,2.7342,2.7342,250,0
JFU.US,60,20251006,190000,2.7,2.7255,2.685,2.685,1103,0
JFU.US,60,20251006,200000,2.69,2.69,2.69,2.69,100,0
JFU.US,60,20251006,210000,2.69,2.71,2.69,2.71,1402,0
JFU.US,60,20251007,160000,2.59,2.76,2.58,2.76,2455,0
JFU.US,60,20251007,170000,2.775,2.8319,2.775,2.8319,708,0
JFU.US,60,20251007,180000,2.8131,2.8131,2.7726,2.79,605,0
JFU.US,60,20251007,210000,2.74,2.7401,2.74,2.7401,798,0
JFU.US,60,20251007,220000,2.71,2.71,2.71,2.71,100,0
JFU.US,60,20251008,160000,2.76,2.78,2.76,2.775,1722,0
JFU.US,60,20251008,170000,2.789,2.79,2.7687,2.7721,1481,0
JFU.US,60,20251008,180000,2.775,2.79,2.775,2.79,300,0
JFU.US,60,20251008,190000,2.7778,2.79,2.7778,2.79,243,0
JFU.US,60,20251008,200000,2.79,2.79,2.76,2.76,300,0
JFU.US,60,20251008,210000,2.76,2.76,2.76,2.76,1121,0
JFU.US,60,20251009,160000,2.77,2.93,2.77,2.93,13561,0
JFU.US,60,20251009,170000,2.9301,3.6759,2.93,3.5,47380,0
JFU.US,60,20251009,180000,3.51,3.99,3.1201,3.62,262636,0
JFU.US,60,20251009,190000,3.67,4.7,3.53,3.73,798884,0
JFU.US,60,20251009,200000,3.728,3.84,3.5,3.805,85379,0
JFU.US,60,20251009,210000,3.81,4.4,3.8,4.31,168547,0
JFU.US,60,20251009,220000,4.31,4.6799,4.05,4.2,199538,0
JFU.US,60,20251010,160000,3.98,5.5,3.9,5.4,89648,0
JFU.US,60,20251010,170000,5.3978,5.4736,4.92,5.14,120626,0
JFU.US,60,20251010,180000,5.146,5.37,4.9,5.005,33623,0
JFU.US,60,20251010,190000,5.1,5.1,4.71,4.775,21627,0
JFU.US,60,20251010,200000,4.7168,4.8,4.401,4.45,13500,0
JFU.US,60,20251010,210000,4.45,4.5,4.37,4.48,6916,0
JFU.US,60,20251010,220000,4.587,5.03,4.41,4.7,15250,0
JFU.US,60,20251013,160000,5.3,5.3,4.53,4.79,11982,0
JFU.US,60,20251013,170000,4.9,4.95,4.54,4.54,10932,0
JFU.US,60,20251013,180000,4.77,4.8,4.74,4.75,2759,0
JFU.US,60,20251013,190000,4.715,4.8,4.6366,4.715,2300,0
JFU.US,60,20251013,200000,4.6385,4.79,4.6,4.79,2033,0
JFU.US,60,20251013,210000,4.8,4.8,4.638,4.7,936,0
JFU.US,60,20251013,220000,4.7,4.75,4.69,4.75,1873,0
JFU.US,60,20251014,160000,4.51,4.67,4.1702,4.49,7419,0
JFU.US,60,20251014,170000,4.3268,4.7,4.3268,4.69,577,0
JFU.US,60,20251014,180000,4.452,4.452,4.452,4.452,100,0
JFU.US,60,20251014,190000,4.3236,4.465,4.3236,4.465,1106,0
JFU.US,60,20251014,210000,4.59,4.99,4.56,4.8,3893,0
JFU.US,60,20251014,220000,4.755,4.755,4.74,4.74,450,0
JFU.US,60,20251015,160000,4.72,4.72,4.7,4.7,870,0
JFU.US,60,20251015,170000,4.55,4.7,4.55,4.57,2781,0
JFU.US,60,20251015,180000,4.71,4.8137,4.71,4.8137,817,0
JFU.US,60,20251015,190000,4.71,4.71,4.71,4.71,500,0
JFU.US,60,20251015,200000,4.6208,4.6208,4.42,4.5801,1892,0
JFU.US,60,20251015,210000,4.58,4.58,4.53,4.55,1084,0
JFU.US,60,20251016,160000,4.42,4.5,4.4,4.455,3030,0
JFU.US,60,20251016,170000,4.41,4.48,4.32,4.35,5397,0
JFU.US,60,20251016,180000,4.3625,4.3625,4,4,15454,0
JFU.US,60,20251016,190000,4.01,4.15,4.01,4.15,281,0
JFU.US,60,20251016,200000,4.19,4.19,4.19,4.19,159,0
JFU.US,60,20251016,210000,4.19,4.2,4.19,4.2,3600,0
JFU.US,60,20251016,220000,4.2452,4.46,4.2452,4.46,1533,0
JFU.US,60,20251017,160000,4.2,4.2,4.19,4.19,409,0
JFU.US,60,20251017,170000,4.1039,4.2676,4.02,4.2676,1700,0
JFU.US,60,20251017,180000,4.26,4.26,4.02,4.06,3134,0
JFU.US,60,20251017,190000,4.13,4.22,4.1,4.18,4238,0
JFU.US,60,20251017,200000,4.15,4.25,4.095,4.14,2150,0
JFU.US,60,20251017,210000,4.18,4.25,4.09,4.0984,5623,0
JFU.US,60,20251017,220000,4.1,4.34,3.7,3.75,15908,0
JFU.US,60,20251020,160000,3.88,4.3815,3.88,4.3022,3270,0
JFU.US,60,20251020,170000,4.28,4.6799,4.28,4.532,3092,0
JFU.US,60,20251020,180000,4.37,4.56,4.2601,4.2601,3067,0
JFU.US,60,20251020,190000,4.26,4.89,4.26,4.89,10491,0
JFU.US,60,20251020,200000,4.9337,5.4568,4.9337,5.17,25031,0
JFU.US,60,20251020,210000,5.17,5.29,5,5.28,9679,0
JFU.US,60,20251020,220000,5.2127,5.46,5.06,5.38,15269,0
JFU.US,60,20251021,160000,5.36,5.88,5.1239,5.53,27224,0
JFU.US,60,20251021,170000,5.872,5.872,5.51,5.51,24371,0
JFU.US,60,20251021,180000,5.5,5.5,4.88,5.0678,21754,0
JFU.US,60,20251021,190000,4.9,5.006487,4.89,5.006487,3258,0
JFU.US,60,20251021,200000,4.96,4.96,4.7028,4.739642,2505,0
JFU.US,60,20251021,210000,4.849,4.93,4.755,4.85,2197,0
JFU.US,60,20251021,220000,4.94,5.13,4.7,5.13,7409,0
JFU.US,60,20251022,160000,5.14,5.14,5.14,5.14,1672,0
JFU.US,60,20251022,170000,5.12,5.1603,4.86,4.86,1264,0
JFU.US,60,20251022,180000,4.85,5.0181,4.85,5.0181,1108,0
JFU.US,60,20251022,190000,4.87,4.87,4.87,4.87,404,0
JFU.US,60,20251022,220000,5.09,5.09,5.09,5.09,200,0
JFU.US,60,20251023,160000,5.07,5.07,4.71,4.9729,2444,0
JFU.US,60,20251023,170000,5.05,5.05,5.05,5.05,600,0
JFU.US,60,20251023,180000,5,5,4.8138,4.95,5453,0
JFU.US,60,20251023,190000,4.8426,4.8426,4.8426,4.8426,100,0
JFU.US,60,20251023,210000,4.855,4.855,4.76,4.76,400,0
JFU.US,60,20251023,220000,4.8294,5.09,4.8294,5.09,1139,0
JFU.US,60,20251024,160000,4.768,4.774,4.702,4.774,1978,0
JFU.US,60,20251024,170000,4.966,5.22,4.89,5.105,6296,0
JFU.US,60,20251024,180000,5.1199,5.12,5.0875,5.12,850,0
JFU.US,60,20251024,190000,5.11,5.11,5.0248,5.0248,456,0
JFU.US,60,20251024,210000,5.0338,5.21,5.0338,5.15,1959,0
JFU.US,60,20251024,220000,5.29,5.37,5.21,5.22,2091,0
JFU.US,60,20251027,150000,5.21,5.3344,5.2,5.2,1322,0
JFU.US,60,20251027,160000,5.25,5.285,5.25,5.285,493,0
JFU.US,60,20251027,170000,5.2,5.2,4.95,4.95,700,0
JFU.US,60,20251027,180000,5.03,5.03,5.015,5.015,278,0
JFU.US,60,20251027,190000,5.0078,5.0377,4.97,5.0377,1943,0
JFU.US,60,20251027,210000,5.005,5.03,4.97,4.97,1502,0
JFU.US,60,20251028,150000,4.97,5.02,4.8671,4.8671,1744,0
JFU.US,60,20251028,160000,4.92,4.92,4.85,4.8624,891,0
JFU.US,60,20251028,170000,4.86,4.94,4.86,4.93,1000,0
JFU.US,60,20251028,180000,4.841,4.92,4.841,4.92,400,0
JFU.US,60,20251028,200000,4.99,4.99,4.99,4.99,150,0
JFU.US,60,20251028,210000,4.92,4.92,4.92,4.92,415,0
JFU.US,60,20251029,150000,4.96,4.96,4.86,4.92,1700,0
JFU.US,60,20251029,160000,4.91,4.91,4.91,4.91,100,0
JFU.US,60,20251029,170000,4.85,4.85,4.79,4.79,1102,0
JFU.US,60,20251029,210000,4.8621,4.8621,4.8579,4.8579,520,0
JFU.US,60,20251030,160000,4.79,4.8,4.79,4.79,688,0
JFU.US,60,20251030,190000,4.81,4.95,4.8,4.86,800,0
JFU.US,60,20251030,210000,4.77,4.77,4.77,4.77,100,0
JFU.US,60,20251103,160000,4.92,4.92,4.7,4.7,2816,0
JFU.US,60,20251103,170000,4.71,4.71,4.71,4.71,100,0
JFU.US,60,20251103,190000,4.71,4.71,4.71,4.71,280,0
JFU.US,60,20251103,210000,4.6275,4.6275,4.6275,4.6275,100,0
JFU.US,60,20251104,160000,4.63,5,4.6,4.6,6321,0
JFU.US,60,20251104,170000,4.62,4.65,4.62,4.65,300,0
JFU.US,60,20251104,180000,4.705,4.705,4.705,4.705,215,0
JFU.US,60,20251104,190000,4.7,4.7,4.6,4.6,1692,0
JFU.US,60,20251104,210000,4.68,4.68,4.68,4.68,250,0
JFU.US,60,20251104,220000,4.57,4.57,4.57,4.57,400,0
JFU.US,60,20251105,160000,4.56,4.6137,4.56,4.6137,778,0
JFU.US,60,20251105,170000,4.6,4.82,4.6,4.82,800,0
JFU.US,60,20251105,200000,4.9124,4.9124,4.9124,4.9124,100,0
JFU.US,60,20251105,210000,4.76,4.76,4.76,4.76,140,0
JFU.US,60,20251105,220000,4.66,4.956,4.66,4.956,802,0
JFU.US,60,20251106,160000,4.79,4.79,4.72,4.72,3026,0
JFU.US,60,20251106,170000,4.38,4.61,4.38,4.4,2572,0
JFU.US,60,20251106,180000,4.545,4.545,4.545,4.545,200,0
JFU.US,60,20251106,220000,4.42,4.545,4.4,4.44,1815,0
JFU.US,60,20251107,160000,4.47,4.54,4.45,4.53,1551,0
JFU.US,60,20251107,170000,4.51,4.55,4.51,4.54,864,0
JFU.US,60,20251107,220000,4.52,4.9499,4.52,4.94,3820,0
JFU.US,60,20251110,160000,4.72,4.72,4.37,4.38,1006,0
JFU.US,60,20251110,170000,4.66,4.7352,4.66,4.7352,1007,0
JFU.US,60,20251110,220000,4.7,4.7,4.7,4.7,1500,0
JFU.US,60,20251111,160000,4.61,4.61,4.61,4.61,572,0
JFU.US,60,20251111,170000,4.6,4.92,4.6,4.61,555,0
JFU.US,60,20251111,180000,4.66,4.74,4.66,4.74,454,0
JFU.US,60,20251111,190000,4.787,4.787,4.61,4.61,225,0
JFU.US,60,20251111,220000,4.66,4.75,4.66,4.75,220,0
JFU.US,60,20251112,170000,4.587,4.587,4.587,4.587,100,0
JFU.US,60,20251112,180000,4.5432,4.8,4.5,4.65,11508,0
JFU.US,60,20251112,190000,4.66,4.66,4.66,4.66,200,0
JFU.US,60,20251112,210000,4.52,4.52,4.52,4.52,100,0
JFU.US,60,20251112,220000,4.51,4.52,4.51,4.52,200,0
JFU.US,60,20251113,160000,4.48,4.48,4.48,4.48,141,0
JFU.US,60,20251113,180000,4.51,4.51,4.51,4.51,400,0
JFU.US,60,20251113,210000,4.52,4.58,4.52,4.58,500,0
JFU.US,60,20251114,170000,4.5638,4.818,4.5638,4.818,1450,0
JFU.US,60,20251114,180000,4.75,4.75,4.75,4.75,300,0
JFU.US,60,20251114,190000,4.63,4.63,4.63,4.63,100,0
JFU.US,60,20251114,200000,4.63,4.65,4.59,4.64,1614,0
JFU.US,60,20251114,220000,4.75,4.75,4.45,4.45,9930,0
JFU.US,60,20251117,160000,4.53,4.53,4.53,4.53,382,0
JFU.US,60,20251117,170000,4.53,4.61,4.51,4.58,2791,0
JFU.US,60,20251117,180000,4.55,4.55,4.48,4.5,727,0
JFU.US,60,20251117,190000,4.52,4.58,4.5,4.58,2297,0
JFU.US,60,20251117,200000,4.58,4.58,4.525,4.57,1100,0
JFU.US,60,20251117,210000,4.57,4.57,4.57,4.57,781,0
JFU.US,60,20251117,220000,4.54,4.57,4.53,4.55,1395,0
JFU.US,60,20251118,160000,4.45,4.45,4.45,4.45,116,0
JFU.US,60,20251118,190000,4.52,4.52,4.52,4.52,100,0
JFU.US,60,20251118,210000,4.48,4.48,4.48,4.48,427,0
JFU.US,60,20251119,160000,4.39,4.39,4.24,4.35,2877,0
JFU.US,60,20251119,170000,4.35,4.41,4.35,4.41,4826,0
JFU.US,60,20251119,180000,4.5,4.5,4.5,4.5,100,0
JFU.US,60,20251119,210000,4.5,4.5,4.5,4.5,100,0
JFU.US,60,20251119,220000,4.4,4.4,4.39,4.39,956,0
JFU.US,60,20251120,160000,4.31,4.31,4.31,4.31,128,0
JFU.US,60,20251120,170000,4.24,4.45,4.24,4.45,800,0
JFU.US,60,20251121,160000,4.35,4.35,4.35,4.35,468,0
JFU.US,60,20251121,170000,4.34,4.35,4.27,4.27,1432,0
JFU.US,60,20251121,190000,4.21,4.21,4.21,4.21,398,0
JFU.US,60,20251124,170000,4.2,4.2,4.2,4.2,600,0
JFU.US,60,20251124,190000,4.2001,4.2001,4.2,4.2,540,0
JFU.US,60,20251125,180000,4.266,4.2858,4.266,4.2858,371,0
JFU.US,60,20251126,160000,4.35,4.35,4.35,4.35,114,0
JFU.US,60,20251126,170000,4.71,4.71,4.71,4.71,100,0
JFU.US,60,20251128,160000,4.93,4.93,4.83,4.83,3624,0
JFU.US,60,20251128,170000,4.83,4.9395,4.83,4.93,1207,0
JFU.US,60,20251128,180000,4.8,4.8001,4.8,4.8001,414,0
JFU.US,60,20251128,190000,4.865,4.865,4.865,4.865,130,0
JFU.US,60,20251201,160000,4.82,4.89,4.81,4.81,946,0
JFU.US,60,20251201,170000,4.89,4.9,4.8742,4.875,2496,0
JFU.US,60,20251201,210000,4.875,4.875,4.49,4.49,1986,0
JFU.US,60,20251201,220000,4.48,4.85,4.41,4.56,3959,0
JFU.US,60,20251202,160000,4.75,4.75,4.75,4.75,102,0
JFU.US,60,20251202,170000,4.57,4.6,4.57,4.6,600,0
JFU.US,60,20251202,220000,4.57,4.57,4.57,4.57,100,0
JFU.US,60,20251203,170000,4.721,4.721,4.69,4.69,1222,0
JFU.US,60,20251203,180000,4.57,4.58,4.4,4.4,2003,0
JFU.US,60,20251203,210000,4.49,4.5095,4.49,4.5,500,0
JFU.US,60,20251203,220000,4.5,4.5,4.35,4.49,700,0
JFU.US,60,20251204,160000,4.49,4.49,4.49,4.49,300,0
JFU.US,60,20251204,170000,4.5,4.51,4.49,4.49,1300,0
JFU.US,60,20251204,180000,4.5094,4.51,4.5094,4.51,1441,0
JFU.US,60,20251204,190000,4.51,4.51,4.51,4.51,545,0
JFU.US,60,20251205,220000,4.8,4.8,4.8,4.8,417,0
JFU.US,60,20251208,160000,4.9,4.9,4.645,4.645,299,0
JFU.US,60,20251208,190000,4.565,4.78,4.565,4.78,2550,0
JFU.US,60,20251208,200000,4.89,5,4.89,5,1770,0
JFU.US,60,20251208,210000,4.99,4.99,4.8801,4.99,1124,0
JFU.US,60,20251209,160000,5.08,5.08,5.08,5.08,1000,0
JFU.US,60,20251209,170000,5.137,5.38,5.137,5.36,4243,0
JFU.US,60,20251209,180000,5.35,5.49,5.295,5.4487,7189,0
JFU.US,60,20251209,190000,5.4,5.4999,5.4,5.4999,950,0
JFU.US,60,20251209,200000,5.4285,5.4285,5.4285,5.4285,150,0
JFU.US,60,20251209,210000,5.454,5.454,5.454,5.454,799,0
JFU.US,60,20251209,220000,5.365,5.365,5.2445,5.2445,400,0
JFU.US,60,20251210,170000,5.27,5.27,5.27,5.27,100,0
JFU.US,60,20251210,180000,5.2,5.5,5.18,5.5,6002,0
JFU.US,60,20251210,190000,5.5,5.5,5.49,5.5,2722,0
JFU.US,60,20251210,200000,5.6395,6.24,5.59,6.24,10347,0
JFU.US,60,20251210,210000,5.98,6.66,5.98,6.43,7824,0
JFU.US,60,20251210,220000,6.2,6.9,6.1,6.62,10708,0
JFU.US,60,20251211,160000,6.31,6.49,6.1,6.1,2538,0
JFU.US,60,20251211,170000,6.47,6.47,6.05,6.3,3086,0
JFU.US,60,20251211,180000,6.37,6.47,6.37,6.47,2657,0
JFU.US,60,20251211,190000,6.72,6.99,6.31,6.645,6443,0
JFU.US,60,20251211,200000,6.95,6.95,6.31,6.85,3200,0
JFU.US,60,20251211,210000,6.9631,7.5,6.8,7.49,7599,0
JFU.US,60,20251211,220000,7.49,8.9683,7.45,8.435,13380,0
JFU.US,60,20251212,160000,8.45,8.6,8.1076,8.6,7203,0
JFU.US,60,20251212,170000,8.84,9.24,8.64,8.9,6539,0
JFU.US,60,20251212,180000,8.9,9.48,8.58,8.84,14020,0
JFU.US,60,20251212,190000,8.9,9.45,8.233,8.77,2908,0
JFU.US,60,20251212,200000,8.81,9.4799,8.81,9.4799,394,0
JFU.US,60,20251212,210000,9.4,9.4,8.2,9.01,2430,0
JFU.US,60,20251212,220000,8.8797,8.8797,7,7.37,10025,0
JFU.US,60,20251215,160000,7.18,7.58,6.8801,6.8801,4020,0
JFU.US,60,20251215,170000,7.35,7.37,6.96,6.96,3441,0
JFU.US,60,20251215,190000,7.07,7.18,6.12,6.12,3983,0
JFU.US,60,20251215,200000,6.35,6.7,6.35,6.7,2333,0
JFU.US,60,20251215,210000,6.7,6.7,6.7,6.7,329,0
JFU.US,60,20251215,220000,6.66,6.7816,6.3,6.3,1100,0
JFU.US,60,20251216,160000,6.3,6.45,6.3,6.3025,1033,0
JFU.US,60,20251216,170000,6.475,6.475,6.475,6.475,152,0
JFU.US,60,20251216,180000,6.6,6.6,6.428,6.45,1145,0
JFU.US,60,20251216,190000,6.45,6.45,6.45,6.45,300,0
JFU.US,60,20251216,200000,6.43,6.9365,6.43,6.9365,900,0
JFU.US,60,20251216,210000,6.511,6.6,6.511,6.6,859,0
JFU.US,60,20251216,220000,6.63,6.7,6.62,6.66,778,0
JFU.US,60,20251217,170000,6.6604,6.6604,6.6604,6.6604,700,0
JFU.US,60,20251217,180000,6.801,7.76,6.801,7.33,8467,0
JFU.US,60,20251217,190000,7.33,7.34,6.67,6.75,2862,0
JFU.US,60,20251217,200000,6.76,6.7704,6.66,6.66,2499,0
JFU.US,60,20251217,210000,6.62,6.63,6.62,6.63,200,0
JFU.US,60,20251218,160000,6.75,6.75,6.75,6.75,114,0
JFU.US,60,20251218,180000,6.39,6.44,6.37,6.4,1100,0
JFU.US,60,20251218,190000,6.4,6.4,6.4,6.4,284,0
JFU.US,60,20251218,200000,6.55,6.55,6.55,6.55,100,0
JFU.US,60,20251218,210000,6.59,6.5987,6.44,6.44,633,0
JFU.US,60,20251219,160000,6.07,6.07,6.07,6.07,155,0
JFU.US,60,20251219,170000,6.46,6.5,6.45,6.5,776,0
JFU.US,60,20251219,180000,6.45,6.45,6.45,6.45,100,0
JFU.US,60,20251219,200000,6.45,6.45,6.45,6.45,100,0
JFU.US,60,20251219,220000,6.45,6.45,6.45,6.45,107,0
JFU.US,60,20251222,160000,6.4,6.4,6.07,6.07,681,0
JFU.US,60,20251222,170000,6.32,6.32,5.92,6.12,1612,0
JFU.US,60,20251222,180000,6.11,6.33,6.11,6.33,1134,0
JFU.US,60,20251222,220000,6.55,6.55,6.55,6.55,107,0
JFU.US,60,20251223,160000,6.49,6.49,6.49,6.49,214,0
JFU.US,60,20251223,180000,7,7.14,7,7,1547,0
JFU.US,60,20251223,200000,7,7.1,7,7.1,284,0
JFU.US,60,20251223,210000,7.1,7.1,7.0609,7.0609,291,0
JFU.US,60,20251223,220000,7.07,7.1999,7,7,1370,0
JFU.US,60,20251224,160000,7,7,7,7,1179,0
JFU.US,60,20251224,170000,7.4999,7.4999,7.4999,7.4999,1350,0
JFU.US,60,20251224,180000,7.3825,7.3825,7.38,7.38,312,0
JFU.US,60,20251224,190000,7.22,7.3,7.22,7.3,333,0
JFU.US,60,20251226,160000,7.22,7.3,7.13,7.3,1703,0
JFU.US,60,20251226,170000,7.498,7.498,7.3,7.3,200,0
JFU.US,60,20251226,210000,7.5,7.5,7.5,7.5,630,0
JFU.US,60,20251226,220000,7.49,7.49,7.4,7.4,300,0
