<TICKER>,<PER>,<DATE>,<TIME>,<OPEN>,<HIGH>,<LOW>,<CLOSE>,<VOL>,<OPENINT>
KMRK.US,60,20250716,180000,4.48,5.5,4.1,4.41,1125952,0
KMRK.US,60,20250716,190000,4.495,4.54,4.2777,4.4,470439,0
KMRK.US,60,20250716,200000,4.4,4.45,4.31,4.4,163388,0
KMRK.US,60,20250716,210000,4.4,4.42,4.36,4.385,65199,0
KMRK.US,60,20250716,220000,4.38,4.95,4.38,4.95,451371,0
KMRK.US,60,20250717,160000,4.39,4.539,4.38,4.539,26461,0
KMRK.US,60,20250717,170000,4.475,4.5396,4.42,4.45,9587,0
KMRK.US,60,20250717,180000,4.5296,4.5296,4.38,4.4013,18245,0
KMRK.US,60,20250717,190000,4.41,4.5,4.4,4.41,5844,0
KMRK.US,60,20250717,200000,4.45,4.5993,4.4,4.5,39187,0
KMRK.US,60,20250717,210000,4.5889,4.5889,4.4,4.42,8464,0
KMRK.US,60,20250717,220000,4.5,4.6,4.42,4.45,40165,0
KMRK.US,60,20250718,160000,4.61,4.76,3.4,3.4235,624608,0
KMRK.US,60,20250718,170000,3.46,3.55,2.27,2.4701,1700827,0
KMRK.US,60,20250718,180000,2.46,2.48,2.19,2.2833,715940,0
KMRK.US,60,20250718,190000,2.2801,2.37,2.23,2.2606,267527,0
KMRK.US,60,20250718,200000,2.27,2.3589,2.24,2.2948,135139,0
KMRK.US,60,20250718,210000,2.29,2.3,2.21,2.262,172941,0
KMRK.US,60,20250718,220000,2.2652,2.47,2.2,2.45,230819,0
KMRK.US,60,20250721,160000,2.2,2.2,1.9,2.05,300256,0
KMRK.US,60,20250721,170000,2.0545,2.11,1.9801,2.03,68371,0
KMRK.US,60,20250721,180000,2.0306,2.0899,1.9752,2.0499,34874,0
KMRK.US,60,20250721,190000,2.02,2.04,1.95,2.02,40223,0
KMRK.US,60,20250721,200000,2.0202,2.0399,1.9886,2.01,25145,0
KMRK.US,60,20250721,210000,1.98,2.07,1.96,2.0305,31482,0
KMRK.US,60,20250721,220000,2.02,2.15,2.02,2.15,45790,0
KMRK.US,60,20250722,160000,2.01,2.0827,1.95,2,61105,0
KMRK.US,60,20250722,170000,1.9999,2,1.91,2,52671,0
KMRK.US,60,20250722,180000,1.9997,2.07,1.99,2.03,10831,0
KMRK.US,60,20250722,190000,2.0407,2.06,1.98,1.98,19160,0
KMRK.US,60,20250722,200000,2.0059,2.0499,1.96,1.9806,10326,0
KMRK.US,60,20250722,210000,1.98,2.01,1.97,1.9996,7050,0
KMRK.US,60,20250722,220000,2.0187,2.05,2,2.01,20875,0
KMRK.US,60,20250723,160000,1.96,2.0212,1.96,2.0212,20651,0
KMRK.US,60,20250723,170000,2,2.07,2,2.03,27606,0
KMRK.US,60,20250723,180000,2.0107,2.05,2.0107,2.0441,23092,0
KMRK.US,60,20250723,190000,2.04,2.06,2.02,2.04,36902,0
KMRK.US,60,20250723,200000,2.02,2.05,1.98,2.015,37402,0
KMRK.US,60,20250723,210000,2.0193,2.06,2.01,2.0395,18550,0
KMRK.US,60,20250723,220000,2.03,2.06,2,2.02,41782,0
KMRK.US,60,20250724,160000,2.08,2.22,2.04,2.11,128449,0
KMRK.US,60,20250724,170000,2.1212,2.18,2.1,2.1208,51641,0
KMRK.US,60,20250724,180000,2.1478,2.17,2.12,2.1501,35597,0
KMRK.US,60,20250724,190000,2.17,2.2,2.11,2.1982,85065,0
KMRK.US,60,20250724,200000,2.2,2.36,2.05,2.09,690475,0
KMRK.US,60,20250724,210000,2.0901,2.16,2.06,2.06,27050,0
KMRK.US,60,20250724,220000,2.1,2.1,1.86,1.91,116097,0
KMRK.US,60,20250725,160000,1.9,1.918,1.79,1.79,44166,0
KMRK.US,60,20250725,170000,1.795,1.88,1.795,1.81,34912,0
KMRK.US,60,20250725,180000,1.81,1.84,1.7156,1.729,76396,0
KMRK.US,60,20250725,190000,1.74,1.749,1.7,1.73,31219,0
KMRK.US,60,20250725,200000,1.73,1.75,1.68,1.6906,28428,0
KMRK.US,60,20250725,210000,1.7,1.73,1.69,1.72,13741,0
KMRK.US,60,20250725,220000,1.7649,1.7649,1.72,1.73,11061,0
KMRK.US,60,20250728,160000,1.8,1.8,1.7,1.77,42506,0
KMRK.US,60,20250728,170000,1.71,1.7766,1.71,1.73,22728,0
KMRK.US,60,20250728,180000,1.73,1.77,1.7248,1.77,10026,0
KMRK.US,60,20250728,190000,1.77,1.93,1.66,1.82,29407,0
KMRK.US,60,20250728,200000,1.89,1.89,1.68,1.8169,63727,0
KMRK.US,60,20250728,210000,1.7729,1.7975,1.7729,1.785,13235,0
KMRK.US,60,20250728,220000,1.7817,1.7994,1.74,1.75,17983,0
KMRK.US,60,20250729,160000,1.74,1.74,1.67,1.6798,9937,0
KMRK.US,60,20250729,170000,1.69,1.69,1.6,1.6309,50905,0
KMRK.US,60,20250729,180000,1.63,1.6406,1.5706,1.61,39518,0
KMRK.US,60,20250729,190000,1.6093,1.6098,1.52,1.5603,46846,0
KMRK.US,60,20250729,200000,1.565,1.58,1.56,1.56,6939,0
KMRK.US,60,20250729,210000,1.5601,1.73,1.54,1.63,52384,0
KMRK.US,60,20250729,220000,1.63,1.68,1.545,1.64,37452,0
KMRK.US,60,20250730,160000,1.58,1.66,1.54,1.5701,12250,0
KMRK.US,60,20250730,170000,1.58,1.59,1.52,1.59,49343,0
KMRK.US,60,20250730,180000,1.59,1.64,1.52,1.55,29110,0
KMRK.US,60,20250730,190000,1.524,1.5799,1.524,1.5795,29094,0
KMRK.US,60,20250730,200000,1.5692,1.57,1.53,1.5425,11198,0
KMRK.US,60,20250730,210000,1.55,1.57,1.55,1.55,4523,0
KMRK.US,60,20250730,220000,1.55,1.56,1.55,1.56,16036,0
KMRK.US,60,20250731,160000,1.56,1.58,1.51,1.53,26971,0
KMRK.US,60,20250731,170000,1.54,1.56,1.5,1.5103,19570,0
KMRK.US,60,20250731,180000,1.53,1.54,1.51,1.5389,7745,0
KMRK.US,60,20250731,190000,1.53,1.55,1.52,1.52,5874,0
KMRK.US,60,20250731,200000,1.53,1.535,1.48,1.4811,53841,0
KMRK.US,60,20250731,210000,1.48,1.49,1.31,1.35,79253,0
KMRK.US,60,20250731,220000,1.36,1.47,1.3501,1.4,52574,0
KMRK.US,60,20250801,160000,1.348,1.36,1.28,1.2804,14476,0
KMRK.US,60,20250801,170000,1.3413,1.3413,1.28,1.31,27022,0
KMRK.US,60,20250801,180000,1.3002,1.34,1.3,1.34,20433,0
KMRK.US,60,20250801,190000,1.34,1.36,1.34,1.36,1063,0
KMRK.US,60,20250801,200000,1.31,1.32,1.21,1.255,50399,0
KMRK.US,60,20250801,210000,1.25,1.25,1.19,1.2298,29580,0
KMRK.US,60,20250801,220000,1.235,1.235,1.21,1.22,7420,0
KMRK.US,60,20250804,160000,1.29,1.29,1.2503,1.28,7091,0
KMRK.US,60,20250804,170000,1.265,1.43,1.265,1.4199,87152,0
KMRK.US,60,20250804,180000,1.42,1.71,1.42,1.54,607459,0
KMRK.US,60,20250804,190000,1.535,1.6399,1.52,1.61,191814,0
KMRK.US,60,20250804,200000,1.5901,1.64,1.57,1.595,47047,0
KMRK.US,60,20250804,210000,1.59,1.5904,1.52,1.52,31304,0
KMRK.US,60,20250804,220000,1.52,1.58,1.49,1.49,43279,0
KMRK.US,60,20250805,160000,1.51,1.51,1.3703,1.3703,27466,0
KMRK.US,60,20250805,170000,1.39,1.43,1.37,1.41,54281,0
KMRK.US,60,20250805,180000,1.4248,1.49,1.38,1.38,16293,0
KMRK.US,60,20250805,190000,1.38,1.4364,1.38,1.4,5504,0
KMRK.US,60,20250805,200000,1.3802,1.444,1.3801,1.444,4880,0
KMRK.US,60,20250805,210000,1.4201,1.455,1.42,1.43,9632,0
KMRK.US,60,20250805,220000,1.4102,1.45,1.4102,1.43,12434,0
KMRK.US,60,20250806,160000,1.49,1.49,1.43,1.4872,25412,0
KMRK.US,60,20250806,170000,1.4876,1.4876,1.41,1.45,37156,0
KMRK.US,60,20250806,180000,1.44,1.49,1.43,1.48,26785,0
KMRK.US,60,20250806,190000,1.475,1.49,1.47,1.48,6380,0
KMRK.US,60,20250806,200000,1.47,1.5,1.46,1.5,14568,0
KMRK.US,60,20250806,210000,1.4986,1.5653,1.4986,1.5399,26073,0
KMRK.US,60,20250806,220000,1.545,1.63,1.52,1.61,38992,0
KMRK.US,60,20250807,160000,1.53,1.5931,1.49,1.502,52063,0
KMRK.US,60,20250807,170000,1.52,1.57,1.5001,1.57,9899,0
KMRK.US,60,20250807,180000,1.56,1.5601,1.55,1.55,2700,0
KMRK.US,60,20250807,190000,1.5698,1.5699,1.52,1.52,3842,0
KMRK.US,60,20250807,200000,1.51,1.5463,1.5,1.535,11276,0
KMRK.US,60,20250807,210000,1.53,1.54,1.53,1.54,5547,0
KMRK.US,60,20250807,220000,1.5312,1.6,1.53,1.6,14486,0
KMRK.US,60,20250808,160000,1.55,1.5899,1.55,1.575,5008,0
KMRK.US,60,20250808,170000,1.57,1.63,1.57,1.62,28464,0
KMRK.US,60,20250808,180000,1.62,1.6844,1.61,1.66,41708,0
KMRK.US,60,20250808,190000,1.66,1.688,1.61,1.67,16710,0
KMRK.US,60,20250808,200000,1.68,1.6955,1.67,1.675,22199,0
KMRK.US,60,20250808,210000,1.6799,1.6799,1.6201,1.6201,10719,0
KMRK.US,60,20250808,220000,1.625,1.63,1.6,1.61,26160,0
KMRK.US,60,20250811,160000,1.55,1.627,1.55,1.606,3506,0
KMRK.US,60,20250811,170000,1.5772,1.646,1.5772,1.6,6408,0
KMRK.US,60,20250811,180000,1.6014,1.6014,1.6,1.6,2144,0
KMRK.US,60,20250811,190000,1.6,1.6,1.55,1.55,3574,0
KMRK.US,60,20250811,200000,1.55,1.555,1.48,1.48,20482,0
KMRK.US,60,20250811,210000,1.5,1.5319,1.5,1.51,1090,0
KMRK.US,60,20250811,220000,1.5291,1.53,1.37,1.42,15587,0
KMRK.US,60,20250812,160000,1.4345,1.4622,1.4345,1.46,3150,0
KMRK.US,60,20250812,170000,1.43,1.445,1.43,1.445,1832,0
KMRK.US,60,20250812,180000,1.45,1.45,1.36,1.43,26812,0
KMRK.US,60,20250812,190000,1.46,1.46,1.4,1.46,16636,0
KMRK.US,60,20250812,200000,1.4174,1.4547,1.41,1.43,1257,0
KMRK.US,60,20250812,210000,1.46,1.46,1.46,1.46,138,0
KMRK.US,60,20250812,220000,1.45,1.46,1.421,1.43,7210,0
KMRK.US,60,20250813,160000,1.4202,1.455,1.3832,1.455,4976,0
KMRK.US,60,20250813,170000,1.43,1.4599,1.43,1.4599,2664,0
KMRK.US,60,20250813,180000,1.45,1.455,1.44,1.455,4450,0
KMRK.US,60,20250813,190000,1.455,1.4552,1.455,1.4552,300,0
KMRK.US,60,20250813,200000,1.44,1.44,1.41,1.44,2131,0
KMRK.US,60,20250813,210000,1.43,1.445,1.43,1.445,589,0
KMRK.US,60,20250813,220000,1.45,1.47,1.44,1.47,4619,0
KMRK.US,60,20250814,160000,1.47,1.47,1.35,1.448,2396,0
KMRK.US,60,20250814,170000,1.44,1.46,1.3786,1.42,11779,0
KMRK.US,60,20250814,180000,1.4216,1.44,1.4046,1.4046,4270,0
KMRK.US,60,20250814,190000,1.4393,1.4393,1.39,1.4116,2000,0
KMRK.US,60,20250814,200000,1.43,1.43,1.39,1.39,967,0
KMRK.US,60,20250814,210000,1.39,1.42,1.39,1.42,6750,0
KMRK.US,60,20250814,220000,1.42,1.43,1.4,1.43,7796,0
KMRK.US,60,20250815,160000,1.39,1.418,1.37,1.418,7997,0
KMRK.US,60,20250815,170000,1.3824,1.3999,1.34,1.36,6796,0
KMRK.US,60,20250815,180000,1.3474,1.36,1.34,1.3405,7976,0
KMRK.US,60,20250815,190000,1.35,1.35,1.34,1.34,7090,0
KMRK.US,60,20250815,200000,1.3301,1.3302,1.28,1.32,24747,0
KMRK.US,60,20250815,210000,1.32,1.33,1.3,1.328,7782,0
KMRK.US,60,20250815,220000,1.327,1.35,1.31,1.35,4845,0
KMRK.US,60,20250818,160000,1.32,1.3693,1.32,1.3693,10425,0
KMRK.US,60,20250818,170000,1.34,1.38,1.34,1.34,18421,0
KMRK.US,60,20250818,180000,1.36,1.36,1.36,1.36,200,0
KMRK.US,60,20250818,190000,1.3203,1.355,1.3203,1.35,1693,0
KMRK.US,60,20250818,200000,1.35,1.37,1.35,1.37,2442,0
KMRK.US,60,20250818,210000,1.36,1.365,1.355,1.3601,8396,0
KMRK.US,60,20250818,220000,1.36,1.41,1.22,1.31,42961,0
KMRK.US,60,20250819,160000,1.29,1.4,1.29,1.4,10583,0
KMRK.US,60,20250819,170000,1.355,1.355,1.31,1.35,8700,0
KMRK.US,60,20250819,180000,1.3285,1.35,1.31,1.31,26303,0
KMRK.US,60,20250819,190000,1.31,1.3198,1.2644,1.2996,3201,0
KMRK.US,60,20250819,200000,1.2999,1.2999,1.29,1.29,2099,0
KMRK.US,60,20250819,210000,1.29,1.29,1.26,1.26,1068,0
KMRK.US,60,20250819,220000,1.26,1.3227,1.26,1.27,6241,0
KMRK.US,60,20250820,160000,1.26,1.28,1.23,1.28,2105,0
KMRK.US,60,20250820,170000,1.23,1.264,1.23,1.236,2115,0
KMRK.US,60,20250820,180000,1.24,1.26,1.23,1.26,1121,0
KMRK.US,60,20250820,190000,1.26,1.28,1.26,1.28,4693,0
KMRK.US,60,20250820,200000,1.28,1.35,1.27,1.35,7739,0
KMRK.US,60,20250820,210000,1.35,1.35,1.28,1.28,201,0
KMRK.US,60,20250820,220000,1.33,1.34,1.272,1.29,7660,0
KMRK.US,60,20250821,160000,1.2959,1.2959,1.2464,1.2464,530,0
KMRK.US,60,20250821,170000,1.2667,1.31,1.2667,1.3,1700,0
KMRK.US,60,20250821,180000,1.2501,1.3265,1.2501,1.26,2700,0
KMRK.US,60,20250821,190000,1.2899,1.3,1.28,1.28,1200,0
KMRK.US,60,20250821,200000,1.2915,1.3,1.2915,1.3,200,0
KMRK.US,60,20250821,210000,1.2864,1.2864,1.2864,1.2864,150,0
KMRK.US,60,20250821,220000,1.3,1.31,1.28,1.3,7257,0
KMRK.US,60,20250822,160000,1.281,1.281,1.28,1.28,6090,0
KMRK.US,60,20250822,170000,1.3018,1.3018,1.3018,1.3018,3000,0
KMRK.US,60,20250822,180000,1.31,1.33,1.31,1.3272,6753,0
KMRK.US,60,20250822,190000,1.315,1.36,1.315,1.36,900,0
KMRK.US,60,20250822,200000,1.3095,1.36,1.3095,1.34,1716,0
KMRK.US,60,20250822,210000,1.34,1.355,1.3399,1.355,5525,0
KMRK.US,60,20250822,220000,1.36,1.36,1.33,1.33,8058,0
KMRK.US,60,20250825,160000,1.36,1.36,1.29,1.3,3300,0
KMRK.US,60,20250825,170000,1.3002,1.35,1.3,1.34,10060,0
KMRK.US,60,20250825,180000,1.3399,1.34,1.32,1.34,13533,0
KMRK.US,60,20250825,190000,1.31,1.39,1.31,1.36,16760,0
KMRK.US,60,20250825,200000,1.32,1.38,1.32,1.36,9462,0
KMRK.US,60,20250825,210000,1.36,1.39,1.33,1.33,10772,0
KMRK.US,60,20250825,220000,1.3344,1.38,1.33,1.38,2632,0
KMRK.US,60,20250826,160000,1.3366,1.4,1.3366,1.4,2420,0
KMRK.US,60,20250826,170000,1.35,1.39,1.32,1.39,15966,0
KMRK.US,60,20250826,180000,1.35,1.36,1.335,1.3464,2064,0
KMRK.US,60,20250826,190000,1.32,1.41,1.2972,1.398,31059,0
KMRK.US,60,20250826,200000,1.36,1.39,1.35,1.35,3200,0
KMRK.US,60,20250826,210000,1.35,1.59,1.35,1.39,152126,0
KMRK.US,60,20250826,220000,1.31,1.4459,1.3,1.34,38383,0
KMRK.US,60,20250827,160000,1.34,1.34,1.25,1.28,13405,0
KMRK.US,60,20250827,170000,1.29,1.32,1.2616,1.32,10138,0
KMRK.US,60,20250827,180000,1.32,1.32,1.2901,1.2901,842,0
KMRK.US,60,20250827,190000,1.326,1.33,1.2937,1.2937,800,0
KMRK.US,60,20250827,200000,1.3,1.31,1.3,1.31,1635,0
KMRK.US,60,20250827,220000,1.33,1.33,1.32,1.32,3983,0
KMRK.US,60,20250828,160000,1.32,1.32,1.32,1.32,500,0
KMRK.US,60,20250828,170000,1.2956,1.32,1.27,1.287,7488,0
KMRK.US,60,20250828,180000,1.294,1.294,1.2502,1.28,10804,0
KMRK.US,60,20250828,190000,1.29,1.29,1.28,1.29,829,0
KMRK.US,60,20250828,200000,1.3195,1.32,1.29,1.29,773,0
KMRK.US,60,20250828,210000,1.3098,1.3098,1.27,1.28,3513,0
KMRK.US,60,20250828,220000,1.28,1.318,1.28,1.31,13410,0
KMRK.US,60,20250829,160000,1.32,1.35,1.3,1.3,10923,0
KMRK.US,60,20250829,170000,1.3,1.3348,1.3,1.315,3050,0
KMRK.US,60,20250829,180000,1.3029,1.3029,1.2631,1.29,6529,0
KMRK.US,60,20250829,190000,1.28,1.2883,1.25,1.27,11818,0
KMRK.US,60,20250829,200000,1.27,1.28,1.27,1.27,800,0
KMRK.US,60,20250829,210000,1.2682,1.27,1.26,1.26,2000,0
KMRK.US,60,20250829,220000,1.2602,1.2665,1.2602,1.2665,1150,0
KMRK.US,60,20250902,160000,1.23,1.37,1.18,1.32,30282,0
KMRK.US,60,20250902,170000,1.32,1.4,1.2132,1.32,37333,0
KMRK.US,60,20250902,180000,1.35,1.45,1.32,1.43,41645,0
KMRK.US,60,20250902,190000,1.42,1.71,1.36,1.5909,707876,0
KMRK.US,60,20250902,200000,1.5951,1.6032,1.3301,1.3607,258604,0
KMRK.US,60,20250902,210000,1.38,1.39,1.315,1.38,39671,0
KMRK.US,60,20250902,220000,1.3793,1.46,1.32,1.44,81832,0
KMRK.US,60,20250903,160000,1.33,1.3999,1.33,1.366,12602,0
KMRK.US,60,20250903,170000,1.3639,1.385,1.33,1.3336,38368,0
KMRK.US,60,20250903,180000,1.3256,1.3496,1.2554,1.3,27644,0
KMRK.US,60,20250903,190000,1.3084,1.34,1.28,1.28,4701,0
KMRK.US,60,20250903,200000,1.3,1.3,1.28,1.29,400,0
KMRK.US,60,20250903,210000,1.305,1.305,1.28,1.2801,6580,0
KMRK.US,60,20250903,220000,1.3394,1.365,1.28,1.28,13630,0
KMRK.US,60,20250904,160000,1.3345,1.4501,1.3001,1.4,56363,0
KMRK.US,60,20250904,170000,1.365,1.39,1.34,1.3501,11831,0
KMRK.US,60,20250904,180000,1.3601,1.44,1.3601,1.42,33293,0
KMRK.US,60,20250904,190000,1.41,1.4101,1.37,1.3766,6979,0
KMRK.US,60,20250904,200000,1.4195,1.44,1.3707,1.435,8452,0
KMRK.US,60,20250904,210000,1.44,1.57,1.4005,1.52,66964,0
KMRK.US,60,20250904,220000,1.55,1.58,1.5001,1.57,34687,0
KMRK.US,60,20250905,160000,1.5,1.55,1.405,1.5,8817,0
KMRK.US,60,20250905,170000,1.5,1.55,1.45,1.475,12233,0
KMRK.US,60,20250905,180000,1.45,1.46,1.45,1.45,2661,0
KMRK.US,60,20250905,190000,1.4534,1.4534,1.4506,1.4506,1525,0
KMRK.US,60,20250905,200000,1.45,1.48,1.39,1.425,4575,0
KMRK.US,60,20250905,210000,1.47,1.47,1.35,1.46,8193,0
KMRK.US,60,20250905,220000,1.46,1.4924,1.46,1.4745,4225,0
KMRK.US,60,20250908,160000,1.43,1.4408,1.38,1.4408,1292,0
KMRK.US,60,20250908,170000,1.4499,1.45,1.4,1.42,29543,0
KMRK.US,60,20250908,180000,1.43,1.5,1.42,1.4759,10501,0
KMRK.US,60,20250908,190000,1.4301,1.465,1.4301,1.46,1435,0
KMRK.US,60,20250908,200000,1.4594,1.46,1.4,1.45,5031,0
KMRK.US,60,20250908,210000,1.42,1.4369,1.39,1.4,10935,0
KMRK.US,60,20250908,220000,1.395,1.43,1.395,1.4029,2791,0
KMRK.US,60,20250909,160000,1.48,1.48,1.4401,1.4401,1226,0
KMRK.US,60,20250909,170000,1.4584,1.5225,1.44,1.47,23663,0
KMRK.US,60,20250909,180000,1.45,1.47,1.45,1.45,1400,0
KMRK.US,60,20250909,190000,1.455,1.47,1.44,1.47,10275,0
KMRK.US,60,20250909,200000,1.47,1.48,1.45,1.48,1156,0
KMRK.US,60,20250909,210000,1.47,1.48,1.47,1.48,2625,0
KMRK.US,60,20250909,220000,1.4999,1.68,1.49,1.66,74827,0
KMRK.US,60,20250910,160000,1.63,1.6899,1.55,1.57,22988,0
KMRK.US,60,20250910,170000,1.595,1.61,1.57,1.585,16287,0
KMRK.US,60,20250910,180000,1.5801,1.6,1.5577,1.5999,23375,0
KMRK.US,60,20250910,190000,1.6,1.7,1.6,1.65,23293,0
KMRK.US,60,20250910,200000,1.66,1.8,1.66,1.73,29077,0
KMRK.US,60,20250910,210000,1.73,1.8,1.6614,1.71,15066,0
KMRK.US,60,20250910,220000,1.7101,1.79,1.7,1.78,21897,0
KMRK.US,60,20250911,160000,1.8,1.8094,1.69,1.69,19188,0
KMRK.US,60,20250911,170000,1.755,1.755,1.7,1.7,5905,0
KMRK.US,60,20250911,180000,1.6949,1.7439,1.64,1.695,12148,0
KMRK.US,60,20250911,190000,1.65,1.69,1.62,1.69,8940,0
KMRK.US,60,20250911,200000,1.6676,1.7394,1.6676,1.68,916,0
KMRK.US,60,20250911,210000,1.74,1.74,1.6706,1.72,1384,0
KMRK.US,60,20250911,220000,1.7,1.71,1.66,1.69,5396,0
KMRK.US,60,20250912,160000,1.66,1.7632,1.66,1.69,1390,0
KMRK.US,60,20250912,170000,1.71,1.715,1.67,1.7132,1672,0
KMRK.US,60,20250912,180000,1.68,1.74,1.64,1.7102,31802,0
KMRK.US,60,20250912,190000,1.685,1.71,1.67,1.7,1500,0
KMRK.US,60,20250912,200000,1.68,1.6801,1.64,1.65,1948,0
KMRK.US,60,20250912,210000,1.63,1.8,1.6297,1.69,24521,0
KMRK.US,60,20250912,220000,1.7,1.7499,1.67,1.67,13940,0
KMRK.US,60,20250915,160000,1.61,1.7215,1.61,1.685,6533,0
KMRK.US,60,20250915,170000,1.675,1.69,1.6501,1.6501,2726,0
KMRK.US,60,20250915,180000,1.67,1.6832,1.65,1.6832,2187,0
KMRK.US,60,20250915,190000,1.65,1.69,1.65,1.6554,1455,0
KMRK.US,60,20250915,200000,1.6898,1.69,1.67,1.69,6681,0
KMRK.US,60,20250915,210000,1.7187,2,1.65,1.8806,125591,0
KMRK.US,60,20250915,220000,1.91,1.95,1.82,1.85,38980,0
KMRK.US,60,20250916,160000,1.74,1.82,1.74,1.78,6013,0
KMRK.US,60,20250916,170000,1.8,1.815,1.75,1.76,4920,0
KMRK.US,60,20250916,180000,1.75,1.77,1.7001,1.77,21286,0
KMRK.US,60,20250916,190000,1.72,1.72,1.67,1.7131,2644,0
KMRK.US,60,20250916,200000,1.7799,1.7799,1.72,1.7326,2801,0
KMRK.US,60,20250916,210000,1.71,1.78,1.66,1.78,5281,0
KMRK.US,60,20250916,220000,1.725,1.77,1.68,1.68,510,0
KMRK.US,60,20250917,160000,1.76,1.76,1.7,1.72,2279,0
KMRK.US,60,20250917,170000,1.71,1.75,1.7,1.74,4347,0
KMRK.US,60,20250917,180000,1.7145,1.7794,1.7145,1.7794,1957,0
KMRK.US,60,20250917,190000,1.77,1.83,1.77,1.83,27131,0
KMRK.US,60,20250917,200000,1.84,1.84,1.7862,1.805,3027,0
KMRK.US,60,20250917,210000,1.82,1.84,1.52,1.72,41716,0
KMRK.US,60,20250917,220000,1.665,1.73,1.6122,1.65,26636,0
KMRK.US,60,20250918,160000,1.65,1.7125,1.65,1.69,3565,0
KMRK.US,60,20250918,170000,1.7,1.71,1.52,1.58,38523,0
KMRK.US,60,20250918,180000,1.58,1.6,1.5401,1.5699,19757,0
KMRK.US,60,20250918,190000,1.565,1.6,1.565,1.6,505,0
KMRK.US,60,20250918,200000,1.612,1.6299,1.5714,1.5853,3025,0
KMRK.US,60,20250918,210000,1.58,1.6,1.56,1.6,5321,0
KMRK.US,60,20250918,220000,1.555,1.5896,1.51,1.52,52510,0
KMRK.US,60,20250919,160000,1.49,1.6735,1.42,1.42,26430,0
KMRK.US,60,20250919,170000,1.43,1.49,1.38,1.4,27615,0
KMRK.US,60,20250919,180000,1.4064,1.45,1.4,1.4,7300,0
KMRK.US,60,20250919,190000,1.4,1.42,1.3601,1.3745,14204,0
KMRK.US,60,20250919,200000,1.39,1.41,1.375,1.4037,11461,0
KMRK.US,60,20250919,210000,1.3999,1.4399,1.385,1.4378,14249,0
KMRK.US,60,20250919,220000,1.43,1.6,1.43,1.52,55990,0
KMRK.US,60,20250922,160000,1.44,1.49,1.44,1.4502,13943,0
KMRK.US,60,20250922,170000,1.45,1.55,1.45,1.49,15307,0
KMRK.US,60,20250922,180000,1.5,1.5,1.48,1.5,1857,0
KMRK.US,60,20250922,190000,1.5,1.55,1.46,1.52,12661,0
KMRK.US,60,20250922,200000,1.5,1.509,1.485,1.485,1552,0
KMRK.US,60,20250922,210000,1.48,1.51,1.48,1.4907,3789,0
KMRK.US,60,20250922,220000,1.4916,1.5399,1.4599,1.509,6582,0
KMRK.US,60,20250923,160000,1.42,1.531,1.42,1.45,12019,0
KMRK.US,60,20250923,170000,1.473,1.473,1.3747,1.4427,25780,0
KMRK.US,60,20250923,180000,1.46,1.47,1.4304,1.45,7962,0
KMRK.US,60,20250923,190000,1.45,1.49,1.45,1.49,3117,0
KMRK.US,60,20250923,200000,1.4723,1.53,1.468,1.468,2189,0
KMRK.US,60,20250923,210000,1.45,1.49,1.45,1.46,650,0
KMRK.US,60,20250923,220000,1.48,1.48,1.45,1.46,4002,0
KMRK.US,60,20250924,160000,1.5,1.5735,1.5,1.52,7333,0
KMRK.US,60,20250924,170000,1.4684,1.53,1.4684,1.515,3499,0
KMRK.US,60,20250924,180000,1.515,1.515,1.47,1.47,1376,0
KMRK.US,60,20250924,190000,1.46,1.5499,1.46,1.5499,1602,0
KMRK.US,60,20250924,200000,1.47,1.47,1.46,1.46,1000,0
KMRK.US,60,20250924,220000,1.48,1.5,1.4672,1.5,2173,0
KMRK.US,60,20250925,160000,1.4,1.45,1.4,1.44,2925,0
KMRK.US,60,20250925,170000,1.44,1.4693,1.435,1.44,1200,0
KMRK.US,60,20250925,180000,1.44,1.45,1.43,1.45,1915,0
KMRK.US,60,20250925,190000,1.46,1.46,1.46,1.46,100,0
KMRK.US,60,20250925,210000,1.44,1.49,1.4301,1.49,2039,0
KMRK.US,60,20250926,160000,1.45,1.49,1.41,1.49,984,0
KMRK.US,60,20250926,170000,1.43,1.47,1.43,1.46,1783,0
KMRK.US,60,20250926,180000,1.45,1.48,1.41,1.41,732,0
KMRK.US,60,20250926,190000,1.46,1.46,1.46,1.46,100,0
KMRK.US,60,20250926,220000,1.425,1.43,1.41,1.43,400,0
KMRK.US,60,20250929,160000,1.44,1.44,1.42,1.42,1381,0
KMRK.US,60,20250929,170000,1.4307,1.4353,1.4307,1.4353,300,0
KMRK.US,60,20250929,180000,1.46,1.4643,1.45,1.4643,1102,0
KMRK.US,60,20250929,190000,1.46,1.46,1.44,1.44,1107,0
KMRK.US,60,20250929,210000,1.435,1.435,1.43,1.43,400,0
KMRK.US,60,20250929,220000,1.45,1.45,1.45,1.45,300,0
KMRK.US,60,20250930,160000,1.499,1.499,1.44,1.44,600,0
KMRK.US,60,20250930,170000,1.45,1.4728,1.4158,1.4158,1568,0
KMRK.US,60,20250930,180000,1.4142,1.44,1.4142,1.43,2800,0
KMRK.US,60,20250930,210000,1.44,1.44,1.44,1.44,100,0
KMRK.US,60,20251001,160000,1.4102,1.4102,1.41,1.41,1931,0
KMRK.US,60,20251001,170000,1.41,1.4698,1.39,1.4006,4032,0
KMRK.US,60,20251001,180000,1.435,1.435,1.435,1.435,1000,0
KMRK.US,60,20251001,190000,1.4002,1.42,1.4002,1.42,401,0
KMRK.US,60,20251001,220000,1.4002,1.579,1.4,1.57,105254,0
KMRK.US,60,20251002,160000,1.485,1.51,1.4606,1.4606,7526,0
KMRK.US,60,20251002,170000,1.46,1.49,1.46,1.47,7020,0
KMRK.US,60,20251002,180000,1.48,1.49,1.46,1.4701,3659,0
KMRK.US,60,20251002,190000,1.479,1.5,1.465,1.465,4214,0
KMRK.US,60,20251002,200000,1.47,1.47,1.45,1.46,2828,0
KMRK.US,60,20251002,210000,1.45,1.49,1.44,1.47,6924,0
KMRK.US,60,20251002,220000,1.44,1.445,1.42,1.42,5307,0
KMRK.US,60,20251003,160000,1.45,1.4502,1.4,1.4,21710,0
KMRK.US,60,20251003,170000,1.3902,1.435,1.3902,1.41,4062,0
KMRK.US,60,20251003,180000,1.4002,1.42,1.4002,1.41,5482,0
KMRK.US,60,20251003,190000,1.4101,1.42,1.41,1.42,1659,0
KMRK.US,60,20251003,200000,1.42,1.42,1.41,1.41,1600,0
KMRK.US,60,20251003,210000,1.41,1.43,1.4,1.415,980,0
KMRK.US,60,20251003,220000,1.3992,1.44,1.3992,1.4,3482,0
KMRK.US,60,20251006,160000,1.4,1.42,1.4,1.42,598,0
KMRK.US,60,20251006,170000,1.41,1.4399,1.39,1.39,7936,0
KMRK.US,60,20251006,180000,1.3986,1.4146,1.3986,1.4,640,0
KMRK.US,60,20251006,190000,1.39,1.405,1.39,1.3999,1255,0
KMRK.US,60,20251006,200000,1.39,1.4014,1.39,1.4014,3366,0
KMRK.US,60,20251006,210000,1.4002,1.4194,1.4,1.4,2523,0
KMRK.US,60,20251006,220000,1.3901,1.3901,1.39,1.39,400,0
KMRK.US,60,20251007,170000,1.38,1.38,1.37,1.37,600,0
KMRK.US,60,20251007,180000,1.37,1.38,1.36,1.36,6188,0
KMRK.US,60,20251007,190000,1.36,1.36,1.36,1.36,500,0
KMRK.US,60,20251007,200000,1.36,1.37,1.35,1.3699,4040,0
KMRK.US,60,20251007,220000,1.3403,1.37,1.3401,1.37,2670,0
KMRK.US,60,20251008,160000,1.34,1.35,1.33,1.35,4914,0
KMRK.US,60,20251008,170000,1.3202,1.3202,1.32,1.32,1465,0
KMRK.US,60,20251008,180000,1.339,1.34,1.321,1.321,16119,0
KMRK.US,60,20251008,190000,1.335,1.39,1.335,1.37,28029,0
KMRK.US,60,20251008,200000,1.37,1.37,1.3572,1.3572,648,0
KMRK.US,60,20251008,210000,1.35,1.3547,1.35,1.3547,4914,0
KMRK.US,60,20251008,220000,1.37,1.37,1.35,1.35,6547,0
KMRK.US,60,20251009,160000,1.43,1.48,1.41,1.48,6568,0
KMRK.US,60,20251009,170000,1.48,1.5477,1.39,1.43,106785,0
KMRK.US,60,20251009,180000,1.44,1.45,1.3911,1.42,3276,0
KMRK.US,60,20251009,190000,1.42,1.42,1.41,1.41,409,0
KMRK.US,60,20251009,200000,1.39,1.42,1.39,1.4,1352,0
KMRK.US,60,20251009,210000,1.39,1.39,1.37,1.37,7795,0
KMRK.US,60,20251009,220000,1.38,1.39,1.37,1.39,1822,0
KMRK.US,60,20251010,160000,1.46,1.46,1.46,1.46,329,0
KMRK.US,60,20251010,170000,1.37,1.3899,1.36,1.36,8414,0
KMRK.US,60,20251010,180000,1.35,1.35,1.26,1.3191,1743,0
KMRK.US,60,20251010,190000,1.2801,1.3608,1.2801,1.32,3800,0
KMRK.US,60,20251010,210000,1.39,1.39,1.39,1.39,100,0
KMRK.US,60,20251010,220000,1.33,1.33,1.26,1.26,3027,0
KMRK.US,60,20251013,160000,1.38,1.3996,1.34,1.34,22056,0
KMRK.US,60,20251013,170000,1.3,1.3072,1.2001,1.24,40585,0
KMRK.US,60,20251013,180000,1.2398,1.24,1.23,1.23,9679,0
KMRK.US,60,20251013,190000,1.23,1.23,1.23,1.23,684,0
KMRK.US,60,20251013,200000,1.2267,1.24,1.22,1.24,4302,0
KMRK.US,60,20251013,210000,1.25,1.2606,1.25,1.2606,1082,0
KMRK.US,60,20251013,220000,1.3,1.34,1.3,1.33,2198,0
KMRK.US,60,20251014,160000,1.318,1.318,1.28,1.2804,8400,0
KMRK.US,60,20251014,170000,1.29,1.29,1.28,1.29,410,0
KMRK.US,60,20251014,180000,1.2937,1.2951,1.29,1.2951,500,0
KMRK.US,60,20251014,190000,1.3,1.3193,1.29,1.29,3033,0
KMRK.US,60,20251014,200000,1.305,1.305,1.2934,1.3,2998,0
KMRK.US,60,20251014,210000,1.3299,1.3419,1.29,1.32,8916,0
KMRK.US,60,20251014,220000,1.32,1.32,1.29,1.29,5552,0
KMRK.US,60,20251015,160000,1.32,1.32,1.32,1.32,608,0
KMRK.US,60,20251015,170000,1.28,1.29,1.2798,1.28,5240,0
KMRK.US,60,20251015,180000,1.28,1.28,1.27,1.27,1244,0
KMRK.US,60,20251015,190000,1.26,1.26,1.25,1.26,10400,0
KMRK.US,60,20251015,200000,1.25,1.26,1.25,1.2501,20392,0
KMRK.US,60,20251015,210000,1.26,1.26,1.24,1.25,7131,0
KMRK.US,60,20251015,220000,1.25,1.25,1.24,1.24,5135,0
KMRK.US,60,20251016,160000,1.37,1.38,1.3,1.325,31288,0
KMRK.US,60,20251016,170000,1.35,1.48,1.325,1.47,75942,0
KMRK.US,60,20251016,180000,1.4304,1.54,1.35,1.3831,114351,0
KMRK.US,60,20251016,190000,1.38,1.39,1.35,1.3696,15132,0
KMRK.US,60,20251016,200000,1.37,1.45,1.365,1.45,26462,0
KMRK.US,60,20251016,210000,1.4572,1.52,1.35,1.4504,144359,0
KMRK.US,60,20251016,220000,1.49,1.49,1.362,1.45,28329,0
KMRK.US,60,20251017,160000,1.69,1.82,1.65,1.755,264404,0
KMRK.US,60,20251017,170000,1.7516,1.7677,1.55,1.57,285049,0
KMRK.US,60,20251017,180000,1.57,1.63,1.56,1.58,84264,0
KMRK.US,60,20251017,190000,1.57,1.6457,1.57,1.6,30663,0
KMRK.US,60,20251017,200000,1.5748,1.6,1.5092,1.54,68324,0
KMRK.US,60,20251017,210000,1.53,1.57,1.52,1.54,62861,0
KMRK.US,60,20251017,220000,1.56,1.56,1.3,1.39,191835,0
KMRK.US,60,20251020,160000,1.27,1.37,1.27,1.34,50241,0
KMRK.US,60,20251020,170000,1.34,1.35,1.2501,1.28,33263,0
KMRK.US,60,20251020,180000,1.298,1.298,1.2501,1.281,5176,0
KMRK.US,60,20251020,190000,1.29,1.3,1.28,1.3,7372,0
KMRK.US,60,20251020,200000,1.3,1.32,1.29,1.29,4767,0
KMRK.US,60,20251020,210000,1.29,1.3,1.285,1.285,12196,0
KMRK.US,60,20251020,220000,1.28,1.29,1.16,1.27,78319,0
KMRK.US,60,20251021,160000,1.22,1.24,1.2,1.2001,8915,0
KMRK.US,60,20251021,170000,1.2,1.22,1.18,1.2102,19730,0
KMRK.US,60,20251021,180000,1.21,1.23,1.2001,1.23,6796,0
KMRK.US,60,20251021,190000,1.23,1.24,1.21,1.21,3504,0
KMRK.US,60,20251021,200000,1.22,1.22,1.19,1.2052,14199,0
KMRK.US,60,20251021,210000,1.19,1.2,1.16,1.16,10676,0
KMRK.US,60,20251021,220000,1.17,1.17,1.13,1.16,16952,0
KMRK.US,60,20251022,160000,1.13,1.2,1.13,1.16,30499,0
KMRK.US,60,20251022,170000,1.16,1.18,1.15,1.1666,3747,0
KMRK.US,60,20251022,180000,1.14,1.1686,1.13,1.14,12989,0
KMRK.US,60,20251022,190000,1.13,1.15,1.13,1.13,19990,0
KMRK.US,60,20251022,200000,1.1397,1.14,1.13,1.14,13907,0
KMRK.US,60,20251022,210000,1.13,1.14,1.13,1.13,3785,0
KMRK.US,60,20251022,220000,1.14,1.15,1.12,1.135,18725,0
KMRK.US,60,20251023,160000,1.16,1.2,1.16,1.2,9293,0
KMRK.US,60,20251023,170000,1.19,1.22,1.19,1.22,10737,0
KMRK.US,60,20251023,180000,1.243,1.248,1.19,1.2,16583,0
KMRK.US,60,20251023,190000,1.2,1.244,1.2,1.2001,7412,0
KMRK.US,60,20251023,200000,1.21,1.22,1.2,1.22,350,0
KMRK.US,60,20251023,210000,1.22,1.24,1.21,1.21,2005,0
KMRK.US,60,20251023,220000,1.21,1.24,1.21,1.24,5290,0
KMRK.US,60,20251024,160000,1.2,1.21,1.16,1.16,4122,0
KMRK.US,60,20251024,170000,1.2301,1.2301,1.2,1.23,2921,0
KMRK.US,60,20251024,180000,1.2,1.21,1.2,1.21,3447,0
KMRK.US,60,20251024,190000,1.22,1.23,1.22,1.23,9346,0
KMRK.US,60,20251024,200000,1.23,1.23,1.2,1.2,4002,0
KMRK.US,60,20251024,210000,1.2,1.21,1.2,1.2,3300,0
KMRK.US,60,20251024,220000,1.2,1.24,1.2,1.21,10402,0
KMRK.US,60,20251027,150000,1.22,1.2315,1.22,1.2315,1949,0
KMRK.US,60,20251027,160000,1.23,1.23,1.22,1.23,10122,0
KMRK.US,60,20251027,170000,1.24,1.26,1.2301,1.2433,5843,0
KMRK.US,60,20251027,180000,1.25,1.25,1.24,1.25,3749,0
KMRK.US,60,20251027,190000,1.255,1.255,1.25,1.25,1831,0
KMRK.US,60,20251027,200000,1.24,1.24,1.23,1.23,2948,0
KMRK.US,60,20251027,210000,1.23,1.2376,1.22,1.22,3471,0
KMRK.US,60,20251028,150000,1.2,1.21,1.2,1.2,4289,0
KMRK.US,60,20251028,160000,1.2,1.208,1.19,1.2,6413,0
KMRK.US,60,20251028,170000,1.2,1.215,1.2,1.21,14452,0
KMRK.US,60,20251028,180000,1.2,1.24,1.19,1.215,11629,0
KMRK.US,60,20251028,190000,1.2,1.2,1.195,1.2,10889,0
KMRK.US,60,20251028,200000,1.2,1.2,1.2,1.2,930,0
KMRK.US,60,20251028,210000,1.2,1.2003,1.19,1.2003,7237,0
KMRK.US,60,20251029,150000,1.19,1.19,1.17,1.185,1770,0
KMRK.US,60,20251029,160000,1.17,1.18,1.1649,1.17,1871,0
KMRK.US,60,20251029,170000,1.17,1.17,1.16,1.1633,2476,0
KMRK.US,60,20251029,180000,1.167,1.17,1.16,1.16,3129,0
KMRK.US,60,20251029,190000,1.16,1.165,1.16,1.165,2091,0
KMRK.US,60,20251029,200000,1.17,1.17,1.1,1.1201,19224,0
KMRK.US,60,20251029,210000,1.15,1.1557,1.062,1.09,8889,0
KMRK.US,60,20251030,150000,1.09,1.1099,1.07,1.1,3070,0
KMRK.US,60,20251030,170000,1.09,1.09,1.085,1.0879,2550,0
KMRK.US,60,20251030,180000,1.09,1.1,1.09,1.09,3439,0
KMRK.US,60,20251030,190000,1.0909,1.11,1.0909,1.11,4200,0
KMRK.US,60,20251030,200000,1.105,1.105,1.1027,1.1027,1057,0
KMRK.US,60,20251030,210000,1.103,1.11,1.08,1.093,9215,0
KMRK.US,60,20251031,150000,1.1041,1.1041,1.08,1.08,1050,0
KMRK.US,60,20251031,160000,1.0703,1.08,1.07,1.08,8013,0
KMRK.US,60,20251031,170000,1.0886,1.13,1.07,1.12,4392,0
KMRK.US,60,20251031,180000,1.11,1.11,1.09,1.09,225,0
KMRK.US,60,20251031,190000,1.09,1.09,1.09,1.09,1485,0
KMRK.US,60,20251031,200000,1.0901,1.0901,1.09,1.09,500,0
KMRK.US,60,20251031,210000,1.12,1.12,1.08,1.08,3087,0
KMRK.US,60,20251103,160000,1.0606,1.0606,1.06,1.06,1141,0
KMRK.US,60,20251103,170000,1.07,1.07,1.07,1.07,850,0
KMRK.US,60,20251103,180000,1.08,1.0801,1.07,1.07,6036,0
KMRK.US,60,20251103,190000,1.08,1.1009,1.08,1.1009,968,0
KMRK.US,60,20251103,200000,1.109,1.109,1.0896,1.09,3031,0
KMRK.US,60,20251103,210000,1.09,1.09,1.09,1.09,895,0
KMRK.US,60,20251103,220000,1.09,1.1,1.07,1.07,9730,0
KMRK.US,60,20251104,160000,1.0542,1.08,1.0542,1.08,419,0
KMRK.US,60,20251104,170000,1.065,1.08,1.065,1.08,3337,0
KMRK.US,60,20251104,180000,1.08,1.08,1.07,1.07,474,0
KMRK.US,60,20251104,190000,1.06,1.07,1.05,1.05,8002,0
KMRK.US,60,20251104,200000,1.05,1.05,1.01,1.03,12791,0
KMRK.US,60,20251104,210000,1.04,1.04,1.03,1.03,1100,0
KMRK.US,60,20251104,220000,1.02,1.05,0.9985,1.05,9569,0
KMRK.US,60,20251105,160000,0.97,1.039,0.97,1,680,0
KMRK.US,60,20251105,170000,1.0063,1.0145,1,1,1384,0
KMRK.US,60,20251105,180000,1.015,1.03,0.97,1.03,9295,0
KMRK.US,60,20251105,190000,1,1,1,1,400,0
KMRK.US,60,20251105,200000,1,1,0.97,0.9855,17637,0
KMRK.US,60,20251105,210000,0.98,1,0.971,0.9712,13478,0
KMRK.US,60,20251105,220000,0.9712,0.9714,0.95,0.95,4934,0
KMRK.US,60,20251106,160000,0.93,0.95,0.93,0.9301,4075,0
KMRK.US,60,20251106,170000,0.9286,0.9286,0.9,0.9285,3203,0
KMRK.US,60,20251106,180000,0.9001,0.90275,0.89,0.89,6335,0
KMRK.US,60,20251106,190000,0.8899,0.895,0.8851,0.895,6177,0
KMRK.US,60,20251106,200000,0.9,0.9,0.9,0.9,4347,0
KMRK.US,60,20251106,210000,0.909,0.928999,0.9,0.905,11978,0
KMRK.US,60,20251106,220000,0.9014,0.9098,0.89501,0.9098,8241,0
KMRK.US,60,20251107,160000,0.9,0.90625,0.8737,0.9,8141,0
KMRK.US,60,20251107,170000,0.9,0.9,0.8737,0.8737,5785,0
KMRK.US,60,20251107,180000,0.86,0.86,0.86,0.86,1364,0
KMRK.US,60,20251107,200000,0.88,0.89,0.86,0.87,1519,0
KMRK.US,60,20251107,210000,0.8988,0.9,0.8988,0.9,3958,0
KMRK.US,60,20251107,220000,0.905,0.94,0.905,0.94,6135,0
KMRK.US,60,20251110,160000,0.9015,0.945,0.901,0.94,6165,0
KMRK.US,60,20251110,170000,0.94,0.94,0.9,0.9205,2118,0
KMRK.US,60,20251110,180000,0.91,0.91,0.9,0.9,3030,0
KMRK.US,60,20251110,190000,0.9,0.915703,0.9,0.915703,918,0
KMRK.US,60,20251110,200000,0.9157,0.9157,0.9157,0.9157,239,0
KMRK.US,60,20251110,210000,0.91,0.9157,0.91,0.9157,500,0
KMRK.US,60,20251110,220000,0.94,0.94,0.94,0.94,1000,0
KMRK.US,60,20251111,160000,0.9,0.91,0.9,0.91,586,0
KMRK.US,60,20251111,170000,0.91,0.99,0.91,0.95,5652,0
KMRK.US,60,20251111,180000,0.95,0.96,0.95,0.95,1791,0
KMRK.US,60,20251111,190000,0.935,0.935,0.935,0.935,100,0
KMRK.US,60,20251111,200000,0.97,1.08,0.9407,1.08,28816,0
KMRK.US,60,20251111,210000,0.9801,1.07,0.9801,1.0235,14664,0
KMRK.US,60,20251111,220000,1.02,1.02,1,1.02,2306,0
KMRK.US,60,20251112,160000,1.02,1.02,1,1,328,0
KMRK.US,60,20251112,170000,1,1.02,0.995,1,3184,0
KMRK.US,60,20251112,180000,0.97,1.03,0.97,0.98,5668,0
KMRK.US,60,20251112,190000,0.99,1.03,0.99,1.0299,5499,0
KMRK.US,60,20251112,200000,1,1.03,0.98,1.03,6496,0
KMRK.US,60,20251112,210000,1.0299,1.06,1.025,1.06,7211,0
KMRK.US,60,20251112,220000,1.05,1.06,1.04,1.06,8938,0
KMRK.US,60,20251113,160000,0.98,1.0268,0.98,1.0268,3943,0
KMRK.US,60,20251113,170000,1.0298,1.0299,1,1,5554,0
KMRK.US,60,20251113,180000,1.01,1.03,1,1.03,10170,0
KMRK.US,60,20251113,190000,1.0299,1.08,1.02,1.04,14034,0
KMRK.US,60,20251113,200000,1.04,1.04,1.04,1.04,1235,0
KMRK.US,60,20251113,210000,1.04,1.04,1.03,1.03,4324,0
KMRK.US,60,20251113,220000,1.0299,1.06,1.025,1.06,1354,0
KMRK.US,60,20251114,160000,1.03,1.04,1.0103,1.04,3400,0
KMRK.US,60,20251114,170000,1.03,1.06,1.03,1.06,3747,0
KMRK.US,60,20251114,180000,1.0496,1.0496,1.035,1.035,660,0
KMRK.US,60,20251114,190000,1.02,1.04,1.02,1.03,2782,0
KMRK.US,60,20251114,210000,1.0175,1.019,1.0101,1.019,2330,0
KMRK.US,60,20251114,220000,1.0348,1.06,1.02,1.03,2566,0
KMRK.US,60,20251117,160000,1.07,1.07,1.04,1.04,1475,0
KMRK.US,60,20251117,170000,1.04,1.043,1,1.0299,1803,0
KMRK.US,60,20251117,180000,1.0142,1.06,1.0106,1.06,9509,0
KMRK.US,60,20251117,190000,1.0486,1.0486,1.01,1.01,620,0
KMRK.US,60,20251117,200000,1.04,1.06,1.04,1.06,2986,0
KMRK.US,60,20251117,210000,1.05,1.05,1.04,1.05,1173,0
KMRK.US,60,20251117,220000,1.04,1.04,1.01,1.025,1085,0
KMRK.US,60,20251118,160000,1,1,1,1,1405,0
KMRK.US,60,20251118,170000,1,1,0.9738,0.9738,2248,0
KMRK.US,60,20251118,180000,0.9999,1.01,0.9999,1,2424,0
KMRK.US,60,20251118,210000,0.9812,0.9812,0.9812,0.9812,100,0
KMRK.US,60,20251118,220000,0.9809,1.02,0.98,0.98,2141,0
KMRK.US,60,20251119,160000,0.986,1.01,0.986,1.01,2482,0
KMRK.US,60,20251119,170000,1.01,1.01,1.005,1.005,728,0
KMRK.US,60,20251119,180000,1,1.01,0.982,0.982,7634,0
KMRK.US,60,20251119,190000,1.0013,1.0013,0.9953,0.9953,360,0
KMRK.US,60,20251119,200000,0.9934,0.9953,0.9934,0.9953,1299,0
KMRK.US,60,20251119,210000,1.0198,1.02,0.982,0.982,3035,0
KMRK.US,60,20251119,220000,0.99,0.99,0.99,0.99,747,0
KMRK.US,60,20251120,160000,1.03,1.03,1.0299,1.0299,1763,0
KMRK.US,60,20251120,170000,1.0299,1.0299,1.01,1.01,1836,0
KMRK.US,60,20251120,180000,1,1.03,1,1.03,498,0
KMRK.US,60,20251120,200000,1.03,1.05,1.003,1.03,4843,0
KMRK.US,60,20251120,210000,1.03,1.04,1.03,1.03,1591,0
KMRK.US,60,20251120,220000,1.0399,1.04,1.0017,1.01,7260,0
KMRK.US,60,20251121,160000,1.005,1.02,1.005,1.02,923,0
KMRK.US,60,20251121,170000,1,1.0101,1,1.01,10039,0
KMRK.US,60,20251121,180000,1.02,1.03,1.0154,1.03,500,0
KMRK.US,60,20251121,190000,1.04,1.04,1.04,1.04,100,0
KMRK.US,60,20251121,200000,1.05,1.05,1.05,1.05,1665,0
KMRK.US,60,20251121,220000,1.0286,1.05,1.0286,1.0499,1169,0
KMRK.US,60,20251124,160000,1.05,1.0699,1.04,1.0699,5732,0
KMRK.US,60,20251124,170000,1.03,1.03,1,1,25070,0
KMRK.US,60,20251124,180000,1,1.07,1,1.06,3939,0
KMRK.US,60,20251124,190000,1.01,1.05,1,1.01,1400,0
KMRK.US,60,20251124,200000,1.03,1.04,1,1.0399,5312,0
KMRK.US,60,20251124,210000,1,1.04,1,1.01,8058,0
KMRK.US,60,20251124,220000,1.03,1.05,1,1,6523,0
KMRK.US,60,20251125,160000,1.04,1.04,0.9881,0.9881,601,0
KMRK.US,60,20251125,170000,1.04,1.05,1.0301,1.035,8148,0
KMRK.US,60,20251125,180000,1.04,1.0599,1.04,1.04,3418,0
KMRK.US,60,20251125,190000,1.0599,1.0599,1.04,1.0432,2350,0
KMRK.US,60,20251125,200000,1.04,1.04,1.03,1.03,4000,0
KMRK.US,60,20251125,210000,1.042,1.042,1.03,1.04,593,0
KMRK.US,60,20251125,220000,1.05,1.06,1.04,1.06,1128,0
KMRK.US,60,20251126,160000,1.0507,1.0507,1.03,1.0501,6291,0
KMRK.US,60,20251126,170000,1.05,1.06,1.04,1.04,2718,0
KMRK.US,60,20251126,190000,1.03,1.07,1.03,1.07,2214,0
KMRK.US,60,20251126,200000,1.05,1.05,1.05,1.05,600,0
KMRK.US,60,20251126,220000,1.055,1.06,1.0458,1.06,925,0
KMRK.US,60,20251128,160000,1.06,1.06,1.04,1.06,4921,0
KMRK.US,60,20251128,170000,1.06,1.0877,1.06,1.08,8676,0
KMRK.US,60,20251128,180000,1.0799,1.08,1.0782,1.08,1413,0
KMRK.US,60,20251128,190000,1.0879,1.0879,1.0879,1.0879,100,0
KMRK.US,60,20251201,160000,1.1,1.1171,1.09,1.1,6244,0
KMRK.US,60,20251201,170000,1.1,1.13,1.08,1.13,20646,0
KMRK.US,60,20251201,180000,1.13,1.1301,1.12,1.13,16961,0
KMRK.US,60,20251201,190000,1.1299,1.28,1.1101,1.2062,53729,0
KMRK.US,60,20251201,200000,1.2192,1.38,1.173,1.3483,97281,0
KMRK.US,60,20251201,210000,1.3004,1.4,1.3004,1.38,64150,0
KMRK.US,60,20251201,220000,1.36,1.46,1.32,1.4,62845,0
KMRK.US,60,20251202,160000,1.35,1.35,1.35,1.35,212,0
KMRK.US,60,20251202,170000,1.33,1.39,1.33,1.3301,24873,0
KMRK.US,60,20251202,180000,1.365,1.37,1.35,1.3503,7689,0
KMRK.US,60,20251202,190000,1.35,1.3617,1.35,1.36,2082,0
KMRK.US,60,20251202,200000,1.34,1.34,1.2,1.21,19466,0
KMRK.US,60,20251202,210000,1.21,1.22,1.18,1.2068,4494,0
KMRK.US,60,20251202,220000,1.2,1.2,1.18,1.19,2720,0
KMRK.US,60,20251203,160000,1.21,1.226,1.2,1.2,800,0
KMRK.US,60,20251203,170000,1.19,1.2,1.19,1.2,1648,0
KMRK.US,60,20251203,180000,1.25,1.275,1.23,1.275,11288,0
KMRK.US,60,20251203,190000,1.27,1.3,1.25,1.29,7442,0
KMRK.US,60,20251203,200000,1.2827,1.29,1.27,1.28,5348,0
KMRK.US,60,20251203,210000,1.27,1.3,1.27,1.2899,13750,0
KMRK.US,60,20251203,220000,1.2899,1.29,1.28,1.28,4947,0
KMRK.US,60,20251204,160000,1.29,1.335,1.29,1.32,7980,0
KMRK.US,60,20251204,170000,1.33,1.35,1.2523,1.33,6634,0
KMRK.US,60,20251204,180000,1.2996,1.2996,1.2996,1.2996,330,0
KMRK.US,60,20251204,190000,1.32,1.32,1.32,1.32,600,0
KMRK.US,60,20251204,200000,1.3,1.35,1.3,1.35,3451,0
KMRK.US,60,20251204,210000,1.3299,1.3299,1.3299,1.3299,500,0
KMRK.US,60,20251204,220000,1.3,1.3,1.3,1.3,100,0
KMRK.US,60,20251205,160000,1.34,1.38,1.338,1.345,11494,0
KMRK.US,60,20251205,170000,1.3314,1.3403,1.3046,1.3403,2634,0
KMRK.US,60,20251205,180000,1.3101,1.3101,1.3,1.31,1001,0
KMRK.US,60,20251205,190000,1.26,1.26,1.26,1.26,200,0
KMRK.US,60,20251205,200000,1.25,1.25,1.25,1.25,200,0
KMRK.US,60,20251205,210000,1.25,1.25,1.25,1.25,100,0
KMRK.US,60,20251205,220000,1.25,1.275,1.25,1.275,326,0
KMRK.US,60,20251208,160000,1.2,1.29,1.2,1.2106,4808,0
KMRK.US,60,20251208,170000,1.2775,1.3353,1.27,1.3,8760,0
KMRK.US,60,20251208,180000,1.3,1.34,1.3,1.31,3296,0
KMRK.US,60,20251208,190000,1.3101,1.3101,1.3101,1.3101,600,0
KMRK.US,60,20251208,200000,1.31,1.31,1.31,1.31,200,0
KMRK.US,60,20251208,210000,1.34,1.34,1.34,1.34,148,0
KMRK.US,60,20251208,220000,1.31,1.35,1.31,1.35,9518,0
KMRK.US,60,20251209,160000,1.3398,1.34,1.3394,1.34,2157,0
KMRK.US,60,20251209,170000,1.3482,1.35,1.31,1.31,679,0
KMRK.US,60,20251209,180000,1.3,1.302,1.3,1.302,713,0
KMRK.US,60,20251209,190000,1.32,1.33,1.3199,1.33,2600,0
KMRK.US,60,20251209,200000,1.31,1.31,1.3,1.3,388,0
KMRK.US,60,20251209,210000,1.3126,1.33,1.3,1.31,4186,0
KMRK.US,60,20251209,220000,1.31,1.32,1.31,1.32,2873,0
KMRK.US,60,20251210,160000,1.26,1.32,1.26,1.32,3086,0
KMRK.US,60,20251210,170000,1.32,1.32,1.31,1.32,3220,0
KMRK.US,60,20251210,180000,1.32,1.32,1.3,1.3051,2864,0
KMRK.US,60,20251210,190000,1.2886,1.2886,1.2886,1.2886,155,0
KMRK.US,60,20251210,200000,1.26,1.26,1.26,1.26,100,0
KMRK.US,60,20251210,210000,1.26,1.26,1.26,1.26,1507,0
KMRK.US,60,20251210,220000,1.27,1.3482,1.27,1.3,5842,0
KMRK.US,60,20251211,190000,1.3105,1.34,1.3,1.34,7169,0
KMRK.US,60,20251211,200000,1.34,1.34,1.27,1.27,26335,0
KMRK.US,60,20251211,210000,1.33,1.33,1.33,1.33,100,0
KMRK.US,60,20251211,220000,1.33,1.33,1.3086,1.3086,343,0
KMRK.US,60,20251212,160000,1.3363,1.34,1.33,1.34,3076,0
KMRK.US,60,20251212,170000,1.34,1.34,1.34,1.34,695,0
KMRK.US,60,20251212,180000,1.335,1.4,1.3009,1.3009,11717,0
KMRK.US,60,20251212,190000,1.3001,1.37,1.3,1.3,4976,0
KMRK.US,60,20251212,210000,1.3,1.37,1.3,1.3023,7610,0
KMRK.US,60,20251212,220000,1.3,1.3,1.25,1.27,2161,0
KMRK.US,60,20251215,160000,1.27,1.3,1.26,1.2767,12030,0
KMRK.US,60,20251215,170000,1.2998,1.31,1.2991,1.3,4589,0
KMRK.US,60,20251215,180000,1.29,1.29,1.28,1.28,861,0
KMRK.US,60,20251215,190000,1.2722,1.28,1.27,1.28,8330,0
KMRK.US,60,20251215,200000,1.27,1.272,1.27,1.27,752,0
KMRK.US,60,20251215,210000,1.27,1.28,1.27,1.27,400,0
KMRK.US,60,20251215,220000,1.265,1.3,1.26,1.27,5120,0
KMRK.US,60,20251216,160000,1.26,1.261,1.22,1.24,9548,0
KMRK.US,60,20251216,170000,1.2576,1.2749,1.21,1.2749,11442,0
KMRK.US,60,20251216,180000,1.21,1.25,1.21,1.21,7516,0
KMRK.US,60,20251216,190000,1.21,1.23,1.21,1.23,1300,0
KMRK.US,60,20251216,200000,1.23,1.2377,1.23,1.23,867,0
KMRK.US,60,20251216,210000,1.245,1.245,1.23,1.23,1100,0
KMRK.US,60,20251216,220000,1.23,1.23,1.22,1.2203,1000,0
KMRK.US,60,20251217,160000,1.236,1.236,1.23,1.23,900,0
KMRK.US,60,20251217,170000,1.23,1.24,1.22,1.23,3027,0
KMRK.US,60,20251217,180000,1.23,1.232,1.225,1.23,4472,0
KMRK.US,60,20251217,190000,1.23,1.23,1.23,1.23,300,0
KMRK.US,60,20251217,200000,1.23,1.23,1.22,1.225,3020,0
KMRK.US,60,20251217,210000,1.22,1.22,1.22,1.22,2100,0
KMRK.US,60,20251217,220000,1.204,1.3,1.204,1.24,11082,0
KMRK.US,60,20251218,160000,1.2,1.2,1.2,1.2,262,0
KMRK.US,60,20251218,180000,1.22,1.22,1.22,1.22,581,0
KMRK.US,60,20251218,190000,1.22,1.23,1.22,1.23,3482,0
KMRK.US,60,20251218,200000,1.22,1.22,1.22,1.22,200,0
KMRK.US,60,20251218,210000,1.22,1.22,1.22,1.22,100,0
KMRK.US,60,20251218,220000,1.21,1.2102,1.2,1.21,4033,0
KMRK.US,60,20251219,170000,1.1608,1.1608,1.14,1.1405,1128,0
KMRK.US,60,20251219,180000,1.21,1.2199,1.18,1.185,2100,0
KMRK.US,60,20251219,190000,1.185,1.185,1.18,1.18,400,0
KMRK.US,60,20251219,200000,1.1807,1.185,1.18,1.185,2995,0
KMRK.US,60,20251219,210000,1.18,1.18,1.18,1.18,200,0
KMRK.US,60,20251219,220000,1.1802,1.1802,1,1.02,16274,0
KMRK.US,60,20251222,160000,1.05,1.0501,1.04,1.04,3816,0
KMRK.US,60,20251222,170000,1.0301,1.05,1.0301,1.05,1461,0
KMRK.US,60,20251222,180000,1.03,1.04,1.03,1.04,1447,0
KMRK.US,60,20251222,190000,1.0336,1.09,1.0336,1.09,8891,0
KMRK.US,60,20251222,200000,1.098,1.1,1.09,1.09,2700,0
KMRK.US,60,20251222,210000,1.0901,1.0901,1.0901,1.0901,1000,0
KMRK.US,60,20251222,220000,1.09,1.09,1.09,1.09,100,0
KMRK.US,60,20251223,160000,1.06,1.06,1.0306,1.0306,500,0
KMRK.US,60,20251223,170000,1.1624,1.1624,1.07,1.07,214,0
KMRK.US,60,20251223,180000,1.08,1.09,1.08,1.09,893,0
KMRK.US,60,20251223,190000,1.11,1.12,1.09,1.09,600,0
KMRK.US,60,20251223,200000,1.09,1.095,1.09,1.09,1404,0
KMRK.US,60,20251223,210000,1.09,1.09,1.09,1.09,531,0
KMRK.US,60,20251223,220000,1.09,1.09,1.055,1.055,2826,0
KMRK.US,60,20251224,160000,1.0601,1.1,1.06,1.1,5287,0
KMRK.US,60,20251224,170000,1.1,1.11,1.1,1.11,1400,0
KMRK.US,60,20251224,180000,1.1,1.105,1.1,1.105,703,0
KMRK.US,60,20251224,190000,1.1,1.102,1.1,1.1,2312,0
KMRK.US,60,20251226,160000,1.0798,1.0799,1.0798,1.0798,4000,0
KMRK.US,60,20251226,170000,1.03,1.1,1.03,1.1,15071,0
KMRK.US,60,20251226,180000,1.06,1.06,1.06,1.06,5600,0
KMRK.US,60,20251226,190000,1.05,1.06,1.05,1.06,2757,0
KMRK.US,60,20251226,200000,1.06,1.06,1.06,1.06,100,0
KMRK.US,60,20251226,210000,1.09,1.11,1.0899,1.11,7792,0
