<TICKER>,<PER>,<DATE>,<TIME>,<OPEN>,<HIGH>,<LOW>,<CLOSE>,<VOL>,<OPENINT>
MIMI.US,60,20250110,170000,4.4,4.64,4.06,4.5,504817,0
MIMI.US,60,20250110,180000,4.53,4.71,4.22,4.2699,125938,0
MIMI.US,60,20250110,190000,4.2595,4.42,4.22,4.3605,153213,0
MIMI.US,60,20250110,200000,4.38,4.46,4.26,4.35,106832,0
MIMI.US,60,20250110,210000,4.36,4.45,4.26,4.35,184050,0
MIMI.US,60,20250110,220000,4.4,4.42,3.83,4.11,274406,0
MIMI.US,60,20250113,160000,4.4,4.9,4.35,4.62,46479,0
MIMI.US,60,20250113,170000,4.56,4.59,4.45,4.5102,60518,0
MIMI.US,60,20250113,180000,4.51,4.54,4.315,4.46,267353,0
MIMI.US,60,20250113,190000,4.47,4.47,4.425,4.425,10512,0
MIMI.US,60,20250113,200000,4.37,4.45,4.18,4.28,76913,0
MIMI.US,60,20250113,210000,4.3001,4.45,4.2468,4.45,124095,0
MIMI.US,60,20250113,220000,4.3,4.3771,4.2314,4.36,3493,0
MIMI.US,60,20250114,160000,4.4,4.7994,4.3,4.5872,73467,0
MIMI.US,60,20250114,170000,4.5514,4.57,4.301,4.35,23709,0
MIMI.US,60,20250114,180000,4.31,4.31,4.1009,4.1311,36862,0
MIMI.US,60,20250114,190000,4.13,4.27,4.13,4.16,8329,0
MIMI.US,60,20250114,200000,4.25,4.2999,4.25,4.26,2520,0
MIMI.US,60,20250114,210000,4.2605,4.448,4.2605,4.448,8926,0
MIMI.US,60,20250114,220000,4.45,4.45,4.2501,4.385,19821,0
MIMI.US,60,20250115,160000,4.42,4.42,4.35,4.35,1041,0
MIMI.US,60,20250115,170000,4.2913,4.65,4.24,4.501,120191,0
MIMI.US,60,20250115,180000,4.512,4.58,4.5101,4.5229,3300,0
MIMI.US,60,20250115,190000,4.53,4.53,4.51,4.51,2441,0
MIMI.US,60,20250115,200000,4.4,4.45,4.4,4.45,1433,0
MIMI.US,60,20250115,210000,4.4577,4.46,4.39,4.39,462,0
MIMI.US,60,20250115,220000,4.47,4.47,4.38,4.39,4584,0
MIMI.US,60,20250116,160000,4.46,4.55,4.45,4.45,14966,0
MIMI.US,60,20250116,170000,4.46,4.4699,4.28,4.4699,54695,0
MIMI.US,60,20250116,190000,4.46,4.46,4.3535,4.3535,2600,0
MIMI.US,60,20250116,200000,4.4057,4.455,4.4057,4.455,400,0
MIMI.US,60,20250116,210000,4.405,4.455,4.3501,4.455,1256,0
MIMI.US,60,20250116,220000,4.46,4.46,4.41,4.43,3117,0
MIMI.US,60,20250117,160000,4.8,4.8,4.4523,4.548,2710,0
MIMI.US,60,20250117,170000,4.5,4.55,4.39,4.4602,5963,0
MIMI.US,60,20250117,180000,4.4621,4.47,4.46,4.46,1266,0
MIMI.US,60,20250117,190000,4.47,4.64,4.47,4.64,800,0
MIMI.US,60,20250117,200000,4.484,4.484,4.484,4.484,100,0
MIMI.US,60,20250117,210000,4.49,4.6799,4.49,4.6799,1907,0
MIMI.US,60,20250117,220000,4.61,4.63,4.57,4.63,539,0
MIMI.US,60,20250121,160000,4.88,4.88,4.86,4.86,3707,0
MIMI.US,60,20250121,170000,4.7,4.7,4.54,4.55,3980,0
MIMI.US,60,20250121,180000,4.6,4.6,4.535,4.59,51630,0
MIMI.US,60,20250121,190000,4.55,4.6,4.55,4.59,25037,0
MIMI.US,60,20250121,200000,4.52,4.6,4.51,4.6,41564,0
MIMI.US,60,20250121,210000,4.52,4.6,4.499,4.5,123890,0
MIMI.US,60,20250121,220000,4.53,4.54,4.53,4.5399,450,0
MIMI.US,60,20250122,160000,4.56,4.6,4.56,4.5901,727,0
MIMI.US,60,20250122,170000,4.6,4.6025,4.59,4.59,1300,0
MIMI.US,60,20250122,190000,4.6,4.6903,4.6,4.6903,1672,0
MIMI.US,60,20250122,200000,4.65,4.7,4.45,4.5899,65563,0
MIMI.US,60,20250122,210000,4.47,4.54,4.47,4.535,2171,0
MIMI.US,60,20250122,220000,4.5401,4.6192,4.5401,4.56,1442,0
MIMI.US,60,20250123,160000,4.18,4.39,4.11,4.3,35194,0
MIMI.US,60,20250123,170000,4.25,4.3375,4.16,4.3375,21680,0
MIMI.US,60,20250123,180000,4.38,4.395,4.24,4.395,2820,0
MIMI.US,60,20250123,190000,4.34,4.78,4.3,4.5004,74652,0
MIMI.US,60,20250123,200000,4.67,4.94,4.52,4.8,77956,0
MIMI.US,60,20250123,210000,4.77,5.6,4.77,5.03,53485,0
MIMI.US,60,20250123,220000,4.96,5.25,4.88,5.04,30773,0
MIMI.US,60,20250124,160000,4.89,4.89,4.71,4.7728,15538,0
MIMI.US,60,20250124,170000,4.88,4.895,4.7274,4.895,1810,0
MIMI.US,60,20250124,180000,4.75,4.98,4.75,4.98,4283,0
MIMI.US,60,20250124,190000,4.96,4.97,4.8618,4.97,3300,0
MIMI.US,60,20250124,200000,4.9405,4.9405,4.87,4.9,9459,0
MIMI.US,60,20250124,210000,4.865,5,4.8277,4.95,7591,0
MIMI.US,60,20250124,220000,4.7771,5,4.7501,5,4969,0
MIMI.US,60,20250127,160000,4.71,5.1022,4.71,5.05,46114,0
MIMI.US,60,20250127,170000,5.05,5.35,5.038,5.35,117867,0
MIMI.US,60,20250127,180000,5.154,5.33,5.154,5.235,1212,0
MIMI.US,60,20250127,190000,5.19,5.33,5.19,5.33,42619,0
MIMI.US,60,20250127,200000,5.33,5.88,5.293,5.54,317915,0
MIMI.US,60,20250127,210000,5.82,5.82,5.385,5.62,69277,0
MIMI.US,60,20250127,220000,5.54,6.2,5.53,5.86,97996,0
MIMI.US,60,20250128,160000,5.91,5.99,5.7525,5.98,2977,0
MIMI.US,60,20250128,170000,5.99,6.48,5.99,6.43,11342,0
MIMI.US,60,20250128,180000,6.5,6.72,6.3031,6.5,11242,0
MIMI.US,60,20250128,190000,6.5,6.5,6.31,6.31,3030,0
MIMI.US,60,20250128,200000,6.36,6.63,6.3501,6.63,5798,0
MIMI.US,60,20250128,210000,6.505,6.68,6.5001,6.68,4848,0
MIMI.US,60,20250128,220000,6.65,6.84,6.54,6.62,2717,0
MIMI.US,60,20250129,160000,6.63,6.65,6.01,6.4633,7712,0
MIMI.US,60,20250129,170000,6.44,6.44,6.1367,6.21,3401,0
MIMI.US,60,20250129,180000,6.06,6.4,6.06,6.4,4344,0
MIMI.US,60,20250129,190000,6.45,6.45,6.285,6.285,900,0
MIMI.US,60,20250129,200000,6.385,6.74,6.27,6.49,14491,0
MIMI.US,60,20250129,210000,6.42,6.77,6.37,6.5606,25846,0
MIMI.US,60,20250129,220000,6.51,6.53,6.21,6.32,1721,0
MIMI.US,60,20250130,160000,6.3,6.4281,6.2299,6.2299,2418,0
MIMI.US,60,20250130,170000,6.38,6.61,6.16,6.39,21509,0
MIMI.US,60,20250130,180000,6.25,6.37,5.8,5.8522,33356,0
MIMI.US,60,20250130,190000,5.9075,5.9075,5.5012,5.5425,6915,0
MIMI.US,60,20250130,200000,5.54,5.6326,5.5007,5.6326,2570,0
MIMI.US,60,20250130,210000,5.59,5.59,5.42,5.42,2834,0
MIMI.US,60,20250130,220000,5.35,5.56,5.32,5.56,3387,0
MIMI.US,60,20250131,160000,5.67,5.78,5.61,5.78,1001,0
MIMI.US,60,20250131,170000,5.83,5.83,5.83,5.83,100,0
MIMI.US,60,20250131,190000,5.97,5.97,5.765,5.85,6500,0
MIMI.US,60,20250131,200000,5.85,5.85,5.845,5.845,300,0
MIMI.US,60,20250131,210000,5.8,5.8266,5.6889,5.76,1443,0
MIMI.US,60,20250203,160000,5.93,5.93,5.61,5.6138,2583,0
MIMI.US,60,20250203,170000,5.6101,5.8,5.61,5.8,1595,0
MIMI.US,60,20250203,180000,5.8144,5.99,5.66,5.99,6300,0
MIMI.US,60,20250203,190000,5.7899,5.99,5.7899,5.82,12648,0
MIMI.US,60,20250203,200000,5.98,6.26,5.71,5.84,45667,0
MIMI.US,60,20250203,210000,5.84,5.92,5.84,5.87,469,0
MIMI.US,60,20250203,220000,5.96,5.99,5.9,5.98,1294,0
MIMI.US,60,20250204,160000,6.2,6.2,6.2,6.2,100,0
MIMI.US,60,20250204,170000,6.0971,6.0971,6.0971,6.0971,2000,0
MIMI.US,60,20250204,180000,5.98,5.9911,5.82,5.8732,4700,0
MIMI.US,60,20250204,190000,5.8699,5.87,5.83,5.84,919,0
MIMI.US,60,20250204,200000,5.8001,5.84,5.75,5.79,87288,0
MIMI.US,60,20250204,210000,5.77,5.89,5.58,5.79,156298,0
MIMI.US,60,20250204,220000,5.81,5.87,5.35,5.595,63653,0
MIMI.US,60,20250205,160000,5.81,5.81,5.81,5.81,300,0
MIMI.US,60,20250205,170000,5.7,5.906,5.47,5.47,8349,0
MIMI.US,60,20250205,180000,5.3,5.35,4.8,5.06,30013,0
MIMI.US,60,20250205,190000,5.12,5.462,4.96,4.96,16749,0
MIMI.US,60,20250205,200000,5.05,5.28,5.05,5.08,16838,0
MIMI.US,60,20250205,210000,5.13,5.24,5.07,5.16,15541,0
MIMI.US,60,20250205,220000,5.25,5.26,5.11,5.15,2186,0
MIMI.US,60,20250206,160000,5.21,5.21,5.21,5.21,300,0
MIMI.US,60,20250206,170000,5.33,5.33,5.28,5.32,1100,0
MIMI.US,60,20250206,180000,5.3,5.3,5.22,5.22,1254,0
MIMI.US,60,20250206,190000,5.315,5.5,5.23,5.25,2616,0
MIMI.US,60,20250206,200000,5.23,5.46,5.23,5.34,2579,0
MIMI.US,60,20250206,210000,5.43,5.43,5.3,5.39,901,0
MIMI.US,60,20250206,220000,5.3018,5.64,5.3018,5.64,2401,0
MIMI.US,60,20250207,160000,5.11,5.11,5.02,5.02,2200,0
MIMI.US,60,20250207,170000,5.3912,5.3912,5.3912,5.3912,100,0
MIMI.US,60,20250207,200000,5.325,5.5,5.325,5.5,1600,0
MIMI.US,60,20250207,210000,5.47,5.47,5.47,5.47,100,0
MIMI.US,60,20250207,220000,5.46,5.48,5.46,5.46,300,0
MIMI.US,60,20250210,170000,5.61,5.61,5.61,5.61,100,0
MIMI.US,60,20250210,180000,5.59,5.6,5.59,5.6,276,0
MIMI.US,60,20250210,220000,5.58,5.59,5.58,5.59,233,0
MIMI.US,60,20250211,170000,5.59,5.59,5.34,5.34,987,0
MIMI.US,60,20250211,180000,5.49,5.5,5.335,5.415,1849,0
MIMI.US,60,20250211,190000,5.335,5.34,5.335,5.34,200,0
MIMI.US,60,20250211,200000,5.4,5.4,5.4,5.4,100,0
MIMI.US,60,20250211,210000,5.4,5.57,5.4,5.57,249,0
MIMI.US,60,20250211,220000,5.57,5.6,5.32,5.43,2700,0
MIMI.US,60,20250212,160000,5.43,5.43,5.43,5.43,800,0
MIMI.US,60,20250212,170000,5.1,5.2,5.1,5.15,2300,0
MIMI.US,60,20250212,180000,5.2,5.2,4.8,4.8,7416,0
MIMI.US,60,20250212,190000,4.8,5.2401,4.75,4.99,9553,0
MIMI.US,60,20250212,200000,4.9644,5.2,4.94,5,1700,0
MIMI.US,60,20250212,210000,5,5.2,4.6523,5.02,20990,0
MIMI.US,60,20250212,220000,4.99,5.02,4.8501,4.92,3719,0
MIMI.US,60,20250213,160000,4.96,5.46,4.93,5,3531,0
MIMI.US,60,20250213,170000,4.92,4.98,4.85,4.9,15284,0
MIMI.US,60,20250213,180000,4.8,4.81,4.65,4.7799,11657,0
MIMI.US,60,20250213,190000,4.63,4.7,4.522,4.7,5319,0
MIMI.US,60,20250213,200000,4.62,4.6201,4.62,4.6201,1200,0
MIMI.US,60,20250213,220000,4.66,4.66,4.66,4.66,100,0
MIMI.US,60,20250214,170000,4.77,4.85,4.66,4.68,10777,0
MIMI.US,60,20250214,180000,4.5226,4.5226,4.5226,4.5226,200,0
MIMI.US,60,20250214,190000,4.72,4.72,4.72,4.72,999,0
MIMI.US,60,20250214,200000,4.63,4.63,4.63,4.63,100,0
MIMI.US,60,20250214,210000,4.76,4.76,4.76,4.76,142,0
MIMI.US,60,20250218,160000,4.87,4.9,4.68,4.9,63922,0
MIMI.US,60,20250218,170000,4.8697,4.9,4.86,4.87,21821,0
MIMI.US,60,20250218,180000,4.9,4.9,4.88,4.88,31413,0
MIMI.US,60,20250218,190000,4.8996,4.9,4.88,4.9,20346,0
MIMI.US,60,20250218,200000,4.88,4.9,4.88,4.9,85205,0
MIMI.US,60,20250218,210000,4.9,4.9,4.88,4.89,100109,0
MIMI.US,60,20250218,220000,4.88,4.9,4.88,4.9,6125,0
MIMI.US,60,20250219,160000,4.9,5.2781,4.9,4.9925,47079,0
MIMI.US,60,20250219,170000,5.05,5.1199,5,5.02,15300,0
MIMI.US,60,20250219,180000,5.01,5.09,5.01,5.09,1956,0
MIMI.US,60,20250219,190000,5.055,5.2,5.055,5.2,11495,0
MIMI.US,60,20250219,200000,5.185,5.3,5.185,5.26,58897,0
MIMI.US,60,20250219,210000,5.26,5.26,5.149,5.21,6405,0
MIMI.US,60,20250219,220000,5.21,5.25,5.01,5.1,18321,0
MIMI.US,60,20250220,160000,5.19,5.24,5.13,5.19,3479,0
MIMI.US,60,20250220,170000,5.3183,5.3183,5.1619,5.1619,4915,0
MIMI.US,60,20250220,180000,5.16,5.16,5.13,5.13,400,0
MIMI.US,60,20250220,190000,5.141,5.1444,5.141,5.1444,200,0
MIMI.US,60,20250220,200000,5.3344,5.35,5.16,5.16,1150,0
MIMI.US,60,20250220,210000,5.15,5.255,5.15,5.255,700,0
MIMI.US,60,20250220,220000,5.34,5.34,5.16,5.18,355,0
MIMI.US,60,20250221,160000,5.33,5.4,5.18,5.24,18804,0
MIMI.US,60,20250221,170000,5.13,5.27,5.11,5.21,58933,0
MIMI.US,60,20250221,180000,5.245,5.3,5.21,5.3,8500,0
MIMI.US,60,20250221,190000,5.3396,5.34,5.3328,5.3328,1366,0
MIMI.US,60,20250221,200000,5.26,5.331,5.26,5.3084,700,0
MIMI.US,60,20250221,210000,5.27,5.34,5.2,5.2,18167,0
MIMI.US,60,20250221,220000,5.2133,5.2133,5.2133,5.2133,115,0
MIMI.US,60,20250224,160000,5.22,5.4,5.22,5.4,18608,0
MIMI.US,60,20250224,170000,5.3863,5.45,5.28,5.39,15994,0
MIMI.US,60,20250224,180000,5.4167,5.4167,5.35,5.385,7897,0
MIMI.US,60,20250224,190000,5.4,5.45,5.38,5.385,20597,0
MIMI.US,60,20250224,200000,5.41,5.6,5.4,5.6,11203,0
MIMI.US,60,20250224,210000,5.57,5.6,5.54,5.6,12463,0
MIMI.US,60,20250224,220000,5.5211,5.5465,5.16,5.38,38528,0
MIMI.US,60,20250225,160000,5.3,5.6,5.2262,5.6,14449,0
MIMI.US,60,20250225,170000,5.4,5.57,5.2033,5.38,11630,0
MIMI.US,60,20250225,180000,5.35,5.42,5.3,5.39,3115,0
MIMI.US,60,20250225,190000,5.4,5.4,5.4,5.4,3000,0
MIMI.US,60,20250225,200000,5.32,5.3695,5.25,5.31,2206,0
MIMI.US,60,20250225,210000,5.32,5.32,5.32,5.32,200,0
MIMI.US,60,20250225,220000,5.32,5.3862,5.27,5.3,2335,0
MIMI.US,60,20250226,160000,5.3,5.3778,5.2,5.3778,1246,0
MIMI.US,60,20250226,170000,5.21,5.351,5.2,5.295,1350,0
MIMI.US,60,20250226,180000,5.3485,5.3485,5.3485,5.3485,750,0
MIMI.US,60,20250226,190000,5.32,5.3564,5.15,5.23,3074,0
MIMI.US,60,20250226,200000,5.275,5.3499,5.2,5.2,3191,0
MIMI.US,60,20250226,210000,5.2,5.25,5.2,5.22,800,0
MIMI.US,60,20250226,220000,5.22,5.315,5.16,5.3,27295,0
MIMI.US,60,20250227,160000,5.33,5.33,5.1275,5.2,1450,0
MIMI.US,60,20250227,170000,5.21,5.21,4.62,5.08,5683,0
MIMI.US,60,20250227,180000,5.09,5.101,5.09,5.101,1100,0
MIMI.US,60,20250227,190000,5.2,5.2,5.1,5.17,3633,0
MIMI.US,60,20250227,200000,5.18,5.2,5.13,5.19,4838,0
MIMI.US,60,20250227,220000,5.19,5.19,5.15,5.1505,1071,0
MIMI.US,60,20250228,160000,5.24,5.24,5.05,5.18,3328,0
MIMI.US,60,20250228,170000,5.15,5.19,4.7501,5.15,9643,0
MIMI.US,60,20250228,180000,5.2821,5.3,5.15,5.3,3300,0
MIMI.US,60,20250228,190000,5.26,5.26,5.12,5.15,3940,0
MIMI.US,60,20250228,200000,5.1385,5.1385,5.1385,5.1385,100,0
MIMI.US,60,20250228,210000,5.17,5.283,5.16,5.283,1299,0
MIMI.US,60,20250228,220000,5.15,5.52,5.1157,5.515,56356,0
MIMI.US,60,20250303,160000,5.57,5.8,5.5,5.6232,10484,0
MIMI.US,60,20250303,170000,5.6375,5.7901,5.6375,5.74,3236,0
MIMI.US,60,20250303,180000,5.78,5.92,5.7273,5.87,11415,0
MIMI.US,60,20250303,190000,5.838,5.87,5.7,5.75,13724,0
MIMI.US,60,20250303,200000,5.71,5.75,5.54,5.5584,4113,0
MIMI.US,60,20250303,210000,5.51,5.5898,5.5,5.5898,2078,0
MIMI.US,60,20250303,220000,5.58,5.6,5.39,5.4,23084,0
MIMI.US,60,20250304,160000,5.59,5.59,5.39,5.39,5959,0
MIMI.US,60,20250304,170000,5.42,5.48,5.2,5.44,12412,0
MIMI.US,60,20250304,180000,5.41,5.445,5.36,5.445,6919,0
MIMI.US,60,20250304,190000,5.39,5.39,5.35,5.39,11722,0
MIMI.US,60,20250304,200000,5.4843,5.4843,5.315,5.41,17095,0
MIMI.US,60,20250304,210000,5.4351,5.4351,5.41,5.41,903,0
MIMI.US,60,20250305,160000,5.5,5.75,5.4943,5.6064,6503,0
MIMI.US,60,20250305,170000,5.67,5.713,5.5,5.7,27137,0
MIMI.US,60,20250305,180000,5.64,5.65,5.5,5.56,26241,0
MIMI.US,60,20250305,190000,5.6,5.65,5.5675,5.65,2626,0
MIMI.US,60,20250305,200000,5.65,5.7,5.5745,5.6821,6756,0
MIMI.US,60,20250305,210000,5.63,5.64,5.34,5.4,150178,0
MIMI.US,60,20250305,220000,5.45,5.6256,5.45,5.545,13530,0
MIMI.US,60,20250306,160000,5.6,5.62,5.46,5.62,11606,0
MIMI.US,60,20250306,170000,5.63,5.69,5.53,5.69,14681,0
MIMI.US,60,20250306,180000,5.665,5.68,5.61,5.61,1237,0
MIMI.US,60,20250306,190000,5.61,5.645,5.52,5.593,7382,0
MIMI.US,60,20250306,200000,5.59,5.59,5.51,5.51,5145,0
MIMI.US,60,20250306,210000,5.55,5.59,5.34,5.51,104575,0
MIMI.US,60,20250306,220000,5.46,5.5304,5.46,5.5304,9881,0
MIMI.US,60,20250307,160000,5.64,5.64,5.55,5.5879,2847,0
MIMI.US,60,20250307,170000,5.6,5.6,5.6,5.6,259,0
MIMI.US,60,20250307,180000,5.545,5.59,5.5,5.55,6613,0
MIMI.US,60,20250307,190000,5.53,5.55,5.47,5.49,3918,0
MIMI.US,60,20250307,200000,5.54,5.54,5.45,5.45,8661,0
MIMI.US,60,20250307,210000,5.5091,5.5091,5.37,5.37,87888,0
MIMI.US,60,20250307,220000,5.5135,5.55,5.39,5.42,16100,0
MIMI.US,60,20250310,150000,5.51,5.59,5.42,5.42,14961,0
MIMI.US,60,20250310,160000,5.46,5.55,5.38,5.5247,42059,0
MIMI.US,60,20250310,170000,5.51,5.55,5.4,5.4495,8946,0
MIMI.US,60,20250310,180000,5.48,5.49,5.4,5.4,614,0
MIMI.US,60,20250310,190000,5.445,5.445,5.4,5.4,470,0
MIMI.US,60,20250310,200000,5.4799,5.49,5.42,5.48,16709,0
MIMI.US,60,20250310,210000,5.46,5.49,5.42,5.49,17836,0
MIMI.US,60,20250311,150000,5.55,5.55,5.42,5.42,5633,0
MIMI.US,60,20250311,160000,5.45,5.5378,5.4,5.45,13782,0
MIMI.US,60,20250311,170000,5.425,5.45,5.35,5.42,12420,0
MIMI.US,60,20250311,180000,5.42,5.46,5.36,5.4051,19734,0
MIMI.US,60,20250311,190000,5.46,5.46,5.4,5.46,8100,0
MIMI.US,60,20250311,200000,5.43,5.46,5.4,5.45,4361,0
MIMI.US,60,20250311,210000,5.45,5.7,5.4401,5.7,24151,0
MIMI.US,60,20250312,150000,5.7,5.7,5.5,5.61,10841,0
MIMI.US,60,20250312,160000,5.63,5.67,5.58,5.61,4355,0
MIMI.US,60,20250312,170000,5.57,5.625,5.57,5.625,5000,0
MIMI.US,60,20250312,180000,5.6999,5.7,5.5692,5.6733,9523,0
MIMI.US,60,20250312,190000,5.7,5.71,5.64,5.655,12155,0
MIMI.US,60,20250312,200000,5.65,5.69,5.55,5.55,10593,0
MIMI.US,60,20250312,210000,5.63,5.64,5.45,5.55,21998,0
MIMI.US,60,20250313,150000,5.59,5.685,5.5259,5.59,2747,0
MIMI.US,60,20250313,160000,5.58,5.63,5.57,5.6001,6589,0
MIMI.US,60,20250313,170000,5.595,5.6299,5.5,5.52,13683,0
MIMI.US,60,20250313,180000,5.59,5.6,5.5406,5.59,5039,0
MIMI.US,60,20250313,190000,5.5913,5.68,5.58,5.67,8658,0
MIMI.US,60,20250313,200000,5.66,5.66,5.57,5.64,2664,0
MIMI.US,60,20250313,210000,5.64,5.66,5.5677,5.66,2200,0
MIMI.US,60,20250314,150000,5.6,5.71,5.6,5.6001,9242,0
MIMI.US,60,20250314,160000,5.69,5.7,5.65,5.69,6737,0
MIMI.US,60,20250314,170000,5.7,5.8,5.6509,5.7324,12134,0
MIMI.US,60,20250314,180000,5.79,5.79,5.6601,5.72,10340,0
MIMI.US,60,20250314,190000,5.73,5.73,5.6867,5.7,2777,0
MIMI.US,60,20250314,200000,5.72,5.74,5.7,5.7048,1729,0
MIMI.US,60,20250314,210000,5.71,5.74,5.515,5.615,60429,0
MIMI.US,60,20250317,150000,5.72,5.86,5.65,5.8,21462,0
MIMI.US,60,20250317,160000,5.77,5.9,5.75,5.8872,26106,0
MIMI.US,60,20250317,170000,5.8765,5.95,5.85,5.94,21599,0
MIMI.US,60,20250317,180000,5.948,5.98,5.91,5.95,34511,0
MIMI.US,60,20250317,190000,5.9305,5.98,5.915,5.915,5479,0
MIMI.US,60,20250317,200000,5.8873,5.98,5.8873,5.95,7123,0
MIMI.US,60,20250317,210000,5.9301,5.98,5.59,5.75,137647,0
MIMI.US,60,20250318,150000,5.85,5.9799,5.7952,5.8,5795,0
MIMI.US,60,20250318,160000,5.7275,5.8099,5.716,5.76,13972,0
MIMI.US,60,20250318,170000,5.862,5.862,5.72,5.7904,7414,0
MIMI.US,60,20250318,180000,5.72,5.7943,5.71,5.71,3898,0
MIMI.US,60,20250318,190000,5.71,5.715,5.63,5.67,35850,0
MIMI.US,60,20250318,200000,5.635,5.68,5.53,5.62,36397,0
MIMI.US,60,20250318,210000,5.6671,5.7,5.6,5.63,36226,0
MIMI.US,60,20250319,150000,5.71,5.805,5.71,5.74,1215,0
MIMI.US,60,20250319,160000,5.7,5.7948,5.7,5.73,6802,0
MIMI.US,60,20250319,170000,5.7587,5.82,5.74,5.82,9376,0
MIMI.US,60,20250319,180000,5.8855,5.89,5.77,5.861,4254,0
MIMI.US,60,20250319,190000,5.83,5.86,5.8,5.8,1400,0
MIMI.US,60,20250319,200000,5.815,5.86,5.8,5.86,6314,0
MIMI.US,60,20250319,210000,5.86,5.86,5.77,5.82,10689,0
MIMI.US,60,20250320,150000,5.79,5.86,5.75,5.8418,7184,0
MIMI.US,60,20250320,160000,5.7501,5.89,5.71,5.765,73582,0
MIMI.US,60,20250320,170000,5.77,5.8888,5.7099,5.8699,6832,0
MIMI.US,60,20250320,180000,5.8193,5.86,5.75,5.85,5496,0
MIMI.US,60,20250320,190000,5.828,5.8689,5.81,5.81,2200,0
MIMI.US,60,20250320,200000,5.82,5.8523,5.6,5.74,69515,0
MIMI.US,60,20250320,210000,5.765,5.8485,5.62,5.66,5839,0
MIMI.US,60,20250321,150000,5.66,5.9,5.66,5.77,5404,0
MIMI.US,60,20250321,160000,5.77,5.84,5.7,5.74,16793,0
MIMI.US,60,20250321,170000,5.74,5.7999,5.7,5.77,10121,0
MIMI.US,60,20250321,180000,5.822,5.84,5.77,5.84,7661,0
MIMI.US,60,20250321,190000,5.7815,5.88,5.78,5.835,11071,0
MIMI.US,60,20250321,200000,5.84,5.87,5.8,5.86,4652,0
MIMI.US,60,20250321,210000,5.82,5.8602,5.575,5.7,73331,0
MIMI.US,60,20250324,150000,5.84,5.9,5.7778,5.88,14693,0
MIMI.US,60,20250324,160000,5.776,5.8299,5.75,5.8288,10869,0
MIMI.US,60,20250324,170000,5.79,5.8599,5.79,5.8484,7275,0
MIMI.US,60,20250324,180000,5.835,5.85,5.78,5.7981,11917,0
MIMI.US,60,20250324,190000,5.8,5.8438,5.7999,5.8203,6900,0
MIMI.US,60,20250324,200000,5.8423,5.85,5.78,5.8112,6296,0
MIMI.US,60,20250324,210000,5.7805,6.04,5.6,6.02,203035,0
MIMI.US,60,20250325,150000,6.03,6.051,5.95,6.0394,42893,0
MIMI.US,60,20250325,160000,6.0392,6.04,5.96,6.033,7843,0
MIMI.US,60,20250325,170000,6.0202,6.03,5.9684,5.99,4260,0
MIMI.US,60,20250325,180000,5.98,6.02,5.98,6.02,6701,0
MIMI.US,60,20250325,190000,6.015,6.03,5.95,5.985,23377,0
MIMI.US,60,20250325,200000,6,6.03,5.95,6.02,7637,0
MIMI.US,60,20250325,210000,5.98,6.01,5.66,6.01,273703,0
MIMI.US,60,20250326,150000,6,6,5.82,5.9,20042,0
MIMI.US,60,20250326,160000,5.916,5.98,5.82,5.93,24506,0
MIMI.US,60,20250326,170000,5.93,5.93,5.7,5.84,29798,0
MIMI.US,60,20250326,180000,5.85,5.875,5.8,5.84,9876,0
MIMI.US,60,20250326,190000,5.83,5.8981,5.83,5.85,5942,0
MIMI.US,60,20250326,200000,5.87,6.22,5.87,6.1994,554834,0
MIMI.US,60,20250326,210000,6.2,6.33,6.03,6.19,104537,0
MIMI.US,60,20250327,150000,6.09,6.15,5.94,6.08,49590,0
MIMI.US,60,20250327,160000,6.0501,6.09,6,6.0002,39116,0
MIMI.US,60,20250327,170000,6,6.15,5.91,6.1,59614,0
MIMI.US,60,20250327,180000,6.01,6.29,6.01,6.2,115690,0
MIMI.US,60,20250327,190000,6.2,6.2,6.0683,6.125,4229,0
MIMI.US,60,20250327,200000,6.125,6.2,6.101,6.135,12350,0
MIMI.US,60,20250327,210000,6.12,6.145,6.05,6.0553,7622,0
MIMI.US,60,20250328,150000,6.01,6.11,6.01,6.0358,7551,0
MIMI.US,60,20250328,160000,6.08,6.14,6.01,6.05,25708,0
MIMI.US,60,20250328,170000,6.0101,6.08,6.0101,6.08,4155,0
MIMI.US,60,20250328,180000,6.08,6.08,6.0211,6.0494,1766,0
MIMI.US,60,20250328,190000,6.02,6.05,6.02,6.02,602,0
MIMI.US,60,20250328,200000,6.025,6.05,5.92,6.04,48038,0
MIMI.US,60,20250328,210000,6.05,6.25,5.07,5.34,347694,0
MIMI.US,60,20250331,160000,5.44,5.44,5.1734,5.3745,3251,0
MIMI.US,60,20250331,170000,5.309,5.32,5.17,5.17,16654,0
MIMI.US,60,20250331,180000,5.15,5.17,4.95,5.075,29681,0
MIMI.US,60,20250331,190000,5.03,5.175,5.03,5.15,2782,0
MIMI.US,60,20250331,200000,5.2,5.31,5.11,5.27,10200,0
MIMI.US,60,20250331,220000,5.36,5.36,5.05,5.07,9209,0
MIMI.US,60,20250401,160000,5.22,5.22,5.12,5.17,5066,0
MIMI.US,60,20250401,170000,5.1054,5.1054,4.8,4.85,18697,0
MIMI.US,60,20250401,180000,4.88,4.9,4.4228,4.58,6935,0
MIMI.US,60,20250401,190000,4.485,4.49,4.1501,4.3368,2852,0
MIMI.US,60,20250401,200000,4.45,4.45,4.45,4.45,596,0
MIMI.US,60,20250401,210000,4.3135,4.3135,4.3135,4.3135,700,0
MIMI.US,60,20250401,220000,4.3,4.35,4.1364,4.29,15845,0
MIMI.US,60,20250402,160000,4.15,4.1626,3.81,3.9,18827,0
MIMI.US,60,20250402,170000,3.82,4.1503,3.36,4.1,44766,0
MIMI.US,60,20250402,180000,4.05,4.0901,3.5,4.05,413918,0
MIMI.US,60,20250402,190000,4.08,4.08,3.94,3.99,9376,0
MIMI.US,60,20250402,200000,3.86,3.9999,3.85,3.9999,11520,0
MIMI.US,60,20250402,210000,3.95,3.9999,3.935,3.97,2660,0
MIMI.US,60,20250402,220000,3.89,3.98,3.88,3.98,471,0
MIMI.US,60,20250403,160000,4.06,4.06,4.025,4.04,1400,0
MIMI.US,60,20250403,170000,3.9,4.1,3.9,4.1,3550,0
MIMI.US,60,20250403,180000,4.04,4.2,4.03,4.2,2158,0
MIMI.US,60,20250403,190000,4.18,4.5169,4.15,4.19,6592,0
MIMI.US,60,20250403,200000,4.19,4.28,4.165,4.165,2040,0
MIMI.US,60,20250403,210000,4.16,4.3749,4.13,4.1911,5500,0
MIMI.US,60,20250403,220000,4.26,4.3,4.11,4.11,4100,0
MIMI.US,60,20250404,160000,4.13,4.225,4.02,4.225,1368,0
MIMI.US,60,20250404,170000,4.2,4.21,4.14,4.19,1690,0
MIMI.US,60,20250404,180000,4.26,4.26,4.2,4.2,500,0
MIMI.US,60,20250404,190000,4.21,4.21,4.125,4.125,1393,0
MIMI.US,60,20250404,200000,4.16,4.2447,3.9,4.1,13995,0
MIMI.US,60,20250404,210000,4.1,4.1,3.9,3.9,5271,0
MIMI.US,60,20250404,220000,4.01,4.0691,3.92,3.94,5152,0
MIMI.US,60,20250407,160000,3.93,3.93,3.93,3.93,283,0
MIMI.US,60,20250407,170000,3.99,3.99,3.8614,3.9,1095,0
MIMI.US,60,20250407,180000,3.86,3.86,3.86,3.86,500,0
MIMI.US,60,20250407,190000,3.845,3.845,3.8,3.81,2921,0
MIMI.US,60,20250407,200000,3.7,3.71,3.66,3.66,11412,0
MIMI.US,60,20250407,210000,3.6,3.7582,3.6,3.62,10938,0
MIMI.US,60,20250407,220000,3.61,3.64,3.55,3.58,17350,0
MIMI.US,60,20250408,170000,3.85,3.85,3.8,3.81,1500,0
MIMI.US,60,20250408,180000,3.77,3.85,3.75,3.75,548,0
MIMI.US,60,20250408,190000,3.75,3.75,3.75,3.75,100,0
MIMI.US,60,20250408,210000,3.76,3.76,3.76,3.76,100,0
MIMI.US,60,20250408,220000,3.75,3.76,3.7,3.7,4166,0
MIMI.US,60,20250409,160000,3.722,3.722,3.722,3.722,100,0
MIMI.US,60,20250409,170000,3.74,3.82,3.72,3.72,2200,0
MIMI.US,60,20250409,180000,3.71,3.8,3.61,3.8,8388,0
MIMI.US,60,20250409,190000,3.75,3.78,3.75,3.78,200,0
MIMI.US,60,20250409,210000,3.81,3.81,3.81,3.81,100,0
MIMI.US,60,20250409,220000,4.03,4.03,3.7,3.7,3432,0
MIMI.US,60,20250410,170000,3.8,3.8,3.8,3.8,100,0
MIMI.US,60,20250410,180000,3.73,3.94,3.73,3.94,908,0
MIMI.US,60,20250410,190000,3.73,3.81,3.73,3.8,700,0
MIMI.US,60,20250410,200000,3.91,3.91,3.77,3.89,1600,0
MIMI.US,60,20250410,210000,3.8,4.2,3.68,4.09,61682,0
MIMI.US,60,20250410,220000,3.98,4.145,3.9505,4.07,20446,0
MIMI.US,60,20250411,160000,3.95,4.08,3.88,4.03,7000,0
MIMI.US,60,20250411,170000,4.04,4.05,3.91,3.91,3900,0
MIMI.US,60,20250411,180000,3.98,4,3.98,4,3200,0
MIMI.US,60,20250411,190000,4.025,4.025,4.025,4.025,100,0
MIMI.US,60,20250411,200000,3.955,3.955,3.955,3.955,100,0
MIMI.US,60,20250411,210000,3.95,3.99,3.5,3.9595,43850,0
MIMI.US,60,20250411,220000,3.96,3.99,3.95,3.99,2697,0
MIMI.US,60,20250414,160000,3.75,3.88,3.6859,3.86,4984,0
MIMI.US,60,20250414,170000,3.93,3.93,3.93,3.93,300,0
MIMI.US,60,20250414,180000,3.93,3.94,3.93,3.94,300,0
MIMI.US,60,20250414,190000,4.04,4.04,3.92,3.99,4531,0
MIMI.US,60,20250414,200000,3.955,3.97,3.955,3.97,200,0
MIMI.US,60,20250414,210000,4.01,4.01,3.94,3.94,1000,0
MIMI.US,60,20250414,220000,3.99,4.1,3.98,4.04,12007,0
MIMI.US,60,20250415,170000,3.97,3.97,3.82,3.97,3283,0
MIMI.US,60,20250415,180000,3.81,3.96,3.81,3.96,300,0
MIMI.US,60,20250415,190000,4,4.13,4,4.05,2873,0
MIMI.US,60,20250415,200000,4.07,4.07,4,4,1000,0
MIMI.US,60,20250415,210000,4.13,4.13,4.13,4.13,700,0
MIMI.US,60,20250415,220000,4.02,4.02,4.01,4.02,800,0
MIMI.US,60,20250416,180000,3.9339,4.01,3.9339,4.01,669,0
MIMI.US,60,20250416,190000,4.03,4.06,3.98,4.06,3019,0
MIMI.US,60,20250416,200000,4.03,4.04,4.03,4.04,2100,0
MIMI.US,60,20250416,220000,4.01,4.05,4,4.05,902,0
MIMI.US,60,20250417,170000,3.98,3.98,3.98,3.98,300,0
MIMI.US,60,20250417,180000,3.9496,3.9496,3.9496,3.9496,300,0
MIMI.US,60,20250417,220000,3.99,4.01,3.95,3.95,1000,0
MIMI.US,60,20250421,160000,3.91,3.91,3.91,3.91,193,0
MIMI.US,60,20250421,170000,3.91,3.91,3.91,3.91,200,0
MIMI.US,60,20250421,180000,3.96,4.0333,3.908,4.03,3822,0
MIMI.US,60,20250421,190000,3.98,3.98,3.94,3.94,300,0
MIMI.US,60,20250421,200000,3.94,4.12,3.94,3.995,2086,0
MIMI.US,60,20250421,210000,3.99,4.17,3.93,4.05,7920,0
MIMI.US,60,20250421,220000,3.97,4.13,3.95,3.95,3422,0
MIMI.US,60,20250422,160000,3.92,4.07,3.92,4.07,1876,0
MIMI.US,60,20250422,180000,4.1,4.32,4.0599,4.31,11451,0
MIMI.US,60,20250422,190000,4.395,4.6032,4.215,4.2605,25715,0
MIMI.US,60,20250422,200000,4.27,4.28,4.2,4.205,1501,0
MIMI.US,60,20250422,210000,4.12,4.12,4.12,4.12,400,0
MIMI.US,60,20250422,220000,4.11,4.12,4.1,4.1,4572,0
MIMI.US,60,20250423,160000,4.25,4.4,4.17,4.195,10026,0
MIMI.US,60,20250423,170000,4.21,4.21,4.13,4.13,496,0
MIMI.US,60,20250423,180000,4.17,4.17,4.135,4.135,200,0
MIMI.US,60,20250423,190000,4.16,4.16,4.16,4.16,100,0
MIMI.US,60,20250423,200000,4.1,4.2473,4.1,4.2473,200,0
MIMI.US,60,20250423,210000,4.14,4.2,4.14,4.2,700,0
MIMI.US,60,20250423,220000,4.16,4.16,4.15,4.15,400,0
MIMI.US,60,20250424,170000,4.2,4.36,4.2,4.24,4825,0
MIMI.US,60,20250424,180000,4.2,4.24,4.2,4.24,1097,0
MIMI.US,60,20250424,190000,4.3,4.3,4.18,4.2,2150,0
MIMI.US,60,20250424,200000,4.25,4.26,4.25,4.25,1495,0
MIMI.US,60,20250424,210000,4.3434,4.3434,4.3434,4.3434,100,0
MIMI.US,60,20250424,220000,4.2,4.2,4.2,4.2,270,0
MIMI.US,60,20250425,160000,4.3501,4.3501,4.16,4.16,2300,0
MIMI.US,60,20250425,170000,4.18,4.31,4.17,4.31,8103,0
MIMI.US,60,20250425,180000,4.31,4.3194,4.13,4.16,5454,0
MIMI.US,60,20250425,190000,4.22,4.22,4.22,4.22,600,0
MIMI.US,60,20250425,200000,4.16,4.17,4.03,4.09,3316,0
MIMI.US,60,20250425,210000,4.09,4.2,4.05,4.08,2959,0
MIMI.US,60,20250425,220000,4.04,4.15,4.04,4.04,1900,0
MIMI.US,60,20250428,160000,4.22,4.295,4.22,4.25,532,0
MIMI.US,60,20250428,170000,4.11,4.3,4.11,4.13,3270,0
MIMI.US,60,20250428,180000,4.18,4.275,4.1,4.21,4649,0
MIMI.US,60,20250428,190000,4.22,4.275,4.11,4.2,3263,0
MIMI.US,60,20250428,200000,4.14,4.18,4.14,4.175,2400,0
MIMI.US,60,20250428,210000,4.12,4.14,4.12,4.14,400,0
MIMI.US,60,20250428,220000,4.1,4.1761,4.07,4.1761,2243,0
MIMI.US,60,20250429,160000,4.2,4.23,4.2,4.23,900,0
MIMI.US,60,20250429,170000,4.26,4.28,4.03,4.075,22152,0
MIMI.US,60,20250429,180000,4.14,4.14,4.04,4.14,900,0
MIMI.US,60,20250429,200000,4.14,4.2,4.12,4.15,1776,0
MIMI.US,60,20250429,210000,4.115,4.115,4.06,4.06,400,0
MIMI.US,60,20250429,220000,4.06,4.13,3.9,4.05,3165,0
MIMI.US,60,20250430,180000,4,4.1,4,4.09,4118,0
MIMI.US,60,20250430,190000,4.01,4.03,4,4,1866,0
MIMI.US,60,20250430,210000,4.036,4.036,3.91,3.91,200,0
MIMI.US,60,20250430,220000,3.91,4.02,3.91,3.98,2029,0
MIMI.US,60,20250501,160000,3.91,3.99,3.71,3.99,5766,0
MIMI.US,60,20250501,170000,3.91,4.05,3.9,4.05,36824,0
MIMI.US,60,20250501,180000,3.95,4.06,3.93,4.06,5835,0
MIMI.US,60,20250501,190000,4.2,4.2,4.01,4.01,457,0
MIMI.US,60,20250501,200000,4,4.01,4,4.01,200,0
MIMI.US,60,20250501,210000,4.02,4.04,4.005,4.04,1000,0
MIMI.US,60,20250501,220000,4.06,4.19,3.9992,4,3857,0
MIMI.US,60,20250502,170000,3.97,4.25,3.82,3.9,15274,0
MIMI.US,60,20250502,180000,3.9,4.09,3.9,4,4552,0
MIMI.US,60,20250502,190000,4.01,4.05,3.96,3.96,700,0
MIMI.US,60,20250502,200000,3.93,3.98,3.93,3.94,400,0
MIMI.US,60,20250502,210000,3.98,4.05,3.91,3.965,3099,0
MIMI.US,60,20250502,220000,4.05,4.05,3.91,3.91,2058,0
MIMI.US,60,20250505,160000,3.9,4.19,3.9,4.02,6269,0
MIMI.US,60,20250505,170000,3.96,4.151,3.96,4.09,6190,0
MIMI.US,60,20250505,180000,4.09,4.09,3.94,4.08,4636,0
MIMI.US,60,20250505,190000,4.19,4.19,4.18,4.18,420,0
MIMI.US,60,20250505,200000,4.09,4.145,4.09,4.1,2927,0
MIMI.US,60,20250505,210000,4.1286,4.14,4.06,4.06,2952,0
MIMI.US,60,20250505,220000,4.15,4.15,4.05,4.05,11520,0
MIMI.US,60,20250506,160000,3.99,4.2,3.99,4.1,3510,0
MIMI.US,60,20250506,170000,4.09,4.1,3.76,3.76,4392,0
MIMI.US,60,20250506,180000,4.02,4.12,4.02,4.1,7388,0
MIMI.US,60,20250506,190000,4.13,4.15,4.09,4.11,3839,0
MIMI.US,60,20250506,200000,4.11,4.11,4.11,4.11,100,0
MIMI.US,60,20250506,210000,4.11,4.1104,3.81,4,16606,0
MIMI.US,60,20250506,220000,4,4.02,3.84,4.02,1901,0
MIMI.US,60,20250507,170000,3.89,3.89,3.89,3.89,100,0
MIMI.US,60,20250507,180000,4.04,4.32,4.04,4.11,30528,0
MIMI.US,60,20250507,190000,4.1326,4.1326,4.05,4.06,3254,0
MIMI.US,60,20250507,200000,4.09,4.09,4.05,4.05,2323,0
MIMI.US,60,20250507,210000,4.12,4.12,4.12,4.12,439,0
MIMI.US,60,20250507,220000,4.12,4.12,4.05,4.05,2676,0
MIMI.US,60,20250508,160000,4.1222,4.36,4.07,4.36,1800,0
MIMI.US,60,20250508,170000,4.2,4.2,4.1,4.1,3000,0
MIMI.US,60,20250508,180000,4.13,4.34,4.1,4.13,6963,0
MIMI.US,60,20250508,190000,4.26,4.39,4.14,4.21,21141,0
MIMI.US,60,20250508,210000,4.21,4.21,4.18,4.19,1400,0
MIMI.US,60,20250508,220000,4.2,4.446,4.18,4.2,11364,0
MIMI.US,60,20250509,170000,4.2,4.3,4.18,4.2353,3612,0
MIMI.US,60,20250509,180000,4.3492,4.37,4.22,4.22,12783,0
MIMI.US,60,20250509,200000,4.22,4.22,4.22,4.22,100,0
MIMI.US,60,20250509,210000,4.3138,4.3177,4.31,4.31,900,0
MIMI.US,60,20250509,220000,4.31,4.5,4.22,4.405,23463,0
MIMI.US,60,20250512,160000,4.5922,4.7,4.5922,4.7,2708,0
MIMI.US,60,20250512,170000,4.61,4.77,4.6,4.62,1192,0
MIMI.US,60,20250512,180000,4.67,4.67,4.64,4.65,1218,0
MIMI.US,60,20250512,190000,4.62,4.62,4.62,4.62,100,0
MIMI.US,60,20250512,200000,4.62,4.685,4.62,4.685,1700,0
MIMI.US,60,20250512,210000,4.7,4.7,4.7,4.7,968,0
MIMI.US,60,20250512,220000,4.7,4.8,4.62,4.62,5921,0
MIMI.US,60,20250513,160000,4.8,4.955,4.8,4.945,1200,0
MIMI.US,60,20250513,170000,4.8019,4.81,4.74,4.8,4277,0
MIMI.US,60,20250513,180000,4.82,4.9485,4.8,4.8,1987,0
MIMI.US,60,20250513,190000,4.82,4.84,4.82,4.82,1840,0
MIMI.US,60,20250513,200000,4.81,4.81,4.81,4.81,200,0
MIMI.US,60,20250513,210000,4.82,4.91,4.81,4.91,3000,0
MIMI.US,60,20250513,220000,4.91,4.92,4.86,4.92,1235,0
MIMI.US,60,20250514,160000,4.9,4.9,4.7,4.806,1006,0
MIMI.US,60,20250514,170000,4.72,4.85,4.71,4.85,500,0
MIMI.US,60,20250514,180000,4.7172,4.855,4.68,4.7237,5175,0
MIMI.US,60,20250514,190000,4.7004,4.8403,4.2,4.8403,12356,0
MIMI.US,60,20250514,210000,4.6598,4.67,4.6,4.65,1400,0
MIMI.US,60,20250514,220000,4.6,4.63,4.51,4.51,2921,0
MIMI.US,60,20250515,170000,4.6394,4.65,4.6,4.65,3725,0
MIMI.US,60,20250515,180000,4.8579,4.8579,4.745,4.76,2100,0
MIMI.US,60,20250515,190000,4.815,5.09,4.815,5,80247,0
MIMI.US,60,20250515,200000,5,5.27,4.935,5.17,44687,0
MIMI.US,60,20250515,210000,5.08,5.22,5.08,5.22,2299,0
MIMI.US,60,20250515,220000,5.25,5.28,5.18,5.19,6648,0
MIMI.US,60,20250516,160000,5.2,5.2,5.2,5.2,150,0
MIMI.US,60,20250516,170000,5.21,5.36,5.2001,5.36,1751,0
MIMI.US,60,20250516,180000,5.4,5.4,5.3,5.3,5460,0
MIMI.US,60,20250516,190000,5.25,5.3,5.2,5.2,13607,0
MIMI.US,60,20250516,210000,5.2,5.2,5.12,5.12,2151,0
MIMI.US,60,20250516,220000,5.12,5.12,5,5,531,0
MIMI.US,60,20250519,160000,5,5,5,5,229,0
MIMI.US,60,20250519,180000,5.27,5.35,5.05,5.2,4388,0
MIMI.US,60,20250519,190000,5.2,5.21,5.2,5.21,600,0
MIMI.US,60,20250519,200000,5.23,5.29,5.2,5.29,3300,0
MIMI.US,60,20250519,210000,5.29,5.29,5.29,5.29,758,0
MIMI.US,60,20250519,220000,5.29,5.4708,5.29,5.4708,346,0
MIMI.US,60,20250520,160000,5.45,5.5,5.375,5.375,2626,0
MIMI.US,60,20250520,180000,5.25,5.3,5.23,5.3,2610,0
MIMI.US,60,20250520,200000,5.3,5.325,5.3,5.325,1016,0
MIMI.US,60,20250520,220000,5.2915,5.37,5.2245,5.37,2575,0
MIMI.US,60,20250521,170000,5.24,5.37,5.24,5.37,840,0
MIMI.US,60,20250521,180000,5.37,5.37,5.37,5.37,641,0
MIMI.US,60,20250521,190000,5.245,5.245,5.245,5.245,193,0
MIMI.US,60,20250521,200000,5.25,5.25,5.25,5.25,326,0
MIMI.US,60,20250521,210000,5.28,5.28,5.28,5.28,497,0
MIMI.US,60,20250521,220000,5.25,5.25,5.2,5.2,2812,0
MIMI.US,60,20250522,170000,5.05,5.05,5.05,5.05,100,0
MIMI.US,60,20250522,200000,5.07,5.07,5.07,5.07,500,0
MIMI.US,60,20250522,220000,5.08,5.19,5.08,5.19,2101,0
MIMI.US,60,20250523,170000,5.09,5.09,5.09,5.09,100,0
MIMI.US,60,20250523,180000,5.25,5.25,5.25,5.25,103,0
MIMI.US,60,20250523,190000,5.19,5.19,5.19,5.19,100,0
MIMI.US,60,20250523,210000,5.18,5.18,5.18,5.18,100,0
MIMI.US,60,20250523,220000,5.17,5.17,5.15,5.16,511,0
MIMI.US,60,20250527,160000,5.17,5.17,5.1007,5.1007,856,0
MIMI.US,60,20250527,170000,5.2,5.2,5.12,5.12,200,0
MIMI.US,60,20250527,180000,5.12,5.305,5.12,5.12,300,0
MIMI.US,60,20250527,190000,5.1531,5.1531,5.12,5.12,700,0
MIMI.US,60,20250527,210000,5.11,5.28,5.1,5.102,2003,0
MIMI.US,60,20250527,220000,5.08,5.08,5.07,5.07,200,0
MIMI.US,60,20250528,160000,5.16,5.5,5.1302,5.3932,81749,0
MIMI.US,60,20250528,170000,5.33,5.59,5.25,5.56,197051,0
MIMI.US,60,20250528,180000,5.56,5.6,5.35,5.495,93598,0
MIMI.US,60,20250528,190000,5.45,5.58,5.21,5.23,419866,0
MIMI.US,60,20250528,200000,5.23,5.33,5.06,5.08,2295934,0
MIMI.US,60,20250528,210000,5.0891,5.48,5.08,5.35,349381,0
MIMI.US,60,20250528,220000,5.35,5.42,5.3,5.33,58688,0
MIMI.US,60,20250529,160000,5.35,5.3786,5.25,5.29,151836,0
MIMI.US,60,20250529,170000,5.29,5.55,5.26,5.47,312792,0
MIMI.US,60,20250529,180000,5.4616,5.56,5.16,5.525,950154,0
MIMI.US,60,20250529,190000,5.51,5.55,5.46,5.4801,102401,0
MIMI.US,60,20250529,200000,5.5251,5.56,5.51,5.5496,102680,0
MIMI.US,60,20250529,210000,5.535,5.56,5.5,5.53,104327,0
MIMI.US,60,20250529,220000,5.5,5.53,5.42,5.48,184793,0
MIMI.US,60,20250530,160000,5.54,5.54,5.3845,5.41,120472,0
MIMI.US,60,20250530,170000,5.415,5.56,5.38,5.55,117121,0
MIMI.US,60,20250530,180000,5.55,5.6,5.531,5.585,221160,0
MIMI.US,60,20250530,190000,5.58,5.6,5.46,5.5055,114979,0
MIMI.US,60,20250530,200000,5.5019,5.55,5.5,5.525,17725,0
MIMI.US,60,20250530,210000,5.54,5.55,5.5,5.5,60262,0
MIMI.US,60,20250530,220000,5.5193,5.8699,5.5,5.77,662262,0
MIMI.US,60,20250602,160000,5.89,5.93,5.8,5.89,379987,0
MIMI.US,60,20250602,170000,5.88,5.89,5.8,5.8,281569,0
MIMI.US,60,20250602,180000,5.8,5.83,5.8,5.82,107436,0
MIMI.US,60,20250602,190000,5.825,5.85,5.8,5.8,654502,0
MIMI.US,60,20250602,200000,5.82,5.85,5.8,5.83,45070,0
MIMI.US,60,20250602,210000,5.82,5.85,5.81,5.82,20895,0
MIMI.US,60,20250602,220000,5.82,5.93,5.75,5.91,439743,0
MIMI.US,60,20250603,160000,5.91,5.91,5.69,5.9,237928,0
MIMI.US,60,20250603,170000,5.9,5.9001,5.8101,5.8306,46483,0
MIMI.US,60,20250603,180000,5.86,5.87,5.8,5.84,33435,0
MIMI.US,60,20250603,190000,5.84,5.85,5.77,5.82,41237,0
MIMI.US,60,20250603,200000,5.82,5.85,5.81,5.845,10746,0
MIMI.US,60,20250603,210000,5.85,5.854,5.81,5.8207,14574,0
MIMI.US,60,20250603,220000,5.8207,5.98,5.82,5.84,406882,0
MIMI.US,60,20250604,160000,5.92,5.94,5.84,5.87,90727,0
MIMI.US,60,20250604,170000,5.88,5.88,5.81,5.82,126964,0
MIMI.US,60,20250604,180000,5.82,5.85,5.81,5.845,33324,0
MIMI.US,60,20250604,190000,5.8488,5.85,5.82,5.85,24105,0
MIMI.US,60,20250604,200000,5.85,5.85,5.83,5.85,7133,0
MIMI.US,60,20250604,210000,5.86,5.87,5.845,5.87,12908,0
MIMI.US,60,20250604,220000,5.85,5.85,5.79,5.79,68504,0
MIMI.US,60,20250605,160000,5.85,5.85,5.77,5.82,37852,0
MIMI.US,60,20250605,170000,5.81,5.82,5.5,5.74,193259,0
MIMI.US,60,20250605,180000,5.745,5.85,5.745,5.77,43497,0
MIMI.US,60,20250605,190000,5.8,5.8,5.65,5.7,24379,0
MIMI.US,60,20250605,200000,5.705,5.75,5.61,5.72,21083,0
MIMI.US,60,20250605,210000,5.69,5.745,5.65,5.67,44494,0
MIMI.US,60,20250605,220000,5.68,6.05,5.63,5.97,239900,0
MIMI.US,60,20250606,160000,6,6.07,5.9,5.9025,41046,0
MIMI.US,60,20250606,170000,5.9035,5.95,5.9,5.9334,24212,0
MIMI.US,60,20250606,180000,5.94,6,5.92,5.9955,27647,0
MIMI.US,60,20250606,190000,6,6.03,5.9532,5.9951,37357,0
MIMI.US,60,20250606,200000,5.9636,6.02,5.9636,6.02,9166,0
MIMI.US,60,20250606,210000,6,6.03,6,6.02,8781,0
MIMI.US,60,20250606,220000,6.03,6.1,6,6.09,100637,0
MIMI.US,60,20250609,160000,6.09,6.09,6.0149,6.04,57468,0
MIMI.US,60,20250609,170000,6.07,6.15,6.0501,6.142623,62933,0
MIMI.US,60,20250609,180000,6.14,6.15,6.1035,6.13,9726,0
MIMI.US,60,20250609,190000,6.115,6.13,6.1,6.104247,3657,0
MIMI.US,60,20250609,200000,6.1242,6.1242,6.09,6.0924,8707,0
MIMI.US,60,20250609,210000,6.1164,6.15,6.09,6.15,19741,0
MIMI.US,60,20250609,220000,6.12,6.19,6.09,6.14,73862,0
MIMI.US,60,20250610,160000,6.23,6.3,6.2105,6.27,125172,0
MIMI.US,60,20250610,170000,6.25,6.27,6.12,6.12,210649,0
MIMI.US,60,20250610,180000,6.125,6.147352,6.1,6.1088,81353,0
MIMI.US,60,20250610,190000,6.1,6.2,6.1,6.1953,34424,0
MIMI.US,60,20250610,200000,6.185,6.35,6.01,6.25,1751541,0
MIMI.US,60,20250610,210000,6.24722,6.34,6.2,6.3038,46719,0
MIMI.US,60,20250610,220000,6.3,6.4,6.3,6.39,50511,0
MIMI.US,60,20250611,160000,6.42,6.5,6.39,6.44,73523,0
MIMI.US,60,20250611,170000,6.435,6.44,6.33,6.3861,115200,0
MIMI.US,60,20250611,180000,6.35,6.3899,6.32,6.357626,50573,0
MIMI.US,60,20250611,190000,6.36,6.4,6.34,6.38,32354,0
MIMI.US,60,20250611,200000,6.3881,6.46,6.3212,6.3506,493730,0
MIMI.US,60,20250611,210000,6.4166,6.43,6.36,6.43,22936,0
MIMI.US,60,20250611,220000,6.43,6.43,6.36,6.36,39742,0
MIMI.US,60,20250612,160000,6.4,6.45,6.275,6.45,102305,0
MIMI.US,60,20250612,170000,6.41,6.7,6.4092,6.5101,151366,0
MIMI.US,60,20250612,180000,6.5999,6.6,6.51,6.53,22981,0
MIMI.US,60,20250612,190000,6.58,6.58,6.45,6.45,80315,0
MIMI.US,60,20250612,200000,6.45,6.5,6.41,6.47,25847,0
MIMI.US,60,20250612,210000,6.48,6.5485,6.45,6.54,12384,0
MIMI.US,60,20250612,220000,6.505,6.505,6.38,6.41,38352,0
MIMI.US,60,20250613,160000,6.4,6.41,6.32,6.4091,61149,0
MIMI.US,60,20250613,170000,6.4,6.4824,6.39,6.46,33265,0
MIMI.US,60,20250613,180000,6.48,6.5,6.4,6.4789,67063,0
MIMI.US,60,20250613,190000,6.43,6.4635,6.43,6.43,14768,0
MIMI.US,60,20250613,200000,6.44,6.46,6.4,6.41,17461,0
MIMI.US,60,20250613,210000,6.41,6.46,6.3658,6.3764,23031,0
MIMI.US,60,20250613,220000,6.38,6.44,6.33,6.44,53754,0
MIMI.US,60,20250616,160000,6.44,6.66,6.41,6.5,64411,0
MIMI.US,60,20250616,170000,6.48,6.5,6.42,6.4883,29886,0
MIMI.US,60,20250616,180000,6.45,6.46,6.37,6.4193,86295,0
MIMI.US,60,20250616,190000,6.4101,6.45,6.4,6.43,29103,0
MIMI.US,60,20250616,200000,6.4155,6.5,6.415,6.47,21467,0
MIMI.US,60,20250616,210000,6.47,6.55,6.43,6.43,17268,0
MIMI.US,60,20250616,220000,6.465,6.565,6.43,6.45,37781,0
MIMI.US,60,20250617,160000,6.41,6.9299,6.37,6.71,2308390,0
MIMI.US,60,20250617,170000,6.73,6.8,6.6,6.735,68103,0
MIMI.US,60,20250617,180000,6.77,6.8,6.75,6.765,34109,0
MIMI.US,60,20250617,190000,6.75,6.78,6.72,6.7201,9635,0
MIMI.US,60,20250617,200000,6.77,6.77,6.72,6.75,4110,0
MIMI.US,60,20250617,210000,6.76,6.76,6.7,6.7041,26250,0
MIMI.US,60,20250617,220000,6.73,6.79,6.71,6.76,39852,0
MIMI.US,60,20250618,160000,6.71,6.78,6.67,6.7159,108065,0
MIMI.US,60,20250618,170000,6.67,6.8,6.65,6.765,31656,0
MIMI.US,60,20250618,180000,6.7216,6.8,6.7216,6.775,15269,0
MIMI.US,60,20250618,190000,6.775,6.85,6.775,6.815,13090,0
MIMI.US,60,20250618,200000,6.85,6.88,6.82,6.85,44979,0
MIMI.US,60,20250618,210000,6.8512,6.88,6.8231,6.865,41332,0
MIMI.US,60,20250618,220000,6.86,6.88,6.8108,6.88,53612,0
MIMI.US,60,20250620,160000,6.88,6.9,6.75,6.84,168118,0
MIMI.US,60,20250620,170000,6.82,6.87,6.78,6.8,52627,0
MIMI.US,60,20250620,180000,6.7801,6.88,6.78,6.85,19939,0
MIMI.US,60,20250620,190000,6.84,6.8643,6.81,6.8501,15890,0
MIMI.US,60,20250620,200000,6.82,6.88,6.73,6.86,88194,0
MIMI.US,60,20250620,210000,6.875,7.07,6.87,6.965,96479,0
MIMI.US,60,20250620,220000,6.9201,7.06,6.87,7.05,80175,0
MIMI.US,60,20250623,160000,7.03,7.05,6.755,6.855,61484,0
MIMI.US,60,20250623,170000,6.86,7.01,6.8264,6.9,148245,0
MIMI.US,60,20250623,180000,6.9495,7.01,6.88,6.9496,155958,0
MIMI.US,60,20250623,190000,6.922,6.9492,6.82,6.841209,101381,0
MIMI.US,60,20250623,200000,6.84,6.9,6.81,6.815,130104,0
MIMI.US,60,20250623,210000,6.82,6.86,6.7507,6.8074,523256,0
MIMI.US,60,20250623,220000,6.8,7.02,6.61,7,380515,0
MIMI.US,60,20250624,160000,6.98,7.2,6.8,7.1,189687,0
MIMI.US,60,20250624,170000,7.1151,7.35,7.075,7.09,137940,0
MIMI.US,60,20250624,180000,7.08,7.1294,6.9499,7.1,104291,0
MIMI.US,60,20250624,190000,7.13,7.17,6.92,7.05,177251,0
MIMI.US,60,20250624,200000,7.035,7.0598,6.9,6.96,23062,0
MIMI.US,60,20250624,210000,6.9568,6.9999,6.9,6.935,181232,0
MIMI.US,60,20250624,220000,6.9575,7,6.78,6.8,212745,0
MIMI.US,60,20250625,160000,6.83,6.96,6.83,6.89,76743,0
MIMI.US,60,20250625,170000,6.8601,6.9167,6.86,6.89,55216,0
MIMI.US,60,20250625,180000,6.89,6.9099,6.86,6.8899,27843,0
MIMI.US,60,20250625,190000,6.89,6.9,6.85,6.875,29711,0
MIMI.US,60,20250625,200000,6.88,6.89,6.75,6.88,495576,0
MIMI.US,60,20250625,210000,6.87,6.8873,6.8,6.86,54869,0
MIMI.US,60,20250625,220000,6.84,7.0745,6.81,7.05,131253,0
MIMI.US,60,20250626,160000,6.98,7.2,6.81,7.15,158030,0
MIMI.US,60,20250626,170000,7.15,7.16,6.8749,6.89,213150,0
MIMI.US,60,20250626,180000,6.93,7,6.9,6.949,28260,0
MIMI.US,60,20250626,190000,6.9498,6.9788,6.916,6.938,11129,0
MIMI.US,60,20250626,200000,6.9399,7.02,6.9399,7.01,30834,0
MIMI.US,60,20250626,210000,7.015,7.02,6.93,7,60146,0
MIMI.US,60,20250626,220000,7.01,7.13,6.92,6.95,175361,0
MIMI.US,60,20250627,160000,7.01,7.18,6.95,7.14,173009,0
MIMI.US,60,20250627,170000,7.14,7.2,7.09,7.1,75209,0
MIMI.US,60,20250627,180000,7.1374,7.25,7.115,7.18,89506,0
MIMI.US,60,20250627,190000,7.2,7.29,7.17,7.19,82467,0
MIMI.US,60,20250627,200000,7.19,7.2,7,7.04,87748,0
MIMI.US,60,20250627,210000,7.05,7.095318,6.85,6.94,90497,0
MIMI.US,60,20250627,220000,7,7.1,6.96,7.06,60507,0
MIMI.US,60,20250630,160000,7,7.04,6.64,6.79,130541,0
MIMI.US,60,20250630,170000,6.79,6.94,6.73,6.885,93156,0
MIMI.US,60,20250630,180000,6.93,6.9465,6.8,6.855,50538,0
MIMI.US,60,20250630,190000,6.8045,6.85,6.78,6.8009,29639,0
MIMI.US,60,20250630,200000,6.8,6.83,6.5,6.63,73650,0
MIMI.US,60,20250630,210000,6.68,6.694,5.04,6.48,178694,0
MIMI.US,60,20250630,220000,6.43,6.72,6.39,6.64,122338,0
MIMI.US,60,20250701,160000,6.73,6.75,6.4201,6.43,78809,0
MIMI.US,60,20250701,170000,6.4501,6.5039,6.25,6.3,117219,0
MIMI.US,60,20250701,180000,6.32,6.64,6.32,6.601,65595,0
MIMI.US,60,20250701,190000,6.64,6.75,6.6004,6.7448,87767,0
MIMI.US,60,20250701,200000,6.75,6.75,6.571,6.64,67833,0
MIMI.US,60,20250701,210000,6.63,6.63,6.55,6.55,12573,0
MIMI.US,60,20250701,220000,6.5899,6.66,6.53,6.63,86927,0
MIMI.US,60,20250702,160000,6.6,6.6,6.312,6.425,74147,0
MIMI.US,60,20250702,170000,6.41,6.68,6.25,6.6402,149039,0
MIMI.US,60,20250702,180000,6.63,6.7399,6.55,6.66,63311,0
MIMI.US,60,20250702,190000,6.67,6.71,6.66,6.6711,5480,0
MIMI.US,60,20250702,200000,6.67,6.71,6.6358,6.65,14944,0
MIMI.US,60,20250702,210000,6.67,6.67,6.6,6.64,13750,0
MIMI.US,60,20250702,220000,6.6822,6.73,6.62,6.73,44356,0
MIMI.US,60,20250703,160000,6.7,6.99,6.6414,6.95,111455,0
MIMI.US,60,20250703,170000,6.8729,7,6.85,6.884,67895,0
MIMI.US,60,20250703,180000,6.9,6.92,6.8064,6.88,26437,0
MIMI.US,60,20250703,190000,6.85,7.06,6.8075,7.03,219962,0
MIMI.US,60,20250703,200000,6.98,6.98,6.98,6.98,363,0
MIMI.US,60,20250707,160000,6.98,6.98,6.65,6.86,69432,0
MIMI.US,60,20250707,170000,6.915,7.15,6.86,7.11,130618,0
MIMI.US,60,20250707,180000,7.09,7.17,7.01,7.051374,55927,0
MIMI.US,60,20250707,190000,7.085,7.1131,6.96,6.9996,29902,0
MIMI.US,60,20250707,200000,6.96,7.48,6.9256,7.32,1103781,0
MIMI.US,60,20250707,210000,7.3164,7.36,7.26,7.32,56368,0
MIMI.US,60,20250707,220000,7.35,7.42,7.29,7.36,93980,0
MIMI.US,60,20250708,160000,7.33,7.4,7.23,7.26,49961,0
MIMI.US,60,20250708,170000,7.275,7.51,7.23,7.265,340621,0
MIMI.US,60,20250708,180000,7.265,7.2915,7.06,7.235,33253,0
MIMI.US,60,20250708,190000,7.24,7.2886,7.18,7.2818,8031,0
MIMI.US,60,20250708,200000,7.18,7.28,7.1,7.12,10655,0
MIMI.US,60,20250708,210000,7.13,7.15,6.9028,7.06,58456,0
MIMI.US,60,20250708,220000,7.1,7.19,7.01,7.11,30718,0
MIMI.US,60,20250709,160000,7.2,7.35,7.13,7.2157,42454,0
MIMI.US,60,20250709,170000,7.2186,7.3,6.9956,7.2319,35492,0
MIMI.US,60,20250709,180000,7.197,7.3,7.15,7.255,16192,0
MIMI.US,60,20250709,190000,7.26,7.33,7.21,7.2804,15284,0
MIMI.US,60,20250709,200000,7.2743,7.295,7.1,7.235,6361,0
MIMI.US,60,20250709,210000,7.2,7.24,7.17,7.23,4225,0
MIMI.US,60,20250709,220000,7.23,7.24,7.1409,7.21,15924,0
MIMI.US,60,20250710,160000,7.35,7.35,7.077,7.2736,17383,0
MIMI.US,60,20250710,170000,7.2,7.35,7.2,7.3,23319,0
MIMI.US,60,20250710,180000,7.3,7.3243,7.132,7.24,20951,0
MIMI.US,60,20250710,190000,7.24,7.32,7.19,7.23,14480,0
MIMI.US,60,20250710,200000,7.22,7.26,7.16,7.16,10724,0
MIMI.US,60,20250710,210000,7.1663,7.22,7.15,7.15,10164,0
MIMI.US,60,20250710,220000,7.12,7.145,7.05,7.12,15457,0
MIMI.US,60,20250711,180000,6.94,7.04,6.93,6.99,2794,0
MIMI.US,60,20250711,190000,6.9992,7.03,6.95,6.975,10237,0
MIMI.US,60,20250711,200000,6.97,7,6.93,6.945,12077,0
MIMI.US,60,20250711,210000,6.96,6.97,6.82,6.87,28233,0
MIMI.US,60,20250711,220000,6.87,7.19,6.84,7.14,108062,0
MIMI.US,60,20250714,160000,7.06,7.25,7.06,7.145,102760,0
MIMI.US,60,20250714,170000,7.1406,7.15,7.0106,7.04,86627,0
MIMI.US,60,20250714,180000,7.04,7.15,6.97,6.97,500986,0
MIMI.US,60,20250714,190000,6.99,7.13,6.91,6.99,700180,0
MIMI.US,60,20250714,200000,6.9815,7.09,6.8,6.96,185216,0
MIMI.US,60,20250714,210000,6.94,7.15,6.85,7.04,124701,0
MIMI.US,60,20250714,220000,7.08,7.12,7.02,7.1,50440,0
MIMI.US,60,20250715,160000,7.17,7.17,6.9,7.06,143562,0
MIMI.US,60,20250715,170000,7.025,7.085,6.87,6.92,146086,0
MIMI.US,60,20250715,180000,6.9567,6.99,6.11,6.93,423462,0
MIMI.US,60,20250715,190000,6.915,7,6.88,6.89,33868,0
MIMI.US,60,20250715,200000,6.885,6.91,6.81,6.88,67835,0
MIMI.US,60,20250715,210000,6.88,6.93,6.765,6.84,96451,0
MIMI.US,60,20250715,220000,6.81,7.24,6.81,7.2,320045,0
MIMI.US,60,20250716,160000,7.16,7.2,6.95,6.9595,87009,0
MIMI.US,60,20250716,170000,6.955,6.99,6.85,6.9,149521,0
MIMI.US,60,20250716,180000,6.91,6.91,6.77,6.85,135039,0
MIMI.US,60,20250716,190000,6.84,6.85,6.82,6.83,40048,0
MIMI.US,60,20250716,200000,6.83,6.87,6.8,6.8098,89066,0
MIMI.US,60,20250716,210000,6.805,6.9797,6.71,6.8712,164590,0
MIMI.US,60,20250716,220000,6.8803,6.95,6.81,6.86,106951,0
MIMI.US,60,20250717,160000,6.91,6.95,6.8,6.82,32360,0
MIMI.US,60,20250717,170000,6.8238,6.91,6.76,6.7847,42362,0
MIMI.US,60,20250717,180000,6.77,6.8099,6.73,6.755,34948,0
MIMI.US,60,20250717,190000,6.74,6.755,6.67,6.69,42900,0
MIMI.US,60,20250717,200000,6.74,6.84,6.69,6.78,32906,0
MIMI.US,60,20250717,210000,6.79,6.7999,6.72,6.7737,21367,0
MIMI.US,60,20250717,220000,6.76,6.99,6.74,6.81,200979,0
MIMI.US,60,20250718,160000,6.9,7.2,6.88,7.0688,193893,0
MIMI.US,60,20250718,170000,7.06,7.07,6.8507,6.87,128739,0
MIMI.US,60,20250718,180000,6.85,6.9,6.76,6.79,93724,0
MIMI.US,60,20250718,190000,6.79,6.79,6.68,6.69,95141,0
MIMI.US,60,20250718,200000,6.69,6.8,6.66,6.71,82353,0
MIMI.US,60,20250718,210000,6.7,6.7267,6.63,6.66,75886,0
MIMI.US,60,20250718,220000,6.66,6.79,6.65,6.73,139573,0
MIMI.US,60,20250721,160000,7,7.08,6.78,7.045,168679,0
MIMI.US,60,20250721,170000,7.03,7.155,6.96,7.155,153826,0
MIMI.US,60,20250721,180000,7.15,7.2,7.08,7.17,72634,0
MIMI.US,60,20250721,190000,7.17,7.1813,7.12,7.16,29059,0
MIMI.US,60,20250721,200000,7.17,7.18,7.12,7.135,21842,0
MIMI.US,60,20250721,210000,7.13,7.17,7.1,7.17,30801,0
MIMI.US,60,20250721,220000,7.1408,7.16,7.1,7.155,42460,0
MIMI.US,60,20250722,160000,7.26,7.549,7.26,7.5,225422,0
MIMI.US,60,20250722,170000,7.4801,7.53,7.45,7.48,125489,0
MIMI.US,60,20250722,180000,7.46,7.5541,7.45,7.46,129056,0
MIMI.US,60,20250722,190000,7.46,7.5,7.3,7.4306,127814,0
MIMI.US,60,20250722,200000,7.44,7.47,7.37,7.39,29168,0
MIMI.US,60,20250722,210000,7.3898,7.465,7.32,7.44,60700,0
MIMI.US,60,20250722,220000,7.42,7.66,7.3507,7.4,1048832,0
MIMI.US,60,20250723,160000,7.48,7.5,7.41,7.485,49969,0
MIMI.US,60,20250723,170000,7.475,7.58,7.35,7.52,104678,0
MIMI.US,60,20250723,180000,7.505,7.58,7.49,7.51,43494,0
MIMI.US,60,20250723,190000,7.525,7.55,7.46,7.5,13457,0
MIMI.US,60,20250723,200000,7.48,7.58,7.45,7.5235,38927,0
MIMI.US,60,20250723,210000,7.515,7.5895,7.51,7.5499,29481,0
MIMI.US,60,20250723,220000,7.54,7.5404,7.45,7.46,80854,0
MIMI.US,60,20250724,160000,7.46,7.63,7.42,7.63,81429,0
MIMI.US,60,20250724,170000,7.63,7.64,7.56,7.62,66806,0
MIMI.US,60,20250724,180000,7.615,7.62,7.52,7.585,23751,0
MIMI.US,60,20250724,190000,7.585,7.5892,7.56,7.575,17743,0
MIMI.US,60,20250724,200000,7.58,7.61,7.575,7.59,43621,0
MIMI.US,60,20250724,210000,7.59,7.61,7.57,7.58,18468,0
MIMI.US,60,20250724,220000,7.57,8.16,7.565,7.99,801650,0
MIMI.US,60,20250725,160000,7.75,7.98,7.7,7.88,67850,0
MIMI.US,60,20250725,170000,7.91,7.98,7.73,7.76,88551,0
MIMI.US,60,20250725,180000,7.76,7.84,7.75,7.83,55829,0
MIMI.US,60,20250725,190000,7.8304,8.09,7.82,8.04,56956,0
MIMI.US,60,20250725,200000,8.08,8.08,7.91,7.9699,16545,0
MIMI.US,60,20250725,210000,7.9,8.0335,7.9,7.955,26131,0
MIMI.US,60,20250725,220000,7.96,8.0165,7.89,7.93,55299,0
MIMI.US,60,20250728,160000,7.85,8.3797,7.812,8.3797,115503,0
MIMI.US,60,20250728,170000,8.37,8.4,8.17,8.35,133142,0
MIMI.US,60,20250728,180000,8.3252,8.7287,8.3252,8.605,135468,0
MIMI.US,60,20250728,190000,8.5803,8.6901,8.57,8.65,56503,0
MIMI.US,60,20250728,200000,8.63,8.89,8.6207,8.88,77482,0
MIMI.US,60,20250728,210000,8.865,8.87,8.6713,8.6713,97142,0
MIMI.US,60,20250728,220000,8.68,8.82,8.66,8.74,102819,0
MIMI.US,60,20250729,160000,8.83,9,8.6001,8.705,47668,0
MIMI.US,60,20250729,170000,8.7,8.82,8.6001,8.74,66160,0
MIMI.US,60,20250729,180000,8.702,8.75,8.54,8.57,40063,0
MIMI.US,60,20250729,190000,8.6,8.71,8.4075,8.48,80295,0
MIMI.US,60,20250729,200000,8.45,8.525,8.25,8.355,62147,0
MIMI.US,60,20250729,210000,8.355,8.42,7.86,8.13,843596,0
MIMI.US,60,20250729,220000,8.17,8.49,8.11,8.44,228929,0
MIMI.US,60,20250730,160000,8.39,8.7,8.3831,8.62,44755,0
MIMI.US,60,20250730,170000,8.6634,8.7,8.46,8.51,68885,0
MIMI.US,60,20250730,180000,8.61,8.61,8.3246,8.325,24342,0
MIMI.US,60,20250730,190000,8.35,8.4899,8.3315,8.405,25066,0
MIMI.US,60,20250730,200000,8.3675,8.4872,8.3675,8.4,10356,0
MIMI.US,60,20250730,210000,8.37,8.4944,8.36,8.38,9462,0
MIMI.US,60,20250730,220000,8.37,8.49,8.36,8.47,28388,0
MIMI.US,60,20250731,160000,8.42,8.53,8.2,8.35,164249,0
MIMI.US,60,20250731,170000,8.36,8.403,8.12,8.37,112911,0
MIMI.US,60,20250731,180000,8.39,8.4455,8.22,8.2696,64145,0
MIMI.US,60,20250731,190000,8.3,8.35,8.15,8.25,76951,0
MIMI.US,60,20250731,200000,8.23,8.341793,8.01,8.31,103363,0
MIMI.US,60,20250731,210000,8.31,8.8,8.2,8.73,991207,0
MIMI.US,60,20250731,220000,8.7046,9.14,8.62,9.05,523820,0
MIMI.US,60,20250801,160000,8.75,8.84,8.3228,8.56,65135,0
MIMI.US,60,20250801,170000,8.42,8.66,8.4054,8.65,36229,0
MIMI.US,60,20250801,180000,8.5753,8.65,8.5001,8.5109,15753,0
MIMI.US,60,20250801,190000,8.555,8.7,8.455,8.455,14855,0
MIMI.US,60,20250801,200000,8.4536,8.595,8.4536,8.5,21981,0
MIMI.US,60,20250801,210000,8.51,8.53,8.355,8.445,16155,0
MIMI.US,60,20250801,220000,8.4,8.5193,8.29,8.29,42468,0
MIMI.US,60,20250804,160000,8.24,8.7,8.24,8.45,56997,0
MIMI.US,60,20250804,170000,8.515,8.69,8.435,8.63,78513,0
MIMI.US,60,20250804,180000,8.63,8.8099,8.5001,8.66,60027,0
MIMI.US,60,20250804,190000,8.655,8.85,8.65,8.73,24342,0
MIMI.US,60,20250804,200000,8.745,9.16,8.69,8.9725,361897,0
MIMI.US,60,20250804,210000,8.975,9.1464,8.955,9.07,27964,0
MIMI.US,60,20250804,220000,9.075,9.159,8.83,9.08,61549,0
MIMI.US,60,20250805,160000,9.08,9.35,9.08,9.22,50792,0
MIMI.US,60,20250805,170000,9.2,9.43,9.0201,9.12,173605,0
MIMI.US,60,20250805,180000,9.15,9.15,9.02,9.0263,27658,0
MIMI.US,60,20250805,190000,9.0261,9.145,8.9676,9.09,60210,0
MIMI.US,60,20250805,200000,9.105,9.21,9.07,9.15,7103,0
MIMI.US,60,20250805,210000,9.123,9.231,9.12,9.2,10801,0
MIMI.US,60,20250805,220000,9.2,9.34,9.2,9.24,57972,0
MIMI.US,60,20250806,160000,9.32,9.3723,9.05,9.27,146237,0
MIMI.US,60,20250806,170000,9.27,9.2792,8.9,9.174,515352,0
MIMI.US,60,20250806,180000,9.2,9.26,8.97,9.02,95920,0
MIMI.US,60,20250806,190000,8.99,9.18,8.99,9.01,60199,0
MIMI.US,60,20250806,200000,9.095,9.36,9.03,9.36,79247,0
MIMI.US,60,20250806,210000,9.2802,9.4,9.25,9.28,42585,0
MIMI.US,60,20250806,220000,9.2949,9.75,9.17,9.62,407367,0
MIMI.US,60,20250807,160000,9.54,9.69,9.42,9.4687,87353,0
MIMI.US,60,20250807,170000,9.4701,9.55,9.2001,9.45,621005,0
MIMI.US,60,20250807,180000,9.44,9.55,9.38,9.4502,28058,0
MIMI.US,60,20250807,190000,9.425,9.48,9.4,9.4201,16381,0
MIMI.US,60,20250807,200000,9.42,9.45,9.21,9.28,123811,0
MIMI.US,60,20250807,210000,9.3289,9.3289,9.22,9.28,28534,0
MIMI.US,60,20250807,220000,9.29,9.49,9.25,9.43,125814,0
MIMI.US,60,20250808,160000,9.43,9.66,9.4,9.6,18114,0
MIMI.US,60,20250808,170000,9.595,9.65,9.44,9.45,12777,0
MIMI.US,60,20250808,180000,9.44,9.5344,9.44,9.4889,17665,0
MIMI.US,60,20250808,190000,9.4699,9.6,9.4567,9.48,22594,0
MIMI.US,60,20250808,200000,9.47,9.54,9.44,9.52,13050,0
MIMI.US,60,20250808,210000,9.54,9.54,9.47,9.52,5185,0
MIMI.US,60,20250808,220000,9.53,9.99,9.46,9.94,211201,0
MIMI.US,60,20250811,160000,9.7,9.7,9.29,9.415,887539,0
MIMI.US,60,20250811,170000,9.415,9.5,8.42,9.2505,325829,0
MIMI.US,60,20250811,180000,9.24,9.5,9.14,9.43,64592,0
MIMI.US,60,20250811,190000,9.3701,9.48,9.27,9.32,66503,0
MIMI.US,60,20250811,200000,9.323,9.34,8.651,9.01,292798,0
MIMI.US,60,20250811,210000,9.1589,9.1628,8.63,8.73,63304,0
MIMI.US,60,20250811,220000,8.73,8.89,8.3,8.49,195847,0
MIMI.US,60,20250812,160000,8.25,8.35,6.24,6.24,319647,0
MIMI.US,60,20250812,170000,6,6.9,3.81,5.3836,998130,0
MIMI.US,60,20250812,180000,5.3,6.78,5.26,6.2137,539178,0
MIMI.US,60,20250812,190000,6.2518,6.38,6,6.0601,107431,0
MIMI.US,60,20250812,200000,6.09,6.19,5.8501,5.94,92098,0
MIMI.US,60,20250812,210000,5.94,6.05,5.7501,5.84,107185,0
MIMI.US,60,20250812,220000,5.84,6,5.6,5.66,304771,0
MIMI.US,60,20250813,160000,5.46,5.85,4.6601,5.85,182287,0
MIMI.US,60,20250813,170000,6.11,6.67,5.1606,5.48,232202,0
MIMI.US,60,20250813,180000,5.3501,6.05,5.3501,6,79640,0
MIMI.US,60,20250813,190000,6.04,6.78,5.94,6.6,140104,0
MIMI.US,60,20250813,200000,6.5998,6.7,6.1,6.4,106345,0
MIMI.US,60,20250813,210000,6.4,6.52,5.96,6.01,16061,0
MIMI.US,60,20250813,220000,6.12,6.45,6,6.32,49945,0
MIMI.US,60,20250814,160000,6.55,7.1,6.55,6.9808,59604,0
MIMI.US,60,20250814,170000,7.07,7.1,6.75,6.83,100364,0
MIMI.US,60,20250814,180000,6.87,7.6,6.82,7.3,122500,0
MIMI.US,60,20250814,190000,7.3585,7.4,7.0601,7.38,39242,0
MIMI.US,60,20250814,200000,7.36,7.79,7.2,7.73,39571,0
MIMI.US,60,20250814,210000,7.7264,7.99,7.55,7.8834,48745,0
MIMI.US,60,20250814,220000,7.8803,7.98,7.62,7.97,66985,0
MIMI.US,60,20250815,160000,8.16,8.25,7.62,8.02,86316,0
MIMI.US,60,20250815,170000,8,8.02,7.73,7.82,21729,0
MIMI.US,60,20250815,180000,7.83,7.9,7.62,7.638,48100,0
MIMI.US,60,20250815,190000,7.69,7.77,7.63,7.6993,16588,0
MIMI.US,60,20250815,200000,7.63,7.805,7.57,7.72,14202,0
MIMI.US,60,20250815,210000,7.66,7.78,7.58,7.66,10143,0
MIMI.US,60,20250815,220000,7.73,7.759,7.57,7.64,40528,0
MIMI.US,60,20250818,160000,7.81,7.81,7.22,7.39,45940,0
MIMI.US,60,20250818,170000,7.4,7.49,7.3049,7.3832,12044,0
MIMI.US,60,20250818,180000,7.34,7.43,7.3225,7.365,8282,0
MIMI.US,60,20250818,190000,7.3696,7.42,7.33,7.42,3714,0
MIMI.US,60,20250818,200000,7.49,7.58,7.41,7.58,1600,0
MIMI.US,60,20250818,210000,7.54,7.755,7.46,7.75,9876,0
MIMI.US,60,20250818,220000,7.69,7.93,7.647,7.93,27443,0
MIMI.US,60,20250819,160000,7.9,8.69,7.87,8.6,44067,0
MIMI.US,60,20250819,170000,8.7,8.88,8.17,8.292,71614,0
MIMI.US,60,20250819,180000,8.2905,8.56,8.2905,8.47,14340,0
MIMI.US,60,20250819,190000,8.49,8.49,7.229,7.5,400247,0
MIMI.US,60,20250819,200000,7.45,7.7969,7.24,7.45,89081,0
MIMI.US,60,20250819,210000,7.43,7.54,7.25,7.25,23472,0
MIMI.US,60,20250819,220000,7.305,7.5,7.305,7.42,27888,0
MIMI.US,60,20250820,160000,7.45,7.9799,7.45,7.88,42258,0
MIMI.US,60,20250820,170000,7.73,7.88,7.64,7.69,38487,0
MIMI.US,60,20250820,180000,7.61,8.13,7.61,8.1,46781,0
MIMI.US,60,20250820,190000,8.1,8.395,8.1,8.1878,37005,0
MIMI.US,60,20250820,200000,8.2,8.3,8.06,8.12,21028,0
MIMI.US,60,20250820,210000,8.09,8.29,8.07,8.14,7523,0
MIMI.US,60,20250820,220000,8.215,8.57,8.12,8.54,47811,0
MIMI.US,60,20250821,160000,8.54,8.6,8,8.3,41640,0
MIMI.US,60,20250821,170000,8.33,8.6,8.33,8.5,31320,0
MIMI.US,60,20250821,180000,8.5501,8.5799,8.37,8.46,7900,0
MIMI.US,60,20250821,190000,8.425,8.78,8.42,8.675,56086,0
MIMI.US,60,20250821,200000,8.65,8.82,8.38,8.81,42557,0
MIMI.US,60,20250821,210000,8.82,9.15,8.68,9.15,45280,0
MIMI.US,60,20250821,220000,9.0476,9.1599,8.8,9.08,38749,0
MIMI.US,60,20250822,160000,8.9,9.0263,8.4901,8.75,33036,0
MIMI.US,60,20250822,170000,8.6907,9.16,8.6907,9.14,21356,0
MIMI.US,60,20250822,180000,9.1,9.4,9.07,9.32,29759,0
MIMI.US,60,20250822,190000,9.31,9.49,9.15,9.4,14152,0
MIMI.US,60,20250822,200000,9.41,9.45,9.3,9.3,10669,0
MIMI.US,60,20250822,210000,9.375,9.46,9.15,9.213,22916,0
MIMI.US,60,20250822,220000,9.25,9.36,9.11,9.25,25985,0
MIMI.US,60,20250825,160000,9.03,9.27,8.71,9.03,36666,0
MIMI.US,60,20250825,170000,9.165,9.5823,9.1,9.51,35682,0
MIMI.US,60,20250825,180000,9.5999,9.9499,9.559,9.77,49234,0
MIMI.US,60,20250825,190000,9.73,9.7338,9.505,9.53,8115,0
MIMI.US,60,20250825,200000,9.48,9.585,9.4,9.4276,13689,0
MIMI.US,60,20250825,210000,9.443,9.6,9.32,9.43,10659,0
MIMI.US,60,20250825,220000,9.433,9.68,9.15,9.64,35954,0
MIMI.US,60,20250826,160000,9.6,10.9994,9.5,10.36,170763,0
MIMI.US,60,20250826,170000,10.3147,10.3946,9.5134,9.59,67753,0
MIMI.US,60,20250826,180000,9.6428,9.73,6.35,6.35,1782290,0
MIMI.US,60,20250826,190000,6.33,9.28,5.7,8.45,503262,0
MIMI.US,60,20250826,200000,8.55,8.61,8.01,8.44,121242,0
MIMI.US,60,20250826,210000,8.4,8.5643,8.25,8.44,69211,0
MIMI.US,60,20250826,220000,8.455,8.99,8.28,8.34,221616,0
MIMI.US,60,20250827,160000,8.56,9.5,8.53,9.09,150493,0
MIMI.US,60,20250827,170000,9.1,9.1674,8.4,8.49,209081,0
MIMI.US,60,20250827,180000,8.49,8.55,8.2,8.3032,68139,0
MIMI.US,60,20250827,190000,8.25,8.59,8.25,8.432,24732,0
MIMI.US,60,20250827,200000,8.4,8.64,8.37,8.53,50421,0
MIMI.US,60,20250827,210000,8.49,8.49,8.235,8.295,45649,0
MIMI.US,60,20250827,220000,8.26,8.26,7.64,8.04,122022,0
MIMI.US,60,20250828,160000,7.96,8.3699,7.2,7.4785,133232,0
MIMI.US,60,20250828,170000,7.35,7.38,6.625,6.74,222883,0
MIMI.US,60,20250828,180000,6.7,7.35,6.7,7.05,130115,0
MIMI.US,60,20250828,190000,7.01,7.2199,6.87,7.04,36320,0
MIMI.US,60,20250828,200000,7.04,7.38,6.873,7.04,72127,0
MIMI.US,60,20250828,210000,7.095,7.14,6.94,6.95,31693,0
MIMI.US,60,20250828,220000,6.97,7.16,6.85,7.14,71558,0
MIMI.US,60,20250829,160000,6.87,6.88,6.3001,6.4364,96558,0
MIMI.US,60,20250829,170000,6.4313,6.45,6.05,6.2394,140776,0
MIMI.US,60,20250829,180000,6.2,6.2,5.81,5.86,102241,0
MIMI.US,60,20250829,190000,5.86,6.2299,5.82,6.196,77453,0
MIMI.US,60,20250829,200000,6.05,6.2,5.9,6,85942,0
MIMI.US,60,20250829,210000,6,6.07,5.97,6,48765,0
MIMI.US,60,20250829,220000,6.013,6.93,5.98,6.8,173308,0
MIMI.US,60,20250902,160000,6.72,6.72,6.5,6.62,24356,0
MIMI.US,60,20250902,170000,6.615,6.9,6.56,6.805,72458,0
MIMI.US,60,20250902,180000,6.71,6.78,6.6501,6.7,10793,0
MIMI.US,60,20250902,190000,6.74,6.7992,6.64,6.66,7362,0
MIMI.US,60,20250902,200000,6.66,6.8,6.6,6.63,9073,0
MIMI.US,60,20250902,210000,6.63,6.7676,6.61,6.64,4463,0
MIMI.US,60,20250902,220000,6.64,6.69,6.46,6.52,89585,0
MIMI.US,60,20250903,160000,6.32,7,6.32,6.39,98906,0
MIMI.US,60,20250903,170000,6.4,6.64,6.35,6.41,49716,0
MIMI.US,60,20250903,180000,6.415,6.56,6.35,6.35,30895,0
MIMI.US,60,20250903,190000,6.375,6.38,6.2,6.36,166209,0
MIMI.US,60,20250903,200000,6.35,6.48,5.8201,5.87,177263,0
MIMI.US,60,20250903,210000,5.86,5.9399,5.5579,5.62,75399,0
MIMI.US,60,20250903,220000,5.65,5.8743,5.62,5.71,66014,0
MIMI.US,60,20250904,160000,5.68,5.76,5.28,5.69,59253,0
MIMI.US,60,20250904,170000,5.68,5.7494,5.5001,5.7494,24310,0
MIMI.US,60,20250904,180000,5.75,6.25,5.75,6.04,51599,0
MIMI.US,60,20250904,190000,6.133,6.165,6.105,6.11,6971,0
MIMI.US,60,20250904,200000,6.2,6.2,6.065,6.08,13966,0
MIMI.US,60,20250904,210000,6.0608,6.15,6.01,6.14,9444,0
MIMI.US,60,20250904,220000,6.14,6.5,6.05,6.43,56253,0
MIMI.US,60,20250905,160000,6.82,7.1,6.4,6.5,100487,0
MIMI.US,60,20250905,170000,6.5012,6.542,6.24,6.3002,23466,0
MIMI.US,60,20250905,180000,6.33,6.52,6.28,6.435,14239,0
MIMI.US,60,20250905,190000,6.5,6.505,6.38,6.505,5995,0
MIMI.US,60,20250905,200000,6.47,6.5299,6.41,6.4901,5296,0
MIMI.US,60,20250905,210000,6.49,6.7399,6.46,6.56,11846,0
MIMI.US,60,20250905,220000,6.57,6.6,6.2601,6.57,34985,0
MIMI.US,60,20250908,160000,6.39,6.61,6.39,6.49,10057,0
MIMI.US,60,20250908,170000,6.49,6.88,6.39,6.83,73870,0
MIMI.US,60,20250908,180000,6.8,7.06,6.8,6.94,57196,0
MIMI.US,60,20250908,190000,6.95,7,6.85,6.915,15150,0
MIMI.US,60,20250908,200000,6.92,7.0399,6.88,6.98,6886,0
MIMI.US,60,20250908,210000,6.92,7.2,6.92,7.18,39840,0
MIMI.US,60,20250908,220000,7.18,7.29,7.12,7.24,36806,0
MIMI.US,60,20250909,160000,7.41,7.6,7.32,7.52,38830,0
MIMI.US,60,20250909,170000,7.56,7.97,7.56,7.8765,42286,0
MIMI.US,60,20250909,180000,7.87,8.2,7.83,8.0989,21592,0
MIMI.US,60,20250909,190000,8.05,8.15,7.9,8.1,37823,0
MIMI.US,60,20250909,200000,8.12,8.4,8.08,8.365,92622,0
MIMI.US,60,20250909,210000,8.34,8.6099,8.29508,8.6099,39159,0
MIMI.US,60,20250909,220000,8.51,9.15,8.41,8.81,177377,0
MIMI.US,60,20250910,160000,9.34,13.69,9.34,12.595,871643,0
MIMI.US,60,20250910,170000,12.4195,12.9799,10.85,11.405,717823,0
MIMI.US,60,20250910,180000,11.41,12,11.12,11.5,320598,0
MIMI.US,60,20250910,190000,11.53,11.53,9.1,9.3149,519126,0
MIMI.US,60,20250910,200000,9.28,9.5,9.1,9.33,618829,0
MIMI.US,60,20250910,210000,9.26,10.82,8.89,10.4,3592765,0
MIMI.US,60,20250910,220000,10.42,10.82,8.9,9,1530750,0
MIMI.US,60,20250911,160000,10.44,10.44,9,9.3699,423762,0
MIMI.US,60,20250911,170000,9.349,9.349,7.32,8.49,874208,0
MIMI.US,60,20250911,180000,8.415,8.415,8,8.04,123159,0
MIMI.US,60,20250911,190000,8.0936,8.181,7.6,7.72,214626,0
MIMI.US,60,20250911,200000,7.73,8.1128,7.73,8.035,102280,0
MIMI.US,60,20250911,210000,7.97,9,7.76,8.655,197754,0
MIMI.US,60,20250911,220000,8.655,9.42,8.64,9.04,378834,0
MIMI.US,60,20250912,160000,9.05,9.2143,8.75,8.9576,74007,0
MIMI.US,60,20250912,170000,8.95,9.19,8.8,9.06,114944,0
MIMI.US,60,20250912,180000,9.115,9.2,8.9101,9.03,94073,0
MIMI.US,60,20250912,190000,9,9,8.8,8.863152,34700,0
MIMI.US,60,20250912,200000,8.86,8.91,8.61,8.686,46831,0
MIMI.US,60,20250912,210000,8.679,8.786,8.2,8.786,60825,0
MIMI.US,60,20250912,220000,8.76,9.5894,8.7,9.41,322908,0
MIMI.US,60,20250915,160000,9.15,11,9.15,10.88,912816,0
MIMI.US,60,20250915,170000,10.85,10.96,10.72,10.93,546155,0
MIMI.US,60,20250915,180000,10.9401,11.1,10.85,11.01,202519,0
MIMI.US,60,20250915,190000,11.03,11.115,10.77,10.8193,378723,0
MIMI.US,60,20250915,200000,10.82,10.8491,9.7535,10.092,903385,0
MIMI.US,60,20250915,210000,10.125,11,9.7803,10.58,389967,0
MIMI.US,60,20250915,220000,10.58,10.83,10.51,10.75,133425,0
MIMI.US,60,20250916,160000,10.65,10.85,10,10.5643,424013,0
MIMI.US,60,20250916,170000,10.5,10.7,10.3,10.54,165955,0
MIMI.US,60,20250916,180000,10.5578,10.62,10.4,10.62,91011,0
MIMI.US,60,20250916,190000,10.62,10.72,10.45,10.53,174035,0
MIMI.US,60,20250916,200000,10.5,10.57,10.45,10.5304,72065,0
MIMI.US,60,20250916,210000,10.555,10.6,10.47,10.52,58210,0
MIMI.US,60,20250916,220000,10.52,10.59,10.26,10.32,399959,0
MIMI.US,60,20250917,160000,10.385,10.63,10.25,10.4,328433,0
MIMI.US,60,20250917,170000,10.38,10.6,10.3,10.42,307515,0
MIMI.US,60,20250917,180000,10.4287,10.5495,10.41,10.42,116147,0
MIMI.US,60,20250917,190000,10.42,10.43,9.25,9.73,2255328,0
MIMI.US,60,20250917,200000,9.63,10.25,9.54,9.82,530133,0
MIMI.US,60,20250917,210000,9.9144,9.98,9.59,9.74,159909,0
MIMI.US,60,20250917,220000,9.74,10.58,9.61,10.51,402182,0
MIMI.US,60,20250918,160000,10.5,10.5,9.3501,9.755,778643,0
MIMI.US,60,20250918,170000,9.76,9.87,9.6,9.66,268686,0
MIMI.US,60,20250918,180000,9.66,10,9.01,9.7019,496014,0
MIMI.US,60,20250918,190000,9.745,9.7498,9.4,9.65,124588,0
MIMI.US,60,20250918,200000,9.6574,9.8,9.55,9.62,86937,0
MIMI.US,60,20250918,210000,9.64,9.84,9.5,9.723,173952,0
MIMI.US,60,20250918,220000,9.745,10,9.6001,9.7,340496,0
MIMI.US,60,20250919,160000,9.76,9.98,9.46,9.815,426792,0
MIMI.US,60,20250919,170000,9.84,10.2647,9.8039,10.12,488723,0
MIMI.US,60,20250919,180000,10.12,10.92,10,10.75,3223493,0
MIMI.US,60,20250919,190000,10.73,10.75,10.1001,10.15,186603,0
MIMI.US,60,20250919,200000,10.1315,10.23,9.38,9.6407,403637,0
MIMI.US,60,20250919,210000,9.64,9.92,9.54,9.66,487381,0
MIMI.US,60,20250919,220000,9.66,9.66,9.35,9.38,386113,0
MIMI.US,60,20250922,160000,9.4,9.643,9,9.302,210281,0
MIMI.US,60,20250922,170000,9.34,9.459,9.126,9.24,97787,0
MIMI.US,60,20250922,180000,9.225,9.9,9.1728,9.9,136762,0
MIMI.US,60,20250922,190000,9.9,10.3,9.5,9.655,295296,0
MIMI.US,60,20250922,200000,9.6801,9.93,9.6,9.873,35121,0
MIMI.US,60,20250922,210000,9.85,9.925,9.75,9.86,49807,0
MIMI.US,60,20250922,220000,9.86,9.86,9.5,9.53,100708,0
MIMI.US,60,20250923,160000,9.5,9.53,9.3,9.38,97798,0
MIMI.US,60,20250923,170000,9.38,9.405,8.52,8.81,704530,0
MIMI.US,60,20250923,180000,8.81,8.9199,8.54,8.55,84243,0
MIMI.US,60,20250923,190000,8.55,8.5795,8.1287,8.215,161837,0
MIMI.US,60,20250923,200000,8.2295,8.4898,7.73,8,483250,0
MIMI.US,60,20250923,210000,8,8,7.51,7.82,165282,0
MIMI.US,60,20250923,220000,7.8648,8.47,7.835,8.06,276811,0
MIMI.US,60,20250924,160000,7.82,7.935,7.5,7.935,163070,0
MIMI.US,60,20250924,170000,7.9,8.3289,7.8501,8.05,151424,0
MIMI.US,60,20250924,180000,8.01,8.1872,7.85,7.885,79340,0
MIMI.US,60,20250924,190000,7.885,7.9455,7.8,7.895,33147,0
MIMI.US,60,20250924,200000,7.895,7.9999,7.89,7.93,23003,0
MIMI.US,60,20250924,210000,7.94,8.05,7.925,7.97,17220,0
MIMI.US,60,20250924,220000,8.01,8.01,7.82,7.87,83268,0
MIMI.US,60,20250925,160000,7.62,7.9988,7.5,7.82,77937,0
MIMI.US,60,20250925,170000,7.91,8.3,7.89,8.22,61093,0
MIMI.US,60,20250925,180000,8.215,8.56,8.21,8.52,43839,0
MIMI.US,60,20250925,190000,8.47,8.5769,8.32,8.48,21372,0
MIMI.US,60,20250925,200000,8.48,8.54,8.4287,8.44,11872,0
MIMI.US,60,20250925,210000,8.38,8.49,8.3254,8.38,14943,0
MIMI.US,60,20250925,220000,8.36,8.6,8.2947,8.56,159323,0
MIMI.US,60,20250926,160000,8.63,8.9399,8.63,8.9,41134,0
MIMI.US,60,20250926,170000,8.9,8.95,8.6,8.84,65096,0
MIMI.US,60,20250926,180000,8.79,8.9,8.6,8.85,46392,0
MIMI.US,60,20250926,190000,8.807,8.85,8.6641,8.8,15628,0
MIMI.US,60,20250926,200000,8.725,8.9,8.706,8.87,27152,0
MIMI.US,60,20250926,210000,8.85,8.86,8.76,8.85,13623,0
MIMI.US,60,20250926,220000,8.85,8.85,8.71,8.8,43405,0
MIMI.US,60,20250929,160000,8.74,8.79,7.8,7.8801,148069,0
MIMI.US,60,20250929,170000,7.88,8.26,7.88,8.17,47780,0
MIMI.US,60,20250929,180000,8.18,8.3,8,8.1088,128657,0
MIMI.US,60,20250929,190000,8.1,8.124761,7.78,7.84,106226,0
MIMI.US,60,20250929,200000,7.84,7.85,7.6,7.75,114770,0
MIMI.US,60,20250929,210000,7.74,7.8,7.65,7.7,41873,0
MIMI.US,60,20250929,220000,7.7,7.7,6.96,7.5,231198,0
MIMI.US,60,20250930,160000,7.5,8.0313,7.5,7.7732,62273,0
MIMI.US,60,20250930,170000,7.69,7.92,7.6,7.92,67079,0
MIMI.US,60,20250930,180000,7.92,7.92,7.6,7.6541,29212,0
MIMI.US,60,20250930,190000,7.73,7.86,7.6,7.79,24874,0
MIMI.US,60,20250930,200000,7.8,7.8,7.64,7.6701,8928,0
MIMI.US,60,20250930,210000,7.72,7.79,7.72,7.77,6904,0
MIMI.US,60,20250930,220000,7.74,7.91,7.7336,7.79,41811,0
MIMI.US,60,20251001,160000,7.7,7.95,5.64,5.64,2780292,0
MIMI.US,60,20251001,170000,5.63,6.34,3.7,6.23,761370,0
MIMI.US,60,20251001,180000,6.23,7.2,6.23,6.7,363378,0
MIMI.US,60,20251001,190000,6.7,6.99,6.5,6.7105,68649,0
MIMI.US,60,20251001,200000,6.7,6.7,5.86,6.21,132894,0
MIMI.US,60,20251001,210000,6.16,6.57,5.82,6.43,77824,0
MIMI.US,60,20251001,220000,6.44,8,6.38,8,374837,0
MIMI.US,60,20251002,160000,7.74,7.89,7.6201,7.76,149320,0
MIMI.US,60,20251002,170000,7.66,7.8,7.6286,7.79,94124,0
MIMI.US,60,20251002,180000,7.72,7.99,7.62,7.94,43114,0
MIMI.US,60,20251002,190000,7.9,7.93,7.8203,7.88,20185,0
MIMI.US,60,20251002,200000,7.9,7.9,7.7,7.71,10299,0
MIMI.US,60,20251002,210000,7.7,7.81,7.7,7.7901,14894,0
MIMI.US,60,20251002,220000,7.82,7.87,7.7,7.78,41004,0
MIMI.US,60,20251003,160000,7.8686,8.4,7.85,8.2,113359,0
MIMI.US,60,20251003,170000,8.2,8.45,8.0801,8.4,107432,0
MIMI.US,60,20251003,180000,8.4,8.7,8.39,8.54,449841,0
MIMI.US,60,20251003,190000,8.6,8.65,8.45,8.5307,57004,0
MIMI.US,60,20251003,200000,8.52,8.6,8.4,8.52,47758,0
MIMI.US,60,20251003,210000,8.55,8.78,8.5156,8.74,29373,0
MIMI.US,60,20251003,220000,8.75,8.98,8.6881,8.75,95121,0
MIMI.US,60,20251006,160000,8.78,9.25,8.75,9.16,134218,0
MIMI.US,60,20251006,170000,9.12,9.28,8.43,8.43,130869,0
MIMI.US,60,20251006,180000,8.415,8.6483,8.01,8.285,737655,0
MIMI.US,60,20251006,190000,8.32,8.45,8.22,8.35,69882,0
MIMI.US,60,20251006,200000,8.39,8.39,8.2,8.21,80604,0
MIMI.US,60,20251006,210000,8.23,8.26,8.15,8.26,25716,0
MIMI.US,60,20251006,220000,8.25,8.38,8.165,8.17,45314,0
MIMI.US,60,20251007,160000,8.25,8.25,7.78,7.96,137951,0
MIMI.US,60,20251007,170000,7.88,8.2,7.88,8.0556,43688,0
MIMI.US,60,20251007,180000,8.12,8.12,7.51,7.77,99825,0
MIMI.US,60,20251007,190000,7.7,8.2,7.6,7.99,38522,0
MIMI.US,60,20251007,200000,7.95,8.1,7.92,8.02,12646,0
MIMI.US,60,20251007,210000,8.02,8.1,8,8.08,9089,0
MIMI.US,60,20251007,220000,8.08,8.08,7.94,8,38693,0
MIMI.US,60,20251008,160000,8,8.1,7.9,7.94,53437,0
MIMI.US,60,20251008,170000,7.9,7.9001,6.5001,7.2494,386382,0
MIMI.US,60,20251008,180000,7.24,7.45,7.12,7.2057,35505,0
MIMI.US,60,20251008,190000,7.36,7.47,7.12,7.23,16527,0
MIMI.US,60,20251008,200000,7.4,7.4,7.23,7.31,13170,0
MIMI.US,60,20251008,210000,7.32,7.45,7.26,7.42,10927,0
MIMI.US,60,20251008,220000,7.48,7.5,7.24,7.33,56666,0
MIMI.US,60,20251009,160000,7.06,7.5,7.06,7.34,30850,0
MIMI.US,60,20251009,170000,7.3792,7.49,7.2607,7.3579,30013,0
MIMI.US,60,20251009,180000,7.3409,7.5,7.26,7.4248,56463,0
MIMI.US,60,20251009,190000,7.44,7.48,7.14,7.2091,30071,0
MIMI.US,60,20251009,200000,7.2,7.24,6.91,6.98,96722,0
MIMI.US,60,20251009,210000,6.96,7.02,6.91,7.02,29859,0
MIMI.US,60,20251009,220000,7.0194,7.02,6.9,6.9,80865,0
MIMI.US,60,20251010,160000,7.05,7.155,6.59,6.86,147186,0
MIMI.US,60,20251010,170000,6.85,7.25,6.85,7.13,48780,0
MIMI.US,60,20251010,180000,7.15,7.15,6.6,6.6928,69055,0
MIMI.US,60,20251010,190000,6.79,6.84,6.4,6.5854,80768,0
MIMI.US,60,20251010,200000,6.5895,6.77,6.52,6.56,25932,0
MIMI.US,60,20251010,210000,6.62,6.842,6.2122,6.47,163130,0
MIMI.US,60,20251010,220000,6.45,7,6.37,6.61,408076,0
MIMI.US,60,20251013,160000,7.01,7.0999,6.87,6.87,23941,0
MIMI.US,60,20251013,170000,6.88,7.03,6.8,6.93,9155,0
MIMI.US,60,20251013,180000,6.88,6.95,6.5,6.5588,73947,0
MIMI.US,60,20251013,190000,6.51,6.72,6.45,6.56,37602,0
MIMI.US,60,20251013,200000,6.7,6.87,6.64,6.74,5398,0
MIMI.US,60,20251013,210000,6.85,6.87,6.8,6.83,4344,0
MIMI.US,60,20251013,220000,6.9,6.98,6.78,6.9,16740,0
MIMI.US,60,20251014,160000,7.1,7.1,6.91,7.1,15596,0
MIMI.US,60,20251014,170000,7.07,7.25,7.02,7.22,53455,0
MIMI.US,60,20251014,180000,7.21,7.25,7.135,7.249,33629,0
MIMI.US,60,20251014,190000,7.11,7.3,7.11,7.27,14890,0
MIMI.US,60,20251014,200000,7.27,7.5899,7.27,7.55,42443,0
MIMI.US,60,20251014,210000,7.59,7.68,7.5,7.6,29408,0
MIMI.US,60,20251014,220000,7.62,7.6415,7.5006,7.56,27187,0
MIMI.US,60,20251015,160000,7.61,7.61,7.4,7.4,47448,0
MIMI.US,60,20251015,170000,7.41,7.65,7.41,7.51,21148,0
MIMI.US,60,20251015,180000,7.5228,7.65,7.1,7.12,246832,0
MIMI.US,60,20251015,190000,7.25,7.319,7.0205,7.3,76850,0
MIMI.US,60,20251015,200000,7.23,7.31,7.1409,7.1409,65619,0
MIMI.US,60,20251015,210000,7.18,7.2,7.14,7.17,7139,0
MIMI.US,60,20251015,220000,7.255,7.27,7.17,7.2,15512,0
MIMI.US,60,20251016,160000,7.05,7.11,6.84,6.91,28829,0
MIMI.US,60,20251016,170000,6.93,6.94,6.7201,6.75,22812,0
MIMI.US,60,20251016,180000,6.72,6.8,6.72,6.74,13892,0
MIMI.US,60,20251016,190000,6.74,6.7504,6.6,6.75,23104,0
MIMI.US,60,20251016,200000,6.72,6.9779,6.71,6.9,30110,0
MIMI.US,60,20251016,210000,6.9,6.9,6.72,6.82,20154,0
MIMI.US,60,20251016,220000,6.85,6.85,6.7,6.7,14296,0
MIMI.US,60,20251017,160000,6.8,7.1,6.8,6.99,15800,0
MIMI.US,60,20251017,170000,6.99,7.04,6.8925,6.9362,12324,0
MIMI.US,60,20251017,180000,6.93,7,6.92,6.94,15676,0
MIMI.US,60,20251017,190000,6.99,7,6.84,6.95,14949,0
MIMI.US,60,20251017,200000,6.97,7,6.92,6.98,7680,0
MIMI.US,60,20251017,210000,6.99,7,6.83,6.91,8333,0
MIMI.US,60,20251017,220000,6.9298,6.9733,6.85,6.91,18622,0
MIMI.US,60,20251020,160000,6.95,6.95,6.71,6.755,22739,0
MIMI.US,60,20251020,170000,6.79,6.9,6.71,6.78,14568,0
MIMI.US,60,20251020,180000,6.76,6.8202,6.73,6.82,24135,0
MIMI.US,60,20251020,190000,6.82,6.94,6.81,6.88,6465,0
MIMI.US,60,20251020,200000,6.87,7,6.82,6.88,21879,0
MIMI.US,60,20251020,210000,6.92,6.9596,6.88,6.9101,10351,0
MIMI.US,60,20251020,220000,6.9389,7.07,6.9205,7.02,27931,0
MIMI.US,60,20251021,160000,7,7.06,6.9,6.9871,27745,0
MIMI.US,60,20251021,170000,6.98,7.21,6.95,7.19,24488,0
MIMI.US,60,20251021,180000,7.15,7.21,7.01,7.21,26034,0
MIMI.US,60,20251021,190000,7.2,7.25,7.155,7.25,22174,0
MIMI.US,60,20251021,200000,7.225,7.35,7.1629,7.35,26137,0
MIMI.US,60,20251021,210000,7.26,7.35,7.1802,7.21,6295,0
MIMI.US,60,20251021,220000,7.25,7.28,7.1,7.13,13440,0
MIMI.US,60,20251022,160000,7,7.25,7,7.11,15895,0
MIMI.US,60,20251022,170000,7.18,7.27,7.1,7.23,30474,0
MIMI.US,60,20251022,180000,7.25,7.27,7.1,7.21,23901,0
MIMI.US,60,20251022,190000,7.17,7.25,7.15,7.25,15014,0
MIMI.US,60,20251022,200000,7.2,7.2489,7.13,7.2296,7806,0
MIMI.US,60,20251022,210000,7.23,7.26,7.19,7.19,10032,0
MIMI.US,60,20251022,220000,7.19,7.25,7.17,7.18,28805,0
MIMI.US,60,20251023,160000,7.24,7.34,6.85,6.88,105102,0
MIMI.US,60,20251023,170000,6.95,6.96,6.67,6.8,161302,0
MIMI.US,60,20251023,180000,6.8,6.8999,6.63,6.675,93933,0
MIMI.US,60,20251023,190000,6.675,6.7564,6.65,6.7564,26701,0
MIMI.US,60,20251023,200000,6.7198,6.91,6.7198,6.82,10442,0
MIMI.US,60,20251023,210000,6.8,6.82,6.38,6.47,99432,0
MIMI.US,60,20251023,220000,6.5,6.65,6.384,6.45,40180,0
MIMI.US,60,20251024,160000,6.45,6.5399,6.45,6.47,26223,0
MIMI.US,60,20251024,170000,6.451,6.46,6.21,6.33,52650,0
MIMI.US,60,20251024,180000,6.35,6.35,6.2,6.2998,16968,0
MIMI.US,60,20251024,190000,6.28,6.5853,6.28,6.5853,10466,0
MIMI.US,60,20251024,200000,6.482,6.6,6.45,6.5499,5397,0
MIMI.US,60,20251024,210000,6.47,6.55,6.458,6.5499,3746,0
MIMI.US,60,20251024,220000,6.53,6.55,6.4401,6.55,12529,0
MIMI.US,60,20251027,150000,6.5,6.7,6.3,6.3,23755,0
MIMI.US,60,20251027,160000,6.25,6.5,6.21,6.48,16759,0
MIMI.US,60,20251027,170000,6.5,6.5383,6.37,6.37,40720,0
MIMI.US,60,20251027,180000,6.385,6.49,6.31,6.425,25515,0
MIMI.US,60,20251027,190000,6.43,6.5859,6.41,6.5,3657,0
MIMI.US,60,20251027,200000,6.4601,6.53,6.43,6.44,3108,0
MIMI.US,60,20251027,210000,6.42,6.59,6.385,6.43,12456,0
MIMI.US,60,20251028,150000,6.43,6.8,6.43,6.56,35152,0
MIMI.US,60,20251028,160000,6.59,6.73,6.52,6.5608,28971,0
MIMI.US,60,20251028,170000,6.61,6.7,6.6,6.64,7471,0
MIMI.US,60,20251028,180000,6.7,6.7,6.54,6.61,10187,0
MIMI.US,60,20251028,190000,6.6011,6.66,6.5541,6.66,2094,0
MIMI.US,60,20251028,200000,6.64,6.68,6.56,6.56,6915,0
MIMI.US,60,20251028,210000,6.56,6.59,6.5,6.51,9812,0
MIMI.US,60,20251029,150000,6.6,6.6,6.5124,6.5124,9023,0
MIMI.US,60,20251029,160000,6.51,6.52,6.35,6.4,85816,0
MIMI.US,60,20251029,170000,6.455,6.455,6.4,6.4,3703,0
MIMI.US,60,20251029,180000,6.41,6.5,6.4,6.41,3989,0
MIMI.US,60,20251029,190000,6.41,6.5,6.35,6.35,7355,0
MIMI.US,60,20251029,200000,6.36,6.36,6.24,6.24,20737,0
MIMI.US,60,20251029,210000,6.26,6.47,6.25,6.33,4995,0
MIMI.US,60,20251030,150000,6.2,6.23,5.2001,5.8,126452,0
MIMI.US,60,20251030,160000,5.65,5.7572,5.15,5.3757,106315,0
MIMI.US,60,20251030,170000,5.4,5.575,5.21,5.28,30355,0
MIMI.US,60,20251030,180000,5.29,5.916,5.25,5.57,58582,0
MIMI.US,60,20251030,190000,5.5101,5.5589,5.45,5.4995,8432,0
MIMI.US,60,20251030,200000,5.498,5.57,5.3176,5.45,15149,0
MIMI.US,60,20251030,210000,5.4,5.5,5.05,5.395,57286,0
MIMI.US,60,20251031,150000,5.16,5.18,4.26,4.81,122350,0
MIMI.US,60,20251031,160000,4.74,4.87,4.51,4.7999,35687,0
MIMI.US,60,20251031,170000,4.7104,4.98,4.7104,4.88,27953,0
MIMI.US,60,20251031,180000,4.79,4.9,4.6,4.63,45011,0
MIMI.US,60,20251031,190000,4.655,4.79,4.6307,4.78,6867,0
MIMI.US,60,20251031,200000,4.78,4.78,4.62,4.645,20428,0
MIMI.US,60,20251031,210000,4.61,4.66,4.58,4.64,38880,0
MIMI.US,60,20251103,160000,4.41,4.44,4,4.19,147328,0
MIMI.US,60,20251103,170000,4.18,4.64,4.18,4.6194,129417,0
MIMI.US,60,20251103,180000,4.6,4.64,4.17,4.48,43480,0
MIMI.US,60,20251103,190000,4.4,4.4,4.25,4.38,6907,0
MIMI.US,60,20251103,200000,4.345,4.38,4.15,4.165,49456,0
MIMI.US,60,20251103,210000,4.17,4.55,4.05,4.46,82209,0
MIMI.US,60,20251103,220000,4.44,4.44,4.3,4.32,90514,0
MIMI.US,60,20251104,160000,4.31,4.32,4.28,4.32,143969,0
MIMI.US,60,20251104,170000,4.32,5,4.3011,4.5601,135833,0
MIMI.US,60,20251104,180000,4.5501,4.735,3.2001,3.35,1606206,0
MIMI.US,60,20251104,190000,3,3,1.22,1.2224,758537,0
MIMI.US,60,20251104,200000,1.2498,1.63,1.04,1.63,1889628,0
MIMI.US,60,20251104,210000,1.72,1.89,1.55,1.7007,1233433,0
MIMI.US,60,20251104,220000,1.7,1.84,1.64,1.775,681057,0
MIMI.US,60,20251105,160000,1.47,1.49,1.15,1.17,932277,0
MIMI.US,60,20251105,170000,1.1605,1.18,1.02,1.0596,1117397,0
MIMI.US,60,20251105,180000,1.0599,1.21,1.0504,1.16,829380,0
MIMI.US,60,20251105,190000,1.16,1.4,1.16,1.2995,668326,0
MIMI.US,60,20251105,200000,1.29,1.35,1.16,1.215,507713,0
MIMI.US,60,20251105,210000,1.2195,1.27,1.18,1.27,364382,0
MIMI.US,60,20251105,220000,1.26,1.27,1.15,1.15,380094,0
MIMI.US,60,20251106,160000,1.15,1.15,1.1,1.1095,173839,0
MIMI.US,60,20251106,170000,1.1,1.11,0.95,0.9698,493328,0
MIMI.US,60,20251106,180000,0.9699,1,0.922,0.9999,438524,0
MIMI.US,60,20251106,190000,1,1,0.9526,0.96,185812,0
MIMI.US,60,20251106,200000,0.9601,0.970899,0.82,0.8201,535169,0
MIMI.US,60,20251106,210000,0.8201,0.95,0.8201,0.886,401103,0
MIMI.US,60,20251106,220000,0.886,0.9321,0.8751,0.9021,224504,0
MIMI.US,60,20251107,160000,0.95,1.04,0.939,0.9502,255322,0
MIMI.US,60,20251107,170000,0.9502,0.9502,0.9,0.9077,182480,0
MIMI.US,60,20251107,180000,0.9093,0.9171,0.86,0.8703,257077,0
MIMI.US,60,20251107,190000,0.8703,0.8747,0.8204,0.847998,183539,0
MIMI.US,60,20251107,200000,0.85,0.888,0.8489,0.86,55842,0
MIMI.US,60,20251107,210000,0.856,0.8662,0.840001,0.8523,78655,0
MIMI.US,60,20251107,220000,0.8532,0.86,0.82,0.86,273017,0
MIMI.US,60,20251110,160000,0.9,0.9,0.75,0.756,343317,0
MIMI.US,60,20251110,170000,0.7599,0.7752,0.7,0.7402,248724,0
MIMI.US,60,20251110,180000,0.7479,0.748,0.7201,0.7317,123259,0
MIMI.US,60,20251110,190000,0.7302,0.7302,0.7,0.72,220642,0
MIMI.US,60,20251110,200000,0.7199,0.72,0.7101,0.7189,110714,0
MIMI.US,60,20251110,210000,0.7189,0.72,0.701,0.70715,152236,0
MIMI.US,60,20251110,220000,0.7071,0.72,0.7051,0.72,142948,0
MIMI.US,60,20251111,160000,0.7,0.71,0.61,0.6435,378065,0
MIMI.US,60,20251111,170000,0.6509,0.6588,0.64,0.65485,117042,0
MIMI.US,60,20251111,180000,0.6523,0.69,0.6523,0.69,55009,0
MIMI.US,60,20251111,190000,0.69,0.69,0.66,0.67,88345,0
MIMI.US,60,20251111,200000,0.6601,0.67,0.64,0.6504,182145,0
MIMI.US,60,20251111,210000,0.6503,0.6689,0.6501,0.6545,40886,0
MIMI.US,60,20251111,220000,0.6689,0.68,0.652701,0.6682,138126,0
MIMI.US,60,20251112,160000,0.67,0.6964,0.67,0.6907,138031,0
MIMI.US,60,20251112,170000,0.6964,0.77,0.65,0.677859,534712,0
MIMI.US,60,20251112,180000,0.6692,0.6834,0.655,0.6701,68493,0
MIMI.US,60,20251112,190000,0.6701,0.678,0.655,0.67005,61369,0
MIMI.US,60,20251112,200000,0.676836,0.7051,0.6701,0.695,75420,0
MIMI.US,60,20251112,210000,0.6951,0.7,0.67,0.67,44050,0
MIMI.US,60,20251112,220000,0.67,0.689278,0.65,0.65,60296,0
MIMI.US,60,20251113,160000,0.67,0.6928,0.64,0.6653,144546,0
MIMI.US,60,20251113,170000,0.65278,0.6654,0.6,0.611951,231141,0
MIMI.US,60,20251113,180000,0.6101,0.63,0.56,0.56879,228410,0
MIMI.US,60,20251113,190000,0.567872,0.6,0.52,0.599899,223748,0
MIMI.US,60,20251113,200000,0.59,0.6,0.55,0.5899,55928,0
MIMI.US,60,20251113,210000,0.59,0.6,0.5678,0.570947,86142,0
MIMI.US,60,20251113,220000,0.579,0.59,0.56,0.5801,137561,0
MIMI.US,60,20251114,160000,0.53,0.56,0.53,0.55999,228665,0
MIMI.US,60,20251114,170000,0.555,0.56,0.54,0.5433,96360,0
MIMI.US,60,20251114,180000,0.544,0.56,0.543,0.5467,67640,0
MIMI.US,60,20251114,190000,0.5467,0.559899,0.5467,0.54995,86896,0
MIMI.US,60,20251114,200000,0.55,0.5599,0.54,0.5599,117820,0
MIMI.US,60,20251114,210000,0.5599,0.5678,0.54,0.55,57410,0
MIMI.US,60,20251114,220000,0.5403,0.5698,0.54,0.5698,92794,0
MIMI.US,60,20251117,160000,0.55,0.56,0.52,0.5366,125683,0
MIMI.US,60,20251117,170000,0.536399,0.54,0.48,0.496899,196367,0
MIMI.US,60,20251117,180000,0.4888,0.5333,0.48,0.4959,185812,0
MIMI.US,60,20251117,190000,0.5,0.5,0.4755,0.4802,136405,0
MIMI.US,60,20251117,200000,0.4911,0.4949,0.4607,0.4805,122598,0
MIMI.US,60,20251117,210000,0.4805,0.5,0.4655,0.4899,117273,0
MIMI.US,60,20251117,220000,0.4899,0.4899,0.45,0.4895,211114,0
MIMI.US,60,20251118,160000,0.42,0.46,0.42,0.447,179509,0
MIMI.US,60,20251118,170000,0.444,0.444,0.4,0.4163,229080,0
MIMI.US,60,20251118,180000,0.42,0.4295,0.41,0.4201,114660,0
MIMI.US,60,20251118,190000,0.421257,0.4499,0.4201,0.4413,109604,0
MIMI.US,60,20251118,200000,0.4417,0.45999,0.43,0.455,80837,0
MIMI.US,60,20251118,210000,0.4501,0.46,0.43,0.4499,102695,0
MIMI.US,60,20251118,220000,0.4404,0.4498,0.4216,0.439,101608,0
MIMI.US,60,20251119,160000,0.4304,0.4304,0.4,0.4101,92962,0
MIMI.US,60,20251119,170000,0.4101,0.4192,0.4094,0.4115,48435,0
MIMI.US,60,20251119,180000,0.4115,0.42,0.4115,0.4186,102191,0
MIMI.US,60,20251119,190000,0.418783,0.42,0.41,0.418,51598,0
MIMI.US,60,20251119,200000,0.42,0.4209,0.4159,0.4192,77393,0
MIMI.US,60,20251119,210000,0.4171,0.418784,0.4101,0.4115,23796,0
MIMI.US,60,20251119,220000,0.4115,0.415,0.4,0.414,108673,0
MIMI.US,60,20251120,160000,0.38,0.4009,0.3605,0.3802,129689,0
MIMI.US,60,20251120,170000,0.3802,0.4,0.361,0.398351,318536,0
MIMI.US,60,20251120,180000,0.3968,0.3981,0.37,0.3717,110898,0
MIMI.US,60,20251120,190000,0.3717,0.38,0.37,0.3702,47905,0
MIMI.US,60,20251120,200000,0.3703,0.38,0.36,0.36,108156,0
MIMI.US,60,20251120,210000,0.3638,0.38,0.36,0.3702,172386,0
MIMI.US,60,20251120,220000,0.3722,0.378658,0.36,0.3687,117534,0
MIMI.US,60,20251121,160000,0.34,0.37,0.34,0.35,52513,0
MIMI.US,60,20251121,170000,0.3501,0.3601,0.35,0.3501,74170,0
MIMI.US,60,20251121,180000,0.3501,0.399,0.3501,0.3946,226108,0
MIMI.US,60,20251121,190000,0.3946,0.45,0.385,0.448,537746,0
MIMI.US,60,20251121,200000,0.4468,0.57,0.41,0.45,7529991,0
MIMI.US,60,20251121,210000,0.4501,0.4768,0.42,0.467699,1375769,0
MIMI.US,60,20251121,220000,0.4678,0.4686,0.43,0.4579,482829,0
MIMI.US,60,20251124,160000,0.47,0.53,0.4445,0.528,391173,0
MIMI.US,60,20251124,170000,0.5292,0.68869,0.5271,0.5524,7499956,0
MIMI.US,60,20251124,180000,0.5524,0.59,0.5505,0.5566,1558836,0
MIMI.US,60,20251124,190000,0.5623,0.568,0.5,0.5379,809105,0
MIMI.US,60,20251124,200000,0.5363,0.545954,0.522,0.5248,312098,0
MIMI.US,60,20251124,210000,0.522,0.5348,0.5145,0.52195,226929,0
MIMI.US,60,20251124,220000,0.52,0.5542,0.5,0.5542,540458,0
MIMI.US,60,20251125,160000,0.6015,0.6015,0.52,0.555,640609,0
MIMI.US,60,20251125,170000,0.5536,0.5536,0.5001,0.5226,313079,0
MIMI.US,60,20251125,180000,0.521,0.5249,0.501,0.5015,99698,0
MIMI.US,60,20251125,190000,0.5014,0.5099,0.49,0.49,188165,0
MIMI.US,60,20251125,200000,0.490101,0.4997,0.49,0.4954,168545,0
MIMI.US,60,20251125,210000,0.4901,0.495299,0.4667,0.4667,144964,0
MIMI.US,60,20251125,220000,0.460701,0.4735,0.4501,0.46,166408,0
MIMI.US,60,20251126,160000,0.4536,0.497,0.4501,0.495,329895,0
MIMI.US,60,20251126,170000,0.4963,0.53,0.4901,0.5102,374693,0
MIMI.US,60,20251126,180000,0.5102,0.519899,0.502,0.5052,137399,0
MIMI.US,60,20251126,190000,0.5052,0.50919,0.48,0.4925,84750,0
MIMI.US,60,20251126,200000,0.4911,0.5,0.4907,0.498322,68334,0
MIMI.US,60,20251126,210000,0.4945,0.5091,0.4907,0.5091,106141,0
MIMI.US,60,20251126,220000,0.5092,0.52,0.5,0.519,124604,0
MIMI.US,60,20251128,160000,0.52,0.5299,0.4902,0.5299,91800,0
MIMI.US,60,20251128,170000,0.53,0.54,0.52,0.5234,288207,0
MIMI.US,60,20251128,180000,0.524562,0.525,0.5101,0.5152,44039,0
MIMI.US,60,20251128,190000,0.5153,0.5273,0.5021,0.517,70878,0
MIMI.US,60,20251128,200000,0.5233,0.528,0.5204,0.5264,3912,0
MIMI.US,60,20251201,160000,0.5485,0.5485,0.5197,0.54,86473,0
MIMI.US,60,20251201,170000,0.5412,0.5485,0.525301,0.533705,76067,0
MIMI.US,60,20251201,180000,0.5351,0.5351,0.52,0.52,90014,0
MIMI.US,60,20251201,190000,0.5201,0.534399,0.5151,0.51975,79919,0
MIMI.US,60,20251201,200000,0.515401,0.5242,0.51,0.51,106671,0
MIMI.US,60,20251201,210000,0.51,0.528,0.505,0.5272,63278,0
MIMI.US,60,20251201,220000,0.5272,0.5272,0.5114,0.5235,80152,0
MIMI.US,60,20251202,160000,0.51,0.5199,0.51,0.51,15137,0
MIMI.US,60,20251202,170000,0.51,0.5199,0.4904,0.5198,51314,0
MIMI.US,60,20251202,180000,0.519392,0.5198,0.4904,0.4952,111288,0
MIMI.US,60,20251202,190000,0.5018,0.5018,0.488,0.4948,40045,0
MIMI.US,60,20251202,200000,0.4905,0.5194,0.46,0.4712,127521,0
MIMI.US,60,20251202,210000,0.4724,0.517799,0.4674,0.4674,64850,0
MIMI.US,60,20251202,220000,0.4887,0.5,0.47,0.4704,46980,0
MIMI.US,60,20251203,160000,0.4511,0.5175,0.4511,0.4995,37502,0
MIMI.US,60,20251203,170000,0.4995,0.4995,0.49,0.4989,47577,0
MIMI.US,60,20251203,180000,0.4989,0.5,0.49,0.49295,40238,0
MIMI.US,60,20251203,190000,0.49295,0.4999,0.49,0.49635,17650,0
MIMI.US,60,20251203,200000,0.4938,0.5,0.4901,0.4928,33256,0
MIMI.US,60,20251203,210000,0.4928,0.51,0.4925,0.5099,48004,0
MIMI.US,60,20251203,220000,0.509,0.509,0.4641,0.495,42007,0
MIMI.US,60,20251204,160000,0.498,0.5146,0.48,0.50255,51142,0
MIMI.US,60,20251204,170000,0.4963,0.50795,0.48,0.4953,67249,0
MIMI.US,60,20251204,180000,0.49495,0.499999,0.49,0.497307,9222,0
MIMI.US,60,20251204,190000,0.4936,0.51,0.4901,0.49935,20985,0
MIMI.US,60,20251204,200000,0.491542,0.5067,0.4894,0.505129,27380,0
MIMI.US,60,20251204,210000,0.50185,0.5087,0.4952,0.5084,9061,0
MIMI.US,60,20251204,220000,0.5045,0.52,0.4971,0.5018,75477,0
MIMI.US,60,20251205,160000,0.5,0.5177,0.5,0.5058,17230,0
MIMI.US,60,20251205,170000,0.5109,0.5195,0.5002,0.5006,18120,0
MIMI.US,60,20251205,180000,0.5027,0.514,0.5006,0.5131,41287,0
MIMI.US,60,20251205,190000,0.5138,0.525,0.5107,0.525,46331,0
MIMI.US,60,20251205,200000,0.528,0.528,0.51505,0.51505,22765,0
MIMI.US,60,20251205,210000,0.51505,0.5202,0.5,0.51,74728,0
MIMI.US,60,20251205,220000,0.5015,0.516,0.5,0.5125,49649,0
MIMI.US,60,20251208,160000,0.4925,0.5298,0.49005,0.527,47620,0
MIMI.US,60,20251208,170000,0.526,0.5267,0.5002,0.509,30755,0
MIMI.US,60,20251208,180000,0.5177,0.5182,0.5001,0.5051,30241,0
MIMI.US,60,20251208,190000,0.51,0.517,0.5002,0.505301,57896,0
MIMI.US,60,20251208,200000,0.508494,0.51,0.5001,0.5007,17844,0
MIMI.US,60,20251208,210000,0.507151,0.5087,0.5,0.5004,12983,0
MIMI.US,60,20251208,220000,0.5004,0.5026,0.4947,0.4951,39542,0
MIMI.US,60,20251209,160000,0.4875,0.4994,0.46,0.47505,38763,0
MIMI.US,60,20251209,170000,0.4752,0.4868,0.4752,0.4855,10153,0
MIMI.US,60,20251209,180000,0.4855,0.489,0.4814,0.482,16372,0
MIMI.US,60,20251209,190000,0.4867,0.49,0.46,0.4605,34478,0
MIMI.US,60,20251209,200000,0.48,0.48,0.4607,0.4614,3564,0
MIMI.US,60,20251209,210000,0.47065,0.479999,0.4651,0.465101,4000,0
MIMI.US,60,20251209,220000,0.4652,0.47,0.4502,0.4681,38906,0
MIMI.US,60,20251210,160000,0.4899,0.4899,0.4692,0.479,5485,0
MIMI.US,60,20251210,170000,0.4809,0.481,0.47111,0.4755,3032,0
MIMI.US,60,20251210,180000,0.4718,0.475,0.4715,0.4731,8057,0
MIMI.US,60,20251210,190000,0.475,0.47679,0.4731,0.4733,9499,0
MIMI.US,60,20251210,200000,0.473301,0.475,0.473301,0.4748,1790,0
MIMI.US,60,20251210,210000,0.4749,0.4823,0.4747,0.4747,3524,0
MIMI.US,60,20251210,220000,0.4789,0.49,0.4702,0.4702,29990,0
MIMI.US,60,20251211,160000,0.467,0.467,0.46,0.4613,5693,0
MIMI.US,60,20251211,170000,0.4678,0.4678,0.45,0.4582,41993,0
MIMI.US,60,20251211,180000,0.4549,0.4623,0.45,0.4623,18590,0
MIMI.US,60,20251211,190000,0.456801,0.456801,0.44,0.4498,20744,0
MIMI.US,60,20251211,200000,0.44,0.441,0.44,0.4402,12552,0
MIMI.US,60,20251211,210000,0.433,0.440199,0.43,0.440099,3358,0
MIMI.US,60,20251211,220000,0.4351,0.44,0.4335,0.4364,11038,0
MIMI.US,60,20251212,160000,0.43,0.45,0.4251,0.4258,19060,0
MIMI.US,60,20251212,170000,0.4386,0.44,0.4252,0.43005,8134,0
MIMI.US,60,20251212,180000,0.435853,0.44,0.4251,0.426301,2952,0
MIMI.US,60,20251212,190000,0.4264,0.4264,0.426,0.4264,1807,0
MIMI.US,60,20251212,200000,0.4299,0.43,0.41,0.415,46790,0
MIMI.US,60,20251212,210000,0.43,0.44,0.411001,0.411501,36452,0
MIMI.US,60,20251212,220000,0.4125,0.434999,0.4125,0.4326,13533,0
MIMI.US,60,20251215,160000,0.42,0.4203,0.40775,0.40775,15802,0
MIMI.US,60,20251215,170000,0.4063,0.415,0.3866,0.415,43549,0
MIMI.US,60,20251215,180000,0.412216,0.412216,0.393673,0.3937,3086,0
MIMI.US,60,20251215,190000,0.393801,0.3947,0.39,0.39,5422,0
MIMI.US,60,20251215,200000,0.3939,0.3939,0.3885,0.3885,8421,0
MIMI.US,60,20251215,210000,0.39,0.394702,0.3839,0.3868,9178,0
MIMI.US,60,20251215,220000,0.38175,0.3954,0.38,0.38,27957,0
MIMI.US,60,20251216,160000,0.37,0.38,0.37,0.371101,9234,0
MIMI.US,60,20251216,170000,0.3712,0.3795,0.351201,0.3533,18611,0
MIMI.US,60,20251216,180000,0.35,0.3533,0.3447,0.3447,34606,0
MIMI.US,60,20251216,190000,0.3447,0.3448,0.336,0.3423,61198,0
MIMI.US,60,20251216,200000,0.3428,0.3448,0.3407,0.3407,21167,0
MIMI.US,60,20251216,210000,0.3415,0.3427,0.3358,0.3364,29486,0
MIMI.US,60,20251216,220000,0.3388,0.34,0.3361,0.3361,15994,0
MIMI.US,60,20251217,160000,0.3339,0.3339,0.33,0.3318,12949,0
MIMI.US,60,20251217,170000,0.332,0.359899,0.330101,0.34,14757,0
MIMI.US,60,20251217,180000,0.3302,0.3403,0.3302,0.3305,12210,0
MIMI.US,60,20251217,190000,0.34999,0.34999,0.3324,0.3324,399,0
MIMI.US,60,20251217,200000,0.3486,0.3486,0.3316,0.3396,2439,0
MIMI.US,60,20251217,210000,0.3335,0.3474,0.3317,0.3384,15795,0
MIMI.US,60,20251217,220000,0.3317,0.3317,0.3056,0.30789,29696,0
MIMI.US,60,20251218,160000,0.2701,0.291265,0.2701,0.28565,18011,0
MIMI.US,60,20251218,170000,0.2879,0.3,0.2812,0.2956,73129,0
MIMI.US,60,20251218,180000,0.2936,0.2986,0.2936,0.2938,9171,0
MIMI.US,60,20251218,190000,0.294494,0.2995,0.2841,0.2841,37413,0
MIMI.US,60,20251218,200000,0.2843,0.288,0.2537,0.287,133754,0
MIMI.US,60,20251218,210000,0.2866,0.2866,0.264,0.2654,13042,0
MIMI.US,60,20251218,220000,0.2673,0.279,0.26,0.2733,40017,0
MIMI.US,60,20251219,160000,0.28,0.2807,0.28,0.2801,17444,0
MIMI.US,60,20251219,170000,0.2839,0.3,0.28,0.3,186425,0
MIMI.US,60,20251219,180000,0.3,0.3074,0.2949,0.3074,74100,0
MIMI.US,60,20251219,190000,0.3067,0.569,0.3067,0.4955,23350043,0
MIMI.US,60,20251219,200000,0.4955,0.5847,0.4133,0.4797,44647765,0
MIMI.US,60,20251219,210000,0.4797,0.56,0.4442,0.48465,29874346,0
MIMI.US,60,20251219,220000,0.4846,0.58,0.445,0.4781,14052618,0
MIMI.US,60,20251222,160000,0.4144,0.4257,0.4,0.4061,1016180,0
MIMI.US,60,20251222,170000,0.406401,0.42,0.4,0.4,883618,0
MIMI.US,60,20251222,180000,0.4,0.415,0.3967,0.3967,408909,0
MIMI.US,60,20251222,190000,0.396701,0.3968,0.3967,0.3968,111369,0
MIMI.US,60,20251222,200000,0.3967,0.4014,0.3967,0.40005,212329,0
MIMI.US,60,20251222,210000,0.4001,0.4001,0.3893,0.3894,181828,0
MIMI.US,60,20251222,220000,0.3894,0.39,0.3866,0.3867,98075,0
MIMI.US,60,20251223,160000,0.38,0.3948,0.38,0.3802,123320,0
MIMI.US,60,20251223,170000,0.3802,0.3925,0.3784,0.3801,136339,0
MIMI.US,60,20251223,180000,0.3802,0.3802,0.37975,0.3802,214565,0
MIMI.US,60,20251223,190000,0.3801,0.3802,0.3706,0.3706,84339,0
MIMI.US,60,20251223,200000,0.3707,0.3725,0.3648,0.3649,155501,0
MIMI.US,60,20251223,210000,0.3648,0.3649,0.3648,0.3648,17050,0
MIMI.US,60,20251223,220000,0.3648,0.3715,0.3595,0.3711,172908,0
MIMI.US,60,20251224,160000,0.35,0.3873,0.35,0.3713,78538,0
MIMI.US,60,20251224,170000,0.3713,0.3826,0.3645,0.3645,241661,0
MIMI.US,60,20251224,180000,0.38,0.3805,0.3506,0.3591,22873,0
MIMI.US,60,20251224,190000,0.359201,0.364599,0.3508,0.3623,21252,0
MIMI.US,60,20251224,200000,0.36,0.36,0.36,0.36,2243,0
MIMI.US,60,20251226,160000,0.3601,0.367451,0.3417,0.342001,28636,0
MIMI.US,60,20251226,170000,0.3531,0.3576,0.3419,0.342,23592,0
MIMI.US,60,20251226,180000,0.3421,0.3518,0.3419,0.342,60488,0
MIMI.US,60,20251226,190000,0.342,0.3489,0.342,0.3434,10399,0
MIMI.US,60,20251226,200000,0.3435,0.3435,0.3394,0.3394,43366,0
MIMI.US,60,20251226,210000,0.339,0.3446,0.3266,0.3266,18867,0
MIMI.US,60,20251226,220000,0.3379,0.340419,0.3207,0.3216,10717,0
