<TICKER>,<PER>,<DATE>,<TIME>,<OPEN>,<HIGH>,<LOW>,<CLOSE>,<VOL>,<OPENINT>
MYPSW.US,60,20240412,180000,0.096,0.099,0.096,0.099,400,0
MYPSW.US,60,20240412,200000,0.0989,0.098923,0.0989,0.098923,300,0
MYPSW.US,60,20240412,210000,0.099,0.099,0.099,0.099,100,0
MYPSW.US,60,20240415,160000,0.075,0.075,0.075,0.075,200,0
MYPSW.US,60,20240422,220000,0.087051,0.0871,0.0642,0.0642,2602,0
MYPSW.US,60,20240503,210000,0.0751,0.0751,0.0751,0.0751,100,0
MYPSW.US,60,20240510,220000,0.0721,0.0721,0.053,0.0555,6855,0
MYPSW.US,60,20240514,160000,0.0573,0.0573,0.0573,0.0573,200,0
MYPSW.US,60,20240517,200000,0.0615,0.073395,0.0615,0.073395,30999,0
MYPSW.US,60,20240522,210000,0.055385,0.099,0.055385,0.099,455,0
MYPSW.US,60,20240522,220000,0.0555,0.0555,0.055,0.055,3781,0
MYPSW.US,60,20240523,180000,0.062301,0.062301,0.062301,0.062301,1000,0
MYPSW.US,60,20240523,210000,0.0551,0.0551,0.0551,0.0551,200,0
MYPSW.US,60,20240523,220000,0.0558,0.0559,0.0558,0.0559,1000,0
MYPSW.US,60,20240524,160000,0.056,0.056,0.056,0.056,100,0
MYPSW.US,60,20240524,180000,0.0605,0.0606,0.0505,0.0505,3533,0
MYPSW.US,60,20240529,220000,0.0556,0.0556,0.049999,0.049999,5867,0
MYPSW.US,60,20240603,210000,0.0643,0.0669,0.045,0.0669,1400,0
MYPSW.US,60,20240603,220000,0.065,0.065,0.0475,0.065,1900,0
MYPSW.US,60,20240604,170000,0.0582,0.0646,0.0582,0.0582,500,0
MYPSW.US,60,20240604,190000,0.064899,0.0655,0.0452,0.0452,6774,0
MYPSW.US,60,20240607,170000,0.0475,0.0563,0.0475,0.0563,1215,0
MYPSW.US,60,20240611,210000,0.05,0.05,0.0451,0.0452,1200,0
MYPSW.US,60,20240612,170000,0.0475,0.0475,0.04,0.04,36000,0
MYPSW.US,60,20240612,200000,0.04,0.04,0.04,0.04,100,0
MYPSW.US,60,20240612,220000,0.0404,0.0404,0.04,0.04,2425,0
MYPSW.US,60,20240621,200000,0.0369,0.04,0.036,0.0399,38979,0
MYPSW.US,60,20240625,160000,0.0399,0.04,0.0398,0.0398,500,0
MYPSW.US,60,20240625,180000,0.0351,0.0351,0.0303,0.0303,15372,0
MYPSW.US,60,20240625,190000,0.0306,0.0306,0.0303,0.0303,1372,0
MYPSW.US,60,20240628,180000,0.030645,0.0474,0.030645,0.0474,4200,0
MYPSW.US,60,20240628,190000,0.0472,0.0472,0.0472,0.0472,200,0
MYPSW.US,60,20240701,200000,0.0352,0.0379,0.0308,0.0308,1900,0
MYPSW.US,60,20240701,210000,0.0379,0.0387,0.0308,0.0387,47035,0
MYPSW.US,60,20240701,220000,0.0386,0.0386,0.0386,0.0386,100,0
MYPSW.US,60,20240702,160000,0.031,0.031,0.031,0.031,111,0
MYPSW.US,60,20240702,170000,0.035,0.035,0.035,0.035,100,0
MYPSW.US,60,20240702,210000,0.035,0.0379,0.035,0.0379,101200,0
MYPSW.US,60,20240702,220000,0.0378,0.0385,0.0378,0.0385,8354,0
MYPSW.US,60,20240708,190000,0.0386,0.0386,0.0313,0.0313,55166,0
MYPSW.US,60,20240709,160000,0.0386,0.0386,0.0386,0.0386,3458,0
MYPSW.US,60,20240710,180000,0.0313,0.0313,0.0312,0.0312,5134,0
MYPSW.US,60,20240710,200000,0.0307,0.0308,0.0305,0.0307,10100,0
MYPSW.US,60,20240710,210000,0.0307,0.0307,0.0303,0.0303,3200,0
MYPSW.US,60,20240710,220000,0.0305,0.0308,0.0289,0.03,23800,0
MYPSW.US,60,20240711,160000,0.0303,0.031,0.0303,0.031,3505,0
MYPSW.US,60,20240711,170000,0.031,0.0316,0.031,0.0315,600,0
MYPSW.US,60,20240711,180000,0.0326,0.0326,0.0326,0.0326,100,0
MYPSW.US,60,20240711,190000,0.0316,0.0316,0.0316,0.0316,100,0
MYPSW.US,60,20240711,200000,0.0316,0.0316,0.0316,0.0316,100,0
MYPSW.US,60,20240711,220000,0.0319,0.0345,0.0319,0.0331,82326,0
MYPSW.US,60,20240712,160000,0.0304,0.0346,0.0304,0.0346,508,0
MYPSW.US,60,20240718,210000,0.032,0.0335,0.0319,0.0335,7539,0
MYPSW.US,60,20240718,220000,0.0335,0.0335,0.0335,0.0335,100,0
MYPSW.US,60,20240719,180000,0.033,0.0335,0.031766,0.0334,3300,0
MYPSW.US,60,20240719,190000,0.0335,0.0386,0.0335,0.0386,4703,0
MYPSW.US,60,20240719,200000,0.0386,0.0386,0.0386,0.0386,200,0
MYPSW.US,60,20240719,210000,0.0386,0.0386,0.0385,0.0385,400,0
MYPSW.US,60,20240722,160000,0.0384,0.0387,0.034601,0.034758,1700,0
MYPSW.US,60,20240722,190000,0.0353,0.0353,0.035,0.035,4000,0
MYPSW.US,60,20240722,220000,0.0333,0.0333,0.0333,0.0333,245,0
MYPSW.US,60,20240723,180000,0.0306,0.0344,0.0306,0.0344,333,0
MYPSW.US,60,20240730,200000,0.0344,0.0344,0.0295,0.0299,9217,0
MYPSW.US,60,20240730,210000,0.03,0.03,0.03,0.03,100,0
MYPSW.US,60,20240802,220000,0.0299,0.031,0.026,0.026,126333,0
MYPSW.US,60,20240805,190000,0.03,0.0315,0.03,0.0315,3133,0
MYPSW.US,60,20240805,200000,0.0325,0.034,0.0325,0.034,4405,0
MYPSW.US,60,20240805,210000,0.035,0.035,0.027,0.027,20500,0
MYPSW.US,60,20240805,220000,0.0251,0.0251,0.0215,0.0215,68700,0
MYPSW.US,60,20240806,170000,0.022,0.022,0.0186,0.0198,135582,0
MYPSW.US,60,20240806,180000,0.0198,0.0204,0.0195,0.0195,22106,0
MYPSW.US,60,20240806,190000,0.0188,0.0188,0.0156,0.016,186300,0
MYPSW.US,60,20240806,200000,0.0165,0.0198,0.0165,0.0198,164463,0
MYPSW.US,60,20240806,210000,0.0198,0.0213,0.0198,0.0213,221146,0
MYPSW.US,60,20240806,220000,0.021,0.021,0.0188,0.02,119994,0
MYPSW.US,60,20240807,180000,0.0162,0.0162,0.0147,0.0157,702100,0
MYPSW.US,60,20240807,190000,0.0157,0.0177,0.0157,0.0177,135051,0
MYPSW.US,60,20240807,200000,0.0169,0.017101,0.0152,0.0169,163012,0
MYPSW.US,60,20240807,210000,0.0161,0.017,0.015,0.0169,271820,0
MYPSW.US,60,20240807,220000,0.0162,0.0162,0.0159,0.015901,1800,0
MYPSW.US,60,20240808,160000,0.0199,0.0199,0.0199,0.0199,200,0
MYPSW.US,60,20240808,210000,0.0199,0.0199,0.0199,0.0199,300,0
MYPSW.US,60,20240809,160000,0.0197,0.0197,0.0197,0.0197,300,0
MYPSW.US,60,20240809,170000,0.0161,0.0166,0.015,0.015,34999,0
MYPSW.US,60,20240809,180000,0.0197,0.0197,0.0197,0.0197,5000,0
MYPSW.US,60,20240812,170000,0.0154,0.0154,0.015,0.015,4900,0
MYPSW.US,60,20240812,190000,0.0155,0.0155,0.0155,0.0155,300,0
MYPSW.US,60,20240812,210000,0.0155,0.0155,0.0153,0.0153,9490,0
MYPSW.US,60,20240813,220000,0.0154,0.0154,0.0154,0.0154,2100,0
MYPSW.US,60,20240814,160000,0.015,0.0152,0.0144,0.0149,42850,0
MYPSW.US,60,20240814,170000,0.014995,0.015,0.014995,0.015,8100,0
MYPSW.US,60,20240814,190000,0.015,0.015,0.0149,0.0149,400,0
MYPSW.US,60,20240814,210000,0.015,0.015,0.015,0.015,2000,0
MYPSW.US,60,20240814,220000,0.015,0.015,0.015,0.015,100,0
MYPSW.US,60,20240815,160000,0.0136,0.015,0.0136,0.015,4800,0
MYPSW.US,60,20240815,170000,0.015,0.015,0.015,0.015,10097,0
MYPSW.US,60,20240815,190000,0.015,0.015,0.015,0.015,19403,0
MYPSW.US,60,20240815,220000,0.0193,0.0194,0.0193,0.0194,200,0
MYPSW.US,60,20240816,160000,0.02,0.02,0.02,0.02,100,0
MYPSW.US,60,20240816,170000,0.02,0.02,0.02,0.02,347,0
MYPSW.US,60,20240816,190000,0.0188,0.0188,0.0139,0.0178,251157,0
MYPSW.US,60,20240816,220000,0.02,0.02,0.02,0.02,8160,0
MYPSW.US,60,20240823,200000,0.02,0.02,0.02,0.02,1500,0
MYPSW.US,60,20240823,220000,0.02,0.02,0.02,0.02,8356,0
MYPSW.US,60,20240827,160000,0.02,0.02,0.02,0.02,100,0
MYPSW.US,60,20240827,170000,0.02,0.02,0.02,0.02,100,0
MYPSW.US,60,20240829,220000,0.02,0.0256,0.0198,0.02,23123,0
MYPSW.US,60,20240830,200000,0.02,0.0247,0.02,0.0247,900,0
MYPSW.US,60,20240913,170000,0.0162,0.0163,0.0162,0.0163,332,0
MYPSW.US,60,20240913,190000,0.0248,0.0248,0.02,0.02,40000,0
MYPSW.US,60,20240917,170000,0.0247,0.0247,0.023,0.023,10000,0
MYPSW.US,60,20240917,220000,0.0247,0.0249,0.0247,0.0247,8400,0
MYPSW.US,60,20240918,170000,0.023384,0.023384,0.023384,0.023384,1000,0
MYPSW.US,60,20240923,220000,0.017773,0.025,0.0177,0.0246,37800,0
MYPSW.US,60,20240925,160000,0.023,0.023,0.023,0.023,150,0
MYPSW.US,60,20240930,190000,0.0165,0.0165,0.0165,0.0165,5100,0
MYPSW.US,60,20241002,170000,0.0168,0.0169,0.0165,0.0165,3702,0
MYPSW.US,60,20241004,160000,0.0163,0.0163,0.0163,0.0163,281,0
MYPSW.US,60,20241004,170000,0.0205,0.0205,0.0205,0.0205,100,0
MYPSW.US,60,20241004,220000,0.0219,0.0219,0.0219,0.0219,3600,0
MYPSW.US,60,20241007,170000,0.02197,0.02197,0.0163,0.016301,4900,0
MYPSW.US,60,20241008,180000,0.0155,0.02,0.0155,0.02,6800,0
MYPSW.US,60,20241009,210000,0.0198,0.0244,0.0198,0.0244,14300,0
MYPSW.US,60,20241010,180000,0.023,0.023,0.0151,0.0156,1700,0
MYPSW.US,60,20241014,210000,0.016,0.0161,0.016,0.0161,200,0
MYPSW.US,60,20241015,180000,0.016,0.02,0.016,0.017186,7200,0
MYPSW.US,60,20241015,210000,0.018,0.018148,0.0151,0.018148,4000,0
MYPSW.US,60,20241015,220000,0.0151,0.0151,0.0144,0.0144,4000,0
MYPSW.US,60,20241017,180000,0.0237,0.0237,0.023,0.023,10000,0
MYPSW.US,60,20241025,170000,0.0176,0.0176,0.0145,0.0145,4050,0
MYPSW.US,60,20241028,210000,0.0237,0.0239,0.023,0.0239,3000,0
MYPSW.US,60,20241029,200000,0.0239,0.0239,0.0239,0.0239,5000,0
MYPSW.US,60,20241030,160000,0.015911,0.019201,0.0145,0.019201,2000,0
MYPSW.US,60,20241030,190000,0.0239,0.0239,0.0239,0.0239,100,0
MYPSW.US,60,20241104,180000,0.018,0.018,0.018,0.018,165,0
MYPSW.US,60,20241105,220000,0.0147,0.0159,0.0139,0.0159,69155,0
MYPSW.US,60,20241106,190000,0.0228,0.0228,0.02,0.0228,300,0
MYPSW.US,60,20241107,200000,0.02,0.0234,0.017,0.0234,2800,0
MYPSW.US,60,20241108,180000,0.018801,0.018801,0.014001,0.014001,800,0
MYPSW.US,60,20241108,190000,0.0141,0.0239,0.014,0.0239,5330,0
MYPSW.US,60,20241108,220000,0.0141,0.0233,0.0122,0.02,251550,0
MYPSW.US,60,20241111,160000,0.017599,0.0177,0.015099,0.016219,3400,0
MYPSW.US,60,20241111,170000,0.016,0.016,0.016,0.016,12500,0
MYPSW.US,60,20241111,180000,0.016,0.0177,0.0141,0.0177,960,0
MYPSW.US,60,20241111,190000,0.015901,0.0177,0.0141,0.0177,5125,0
MYPSW.US,60,20241111,200000,0.0141,0.0177,0.0141,0.0177,1824,0
MYPSW.US,60,20241111,210000,0.0176,0.0177,0.0127,0.015901,10316,0
MYPSW.US,60,20241111,220000,0.0141,0.0141,0.013999,0.014,4327,0
MYPSW.US,60,20241112,200000,0.023,0.0239,0.0151,0.0239,86580,0
MYPSW.US,60,20241112,220000,0.0151,0.015322,0.0137,0.0141,35750,0
MYPSW.US,60,20241113,200000,0.0141,0.0141,0.0141,0.0141,26252,0
MYPSW.US,60,20241113,210000,0.0123,0.014,0.0123,0.013998,14750,0
MYPSW.US,60,20241113,220000,0.0139,0.014,0.0139,0.014,3100,0
MYPSW.US,60,20241114,170000,0.0141,0.0238,0.0124,0.0124,9000,0
MYPSW.US,60,20241114,180000,0.0131,0.017,0.0131,0.017,322,0
MYPSW.US,60,20241114,200000,0.0132,0.0138,0.0129,0.0129,84911,0
MYPSW.US,60,20241114,210000,0.0129,0.01295,0.0129,0.01295,1450,0
MYPSW.US,60,20241115,160000,0.0123,0.0239,0.0123,0.0182,26500,0
MYPSW.US,60,20241115,170000,0.0125,0.0239,0.0125,0.0127,52590,0
MYPSW.US,60,20241115,200000,0.0149,0.0149,0.0149,0.0149,100,0
MYPSW.US,60,20241115,220000,0.015,0.015,0.015,0.015,100,0
MYPSW.US,60,20241118,170000,0.0148,0.0162,0.0133,0.0162,22950,0
MYPSW.US,60,20241118,180000,0.015901,0.017,0.0159,0.0165,1900,0
MYPSW.US,60,20241118,210000,0.0163,0.017,0.0153,0.016151,5100,0
MYPSW.US,60,20241119,220000,0.0153,0.017,0.0122,0.0126,69900,0
MYPSW.US,60,20241120,210000,0.0139,0.019,0.0129,0.017,179856,0
MYPSW.US,60,20241121,180000,0.0133,0.013301,0.0132,0.013301,8400,0
MYPSW.US,60,20241121,200000,0.0134,0.017,0.0133,0.0161,10000,0
MYPSW.US,60,20241121,210000,0.015151,0.017,0.015151,0.017,4800,0
MYPSW.US,60,20241122,160000,0.017,0.017,0.017,0.017,100,0
MYPSW.US,60,20241125,190000,0.016,0.016,0.016,0.016,100,0
MYPSW.US,60,20241125,200000,0.0169,0.017,0.0169,0.017,18300,0
MYPSW.US,60,20241125,210000,0.017,0.018001,0.0135,0.0135,31400,0
MYPSW.US,60,20241126,200000,0.015,0.017,0.0136,0.017,47100,0
MYPSW.US,60,20241126,210000,0.0164,0.017,0.015249,0.015249,27300,0
MYPSW.US,60,20241126,220000,0.017,0.018,0.0135,0.0164,323800,0
MYPSW.US,60,20241127,160000,0.0136,0.0136,0.0135,0.0135,3000,0
MYPSW.US,60,20241127,190000,0.016968,0.016968,0.016968,0.016968,5000,0
MYPSW.US,60,20241127,210000,0.016001,0.017,0.016,0.017,69200,0
MYPSW.US,60,20241127,220000,0.017,0.017202,0.017,0.017,2800,0
MYPSW.US,60,20241129,160000,0.016,0.018,0.016,0.0179,28700,0
MYPSW.US,60,20241129,190000,0.018,0.018,0.018,0.018,5000,0
MYPSW.US,60,20241202,160000,0.0181,0.0181,0.0181,0.0181,100,0
MYPSW.US,60,20241202,210000,0.017,0.017,0.014,0.014,11000,0
MYPSW.US,60,20241203,170000,0.018,0.018,0.016196,0.016196,2000,0
MYPSW.US,60,20241203,180000,0.018,0.018,0.017901,0.017901,15000,0
MYPSW.US,60,20241203,190000,0.018,0.0255,0.018,0.0236,54884,0
MYPSW.US,60,20241203,210000,0.02,0.0235,0.02,0.0235,600,0
MYPSW.US,60,20241204,170000,0.0141,0.0141,0.0141,0.0141,1300,0
MYPSW.US,60,20241204,180000,0.0141,0.0141,0.0141,0.0141,762985,0
MYPSW.US,60,20241204,210000,0.0208,0.0208,0.0208,0.0208,1000,0
MYPSW.US,60,20241204,220000,0.0233,0.0233,0.0233,0.0233,100,0
MYPSW.US,60,20241205,190000,0.0249,0.0249,0.0249,0.0249,200,0
MYPSW.US,60,20241206,200000,0.02,0.022,0.0178,0.022,89059,0
MYPSW.US,60,20241206,210000,0.0219,0.0219,0.0198,0.0198,10028,0
MYPSW.US,60,20241206,220000,0.0198,0.0198,0.0197,0.0197,5200,0
MYPSW.US,60,20241209,160000,0.0195,0.0195,0.0195,0.0195,250,0
MYPSW.US,60,20241209,170000,0.0195,0.0202,0.0195,0.0202,9850,0
MYPSW.US,60,20241209,180000,0.0215,0.0274,0.0206,0.0274,88743,0
MYPSW.US,60,20241209,190000,0.0255,0.0274,0.0249,0.026,18729,0
MYPSW.US,60,20241209,210000,0.02,0.0248,0.0193,0.0246,56601,0
MYPSW.US,60,20241210,180000,0.0196,0.0249,0.0194,0.0228,7190,0
MYPSW.US,60,20241210,190000,0.0194,0.0249,0.0194,0.0249,9630,0
MYPSW.US,60,20241210,210000,0.02,0.0209,0.02,0.02,19000,0
MYPSW.US,60,20241210,220000,0.0198,0.021,0.018999,0.021,113897,0
MYPSW.US,60,20241211,160000,0.0249,0.0249,0.022,0.022,23000,0
MYPSW.US,60,20241211,200000,0.0248,0.0249,0.02,0.02,34928,0
MYPSW.US,60,20241211,210000,0.0248,0.0248,0.023,0.023,17177,0
MYPSW.US,60,20241211,220000,0.0248,0.0249,0.0225,0.0225,11500,0
MYPSW.US,60,20241212,160000,0.024,0.0241,0.024,0.0241,9882,0
MYPSW.US,60,20241212,200000,0.02,0.0239,0.02,0.0239,125567,0
MYPSW.US,60,20241212,210000,0.0239,0.0239,0.0182,0.0182,31860,0
MYPSW.US,60,20241212,220000,0.020001,0.020001,0.02,0.02,3900,0
MYPSW.US,60,20241213,160000,0.021251,0.021251,0.021251,0.021251,1000,0
MYPSW.US,60,20241213,180000,0.018,0.0201,0.018,0.02,3200,0
MYPSW.US,60,20241213,190000,0.02,0.0245,0.0156,0.0175,29445,0
MYPSW.US,60,20241213,220000,0.0243,0.0245,0.018,0.018,1545,0
MYPSW.US,60,20241216,160000,0.018,0.018,0.018,0.018,2617,0
MYPSW.US,60,20241216,170000,0.018701,0.021501,0.0185,0.019,14800,0
MYPSW.US,60,20241216,180000,0.019,0.0241,0.018,0.018,23823,0
MYPSW.US,60,20241216,220000,0.02,0.02,0.018,0.018,1900,0
MYPSW.US,60,20241217,190000,0.02,0.0201,0.0175,0.0175,4500,0
MYPSW.US,60,20241217,210000,0.02095,0.0244,0.0175,0.018,9900,0
MYPSW.US,60,20241217,220000,0.018,0.018,0.018,0.018,3050,0
MYPSW.US,60,20241218,210000,0.0177,0.0178,0.0171,0.0171,11300,0
MYPSW.US,60,20241218,220000,0.0156,0.0169,0.0152,0.0168,237106,0
MYPSW.US,60,20241219,160000,0.0166,0.0166,0.0166,0.0166,2900,0
MYPSW.US,60,20241219,170000,0.0169,0.0169,0.0169,0.0169,1000,0
MYPSW.US,60,20241219,180000,0.016049,0.016049,0.016049,0.016049,12000,0
MYPSW.US,60,20241219,190000,0.0169,0.0175,0.0169,0.0175,10200,0
MYPSW.US,60,20241219,210000,0.0175,0.0186,0.0175,0.0176,21409,0
MYPSW.US,60,20241220,190000,0.017,0.0175,0.0151,0.017,175156,0
MYPSW.US,60,20241220,200000,0.017,0.0171,0.017,0.0171,1330,0
MYPSW.US,60,20241220,210000,0.017001,0.0179,0.017,0.0171,12500,0
MYPSW.US,60,20241220,220000,0.0179,0.018,0.0172,0.018,89400,0
MYPSW.US,60,20241223,200000,0.0189,0.02,0.0189,0.02,10000,0
MYPSW.US,60,20241224,160000,0.0207,0.021,0.0171,0.021,3361,0
MYPSW.US,60,20241224,190000,0.021,0.021,0.0174,0.0174,11078,0
MYPSW.US,60,20241226,160000,0.0219,0.0219,0.0219,0.0219,1321,0
MYPSW.US,60,20241226,180000,0.0217,0.022,0.020818,0.020818,15268,0
MYPSW.US,60,20241227,170000,0.019,0.019,0.0181,0.0182,47899,0
MYPSW.US,60,20241227,220000,0.0219,0.024,0.0184,0.023,92106,0
MYPSW.US,60,20241230,160000,0.03,0.03,0.0227,0.023,102417,0
MYPSW.US,60,20241230,170000,0.023,0.023,0.023,0.023,41437,0
MYPSW.US,60,20241230,180000,0.0241,0.0241,0.0241,0.0241,5000,0
MYPSW.US,60,20241230,190000,0.0248,0.025,0.0248,0.025,5000,0
MYPSW.US,60,20241231,160000,0.025,0.025,0.025,0.025,4000,0
MYPSW.US,60,20241231,170000,0.022499,0.025,0.022499,0.025,35000,0
MYPSW.US,60,20241231,200000,0.025,0.025,0.02409,0.025,6610,0
MYPSW.US,60,20250102,160000,0.02499,0.02499,0.02499,0.02499,100,0
MYPSW.US,60,20250102,180000,0.02,0.0205,0.0181,0.0183,87187,0
MYPSW.US,60,20250102,190000,0.0204,0.0204,0.0203,0.0203,9800,0
MYPSW.US,60,20250102,200000,0.0204,0.0206,0.0203,0.0205,14900,0
MYPSW.US,60,20250102,220000,0.0204,0.0204,0.0204,0.0204,600,0
MYPSW.US,60,20250103,160000,0.0185,0.0185,0.0185,0.0185,300,0
MYPSW.US,60,20250103,190000,0.02015,0.021,0.02015,0.0209,6234,0
MYPSW.US,60,20250103,210000,0.021,0.022,0.021,0.022,9525,0
MYPSW.US,60,20250106,190000,0.0228,0.023,0.0228,0.023,5500,0
MYPSW.US,60,20250107,170000,0.024,0.025,0.0238,0.024931,19300,0
MYPSW.US,60,20250107,220000,0.024,0.024,0.02105,0.0239,14250,0
MYPSW.US,60,20250108,180000,0.0181,0.0181,0.0181,0.0181,30000,0
MYPSW.US,60,20250108,220000,0.024,0.0242,0.023999,0.024,125028,0
MYPSW.US,60,20250110,210000,0.0243,0.0244,0.022,0.022,179025,0
MYPSW.US,60,20250110,220000,0.022,0.022,0.0188,0.0219,15728,0
MYPSW.US,60,20250113,200000,0.0244,0.0245,0.0244,0.0245,10300,0
MYPSW.US,60,20250113,220000,0.0181,0.022696,0.0169,0.022696,111818,0
MYPSW.US,60,20250114,170000,0.0237,0.0237,0.0163,0.0163,9998,0
MYPSW.US,60,20250114,180000,0.0233,0.0233,0.0233,0.0233,400,0
MYPSW.US,60,20250114,190000,0.0187,0.0187,0.0187,0.0187,3000,0
MYPSW.US,60,20250114,220000,0.01875,0.02,0.0176,0.02,2400,0
MYPSW.US,60,20250115,170000,0.0199,0.0199,0.019,0.019,1899,0
MYPSW.US,60,20250115,180000,0.01905,0.0195,0.019,0.0195,5708,0
MYPSW.US,60,20250115,200000,0.0198,0.0199,0.0195,0.0197,5446,0
MYPSW.US,60,20250115,210000,0.0208,0.021,0.0195,0.02,5523,0
MYPSW.US,60,20250115,220000,0.0208,0.0223,0.0198,0.0223,4664,0
MYPSW.US,60,20250116,160000,0.0288,0.0288,0.0288,0.0288,100,0
MYPSW.US,60,20250116,170000,0.0166,0.0166,0.0166,0.0166,6496,0
MYPSW.US,60,20250116,180000,0.019,0.02,0.019,0.02,200,0
MYPSW.US,60,20250116,210000,0.0218,0.0288,0.0218,0.0288,900,0
MYPSW.US,60,20250116,220000,0.0211,0.02545,0.021,0.0221,67014,0
MYPSW.US,60,20250121,210000,0.025,0.0251,0.0195,0.0195,32137,0
MYPSW.US,60,20250121,220000,0.0195,0.0197,0.0195,0.0197,1762,0
MYPSW.US,60,20250122,210000,0.02,0.02,0.0195,0.0196,53363,0
MYPSW.US,60,20250122,220000,0.0197,0.0198,0.0196,0.0198,2710,0
MYPSW.US,60,20250124,180000,0.02,0.02,0.02,0.02,800,0
MYPSW.US,60,20250127,170000,0.0291,0.0291,0.02,0.02,900,0
MYPSW.US,60,20250128,160000,0.02,0.02,0.02,0.02,6496,0
MYPSW.US,60,20250128,170000,0.0202,0.0202,0.02,0.02,9000,0
MYPSW.US,60,20250128,180000,0.02,0.02,0.02,0.02,248,0
MYPSW.US,60,20250128,190000,0.0258,0.0261,0.0258,0.0259,36400,0
MYPSW.US,60,20250128,200000,0.026,0.0261,0.026,0.0261,37776,0
MYPSW.US,60,20250128,220000,0.0287,0.0308,0.0261,0.0308,124933,0
MYPSW.US,60,20250129,160000,0.0308,0.0333,0.0308,0.0308,141941,0
MYPSW.US,60,20250129,170000,0.0308,0.0313,0.0308,0.0308,24754,0
MYPSW.US,60,20250129,180000,0.0309,0.0309,0.0309,0.0309,100,0
MYPSW.US,60,20250129,190000,0.0308,0.0309,0.0308,0.0309,10100,0
MYPSW.US,60,20250129,200000,0.0308,0.0308,0.0308,0.0308,22421,0
MYPSW.US,60,20250129,220000,0.0308,0.0308,0.0308,0.0308,2100,0
MYPSW.US,60,20250130,160000,0.0308,0.0308,0.0308,0.0308,100,0
MYPSW.US,60,20250130,190000,0.0333,0.0333,0.0289,0.0289,9950,0
MYPSW.US,60,20250130,200000,0.0289,0.0289,0.0289,0.0289,100,0
MYPSW.US,60,20250131,220000,0.0289,0.029,0.0289,0.0289,81378,0
MYPSW.US,60,20250203,180000,0.0297,0.0333,0.0297,0.0333,1100,0
MYPSW.US,60,20250203,190000,0.033,0.0333,0.033,0.0333,1000,0
MYPSW.US,60,20250206,170000,0.02,0.026451,0.0196,0.026451,3000,0
MYPSW.US,60,20250207,160000,0.0201,0.0203,0.0195,0.02,2000,0
MYPSW.US,60,20250207,200000,0.02,0.02,0.02,0.02,100,0
MYPSW.US,60,20250211,210000,0.0324,0.0324,0.0265,0.0265,2000,0
MYPSW.US,60,20250214,170000,0.026,0.0261,0.026,0.0261,792,0
MYPSW.US,60,20250218,200000,0.028,0.028,0.028,0.028,375,0
MYPSW.US,60,20250218,220000,0.0278,0.028,0.0278,0.028,1900,0
MYPSW.US,60,20250221,180000,0.0243,0.0278,0.0243,0.0278,2000,0
MYPSW.US,60,20250221,210000,0.0203,0.0277,0.02,0.02,2100,0
MYPSW.US,60,20250225,170000,0.0245,0.025,0.0229,0.025,3648,0
MYPSW.US,60,20250225,180000,0.025,0.028,0.025,0.025,716,0
MYPSW.US,60,20250225,190000,0.025,0.025,0.025,0.025,300,0
MYPSW.US,60,20250225,200000,0.025,0.025,0.021,0.024,47851,0
MYPSW.US,60,20250225,210000,0.022,0.022,0.022,0.022,300,0
MYPSW.US,60,20250228,220000,0.0221,0.0241,0.022,0.0241,3900,0
MYPSW.US,60,20250304,170000,0.0201,0.0203,0.02,0.02,2690,0
MYPSW.US,60,20250305,190000,0.02,0.023,0.016,0.023,5900,0
MYPSW.US,60,20250305,200000,0.0278,0.0278,0.022001,0.022001,1800,0
MYPSW.US,60,20250305,220000,0.0218,0.0218,0.0218,0.0218,999,0
MYPSW.US,60,20250313,170000,0.0153,0.0153,0.014,0.014,23371,0
MYPSW.US,60,20250313,190000,0.014514,0.015,0.014,0.015,18867,0
MYPSW.US,60,20250313,200000,0.015,0.015,0.015,0.015,200,0
MYPSW.US,60,20250317,170000,0.0152,0.0152,0.015,0.015,18248,0
MYPSW.US,60,20250317,180000,0.015,0.015,0.015,0.015,100,0
MYPSW.US,60,20250317,190000,0.015376,0.015376,0.015,0.015,400,0
MYPSW.US,60,20250324,180000,0.014,0.0141,0.014,0.014,61465,0
MYPSW.US,60,20250325,210000,0.015,0.015,0.015,0.015,1000,0
MYPSW.US,60,20250326,160000,0.0151,0.0151,0.014,0.014086,9024,0
MYPSW.US,60,20250326,190000,0.014,0.014,0.014,0.014,10100,0
MYPSW.US,60,20250327,170000,0.0141,0.0141,0.014,0.0141,300,0
MYPSW.US,60,20250331,190000,0.014,0.0141,0.014,0.014,4852,0
MYPSW.US,60,20250331,200000,0.014,0.0141,0.014,0.0141,18106,0
MYPSW.US,60,20250331,210000,0.014,0.014,0.014,0.014,100,0
MYPSW.US,60,20250402,170000,0.014,0.014,0.014,0.014,100,0
MYPSW.US,60,20250402,210000,0.0154,0.0154,0.014,0.014,13156,0
MYPSW.US,60,20250403,180000,0.0141,0.0141,0.014,0.0141,4147,0
MYPSW.US,60,20250403,190000,0.014,0.014,0.014,0.014,100,0
MYPSW.US,60,20250404,160000,0.014,0.014,0.014,0.014,234,0
MYPSW.US,60,20250404,170000,0.0126,0.0194,0.0126,0.0193,1300,0
MYPSW.US,60,20250404,180000,0.0192,0.0192,0.0192,0.0192,500,0
MYPSW.US,60,20250408,160000,0.0125,0.0125,0.0125,0.0125,1000,0
MYPSW.US,60,20250408,190000,0.0189,0.0189,0.0189,0.0189,400,0
MYPSW.US,60,20250409,160000,0.0123,0.0123,0.0122,0.0122,36100,0
MYPSW.US,60,20250410,190000,0.0179,0.0179,0.0115,0.0115,600,0
MYPSW.US,60,20250410,220000,0.0115,0.0179,0.0115,0.0178,1100,0
MYPSW.US,60,20250411,160000,0.0178,0.0185,0.0178,0.0185,12958,0
MYPSW.US,60,20250411,190000,0.0179,0.0179,0.0179,0.0179,8888,0
MYPSW.US,60,20250411,200000,0.0178,0.0178,0.0178,0.0178,100,0
MYPSW.US,60,20250411,210000,0.0178,0.0178,0.0178,0.0178,100,0
MYPSW.US,60,20250423,220000,0.0164,0.0178,0.0164,0.0178,1200,0
MYPSW.US,60,20250424,170000,0.0126,0.0126,0.0126,0.0126,2000,0
MYPSW.US,60,20250424,180000,0.0126,0.0126,0.0126,0.0126,794,0
MYPSW.US,60,20250428,220000,0.0185,0.0185,0.0183,0.0183,1100,0
MYPSW.US,60,20250429,160000,0.0208,0.0208,0.0127,0.0127,28013,0
MYPSW.US,60,20250501,220000,0.014,0.014,0.0128,0.0129,800,0
MYPSW.US,60,20250502,170000,0.012997,0.012997,0.0129,0.0129,242,0
MYPSW.US,60,20250505,160000,0.0137,0.0137,0.0137,0.0137,164,0
MYPSW.US,60,20250506,170000,0.0128,0.0138,0.0128,0.0129,1200,0
MYPSW.US,60,20250506,190000,0.013799,0.0138,0.013799,0.0138,8997,0
MYPSW.US,60,20250506,200000,0.0129,0.0129,0.0129,0.0129,100,0
MYPSW.US,60,20250508,220000,0.0136,0.0136,0.0136,0.0136,2310,0
MYPSW.US,60,20250509,190000,0.0139,0.025,0.013,0.013,16755,0
MYPSW.US,60,20250509,220000,0.0132,0.0132,0.0132,0.0132,500,0
MYPSW.US,60,20250512,210000,0.02,0.02,0.0199,0.0199,400,0
MYPSW.US,60,20250512,220000,0.0135,0.0136,0.0135,0.0136,500,0
MYPSW.US,60,20250520,160000,0.0249,0.025,0.0144,0.0144,41233,0
MYPSW.US,60,20250521,170000,0.0199,0.0199,0.0199,0.0199,200,0
MYPSW.US,60,20250521,180000,0.0199,0.0199,0.0199,0.0199,1000,0
MYPSW.US,60,20250521,190000,0.0199,0.02,0.0188,0.02,10338,0
MYPSW.US,60,20250521,220000,0.02,0.023,0.0149,0.0199,62434,0
MYPSW.US,60,20250522,170000,0.0187,0.0245,0.0161,0.0245,34032,0
MYPSW.US,60,20250522,190000,0.0245,0.0245,0.017,0.0171,69272,0
MYPSW.US,60,20250523,180000,0.0201,0.0201,0.0171,0.0171,2094,0
MYPSW.US,60,20250527,160000,0.0171,0.0171,0.017,0.017,3360,0
MYPSW.US,60,20250528,170000,0.0244,0.0244,0.0244,0.0244,1046,0
MYPSW.US,60,20250602,220000,0.0171,0.0242,0.017,0.017,32787,0
MYPSW.US,60,20250603,210000,0.0241,0.0241,0.02,0.02,2883,0
MYPSW.US,60,20250603,220000,0.02,0.02,0.02,0.02,999,0
MYPSW.US,60,20250604,170000,0.02,0.02,0.02,0.02,1010,0
MYPSW.US,60,20250604,190000,0.0199,0.02,0.0172,0.0199,900,0
MYPSW.US,60,20250605,160000,0.0172,0.0172,0.0172,0.0172,100,0
MYPSW.US,60,20250605,170000,0.0172,0.0172,0.0138,0.014,10526,0
MYPSW.US,60,20250605,180000,0.0182,0.0185,0.0182,0.0185,6297,0
MYPSW.US,60,20250605,200000,0.0186,0.0186,0.0185,0.0185,200,0
MYPSW.US,60,20250605,220000,0.0176,0.0176,0.0176,0.0176,100,0
MYPSW.US,60,20250606,170000,0.0185,0.0186,0.0185,0.0185,22359,0
MYPSW.US,60,20250606,190000,0.0186,0.0186,0.0186,0.0186,2569,0
MYPSW.US,60,20250606,220000,0.0186,0.0186,0.0141,0.0141,16301,0
MYPSW.US,60,20250609,160000,0.0183,0.0183,0.015,0.015,508,0
MYPSW.US,60,20250609,190000,0.015,0.015,0.015,0.015,6446,0
MYPSW.US,60,20250609,200000,0.016651,0.016651,0.016651,0.016651,333,0
MYPSW.US,60,20250610,170000,0.0182,0.0182,0.0182,0.0182,400,0
MYPSW.US,60,20250610,180000,0.015,0.015,0.015,0.015,788,0
MYPSW.US,60,20250611,190000,0.015,0.015001,0.0141,0.0142,4600,0
MYPSW.US,60,20250611,200000,0.0141,0.0181,0.0141,0.0181,502,0
MYPSW.US,60,20250611,220000,0.0164,0.0181,0.0164,0.0181,47930,0
MYPSW.US,60,20250612,170000,0.0142,0.0179,0.0142,0.0179,300,0
MYPSW.US,60,20250616,190000,0.0161,0.0176,0.015,0.0151,5737,0
MYPSW.US,60,20250616,210000,0.0147,0.0148,0.0147,0.0147,1606,0
MYPSW.US,60,20250617,190000,0.0153,0.0153,0.0146,0.0153,7740,0
MYPSW.US,60,20250617,200000,0.014,0.0153,0.014,0.0153,11140,0
MYPSW.US,60,20250624,170000,0.0138,0.0139,0.0138,0.0139,1066,0
MYPSW.US,60,20250624,220000,0.014,0.0141,0.0138,0.0138,36600,0
MYPSW.US,60,20250625,160000,0.0138,0.0138,0.0138,0.0138,767,0
MYPSW.US,60,20250625,170000,0.013699,0.0138,0.013699,0.0138,5005,0
MYPSW.US,60,20250625,180000,0.0138,0.0138,0.0134,0.0134,13341,0
MYPSW.US,60,20250625,190000,0.0137,0.0138,0.0137,0.0138,1989,0
MYPSW.US,60,20250625,200000,0.0138,0.0138,0.0138,0.0138,2000,0
MYPSW.US,60,20250625,210000,0.0137,0.0137,0.0136,0.0136,5666,0
MYPSW.US,60,20250625,220000,0.0136,0.0138,0.0136,0.0136,1334,0
MYPSW.US,60,20250626,180000,0.0135,0.0136,0.0135,0.0136,400,0
MYPSW.US,60,20250627,190000,0.0137,0.0137,0.0127,0.0131,42759,0
MYPSW.US,60,20250630,170000,0.0118,0.0125,0.0117,0.0121,92024,0
MYPSW.US,60,20250630,210000,0.013,0.0135,0.0129,0.0132,10700,0
MYPSW.US,60,20250701,160000,0.0125,0.018012,0.0125,0.018012,305,0
MYPSW.US,60,20250701,170000,0.0126,0.0126,0.0126,0.0126,24936,0
MYPSW.US,60,20250701,180000,0.0126,0.0126,0.0126,0.0126,105,0
MYPSW.US,60,20250702,160000,0.02,0.02,0.02,0.02,8100,0
MYPSW.US,60,20250702,180000,0.0175,0.0175,0.0175,0.0175,5000,0
MYPSW.US,60,20250702,190000,0.0169,0.0169,0.0168,0.0168,200,0
MYPSW.US,60,20250702,200000,0.0165,0.0165,0.0165,0.0165,500,0
MYPSW.US,60,20250703,160000,0.016102,0.016102,0.015,0.015,300,0
MYPSW.US,60,20250703,170000,0.015,0.0151,0.0132,0.0132,16300,0
MYPSW.US,60,20250703,180000,0.0133,0.0133,0.0133,0.0133,700,0
MYPSW.US,60,20250707,160000,0.015,0.015,0.015,0.015,1000,0
MYPSW.US,60,20250707,170000,0.015,0.0165,0.0142,0.0165,12122,0
MYPSW.US,60,20250709,190000,0.014101,0.015301,0.013201,0.013201,33451,0
MYPSW.US,60,20250709,200000,0.0133,0.0133,0.0133,0.0133,1371,0
MYPSW.US,60,20250710,160000,0.0135,0.0163,0.0135,0.0163,4200,0
MYPSW.US,60,20250710,170000,0.0163,0.0163,0.0148,0.0148,11000,0
MYPSW.US,60,20250710,180000,0.0138,0.0164,0.0138,0.0164,18000,0
MYPSW.US,60,20250710,190000,0.0164,0.0164,0.0164,0.0164,1500,0
MYPSW.US,60,20250710,200000,0.0164,0.0164,0.0164,0.0164,1500,0
MYPSW.US,60,20250710,210000,0.0164,0.0164,0.0139,0.0139,3100,0
MYPSW.US,60,20250710,220000,0.0164,0.0164,0.0139,0.0139,2704,0
MYPSW.US,60,20250711,190000,0.0137,0.0137,0.0137,0.0137,200,0
MYPSW.US,60,20250711,220000,0.0137,0.0137,0.0136,0.0136,400,0
MYPSW.US,60,20250714,170000,0.016,0.016,0.0159,0.0159,600,0
MYPSW.US,60,20250714,180000,0.0159,0.0159,0.0159,0.0159,500,0
MYPSW.US,60,20250714,220000,0.016,0.0171,0.0136,0.0155,60500,0
MYPSW.US,60,20250715,160000,0.0175,0.0175,0.0175,0.0175,100,0
MYPSW.US,60,20250715,170000,0.0138,0.0143,0.0137,0.0142,14700,0
MYPSW.US,60,20250715,180000,0.0153,0.0153,0.0137,0.013701,21000,0
MYPSW.US,60,20250718,170000,0.0142,0.0142,0.0142,0.0142,519,0
MYPSW.US,60,20250718,200000,0.0174,0.019,0.0174,0.018,15822,0
MYPSW.US,60,20250721,180000,0.0144,0.0145,0.0135,0.0135,10906,0
MYPSW.US,60,20250722,160000,0.0138,0.0138,0.0135,0.0135,4100,0
MYPSW.US,60,20250722,170000,0.0136,0.0136,0.0136,0.0136,6829,0
MYPSW.US,60,20250722,180000,0.0136,0.0136,0.0135,0.0135,4367,0
MYPSW.US,60,20250722,210000,0.0135,0.0135,0.0135,0.0135,3600,0
MYPSW.US,60,20250722,220000,0.0136,0.0145,0.0132,0.0145,32188,0
MYPSW.US,60,20250723,170000,0.0137,0.0137,0.0137,0.0137,5200,0
MYPSW.US,60,20250723,220000,0.018,0.02,0.012,0.02,128237,0
MYPSW.US,60,20250724,180000,0.016399,0.016399,0.016399,0.016399,119,0
MYPSW.US,60,20250725,160000,0.013001,0.02,0.013001,0.0199,8834,0
MYPSW.US,60,20250725,180000,0.0199,0.0199,0.019,0.019,4340,0
MYPSW.US,60,20250725,200000,0.019,0.019,0.019,0.019,5000,0
MYPSW.US,60,20250725,220000,0.019899,0.019899,0.019899,0.019899,2000,0
MYPSW.US,60,20250728,160000,0.02,0.02,0.0199,0.0199,682,0
MYPSW.US,60,20250728,170000,0.0199,0.0199,0.0199,0.0199,730,0
MYPSW.US,60,20250728,200000,0.0179,0.0179,0.0179,0.0179,320,0
MYPSW.US,60,20250728,220000,0.017899,0.017899,0.0159,0.0159,6600,0
MYPSW.US,60,20250729,160000,0.0169,0.0169,0.0169,0.0169,333,0
MYPSW.US,60,20250730,170000,0.0199,0.0199,0.0199,0.0199,282,0
MYPSW.US,60,20250730,190000,0.02,0.02,0.02,0.02,500,0
MYPSW.US,60,20250801,170000,0.0149,0.0149,0.0149,0.0149,500,0
MYPSW.US,60,20250804,160000,0.0153,0.0153,0.0153,0.0153,333,0
MYPSW.US,60,20250804,190000,0.0155,0.0155,0.0154,0.0154,7000,0
MYPSW.US,60,20250805,160000,0.01775,0.01775,0.01775,0.01775,1683,0
MYPSW.US,60,20250805,180000,0.0161,0.0167,0.0158,0.0158,33498,0
MYPSW.US,60,20250805,190000,0.0136,0.0136,0.0135,0.0136,5600,0
MYPSW.US,60,20250805,200000,0.0175,0.0175,0.015,0.015,125259,0
MYPSW.US,60,20250806,170000,0.0136,0.0136,0.0136,0.0136,2768,0
MYPSW.US,60,20250806,190000,0.0197,0.0197,0.0196,0.0196,1000,0
MYPSW.US,60,20250807,170000,0.0139,0.0139,0.0121,0.0124,61359,0
MYPSW.US,60,20250807,180000,0.0125,0.0197,0.0124,0.0196,1700,0
MYPSW.US,60,20250808,170000,0.0189,0.0189,0.0188,0.0188,800,0
MYPSW.US,60,20250808,180000,0.0145,0.016651,0.012,0.0122,8600,0
MYPSW.US,60,20250811,210000,0.0185,0.0185,0.0124,0.0124,55282,0
MYPSW.US,60,20250811,220000,0.013,0.015,0.012499,0.012499,4700,0
MYPSW.US,60,20250812,200000,0.012401,0.012401,0.0124,0.0124,766,0
MYPSW.US,60,20250812,210000,0.0137,0.0137,0.0125,0.0125,1432,0
MYPSW.US,60,20250812,220000,0.0137,0.0137,0.0137,0.0137,100,0
MYPSW.US,60,20250813,180000,0.0126,0.0126,0.0125,0.0125,200,0
MYPSW.US,60,20250813,190000,0.0132,0.0132,0.0126,0.0126,2764,0
MYPSW.US,60,20250813,200000,0.0127,0.0132,0.0126,0.0132,1300,0
MYPSW.US,60,20250813,210000,0.0127,0.0133,0.0127,0.0128,1300,0
MYPSW.US,60,20250813,220000,0.0184,0.0195,0.018399,0.0195,102400,0
MYPSW.US,60,20250814,170000,0.019499,0.019499,0.019499,0.019499,110,0
MYPSW.US,60,20250814,210000,0.0194,0.0195,0.0194,0.0195,49957,0
MYPSW.US,60,20250815,160000,0.016049,0.0195,0.016049,0.016051,4500,0
MYPSW.US,60,20250815,210000,0.0161,0.0161,0.0161,0.0161,1500,0
MYPSW.US,60,20250818,170000,0.0133,0.0133,0.0132,0.0132,30000,0
MYPSW.US,60,20250818,190000,0.0132,0.0132,0.0132,0.0132,600,0
MYPSW.US,60,20250818,220000,0.0133,0.0157,0.0133,0.0157,1600,0
MYPSW.US,60,20250819,180000,0.015,0.0151,0.0125,0.0126,80861,0
MYPSW.US,60,20250819,210000,0.0127,0.0128,0.0127,0.0128,2799,0
MYPSW.US,60,20250820,200000,0.0131,0.0131,0.0131,0.0131,1000,0
MYPSW.US,60,20250820,220000,0.015,0.015,0.015,0.015,100,0
MYPSW.US,60,20250821,160000,0.015,0.015,0.015,0.015,300,0
MYPSW.US,60,20250821,180000,0.015,0.015,0.015,0.015,900,0
MYPSW.US,60,20250821,210000,0.013,0.013,0.013,0.013,100,0
MYPSW.US,60,20250822,160000,0.015,0.015,0.015,0.015,125,0
MYPSW.US,60,20250822,170000,0.0131,0.0131,0.0131,0.0131,100,0
MYPSW.US,60,20250822,180000,0.0149,0.0152,0.014,0.015,30767,0
MYPSW.US,60,20250822,190000,0.0132,0.0132,0.0132,0.0132,100,0
MYPSW.US,60,20250822,210000,0.0151,0.0151,0.0151,0.0151,100,0
MYPSW.US,60,20250822,220000,0.0133,0.0133,0.0133,0.0133,100,0
MYPSW.US,60,20250827,190000,0.0174,0.0174,0.0154,0.0154,2000,0
MYPSW.US,60,20250827,210000,0.015299,0.0155,0.015299,0.0155,2000,0
MYPSW.US,60,20250828,170000,0.0155,0.020501,0.0141,0.015,316570,0
MYPSW.US,60,20250902,160000,0.0199,0.0199,0.0198,0.0198,1300,0
MYPSW.US,60,20250902,170000,0.0195,0.0198,0.0195,0.0195,1915,0
MYPSW.US,60,20250902,180000,0.0183,0.0183,0.0183,0.0183,100,0
MYPSW.US,60,20250903,160000,0.0184,0.0184,0.0184,0.0184,100,0
MYPSW.US,60,20250903,190000,0.0184,0.0184,0.0184,0.0184,700,0
MYPSW.US,60,20250903,200000,0.0184,0.0184,0.0184,0.0184,100,0
MYPSW.US,60,20250904,170000,0.0186,0.0186,0.0185,0.0185,440,0
MYPSW.US,60,20250904,180000,0.0195,0.02,0.0184,0.0184,11670,0
MYPSW.US,60,20250904,190000,0.0187,0.019101,0.015,0.015,66323,0
MYPSW.US,60,20250911,160000,0.0134,0.0134,0.0134,0.0134,333,0
MYPSW.US,60,20250915,210000,0.0189,0.0197,0.0167,0.0196,38700,0
MYPSW.US,60,20250917,180000,0.0141,0.0141,0.0141,0.0141,300,0
MYPSW.US,60,20250917,210000,0.0145,0.0145,0.014446,0.014446,2300,0
MYPSW.US,60,20250917,220000,0.0195,0.02,0.0195,0.02,9141,0
MYPSW.US,60,20250918,190000,0.0145,0.0145,0.0142,0.0142,25199,0
MYPSW.US,60,20250918,200000,0.0143,0.0143,0.0142,0.0142,1612,0
MYPSW.US,60,20250918,210000,0.0143,0.0202,0.0143,0.0202,1600,0
MYPSW.US,60,20250919,190000,0.018,0.0202,0.018,0.0202,1321,0
MYPSW.US,60,20250919,210000,0.0147,0.0147,0.0147,0.0147,181,0
MYPSW.US,60,20250922,170000,0.02,0.02,0.02,0.02,568,0
MYPSW.US,60,20250923,160000,0.0135,0.0135,0.0135,0.0135,487,0
MYPSW.US,60,20250923,170000,0.0135,0.0135,0.0135,0.0135,400,0
MYPSW.US,60,20250923,180000,0.0135,0.0199,0.0135,0.019803,1515,0
MYPSW.US,60,20250923,220000,0.013501,0.0198,0.0127,0.0198,39273,0
MYPSW.US,60,20250924,160000,0.02,0.02,0.0197,0.0197,19402,0
MYPSW.US,60,20250924,180000,0.0202,0.0202,0.0201,0.0202,1478,0
MYPSW.US,60,20250924,190000,0.02,0.02,0.02,0.02,2299,0
MYPSW.US,60,20250924,210000,0.0134,0.02,0.0134,0.02,19301,0
MYPSW.US,60,20250926,160000,0.0142,0.0142,0.0142,0.0142,500,0
MYPSW.US,60,20250929,170000,0.02,0.0201,0.0144,0.0144,10287,0
MYPSW.US,60,20250929,190000,0.0143,0.0143,0.0143,0.0143,3000,0
MYPSW.US,60,20250929,200000,0.0144,0.0171,0.0144,0.0171,200,0
MYPSW.US,60,20250929,210000,0.014401,0.014401,0.014401,0.014401,500,0
MYPSW.US,60,20250930,160000,0.0145,0.0146,0.0144,0.0146,1040,0
MYPSW.US,60,20250930,180000,0.0197,0.021,0.0197,0.021,8128,0
MYPSW.US,60,20250930,190000,0.021,0.022059,0.021,0.022059,7611,0
MYPSW.US,60,20250930,200000,0.0205,0.021,0.017699,0.021,3400,0
MYPSW.US,60,20251002,160000,0.0151,0.0151,0.0146,0.0146,1000,0
MYPSW.US,60,20251002,170000,0.0201,0.0204,0.0201,0.0204,1002,0
MYPSW.US,60,20251002,190000,0.0136,0.0136,0.0136,0.0136,10000,0
MYPSW.US,60,20251003,170000,0.02,0.0201,0.02,0.02,4592,0
MYPSW.US,60,20251003,190000,0.0151,0.0151,0.0146,0.0146,3174,0
MYPSW.US,60,20251006,160000,0.014633,0.014633,0.014633,0.014633,709,0
MYPSW.US,60,20251007,200000,0.0146,0.0146,0.0145,0.0145,620,0
MYPSW.US,60,20251008,160000,0.0145,0.0182,0.0144,0.0145,31020,0
MYPSW.US,60,20251008,170000,0.0188,0.0188,0.0188,0.0188,2822,0
MYPSW.US,60,20251008,180000,0.0205,0.0205,0.0144,0.0159,177352,0
MYPSW.US,60,20251008,190000,0.0161,0.021,0.0161,0.0177,40085,0
MYPSW.US,60,20251008,200000,0.0175,0.0185,0.0175,0.0185,1883,0
MYPSW.US,60,20251008,210000,0.0186,0.0186,0.0182,0.0185,57000,0
MYPSW.US,60,20251008,220000,0.0185,0.0188,0.0185,0.0185,43263,0
MYPSW.US,60,20251009,190000,0.0207,0.0207,0.0185,0.0185,361,0
MYPSW.US,60,20251010,210000,0.0202,0.0202,0.0184,0.0184,209,0
MYPSW.US,60,20251013,170000,0.0183,0.0183,0.0183,0.0183,4661,0
MYPSW.US,60,20251013,190000,0.0166,0.0166,0.0149,0.0149,10000,0
MYPSW.US,60,20251013,220000,0.0163,0.01635,0.0163,0.01635,2800,0
MYPSW.US,60,20251015,180000,0.0145,0.0145,0.0145,0.0145,166,0
MYPSW.US,60,20251020,160000,0.0145,0.017,0.0145,0.017,14198,0
MYPSW.US,60,20251020,200000,0.0146,0.0146,0.0146,0.0146,100,0
MYPSW.US,60,20251021,160000,0.017,0.018,0.017,0.018,13599,0
MYPSW.US,60,20251021,170000,0.018,0.018,0.018,0.018,100,0
MYPSW.US,60,20251022,190000,0.018,0.019501,0.0145,0.0149,43800,0
MYPSW.US,60,20251022,210000,0.0194,0.0194,0.0194,0.0194,100,0
MYPSW.US,60,20251024,160000,0.0148,0.0148,0.0148,0.0148,433,0
MYPSW.US,60,20251024,170000,0.0193,0.0193,0.0193,0.0193,100,0
MYPSW.US,60,20251024,180000,0.018,0.018,0.018,0.018,1000,0
MYPSW.US,60,20251024,190000,0.0148,0.0148,0.0148,0.0148,198,0
MYPSW.US,60,20251107,160000,0.0171,0.0171,0.015,0.015,49239,0
MYPSW.US,60,20251107,210000,0.0151,0.0151,0.0151,0.0151,766,0
MYPSW.US,60,20251110,160000,0.015,0.015,0.015,0.015,1052,0
MYPSW.US,60,20251112,220000,0.0183,0.0183,0.0183,0.0183,2000,0
MYPSW.US,60,20251113,190000,0.0151,0.0151,0.0151,0.0151,333,0
MYPSW.US,60,20251114,210000,0.01651,0.0182,0.0165,0.0165,1814,0
MYPSW.US,60,20251117,160000,0.0233,0.0233,0.0151,0.0151,3515,0
MYPSW.US,60,20251117,190000,0.0153,0.018059,0.015,0.0151,64300,0
MYPSW.US,60,20251117,200000,0.015,0.015,0.015,0.015,100,0
MYPSW.US,60,20251118,160000,0.0233,0.0233,0.0233,0.0233,2000,0
MYPSW.US,60,20251118,180000,0.0152,0.0153,0.0152,0.0153,1400,0
MYPSW.US,60,20251119,200000,0.0155,0.0155,0.0155,0.0155,198,0
MYPSW.US,60,20251120,170000,0.0152,0.015364,0.0127,0.0127,77111,0
MYPSW.US,60,20251120,180000,0.0128,0.0128,0.012767,0.012767,1400,0
MYPSW.US,60,20251120,200000,0.012901,0.013,0.012901,0.012967,1300,0
MYPSW.US,60,20251120,220000,0.0131,0.0131,0.0131,0.0131,100,0
MYPSW.US,60,20251121,210000,0.0127,0.0127,0.0126,0.0126,8400,0
MYPSW.US,60,20251121,220000,0.0126,0.0126,0.0126,0.0126,2400,0
MYPSW.US,60,20251124,160000,0.0188,0.0188,0.0188,0.0188,2183,0
MYPSW.US,60,20251124,190000,0.0187,0.0188,0.0187,0.0188,2046,0
MYPSW.US,60,20251201,220000,0.0175,0.0188,0.0117,0.0118,39717,0
MYPSW.US,60,20251202,160000,0.0118,0.0118,0.0118,0.0118,2046,0
MYPSW.US,60,20251202,220000,0.0118,0.0118,0.0117,0.0117,35045,0
MYPSW.US,60,20251203,160000,0.0185,0.0185,0.0184,0.0184,2000,0
MYPSW.US,60,20251203,170000,0.0183,0.0183,0.0119,0.0119,3432,0
MYPSW.US,60,20251203,180000,0.0143,0.0143,0.0142,0.0142,2000,0
MYPSW.US,60,20251203,220000,0.0119,0.0143,0.0117,0.0129,32300,0
MYPSW.US,60,20251205,180000,0.012,0.012,0.0101,0.0101,16655,0
MYPSW.US,60,20251208,190000,0.0101,0.0101,0.0101,0.0101,130,0
MYPSW.US,60,20251208,200000,0.0102,0.0102,0.0102,0.0102,300,0
MYPSW.US,60,20251208,210000,0.0101,0.0101,0.0101,0.0101,133,0
MYPSW.US,60,20251209,190000,0.0102,0.0102,0.0101,0.0101,10000,0
MYPSW.US,60,20251210,170000,0.0122,0.0142,0.0122,0.0122,18000,0
MYPSW.US,60,20251211,200000,0.011596,0.011596,0.011596,0.011596,166,0
MYPSW.US,60,20251212,210000,0.0106,0.0106,0.0106,0.0106,25000,0
MYPSW.US,60,20251215,170000,0.0102,0.0102,0.0102,0.0102,118,0
MYPSW.US,60,20251217,180000,0.0105,0.0105,0.0104,0.0104,1000,0
MYPSW.US,60,20251222,190000,0.0106,0.0106,0.0105,0.0105,2000,0
MYPSW.US,60,20251226,220000,0.0102,0.0108,0.0102,0.0103,9501,0
