<TICKER>,<PER>,<DATE>,<TIME>,<OPEN>,<HIGH>,<LOW>,<CLOSE>,<VOL>,<OPENINT>
NEXM.US,60,20250716,160000,9.72,10.35,7.91,8.47,72321,0
NEXM.US,60,20250716,170000,8.5004,9.3,7.9,7.98,56584,0
NEXM.US,60,20250716,180000,7.9617,8.1,7.79,8,13576,0
NEXM.US,60,20250716,190000,8.02,8.02,7.66,7.66,14347,0
NEXM.US,60,20250716,200000,7.66,7.895,7.2,7.4,9175,0
NEXM.US,60,20250716,210000,7.4,7.6097,7.2001,7.35,10453,0
NEXM.US,60,20250716,220000,7.265,8.11,7.265,7.72,20870,0
NEXM.US,60,20250717,160000,8.27,8.27,7.41,7.54,47710,0
NEXM.US,60,20250717,170000,7.51,7.61,7.2,7.3,33677,0
NEXM.US,60,20250717,180000,7.31,7.39,7.25,7.26,8670,0
NEXM.US,60,20250717,190000,7.25,7.2699,7.22,7.23,3758,0
NEXM.US,60,20250717,200000,7.25,7.269,7.18,7.2403,12643,0
NEXM.US,60,20250717,210000,7.2,7.26,6.66,6.67,16470,0
NEXM.US,60,20250717,220000,6.565,6.86,6.2981,6.81,33698,0
NEXM.US,60,20250718,160000,6.75,6.7846,6.1,6.32,12118,0
NEXM.US,60,20250718,170000,6.32,6.36,6,6.36,11625,0
NEXM.US,60,20250718,180000,6.4,6.64,6.3385,6.64,18201,0
NEXM.US,60,20250718,190000,6.64,6.65,6.4,6.48,18739,0
NEXM.US,60,20250718,200000,6.5287,6.62,6.38,6.58,7879,0
NEXM.US,60,20250718,210000,6.5028,6.59,6.45,6.56,1701,0
NEXM.US,60,20250718,220000,6.56,6.56,6.4201,6.5,7759,0
NEXM.US,60,20250721,160000,6.73,6.75,5.82,5.94,41324,0
NEXM.US,60,20250721,170000,5.8301,6.0942,5.8301,5.99,47090,0
NEXM.US,60,20250721,180000,5.995,6.09,5.85,6.0014,18545,0
NEXM.US,60,20250721,190000,6.045,6.12,5.95,6.03,6899,0
NEXM.US,60,20250721,200000,6.04,6.08,5.95,6.0626,2600,0
NEXM.US,60,20250721,210000,5.95,6.01,5.8,5.8019,10322,0
NEXM.US,60,20250721,220000,5.9,6.01,5.78,5.9,25357,0
NEXM.US,60,20250722,160000,6.14,6.14,5.5,5.5,32041,0
NEXM.US,60,20250722,170000,5.6378,5.6386,5.0161,5.22,45076,0
NEXM.US,60,20250722,180000,5.22,5.4,5.22,5.36,12020,0
NEXM.US,60,20250722,190000,5.39,5.6,5.34,5.52,18245,0
NEXM.US,60,20250722,200000,5.58,5.605,5.4565,5.56,16217,0
NEXM.US,60,20250722,210000,5.5904,5.8,5.5001,5.665,12828,0
NEXM.US,60,20250722,220000,5.62,5.8,5.6,5.8,13396,0
NEXM.US,60,20250723,160000,5.9,5.9,5.51,5.805,22273,0
NEXM.US,60,20250723,170000,5.885,6.07,5.7805,6.07,34742,0
NEXM.US,60,20250723,180000,6.0699,6.1758,5.94,6.1135,21395,0
NEXM.US,60,20250723,190000,6.17,6.17,6.0101,6.08,5942,0
NEXM.US,60,20250723,200000,6.08,6.34,6.07,6.2462,17098,0
NEXM.US,60,20250723,210000,6.1715,6.33,6.1715,6.3203,16229,0
NEXM.US,60,20250723,220000,6.355,6.45,6.28,6.45,16511,0
NEXM.US,60,20250724,160000,6.33,6.33,5.9,6.2141,73637,0
NEXM.US,60,20250724,170000,6.235,6.3799,6.04,6.07,85699,0
NEXM.US,60,20250724,180000,6.1389,6.24,6.06,6.175,38255,0
NEXM.US,60,20250724,190000,6.175,6.26,6.17,6.26,18835,0
NEXM.US,60,20250724,200000,6.27,6.5,6.2251,6.4217,41684,0
NEXM.US,60,20250724,210000,6.4293,6.57,6.35,6.46,71129,0
NEXM.US,60,20250724,220000,6.5232,6.6,6.4801,6.54,51055,0
NEXM.US,60,20250725,160000,6.43,6.4592,6.11,6.14,14184,0
NEXM.US,60,20250725,170000,6.11,6.17,5.93,6.018,28264,0
NEXM.US,60,20250725,180000,5.9845,6.0532,5.8599,5.975,18466,0
NEXM.US,60,20250725,190000,6.0088,6.0088,5.7726,5.7726,30908,0
NEXM.US,60,20250725,200000,5.775,5.81,5.5001,5.619,30718,0
NEXM.US,60,20250725,210000,5.57,5.75,5.57,5.715,26705,0
NEXM.US,60,20250725,220000,5.65,5.74,5.59,5.69,34110,0
NEXM.US,60,20250728,160000,5.69,5.83,5.62,5.81,61565,0
NEXM.US,60,20250728,170000,5.7747,5.81,5.565,5.565,18635,0
NEXM.US,60,20250728,180000,5.581,5.645,5.4,5.5066,15061,0
NEXM.US,60,20250728,190000,5.52,5.52,5.4,5.47,14693,0
NEXM.US,60,20250728,200000,5.4693,5.61,5.4693,5.4703,11195,0
NEXM.US,60,20250728,210000,5.51,5.67,5.49,5.67,32775,0
NEXM.US,60,20250728,220000,5.67,5.76,5.65,5.76,21838,0
NEXM.US,60,20250729,160000,5.83,5.89,5.6222,5.8,21506,0
NEXM.US,60,20250729,170000,5.8,5.8,5.5,5.57,19959,0
NEXM.US,60,20250729,180000,5.6,5.6218,5.418,5.4201,11361,0
NEXM.US,60,20250729,190000,5.5091,5.58,5.41,5.42,20574,0
NEXM.US,60,20250729,200000,5.44,5.5291,5.42,5.44,9453,0
NEXM.US,60,20250729,210000,5.44,5.52,5.4195,5.5,5480,0
NEXM.US,60,20250729,220000,5.5,5.585,5.4305,5.56,4701,0
NEXM.US,60,20250730,160000,5.7,5.7,5.45,5.64,32099,0
NEXM.US,60,20250730,170000,5.64,5.7,5.56,5.66,33403,0
NEXM.US,60,20250730,180000,5.6,5.6,5.45,5.4987,12682,0
NEXM.US,60,20250730,190000,5.5,5.54,5.475,5.4839,1854,0
NEXM.US,60,20250730,200000,5.53,5.58,5.4612,5.57,1100,0
NEXM.US,60,20250730,210000,5.5368,5.62,5.3,5.35,10384,0
NEXM.US,60,20250730,220000,5.31,5.3486,5.17,5.27,43280,0
NEXM.US,60,20250731,160000,5.45,5.4692,5.36,5.38,22383,0
NEXM.US,60,20250731,170000,5.37,5.4199,5.276,5.276,16033,0
NEXM.US,60,20250731,180000,5.2796,5.3,5.195,5.226,23413,0
NEXM.US,60,20250731,190000,5.22,5.24,5.12,5.165,13950,0
NEXM.US,60,20250731,200000,5.18,5.23,5.1279,5.2101,20710,0
NEXM.US,60,20250731,210000,5.21,5.32,5.21,5.27,3691,0
NEXM.US,60,20250731,220000,5.27,5.34,5.27,5.28,18458,0
NEXM.US,60,20250801,160000,5.51,5.5994,5.22,5.22,35467,0
NEXM.US,60,20250801,170000,5.22,5.4,5.2,5.35,40422,0
NEXM.US,60,20250801,180000,5.36,5.36,5.2128,5.3,3510,0
NEXM.US,60,20250801,190000,5.3199,5.3446,5.2,5.21,6760,0
NEXM.US,60,20250801,200000,5.3067,5.3067,5.17,5.19,9081,0
NEXM.US,60,20250801,210000,5.2141,5.34,5.13,5.29,10773,0
NEXM.US,60,20250801,220000,5.3304,5.5,5.29,5.465,31787,0
NEXM.US,60,20250804,160000,5.57,5.6012,5.5,5.6,7202,0
NEXM.US,60,20250804,170000,5.55,5.6,5.4578,5.4578,8502,0
NEXM.US,60,20250804,180000,5.45,5.55,5.45,5.55,13789,0
NEXM.US,60,20250804,190000,5.5013,5.6,5.501,5.6,3003,0
NEXM.US,60,20250804,200000,5.5767,5.72,5.565,5.72,17568,0
NEXM.US,60,20250804,210000,5.6568,5.7,5.598,5.62,3609,0
NEXM.US,60,20250804,220000,5.621,5.621,5.5511,5.62,5664,0
NEXM.US,60,20250805,160000,5.5,5.59,5.43,5.53,8455,0
NEXM.US,60,20250805,170000,5.3365,5.61,5.3365,5.44,14658,0
NEXM.US,60,20250805,180000,5.4599,5.4599,5.2901,5.3872,3707,0
NEXM.US,60,20250805,190000,5.39,5.4399,5.37,5.38,1603,0
NEXM.US,60,20250805,200000,5.4,5.45,5.32,5.45,3460,0
NEXM.US,60,20250805,210000,5.34,5.46,5.34,5.43,7599,0
NEXM.US,60,20250805,220000,5.416,5.46,5.37,5.46,8905,0
NEXM.US,60,20250806,160000,5.42,5.42,5.3168,5.415,4105,0
NEXM.US,60,20250806,170000,5.41,5.41,5.31,5.3705,1500,0
NEXM.US,60,20250806,180000,5.26,5.3999,5.26,5.3999,4600,0
NEXM.US,60,20250806,190000,5.2101,5.4023,5.2101,5.39,900,0
NEXM.US,60,20250806,200000,5.24,5.43,5.24,5.3547,5488,0
NEXM.US,60,20250806,210000,5.42,5.4299,5.35,5.365,810,0
NEXM.US,60,20250806,220000,5.42,5.43,5.33,5.36,5634,0
NEXM.US,60,20250807,160000,5.36,5.3786,5.36,5.36,1767,0
NEXM.US,60,20250807,170000,5.32,5.37,5.19,5.23,10100,0
NEXM.US,60,20250807,180000,5.2724,5.2724,5.2724,5.2724,400,0
NEXM.US,60,20250807,190000,5.215,5.26,5.1501,5.225,500,0
NEXM.US,60,20250807,200000,5.25,5.31,5.2,5.3099,4242,0
NEXM.US,60,20250807,210000,5.255,5.42,5.255,5.34,13513,0
NEXM.US,60,20250807,220000,5.37,5.43,5.2595,5.43,7591,0
NEXM.US,60,20250808,160000,5.23,5.45,5.17,5.45,9697,0
NEXM.US,60,20250808,170000,5.42,5.4799,5.3,5.3,1607,0
NEXM.US,60,20250808,180000,5.3,5.3068,5.2416,5.3004,5961,0
NEXM.US,60,20250808,190000,5.245,5.35,5.245,5.285,1601,0
NEXM.US,60,20250808,200000,5.231,5.29,5.215,5.215,1463,0
NEXM.US,60,20250808,210000,5.22,5.23,5.195,5.195,4429,0
NEXM.US,60,20250808,220000,5.2,5.26,5.2,5.26,5018,0
NEXM.US,60,20250811,160000,5.35,5.35,4.96,4.98,12680,0
NEXM.US,60,20250811,170000,4.98,5.2,4.8376,4.91,31859,0
NEXM.US,60,20250811,180000,4.865,4.9899,4.83,4.83,12679,0
NEXM.US,60,20250811,190000,4.8805,4.93,4.8478,4.86,10718,0
NEXM.US,60,20250811,200000,4.9,5.07,4.85,5.07,12897,0
NEXM.US,60,20250811,210000,5.05,5.05,4.985,4.985,6270,0
NEXM.US,60,20250811,220000,5,5.05,4.9995,5.05,4755,0
NEXM.US,60,20250812,160000,4.98,5.07,4.9,5.07,4192,0
NEXM.US,60,20250812,170000,4.91,5.07,4.88,4.9972,3389,0
NEXM.US,60,20250812,180000,4.9835,5,4.82,4.87,17315,0
NEXM.US,60,20250812,190000,4.85,4.87,4.8275,4.86,5785,0
NEXM.US,60,20250812,200000,4.86,4.96,4.8437,4.8437,3014,0
NEXM.US,60,20250812,210000,4.92,4.9679,4.85,4.94,5244,0
NEXM.US,60,20250812,220000,4.97,4.98,4.85,4.98,9141,0
NEXM.US,60,20250813,160000,5.08,5.52,5.08,5.3685,58421,0
NEXM.US,60,20250813,170000,5.38,5.4699,5.3,5.31,14295,0
NEXM.US,60,20250813,180000,5.349,5.45,5.34,5.38,18908,0
NEXM.US,60,20250813,190000,5.38,5.51,5.34,5.447,57517,0
NEXM.US,60,20250813,200000,5.4604,5.61,5.4283,5.55,16281,0
NEXM.US,60,20250813,210000,5.55,5.85,5.55,5.69,24464,0
NEXM.US,60,20250813,220000,5.67,5.77,5.4901,5.51,35763,0
NEXM.US,60,20250814,160000,5.69,5.69,5.42,5.4801,7452,0
NEXM.US,60,20250814,170000,5.52,5.53,5.35,5.35,5197,0
NEXM.US,60,20250814,180000,5.405,5.56,5.35,5.44,7895,0
NEXM.US,60,20250814,190000,5.55,5.6692,5.45,5.56,39891,0
NEXM.US,60,20250814,200000,5.56,5.8,5.56,5.75,15748,0
NEXM.US,60,20250814,210000,5.755,5.79,5.67,5.75,19656,0
NEXM.US,60,20250814,220000,5.67,5.725,5.57,5.6,8833,0
NEXM.US,60,20250815,160000,5.6,5.84,5.5,5.6947,4611,0
NEXM.US,60,20250815,170000,5.69,5.71,5.58,5.585,13034,0
NEXM.US,60,20250815,180000,5.5887,5.65,5.565,5.574,1875,0
NEXM.US,60,20250815,190000,5.57,5.5717,5.52,5.57,1300,0
NEXM.US,60,20250815,200000,5.5293,5.57,5.5,5.57,4860,0
NEXM.US,60,20250815,210000,5.51,5.54,5.5,5.5,700,0
NEXM.US,60,20250815,220000,5.5584,5.5584,5.39,5.41,13208,0
NEXM.US,60,20250818,160000,5.51,5.51,5.42,5.47,2904,0
NEXM.US,60,20250818,170000,5.42,5.6,5.42,5.555,2225,0
NEXM.US,60,20250818,180000,5.555,5.61,5.5419,5.59,4032,0
NEXM.US,60,20250818,190000,5.58,5.6,5.57,5.58,1680,0
NEXM.US,60,20250818,200000,5.58,5.58,5.49,5.525,3674,0
NEXM.US,60,20250818,210000,5.53,5.62,5.4884,5.545,4600,0
NEXM.US,60,20250818,220000,5.5,5.615,5.48,5.58,7463,0
NEXM.US,60,20250819,160000,5.51,5.63,5.45,5.45,5474,0
NEXM.US,60,20250819,170000,5.5,5.54,5.3,5.3473,13751,0
NEXM.US,60,20250819,180000,5.3093,5.41,5.27,5.4,25818,0
NEXM.US,60,20250819,190000,5.42,5.5,5.31,5.37,42850,0
NEXM.US,60,20250819,200000,5.34,5.4,5.31,5.4,1313,0
NEXM.US,60,20250819,210000,5.32,5.45,5.32,5.32,4600,0
NEXM.US,60,20250819,220000,5.41,5.41,5.28,5.37,2103,0
NEXM.US,60,20250820,160000,5.53,5.53,5.27,5.2899,4991,0
NEXM.US,60,20250820,170000,5.3,5.36,5.27,5.315,5554,0
NEXM.US,60,20250820,180000,5.33,5.405,5.2807,5.405,3519,0
NEXM.US,60,20250820,190000,5.41,5.4761,5.41,5.435,684,0
NEXM.US,60,20250820,200000,5.49,5.49,5.4,5.43,31981,0
NEXM.US,60,20250820,210000,5.43,5.455,5.37,5.408,18677,0
NEXM.US,60,20250820,220000,5.34,5.39,5.33,5.39,5600,0
NEXM.US,60,20250821,160000,5.5,5.73,5.5,5.625,29765,0
NEXM.US,60,20250821,170000,5.55,5.76,5.55,5.75,32446,0
NEXM.US,60,20250821,180000,5.6493,5.75,5.6,5.72,10228,0
NEXM.US,60,20250821,190000,5.65,5.71,5.65,5.71,6016,0
NEXM.US,60,20250821,200000,5.7,5.77,5.651,5.7271,14180,0
NEXM.US,60,20250821,210000,5.7,5.7233,5.64,5.66,7850,0
NEXM.US,60,20250821,220000,5.69,5.78,5.6,5.765,25181,0
NEXM.US,60,20250822,160000,5.8,5.8,5.6,5.6,4142,0
NEXM.US,60,20250822,170000,5.6408,5.66,5.59,5.6442,9359,0
NEXM.US,60,20250822,180000,5.63,5.66,5.5311,5.625,41096,0
NEXM.US,60,20250822,190000,5.6,5.66,5.5956,5.66,21970,0
NEXM.US,60,20250822,200000,5.66,5.66,5.58,5.58,1300,0
NEXM.US,60,20250822,210000,5.58,5.73,5.58,5.69,8337,0
NEXM.US,60,20250822,220000,5.69,5.8,5.6562,5.73,6071,0
NEXM.US,60,20250825,160000,5.67,5.68,5.61,5.61,900,0
NEXM.US,60,20250825,170000,5.6,5.7,5.56,5.61,3282,0
NEXM.US,60,20250825,180000,5.57,5.6194,5.54,5.54,3678,0
NEXM.US,60,20250825,190000,5.6,5.6,5.5696,5.6,400,0
NEXM.US,60,20250825,200000,5.56,5.56,5.5,5.5,500,0
NEXM.US,60,20250825,210000,5.58,5.58,5.49,5.5,1156,0
NEXM.US,60,20250825,220000,5.53,5.54,5.47,5.54,7094,0
NEXM.US,60,20250826,160000,5.46,5.469,5.3383,5.381,4839,0
NEXM.US,60,20250826,170000,5.37,5.385,5.3,5.335,7195,0
NEXM.US,60,20250826,180000,5.33,5.47,5.29,5.36,16643,0
NEXM.US,60,20250826,190000,5.39,5.45,5.35,5.45,4783,0
NEXM.US,60,20250826,200000,5.46,5.46,5.402,5.45,400,0
NEXM.US,60,20250826,210000,5.46,5.46,5.43,5.43,2000,0
NEXM.US,60,20250826,220000,5.4066,5.46,5.39,5.39,2983,0
NEXM.US,60,20250827,160000,5.44,5.45,5.3783,5.38,1328,0
NEXM.US,60,20250827,170000,5.44,5.44,5.31,5.31,2200,0
NEXM.US,60,20250827,180000,5.31,5.33,5.28,5.28,2829,0
NEXM.US,60,20250827,190000,5.27,5.35,5.2045,5.35,22581,0
NEXM.US,60,20250827,200000,5.33,5.33,5.26,5.26,1100,0
NEXM.US,60,20250827,210000,5.35,5.37,5.35,5.37,300,0
NEXM.US,60,20250827,220000,5.365,5.4,5.32,5.4,1696,0
NEXM.US,60,20250828,160000,5.45,5.45,5.32,5.38,7662,0
NEXM.US,60,20250828,170000,5.44,5.44,5.37,5.37,2081,0
NEXM.US,60,20250828,180000,5.36,5.45,5.35,5.38,25280,0
NEXM.US,60,20250828,200000,5.37,5.4091,5.34,5.4091,1450,0
NEXM.US,60,20250828,210000,5.35,5.383,5.35,5.383,625,0
NEXM.US,60,20250828,220000,5.35,5.4,5.34,5.36,13843,0
NEXM.US,60,20250829,160000,5.47,5.47,5.31,5.3578,6132,0
NEXM.US,60,20250829,170000,5.415,5.48,5.39,5.48,9426,0
NEXM.US,60,20250829,180000,5.4256,5.48,5.4,5.4,10017,0
NEXM.US,60,20250829,190000,5.479,5.55,5.4334,5.505,10647,0
NEXM.US,60,20250829,200000,5.46,5.5,5.46,5.47,1800,0
NEXM.US,60,20250829,210000,5.4545,5.5,5.45,5.49,14099,0
NEXM.US,60,20250829,220000,5.49,5.5,5.47,5.5,3385,0
NEXM.US,60,20250902,160000,5.55,5.55,5.4,5.48,9295,0
NEXM.US,60,20250902,170000,5.43,5.46,5.37,5.375,4801,0
NEXM.US,60,20250902,180000,5.3708,5.45,5.37,5.45,1691,0
NEXM.US,60,20250902,190000,5.3942,5.41,5.3942,5.41,1357,0
NEXM.US,60,20250902,200000,5.44,5.44,5.37,5.38,1230,0
NEXM.US,60,20250902,210000,5.43,5.43,5.37,5.3784,4119,0
NEXM.US,60,20250902,220000,5.405,5.42,5.405,5.42,876,0
NEXM.US,60,20250903,170000,5.73,5.84,5.56,5.6353,40989,0
NEXM.US,60,20250903,180000,5.6358,5.71,5.58,5.6,8873,0
NEXM.US,60,20250903,190000,5.64,5.68,5.58,5.6,8763,0
NEXM.US,60,20250903,200000,5.6,5.64,5.38,5.45,18087,0
NEXM.US,60,20250903,210000,5.45,5.53,5.45,5.52,3983,0
NEXM.US,60,20250903,220000,5.495,5.54,5.38,5.45,23529,0
NEXM.US,60,20250904,160000,5.58,5.58,5.49,5.5,9088,0
NEXM.US,60,20250904,170000,5.5,5.55,5.3754,5.3754,10336,0
NEXM.US,60,20250904,180000,5.37,5.39,5.35,5.367,12845,0
NEXM.US,60,20250904,190000,5.34,5.3799,5.2701,5.3799,8490,0
NEXM.US,60,20250904,200000,5.326,5.326,5.326,5.326,962,0
NEXM.US,60,20250904,210000,5.37,5.37,5.355,5.37,1400,0
NEXM.US,60,20250904,220000,5.32,5.37,5.32,5.36,4254,0
NEXM.US,60,20250905,160000,5.44,5.44,5.33,5.395,4836,0
NEXM.US,60,20250905,170000,5.3745,5.4,5.295,5.3294,23460,0
NEXM.US,60,20250905,180000,5.32,5.38,5.3086,5.35,8636,0
NEXM.US,60,20250905,190000,5.35,5.41,5.3002,5.41,14854,0
NEXM.US,60,20250905,200000,5.35,5.4,5.3,5.3071,7182,0
NEXM.US,60,20250905,210000,5.38,5.38,5.338,5.38,3273,0
NEXM.US,60,20250905,220000,5.38,5.66,5.3071,5.6,29627,0
NEXM.US,60,20250908,160000,5.63,5.63,5.43,5.54,6778,0
NEXM.US,60,20250908,170000,5.4316,5.52,5.38,5.51,16820,0
NEXM.US,60,20250908,180000,5.53,5.54,5.47,5.5,4743,0
NEXM.US,60,20250908,190000,5.5,5.5198,5.4906,5.51,2646,0
NEXM.US,60,20250908,200000,5.485,5.58,5.485,5.52,1598,0
NEXM.US,60,20250908,210000,5.52,5.52,5.4952,5.51,2748,0
NEXM.US,60,20250908,220000,5.51,5.59,5.51,5.59,14445,0
NEXM.US,60,20250909,160000,5.52,5.58,5.42,5.525,5924,0
NEXM.US,60,20250909,170000,5.47,5.54,5.42,5.42,5393,0
NEXM.US,60,20250909,180000,5.43,5.53,5.43,5.43,1100,0
NEXM.US,60,20250909,190000,5.5,5.5,5.4552,5.4552,2600,0
NEXM.US,60,20250909,200000,5.48,5.51,5.48,5.51,1200,0
NEXM.US,60,20250909,210000,5.485,5.485,5.45,5.45,10735,0
NEXM.US,60,20250909,220000,5.4501,5.51,5.44,5.44,7978,0
NEXM.US,60,20250910,160000,5.5,5.5,5.39,5.41,2451,0
NEXM.US,60,20250910,190000,5.5,5.5,5.3935,5.44,7046,0
NEXM.US,60,20250910,200000,5.4035,5.49,5.4035,5.49,727,0
NEXM.US,60,20250910,210000,5.46,5.65,5.46,5.65,16158,0
NEXM.US,60,20250910,220000,5.65,5.8,5.65,5.8,27104,0
NEXM.US,60,20250911,160000,5.74,5.7535,5.74,5.7535,364,0
NEXM.US,60,20250911,170000,5.7838,5.81,5.7,5.78,13919,0
NEXM.US,60,20250911,180000,5.78,5.81,5.7514,5.81,23955,0
NEXM.US,60,20250911,190000,5.7501,5.78,5.71,5.74,2300,0
NEXM.US,60,20250911,200000,5.783,5.8,5.75,5.785,5238,0
NEXM.US,60,20250911,210000,5.799,6,5.77,5.9124,68671,0
NEXM.US,60,20250911,220000,5.94,6.14,5.84,6.0594,16041,0
NEXM.US,60,20250912,160000,5.92,5.99,5.92,5.99,8701,0
NEXM.US,60,20250912,170000,6.09,6.09,5.95,6.04,18215,0
NEXM.US,60,20250912,180000,5.975,5.975,5.86,5.8798,968,0
NEXM.US,60,20250912,190000,5.92,5.9561,5.9,5.9,3100,0
NEXM.US,60,20250912,200000,5.875,5.875,5.875,5.875,294,0
NEXM.US,60,20250912,210000,5.9,5.94,5.9,5.92,3241,0
NEXM.US,60,20250912,220000,5.95,6.09,5.95,6.08,15054,0
NEXM.US,60,20250915,160000,6.13,6.13,5.93,5.93,5918,0
NEXM.US,60,20250915,170000,5.995,6.17,5.93,6.17,7554,0
NEXM.US,60,20250915,180000,6.17,6.3,6.17,6.24,1164,0
NEXM.US,60,20250915,190000,6.17,6.25,6.17,6.245,1150,0
NEXM.US,60,20250915,200000,6.06,6.13,5.96,6.13,600,0
NEXM.US,60,20250915,210000,6.025,6.1,6,6.01,2100,0
NEXM.US,60,20250915,220000,6,6,5.92,5.94,6780,0
NEXM.US,60,20250916,160000,6.04,6.04,5.8701,5.91,5551,0
NEXM.US,60,20250916,170000,5.935,6.01,5.9225,6.01,1974,0
NEXM.US,60,20250916,180000,5.86,5.86,5.795,5.84,7399,0
NEXM.US,60,20250916,190000,5.84,5.85,5.8,5.85,900,0
NEXM.US,60,20250916,200000,5.82,5.82,5.82,5.82,600,0
NEXM.US,60,20250916,210000,5.82,5.9,5.82,5.89,2600,0
NEXM.US,60,20250916,220000,5.86,5.86,5.7933,5.86,4849,0
NEXM.US,60,20250917,160000,5.71,5.87,5.71,5.86,2787,0
NEXM.US,60,20250917,170000,5.85,5.88,5.6815,5.6815,7563,0
NEXM.US,60,20250917,180000,5.74,5.76,5.7,5.76,300,0
NEXM.US,60,20250917,190000,5.6592,5.7499,5.6592,5.74,1600,0
NEXM.US,60,20250917,200000,5.66,5.7281,5.65,5.69,3100,0
NEXM.US,60,20250917,210000,5.72,5.78,5.65,5.65,10495,0
NEXM.US,60,20250917,220000,5.66,5.75,5.65,5.7,3594,0
NEXM.US,60,20250918,160000,5.75,6.1,5.74,6.1,15457,0
NEXM.US,60,20250918,170000,6.1,6.1,5.96,5.98,6369,0
NEXM.US,60,20250918,180000,6.0185,6.0575,5.9849,6.04,4300,0
NEXM.US,60,20250918,190000,6.05,6.05,5.88,5.95,5580,0
NEXM.US,60,20250918,200000,5.9512,6,5.9512,5.99,5070,0
NEXM.US,60,20250918,210000,5.96,5.96,5.95,5.96,6433,0
NEXM.US,60,20250918,220000,5.94,5.94,5.8,5.8,8797,0
NEXM.US,60,20250919,160000,6.08,6.08,5.69,5.77,12207,0
NEXM.US,60,20250919,170000,5.7782,5.81,5.65,5.65,10936,0
NEXM.US,60,20250919,180000,5.6992,5.79,5.6703,5.7209,15396,0
NEXM.US,60,20250919,190000,5.7232,5.82,5.7232,5.82,15952,0
NEXM.US,60,20250919,200000,5.81,5.88,5.81,5.88,1192,0
NEXM.US,60,20250919,210000,5.865,5.91,5.7926,5.84,5222,0
NEXM.US,60,20250919,220000,5.84,5.89,5.78,5.78,3266,0
NEXM.US,60,20250922,160000,5.85,5.96,5.7814,5.85,9026,0
NEXM.US,60,20250922,170000,5.8607,5.95,5.8,5.875,15964,0
NEXM.US,60,20250922,180000,5.875,5.92,5.67,5.67,11705,0
NEXM.US,60,20250922,190000,5.66,5.725,5.65,5.6861,6169,0
NEXM.US,60,20250922,200000,5.6226,5.699,5.61,5.699,2303,0
NEXM.US,60,20250922,210000,5.69,5.69,5.62,5.66,1375,0
NEXM.US,60,20250922,220000,5.65,5.66,5.61,5.64,5092,0
NEXM.US,60,20250923,160000,5.69,5.79,5.58,5.7716,9651,0
NEXM.US,60,20250923,170000,5.75,5.87,5.74,5.74,29565,0
NEXM.US,60,20250923,180000,5.7,5.76,5.7,5.7329,4285,0
NEXM.US,60,20250923,190000,5.735,5.755,5.64,5.695,2373,0
NEXM.US,60,20250923,200000,5.67,5.74,5.63,5.6909,2700,0
NEXM.US,60,20250923,210000,5.685,5.7,5.655,5.655,4191,0
NEXM.US,60,20250923,220000,5.675,5.71,5.67,5.7,1154,0
NEXM.US,60,20250924,160000,5.73,5.82,5.72,5.82,12637,0
NEXM.US,60,20250924,170000,5.84,5.88,5.74,5.76,14626,0
NEXM.US,60,20250924,180000,5.77,5.8095,5.72,5.8095,5714,0
NEXM.US,60,20250924,190000,5.72,5.785,5.72,5.745,2748,0
NEXM.US,60,20250924,200000,5.7881,5.84,5.76,5.815,8939,0
NEXM.US,60,20250924,210000,5.815,5.8429,5.75,5.8429,2687,0
NEXM.US,60,20250924,220000,5.85,5.87,5.805,5.82,17559,0
NEXM.US,60,20250925,160000,5.87,5.87,5.7,5.7364,9150,0
NEXM.US,60,20250925,170000,5.6817,5.9,5.6717,5.83,12202,0
NEXM.US,60,20250925,180000,5.79,5.86,5.79,5.8201,10038,0
NEXM.US,60,20250925,190000,5.82,5.87,5.75,5.87,4860,0
NEXM.US,60,20250925,200000,5.79,5.9,5.79,5.9,9467,0
NEXM.US,60,20250925,210000,5.9,6,5.89,6,3827,0
NEXM.US,60,20250925,220000,5.95,6.09,5.83,5.9,34834,0
NEXM.US,60,20250926,160000,5.87,5.87,5.76,5.785,11687,0
NEXM.US,60,20250926,170000,5.855,5.855,5.7,5.72,7546,0
NEXM.US,60,20250926,180000,5.7,5.71,5.62,5.69,6875,0
NEXM.US,60,20250926,190000,5.66,5.72,5.6,5.72,8012,0
NEXM.US,60,20250926,200000,5.73,5.73,5.65,5.7,2559,0
NEXM.US,60,20250926,210000,5.66,5.72,5.64,5.72,12828,0
NEXM.US,60,20250926,220000,5.6988,5.72,5.63,5.68,8306,0
NEXM.US,60,20250929,160000,5.8,5.95,5.75,5.8304,24666,0
NEXM.US,60,20250929,170000,5.84,5.95,5.8,5.8496,6636,0
NEXM.US,60,20250929,180000,5.8595,5.8595,5.8295,5.8295,997,0
NEXM.US,60,20250929,190000,5.8393,5.89,5.81,5.89,1512,0
NEXM.US,60,20250929,200000,5.86,5.88,5.81,5.85,2700,0
NEXM.US,60,20250929,210000,5.8436,5.86,5.745,5.84,8119,0
NEXM.US,60,20250929,220000,5.735,5.85,5.735,5.75,4598,0
NEXM.US,60,20250930,160000,5.79,5.79,5.6101,5.65,7082,0
NEXM.US,60,20250930,170000,5.6685,5.69,5.5802,5.62,6772,0
NEXM.US,60,20250930,180000,5.5788,5.61,5.511,5.511,1205,0
NEXM.US,60,20250930,190000,5.56,5.58,5.56,5.56,300,0
NEXM.US,60,20250930,200000,5.58,5.59,5.52,5.59,3500,0
NEXM.US,60,20250930,210000,5.5503,5.58,5.45,5.46,2738,0
NEXM.US,60,20250930,220000,5.51,5.53,5.46,5.52,4407,0
NEXM.US,60,20251001,160000,5.46,5.84,5.46,5.75,11173,0
NEXM.US,60,20251001,170000,5.77,5.93,5.7,5.7,21595,0
NEXM.US,60,20251001,180000,5.72,5.77,5.71,5.7102,500,0
NEXM.US,60,20251001,190000,5.71,5.755,5.6866,5.755,3115,0
NEXM.US,60,20251001,200000,5.6953,5.7539,5.6953,5.72,810,0
NEXM.US,60,20251001,210000,5.663,5.73,5.66,5.725,8252,0
NEXM.US,60,20251001,220000,5.7,5.75,5.65,5.75,4018,0
NEXM.US,60,20251002,160000,5.8,5.8,5.8,5.8,147,0
NEXM.US,60,20251002,170000,5.71,5.735,5.5604,5.62,10345,0
NEXM.US,60,20251002,180000,5.64,5.6753,5.6096,5.67,6190,0
NEXM.US,60,20251002,190000,5.65,5.69,5.6119,5.66,998,0
NEXM.US,60,20251002,200000,5.6135,5.68,5.6135,5.65,2372,0
NEXM.US,60,20251002,210000,5.665,5.665,5.65,5.6628,2420,0
NEXM.US,60,20251002,220000,5.7,5.7,5.66,5.7,4863,0
NEXM.US,60,20251003,160000,5.66,5.7,5.586,5.7,4818,0
NEXM.US,60,20251003,170000,5.75,5.75,5.6321,5.672,10017,0
NEXM.US,60,20251003,180000,5.68,5.68,5.6,5.64,11898,0
NEXM.US,60,20251003,190000,5.64,5.71,5.633,5.7,12089,0
NEXM.US,60,20251003,200000,5.69,5.765,5.6381,5.6381,11849,0
NEXM.US,60,20251003,210000,5.61,5.6725,5.52,5.52,9768,0
NEXM.US,60,20251003,220000,5.5791,5.6,5.52,5.56,3363,0
NEXM.US,60,20251006,160000,5.69,5.69,5.562,5.63,2225,0
NEXM.US,60,20251006,170000,5.65,5.66,5.51,5.58,7137,0
NEXM.US,60,20251006,180000,5.59,5.6696,5.58,5.6696,17312,0
NEXM.US,60,20251006,190000,5.6696,5.69,5.63,5.65,1787,0
NEXM.US,60,20251006,200000,5.63,5.65,5.62,5.65,2525,0
NEXM.US,60,20251006,210000,5.65,5.72,5.63,5.72,7353,0
NEXM.US,60,20251006,220000,5.74,5.75,5.73,5.74,9746,0
NEXM.US,60,20251007,160000,5.83,5.88,5.73,5.7701,26609,0
NEXM.US,60,20251007,170000,5.785,5.785,5.6,5.6033,35787,0
NEXM.US,60,20251007,180000,5.618,5.618,5.51,5.53,9994,0
NEXM.US,60,20251007,190000,5.5059,5.615,5.5059,5.615,8436,0
NEXM.US,60,20251007,200000,5.56,5.6098,5.53,5.53,1901,0
NEXM.US,60,20251007,210000,5.557,5.59,5.557,5.5745,7883,0
NEXM.US,60,20251007,220000,5.58,5.58,5.45,5.53,9136,0
NEXM.US,60,20251008,160000,5.55,5.615,5.55,5.58,9720,0
NEXM.US,60,20251008,170000,5.56,5.5893,5.5,5.5,15239,0
NEXM.US,60,20251008,180000,5.5101,5.63,5.5101,5.625,6088,0
NEXM.US,60,20251008,190000,5.6,5.78,5.58,5.75,15069,0
NEXM.US,60,20251008,200000,5.73,5.76,5.706,5.74,6544,0
NEXM.US,60,20251008,210000,5.75,5.78,5.66,5.735,11543,0
NEXM.US,60,20251008,220000,5.7,5.78,5.68,5.75,20414,0
NEXM.US,60,20251009,160000,5.73,5.78,5.6768,5.69,48062,0
NEXM.US,60,20251009,170000,5.8,5.8,5.55,5.59,7307,0
NEXM.US,60,20251009,180000,5.59,5.67,5.53,5.67,29424,0
NEXM.US,60,20251009,190000,5.6658,5.698,5.51,5.6,5097,0
NEXM.US,60,20251009,200000,5.58,5.63,5.51,5.6,29381,0
NEXM.US,60,20251009,210000,5.6,5.63,5.57,5.57,26230,0
NEXM.US,60,20251009,220000,5.54,5.67,5.54,5.66,14822,0
NEXM.US,60,20251010,160000,5.65,5.73,5.6,5.72,11971,0
NEXM.US,60,20251010,170000,5.7134,5.76,5.6,5.6,15689,0
NEXM.US,60,20251010,180000,5.55,5.59,5.5,5.59,8323,0
NEXM.US,60,20251010,190000,5.6,5.71,5.52,5.52,13505,0
NEXM.US,60,20251010,200000,5.54,5.57,5.51,5.52,4416,0
NEXM.US,60,20251010,210000,5.52,5.6,5.5,5.52,14800,0
NEXM.US,60,20251010,220000,5.54,5.6,5.5,5.52,6220,0
NEXM.US,60,20251013,160000,5.64,5.83,5.61,5.83,9346,0
NEXM.US,60,20251013,170000,5.8097,6.2,5.78,6.1795,53316,0
NEXM.US,60,20251013,180000,6.16,6.49,6.16,6.38,66516,0
NEXM.US,60,20251013,190000,6.41,6.654,6.3,6.52,56261,0
NEXM.US,60,20251013,200000,6.51,6.51,6.3041,6.4,9509,0
NEXM.US,60,20251013,210000,6.35,6.52,6.32,6.385,22613,0
NEXM.US,60,20251013,220000,6.3001,6.4,6.2009,6.34,25451,0
NEXM.US,60,20251014,160000,6.35,6.35,5.655,6.06,133792,0
NEXM.US,60,20251014,170000,6.05,6.1302,5.85,5.87,92441,0
NEXM.US,60,20251014,180000,5.8718,6.23,5.87,6.1029,121515,0
NEXM.US,60,20251014,190000,6.1299,6.28,5.98,6.088,134113,0
NEXM.US,60,20251014,200000,6.08,6.1899,5.98,6.11,19551,0
NEXM.US,60,20251014,210000,6.176,6.176,6.05,6.1129,15444,0
NEXM.US,60,20251014,220000,6.12,6.19,6.02,6.1564,76741,0
NEXM.US,60,20251015,160000,6.3,6.345,6.115,6.14,34681,0
NEXM.US,60,20251015,170000,6.185,6.25,5.99,6.04,53671,0
NEXM.US,60,20251015,180000,6.1626,6.1626,5.95,5.96,24556,0
NEXM.US,60,20251015,190000,5.95,5.9504,5.86,5.9185,29790,0
NEXM.US,60,20251015,200000,5.9492,5.9492,5.74,5.85,28344,0
NEXM.US,60,20251015,210000,5.7906,5.825,5.7,5.73,33635,0
NEXM.US,60,20251015,220000,5.73,5.855,5.72,5.855,15676,0
NEXM.US,60,20251016,160000,5.8,5.9599,5.78,5.815,16460,0
NEXM.US,60,20251016,170000,5.7505,5.81,5.65,5.7011,21514,0
NEXM.US,60,20251016,180000,5.735,5.74,5.56,5.64,10922,0
NEXM.US,60,20251016,190000,5.6982,5.77,5.57,5.65,50252,0
NEXM.US,60,20251016,200000,5.66,5.76,5.645,5.645,10021,0
NEXM.US,60,20251016,210000,5.69,5.72,5.57,5.6642,14756,0
NEXM.US,60,20251016,220000,5.66,5.7188,5.62,5.66,36595,0
NEXM.US,60,20251017,160000,5.64,5.64,5.5,5.57,26086,0
NEXM.US,60,20251017,170000,5.55,5.57,5.45,5.52,7059,0
NEXM.US,60,20251017,180000,5.51,5.56,5.4,5.4126,17096,0
NEXM.US,60,20251017,190000,5.43,5.49,5.43,5.435,19425,0
NEXM.US,60,20251017,200000,5.425,5.44,5.37,5.42,5366,0
NEXM.US,60,20251017,210000,5.43,5.47,5.3808,5.4032,7980,0
NEXM.US,60,20251017,220000,5.43,5.46,5.4,5.44,12520,0
NEXM.US,60,20251020,160000,5.69,5.7,5.5661,5.635,3639,0
NEXM.US,60,20251020,170000,5.635,5.635,5.5659,5.5914,12388,0
NEXM.US,60,20251020,180000,5.62,5.71,5.615,5.71,2400,0
NEXM.US,60,20251020,190000,5.6912,5.75,5.6801,5.715,6507,0
NEXM.US,60,20251020,200000,5.68,5.71,5.66,5.6601,1945,0
NEXM.US,60,20251020,210000,5.68,5.6964,5.62,5.67,5359,0
NEXM.US,60,20251020,220000,5.66,5.7,5.5733,5.68,6335,0
NEXM.US,60,20251021,160000,5.57,5.605,5.32,5.32,9416,0
NEXM.US,60,20251021,170000,5.35,5.385,5.29,5.3,12599,0
NEXM.US,60,20251021,180000,5.32,5.38,5.32,5.34,4183,0
NEXM.US,60,20251021,190000,5.36,5.36,5.29,5.29,2270,0
NEXM.US,60,20251021,200000,5.2875,5.3,5.25,5.26,3338,0
NEXM.US,60,20251021,210000,5.26,5.28,5.22,5.23,3232,0
NEXM.US,60,20251021,220000,5.2468,5.26,5.14,5.14,8003,0
NEXM.US,60,20251022,160000,5.06,5.15,5.05,5.12,11869,0
NEXM.US,60,20251022,170000,5.1,5.15,5.0316,5.04,21040,0
NEXM.US,60,20251022,180000,5.046,5.08,5.0161,5.04,6691,0
NEXM.US,60,20251022,190000,5.0122,5.08,4.9502,5.0732,29320,0
NEXM.US,60,20251022,200000,5.08,5.08,4.95,5.01,2870,0
NEXM.US,60,20251022,210000,5.045,5.075,5,5.045,6775,0
NEXM.US,60,20251022,220000,5.05,5.17,5.05,5.11,9831,0
NEXM.US,60,20251023,160000,5.13,5.27,5.13,5.19,13405,0
NEXM.US,60,20251023,170000,5.18,5.24,5.15,5.16,10041,0
NEXM.US,60,20251023,180000,5.12,5.17,5.1,5.11,22503,0
NEXM.US,60,20251023,190000,5.14,5.17,5.1,5.17,1900,0
NEXM.US,60,20251023,200000,5.1643,5.1643,5.0119,5.05,10785,0
NEXM.US,60,20251023,210000,5.05,5.09,5.04,5.09,1159,0
NEXM.US,60,20251023,220000,5.04,5.08,5.03,5.05,2747,0
NEXM.US,60,20251024,160000,5.05,5.12,4.905,5,12387,0
NEXM.US,60,20251024,170000,4.995,5.05,4.93,4.98,21326,0
NEXM.US,60,20251024,180000,4.95,5.02,4.95,5.02,6589,0
NEXM.US,60,20251024,190000,4.95,4.97,4.92,4.92,3502,0
NEXM.US,60,20251024,200000,4.9282,4.9652,4.9,4.955,29746,0
NEXM.US,60,20251024,210000,4.955,4.99,4.87,4.905,23050,0
NEXM.US,60,20251024,220000,4.91,4.92,4.81,4.88,33441,0
NEXM.US,60,20251027,150000,4.86,4.86,4.6,4.6297,54324,0
NEXM.US,60,20251027,160000,4.62,4.6499,4.4602,4.485,36935,0
NEXM.US,60,20251027,170000,4.485,4.6,4.47,4.6,16925,0
NEXM.US,60,20251027,180000,4.56,4.62,4.55,4.58,8629,0
NEXM.US,60,20251027,190000,4.595,4.6199,4.55,4.585,13720,0
NEXM.US,60,20251027,200000,4.57,4.6,4.53,4.53,2600,0
NEXM.US,60,20251027,210000,4.545,4.56,4.5,4.54,12435,0
NEXM.US,60,20251028,150000,4.1,4.3,3.91,4.07,52339,0
NEXM.US,60,20251028,160000,4,4.13,3.7701,3.9,90650,0
NEXM.US,60,20251028,170000,3.87,4.055,3.86,3.95,103408,0
NEXM.US,60,20251028,180000,3.9356,3.97,3.87,3.94,14707,0
NEXM.US,60,20251028,190000,3.9,3.93,3.86,3.8996,8188,0
NEXM.US,60,20251028,200000,3.91,3.96,3.86,3.91,35515,0
NEXM.US,60,20251028,210000,3.9093,4,3.9,3.93,64825,0
NEXM.US,60,20251029,150000,3.95,3.95,3.85,3.85,8959,0
NEXM.US,60,20251029,160000,3.87,3.955,3.8065,3.935,18226,0
NEXM.US,60,20251029,170000,3.95,4.09,3.95,4.0385,74271,0
NEXM.US,60,20251029,180000,4.06,4.06,4.0275,4.06,2708,0
NEXM.US,60,20251029,190000,4.06,4.1,4.0349,4.08,9188,0
NEXM.US,60,20251029,200000,4.1189,4.1189,4.065,4.08,12150,0
NEXM.US,60,20251029,210000,4.05,4.08,4.03,4.04,19633,0
NEXM.US,60,20251030,150000,4.02,4.08,3.92,4.005,21791,0
NEXM.US,60,20251030,160000,3.98,4.07,3.98,4.04,41978,0
NEXM.US,60,20251030,170000,4.0101,4.06,3.985,4.03,7400,0
NEXM.US,60,20251030,180000,4.03,4.04,3.98,4.04,2100,0
NEXM.US,60,20251030,190000,4.06,4.06,3.9811,4.04,7527,0
NEXM.US,60,20251030,200000,4.04,4.04,3.97,3.985,3541,0
NEXM.US,60,20251030,210000,4,4.04,3.98,4,12092,0
NEXM.US,60,20251031,150000,4.02,4.0399,3.96,4.0399,6175,0
NEXM.US,60,20251031,160000,3.97,4.0095,3.95,4.0095,4875,0
NEXM.US,60,20251031,170000,4,4,3.96,3.97,1000,0
NEXM.US,60,20251031,180000,3.96,3.97,3.88,3.9125,7022,0
NEXM.US,60,20251031,190000,3.91,3.9499,3.9,3.91,6609,0
NEXM.US,60,20251031,200000,3.91,3.94,3.88,3.88,2500,0
NEXM.US,60,20251031,210000,3.87,3.93,3.86,3.9,25674,0
NEXM.US,60,20251103,160000,3.92,3.9699,3.87,3.87,38787,0
NEXM.US,60,20251103,170000,3.8848,3.8968,3.79,3.8965,35746,0
NEXM.US,60,20251103,180000,3.87,3.93,3.87,3.93,24622,0
NEXM.US,60,20251103,190000,3.89,3.9484,3.89,3.92,17908,0
NEXM.US,60,20251103,200000,3.92,3.97,3.92,3.95,4064,0
NEXM.US,60,20251103,210000,3.95,3.97,3.91,3.92,16099,0
NEXM.US,60,20251103,220000,3.91,3.98,3.91,3.98,34438,0
NEXM.US,60,20251104,160000,3.87,3.8965,3.8445,3.86,3271,0
NEXM.US,60,20251104,170000,3.8621,3.8621,3.71,3.71,25718,0
NEXM.US,60,20251104,180000,3.72,3.79,3.67,3.77,18117,0
NEXM.US,60,20251104,190000,3.79,3.84,3.75,3.84,23185,0
NEXM.US,60,20251104,200000,3.83,3.87,3.81,3.84,10520,0
NEXM.US,60,20251104,210000,3.78,3.82,3.73,3.79,4454,0
NEXM.US,60,20251104,220000,3.775,3.81,3.74,3.78,10832,0
NEXM.US,60,20251105,160000,3.8,3.85,3.8,3.85,1654,0
NEXM.US,60,20251105,170000,3.8109,3.8239,3.78,3.8,5584,0
NEXM.US,60,20251105,180000,3.7804,3.82,3.7804,3.8059,800,0
NEXM.US,60,20251105,190000,3.8404,3.85,3.8125,3.85,600,0
NEXM.US,60,20251105,200000,3.85,3.8516,3.85,3.85,5155,0
NEXM.US,60,20251105,210000,3.83,3.88,3.825,3.88,7157,0
NEXM.US,60,20251105,220000,3.81,3.9,3.81,3.9,3410,0
NEXM.US,60,20251106,160000,3.9,3.91,3.81,3.83,1539,0
NEXM.US,60,20251106,170000,3.8,3.81,3.675,3.7013,3855,0
NEXM.US,60,20251106,180000,3.73,3.73,3.69,3.7,3274,0
NEXM.US,60,20251106,190000,3.73,3.73,3.69,3.7,13952,0
NEXM.US,60,20251106,200000,3.7,3.73,3.69,3.715,8016,0
NEXM.US,60,20251106,210000,3.73,3.775,3.71,3.76,9415,0
NEXM.US,60,20251106,220000,3.76,3.8099,3.74,3.75,30200,0
NEXM.US,60,20251107,160000,3.78,3.78,3.63,3.73,6470,0
NEXM.US,60,20251107,170000,3.73,3.74,3.71,3.71,15516,0
NEXM.US,60,20251107,180000,3.7,3.7599,3.69,3.7599,5474,0
NEXM.US,60,20251107,190000,3.75,3.755,3.72,3.72,11661,0
NEXM.US,60,20251107,200000,3.73,3.7699,3.73,3.7699,735,0
NEXM.US,60,20251107,210000,3.75,3.82,3.75,3.82,10810,0
NEXM.US,60,20251107,220000,3.82,3.85,3.8099,3.85,11066,0
NEXM.US,60,20251110,160000,3.9,3.94,3.85,3.94,13125,0
NEXM.US,60,20251110,170000,3.9,3.96,3.86,3.87,21810,0
NEXM.US,60,20251110,180000,3.87,3.89,3.8,3.8356,10383,0
NEXM.US,60,20251110,190000,3.84,3.9,3.83,3.865,6027,0
NEXM.US,60,20251110,200000,3.835,3.9,3.81,3.86,10106,0
NEXM.US,60,20251110,210000,3.88,3.92,3.85,3.88,8310,0
NEXM.US,60,20251110,220000,3.87,3.895,3.81,3.86,17429,0
NEXM.US,60,20251111,160000,3.8736,3.88,3.8736,3.88,5312,0
NEXM.US,60,20251111,170000,3.8,3.82,3.8,3.82,200,0
NEXM.US,60,20251111,180000,3.81,3.85,3.745,3.75,27908,0
NEXM.US,60,20251111,190000,3.75,3.765,3.74,3.75,9121,0
NEXM.US,60,20251111,200000,3.765,3.765,3.735,3.7595,7771,0
NEXM.US,60,20251111,210000,3.76,3.76,3.71,3.73,4399,0
NEXM.US,60,20251111,220000,3.7236,3.82,3.7236,3.81,12532,0
NEXM.US,60,20251112,160000,3.82,3.82,3.76,3.77,9802,0
NEXM.US,60,20251112,170000,3.795,3.82,3.75,3.78,18172,0
NEXM.US,60,20251112,180000,3.82,3.87,3.8,3.83,6352,0
NEXM.US,60,20251112,190000,3.8595,3.87,3.81,3.87,5045,0
NEXM.US,60,20251112,200000,3.83,3.86,3.81,3.81,9342,0
NEXM.US,60,20251112,210000,3.81,3.82,3.775,3.805,5027,0
NEXM.US,60,20251112,220000,3.82,3.99,3.82,3.98,10278,0
NEXM.US,60,20251113,160000,4.01,4.01,3.84,3.955,8717,0
NEXM.US,60,20251113,170000,3.95,3.955,3.95,3.95,400,0
NEXM.US,60,20251113,180000,3.9,3.93,3.84,3.85,10840,0
NEXM.US,60,20251113,190000,3.86,3.88,3.841,3.87,1000,0
NEXM.US,60,20251113,200000,3.8367,3.8367,3.74,3.8299,2420,0
NEXM.US,60,20251113,210000,3.81,3.81,3.81,3.81,973,0
NEXM.US,60,20251113,220000,3.7668,3.8,3.7668,3.78,8127,0
NEXM.US,60,20251114,160000,3.71,3.75,3.6,3.7092,5150,0
NEXM.US,60,20251114,170000,3.6659,3.695,3.6659,3.695,700,0
NEXM.US,60,20251114,180000,3.68,3.7125,3.68,3.69,8025,0
NEXM.US,60,20251114,190000,3.69,3.7,3.66,3.68,10587,0
NEXM.US,60,20251114,200000,3.68,3.68,3.662,3.68,600,0
NEXM.US,60,20251114,210000,3.6401,3.66,3.61,3.64,6963,0
NEXM.US,60,20251114,220000,3.63,3.7,3.5901,3.7,24372,0
NEXM.US,60,20251117,160000,3.7,3.71,3.56,3.5836,10685,0
NEXM.US,60,20251117,170000,3.55,3.59,3.4501,3.55,19145,0
NEXM.US,60,20251117,180000,3.55,3.59,3.55,3.585,5281,0
NEXM.US,60,20251117,190000,3.58,3.605,3.56,3.56,14138,0
NEXM.US,60,20251117,200000,3.56,3.62,3.56,3.59,7922,0
NEXM.US,60,20251117,210000,3.605,3.62,3.54,3.54,12281,0
NEXM.US,60,20251117,220000,3.525,3.55,3.49,3.52,8828,0
NEXM.US,60,20251118,160000,3.52,3.66,3.45,3.542,8160,0
NEXM.US,60,20251118,170000,3.59,3.6,3.5,3.5,18488,0
NEXM.US,60,20251118,180000,3.51,3.6,3.5007,3.55,9221,0
NEXM.US,60,20251118,190000,3.5248,3.56,3.511,3.56,9750,0
NEXM.US,60,20251118,200000,3.57,3.57,3.53,3.53,1300,0
NEXM.US,60,20251118,210000,3.52,3.54,3.51,3.53,3200,0
NEXM.US,60,20251118,220000,3.5001,3.515,3.5001,3.5117,1200,0
NEXM.US,60,20251119,160000,3.5,3.57,3.5,3.51,2192,0
NEXM.US,60,20251119,170000,3.51,3.51,3.45,3.47,5444,0
NEXM.US,60,20251119,180000,3.45,3.56,3.41,3.56,33056,0
NEXM.US,60,20251119,190000,3.56,3.74,3.56,3.615,12694,0
NEXM.US,60,20251119,200000,3.61,3.82,3.61,3.79,63653,0
NEXM.US,60,20251119,210000,3.78,3.78,3.67,3.75,12504,0
NEXM.US,60,20251119,220000,3.76,3.81,3.7,3.79,38661,0
NEXM.US,60,20251120,160000,3.74,3.78,3.7008,3.7799,2010,0
NEXM.US,60,20251120,170000,3.73,3.77,3.6777,3.68,9174,0
NEXM.US,60,20251120,180000,3.67,3.69,3.58,3.62,6652,0
NEXM.US,60,20251120,190000,3.595,3.62,3.555,3.555,11260,0
NEXM.US,60,20251120,200000,3.555,3.555,3.54,3.54,600,0
NEXM.US,60,20251120,210000,3.54,3.6226,3.54,3.6226,1193,0
NEXM.US,60,20251120,220000,3.67,3.67,3.51,3.54,21538,0
NEXM.US,60,20251121,160000,3.55,3.55,3.535,3.535,378,0
NEXM.US,60,20251121,170000,3.5521,3.59,3.47,3.47,4964,0
NEXM.US,60,20251121,180000,3.53,3.59,3.47,3.59,3400,0
NEXM.US,60,20251121,190000,3.6,3.6,3.54,3.59,2480,0
NEXM.US,60,20251121,200000,3.55,3.55,3.55,3.55,765,0
NEXM.US,60,20251121,210000,3.59,3.59,3.59,3.59,100,0
NEXM.US,60,20251121,220000,3.5513,3.57,3.51,3.53,1950,0
NEXM.US,60,20251124,160000,3.5,3.5,3.48,3.48,4094,0
NEXM.US,60,20251124,170000,3.48,3.54,3.405,3.405,2631,0
NEXM.US,60,20251124,180000,3.4363,3.46,3.37,3.4227,15730,0
NEXM.US,60,20251124,190000,3.42,3.445,3.42,3.44,2593,0
NEXM.US,60,20251124,200000,3.43,3.4385,3.4,3.43,5795,0
NEXM.US,60,20251124,210000,3.4317,3.4317,3.4,3.42,5895,0
NEXM.US,60,20251124,220000,3.44,3.47,3.41,3.41,2531,0
NEXM.US,60,20251125,160000,3.5,3.53,3.4,3.47,14448,0
NEXM.US,60,20251125,170000,3.4018,3.48,3.4018,3.48,346,0
NEXM.US,60,20251125,180000,3.435,3.48,3.435,3.48,2200,0
NEXM.US,60,20251125,190000,3.4613,3.48,3.4613,3.47,487,0
NEXM.US,60,20251125,200000,3.47,3.52,3.47,3.51,61853,0
NEXM.US,60,20251125,210000,3.52,3.52,3.48,3.48,17105,0
NEXM.US,60,20251125,220000,3.48,3.51,3.465,3.51,2754,0
NEXM.US,60,20251126,160000,3.51,3.5636,3.5,3.5636,7449,0
NEXM.US,60,20251126,170000,3.56,3.67,3.555,3.57,9586,0
NEXM.US,60,20251126,180000,3.57,3.67,3.57,3.57,2145,0
NEXM.US,60,20251126,190000,3.57,3.5881,3.54,3.56,1300,0
NEXM.US,60,20251126,200000,3.59,3.635,3.59,3.63,10679,0
NEXM.US,60,20251126,210000,3.6302,3.65,3.61,3.61,45893,0
NEXM.US,60,20251126,220000,3.6,3.635,3.55,3.55,7420,0
NEXM.US,60,20251128,160000,3.5549,3.79,3.51,3.79,53099,0
NEXM.US,60,20251128,170000,3.79,3.79,3.75,3.75,1702,0
NEXM.US,60,20251128,180000,3.79,3.85,3.71,3.75,38326,0
NEXM.US,60,20251128,190000,3.7375,3.8,3.72,3.78,19717,0
NEXM.US,60,20251201,160000,3.79,3.79,3.715,3.72,14853,0
NEXM.US,60,20251201,170000,3.7599,3.7599,3.57,3.65,16947,0
NEXM.US,60,20251201,180000,3.6781,3.73,3.6781,3.73,1532,0
NEXM.US,60,20251201,190000,3.74,3.78,3.7,3.74,16262,0
NEXM.US,60,20251201,200000,3.734,3.78,3.7223,3.7413,5002,0
NEXM.US,60,20251201,210000,3.77,3.77,3.7359,3.7359,5300,0
NEXM.US,60,20251201,220000,3.77,3.78,3.72,3.77,3093,0
NEXM.US,60,20251202,170000,3.73,3.78,3.7,3.7348,11681,0
NEXM.US,60,20251202,180000,3.76,3.76,3.7,3.7,300,0
NEXM.US,60,20251202,190000,3.735,3.735,3.6895,3.6895,3823,0
NEXM.US,60,20251202,200000,3.6633,3.69,3.58,3.69,13173,0
NEXM.US,60,20251202,210000,3.65,3.65,3.65,3.65,100,0
NEXM.US,60,20251202,220000,3.615,3.665,3.6,3.64,6542,0
NEXM.US,60,20251203,160000,3.65,3.76,3.65,3.75,16312,0
NEXM.US,60,20251203,170000,3.79,3.92,3.78,3.92,104663,0
NEXM.US,60,20251203,180000,3.85,3.85,3.8,3.81,1564,0
NEXM.US,60,20251203,190000,3.8016,3.87,3.8,3.85,3569,0
NEXM.US,60,20251203,200000,3.89,3.89,3.82,3.82,700,0
NEXM.US,60,20251203,210000,3.81,3.8499,3.8,3.835,6000,0
NEXM.US,60,20251203,220000,3.81,3.87,3.8003,3.81,35591,0
NEXM.US,60,20251204,160000,3.81,3.81,3.72,3.72,484,0
NEXM.US,60,20251204,170000,3.7367,3.77,3.7,3.73,18948,0
NEXM.US,60,20251204,180000,3.74,3.74,3.71,3.71,400,0
NEXM.US,60,20251204,190000,3.78,3.78,3.71,3.7556,12500,0
NEXM.US,60,20251204,200000,3.755,3.755,3.725,3.74,589,0
NEXM.US,60,20251204,210000,3.71,3.7101,3.71,3.7101,660,0
NEXM.US,60,20251204,220000,3.7415,3.78,3.72,3.77,1462,0
NEXM.US,60,20251205,160000,3.72,3.8299,3.72,3.8,13553,0
NEXM.US,60,20251205,170000,3.81,3.84,3.78,3.82,1000,0
NEXM.US,60,20251205,180000,3.81,3.81,3.7001,3.76,3850,0
NEXM.US,60,20251205,190000,3.76,3.81,3.755,3.77,6100,0
NEXM.US,60,20251205,200000,3.775,3.775,3.74,3.7705,2930,0
NEXM.US,60,20251205,210000,3.75,3.75,3.71,3.73,614,0
NEXM.US,60,20251205,220000,3.732,3.74,3.71,3.74,1792,0
NEXM.US,60,20251208,160000,3.75,3.76,3.73,3.73,956,0
NEXM.US,60,20251208,170000,3.7,3.701,3.66,3.6725,5933,0
NEXM.US,60,20251208,180000,3.675,3.7499,3.65,3.6773,10478,0
NEXM.US,60,20251208,190000,3.689,3.7,3.67,3.695,9180,0
NEXM.US,60,20251208,200000,3.67,3.6701,3.6,3.6259,16480,0
NEXM.US,60,20251208,210000,3.63,3.66,3.6182,3.66,1400,0
NEXM.US,60,20251208,220000,3.63,3.6999,3.58,3.61,17677,0
NEXM.US,60,20251209,160000,3.67,3.67,3.6006,3.66,15168,0
NEXM.US,60,20251209,170000,3.67,3.7,3.65,3.65,2204,0
NEXM.US,60,20251209,180000,3.66,3.6899,3.66,3.6899,665,0
NEXM.US,60,20251209,200000,3.7,3.7,3.61,3.64,4057,0
NEXM.US,60,20251209,210000,3.67,3.67,3.63,3.66,1604,0
NEXM.US,60,20251209,220000,3.6698,3.69,3.62,3.66,7400,0
NEXM.US,60,20251210,160000,3.62,3.655,3.58,3.63,10472,0
NEXM.US,60,20251210,170000,3.62,3.625,3.565,3.59,28107,0
NEXM.US,60,20251210,180000,3.58,3.61,3.57,3.5994,13821,0
NEXM.US,60,20251210,190000,3.57,3.6,3.53,3.54,35528,0
NEXM.US,60,20251210,200000,3.54,3.57,3.54,3.56,2006,0
NEXM.US,60,20251210,210000,3.57,3.57,3.51,3.52,33519,0
NEXM.US,60,20251210,220000,3.57,3.6,3.54,3.55,7319,0
NEXM.US,60,20251211,160000,3.58,3.59,3.526,3.59,610,0
NEXM.US,60,20251211,170000,3.54,3.56,3.47,3.54,32406,0
NEXM.US,60,20251211,180000,3.5237,3.53,3.49,3.51,3687,0
NEXM.US,60,20251211,190000,3.511,3.535,3.51,3.5343,18862,0
NEXM.US,60,20251211,200000,3.54,3.55,3.5,3.52,38881,0
NEXM.US,60,20251211,210000,3.544,3.55,3.5,3.5001,10468,0
NEXM.US,60,20251211,220000,3.51,3.53,3.49,3.5,8020,0
NEXM.US,60,20251212,160000,3.51,3.59,3.51,3.59,10103,0
NEXM.US,60,20251212,170000,3.59,3.69,3.5201,3.625,49873,0
NEXM.US,60,20251212,180000,3.595,3.6,3.51,3.54,4501,0
NEXM.US,60,20251212,190000,3.545,3.555,3.545,3.555,450,0
NEXM.US,60,20251212,200000,3.6,3.6,3.57,3.57,1253,0
NEXM.US,60,20251212,210000,3.59,3.59,3.5889,3.5889,400,0
NEXM.US,60,20251212,220000,3.58,3.59,3.555,3.57,5047,0
NEXM.US,60,20251215,160000,3.6,3.66,3.58,3.58,8658,0
NEXM.US,60,20251215,170000,3.52,3.57,3.451,3.5,16634,0
NEXM.US,60,20251215,190000,3.5,3.5,3.47,3.47,4778,0
NEXM.US,60,20251215,200000,3.47,3.49,3.37,3.43,15543,0
NEXM.US,60,20251215,210000,3.45,3.51,3.45,3.49,11800,0
NEXM.US,60,20251215,220000,3.485,3.515,3.47,3.49,13389,0
NEXM.US,60,20251216,160000,3.47,3.48,3.47,3.4725,988,0
NEXM.US,60,20251216,170000,3.4601,3.52,3.46,3.485,2790,0
NEXM.US,60,20251216,180000,3.485,3.485,3.45,3.45,11218,0
NEXM.US,60,20251216,190000,3.49,3.49,3.45,3.45,7321,0
NEXM.US,60,20251216,200000,3.42,3.4799,3.41,3.43,14400,0
NEXM.US,60,20251216,210000,3.465,3.54,3.465,3.54,38723,0
NEXM.US,60,20251216,220000,3.5598,3.59,3.5597,3.56,2665,0
NEXM.US,60,20251217,160000,3.5,3.7,3.5,3.64,10326,0
NEXM.US,60,20251217,170000,3.6296,3.8099,3.6296,3.71,34783,0
NEXM.US,60,20251217,180000,3.79,3.79,3.68,3.76,6858,0
NEXM.US,60,20251217,190000,3.76,3.77,3.73,3.77,3785,0
NEXM.US,60,20251217,200000,3.78,3.8,3.71,3.71,3075,0
NEXM.US,60,20251217,210000,3.73,3.75,3.71,3.75,2239,0
NEXM.US,60,20251217,220000,3.75,3.75,3.71,3.71,1381,0
NEXM.US,60,20251218,160000,3.74,3.802,3.74,3.75,3757,0
NEXM.US,60,20251218,170000,3.775,3.8,3.758,3.77,18570,0
NEXM.US,60,20251218,180000,3.74,3.75,3.7355,3.75,812,0
NEXM.US,60,20251218,190000,3.7059,3.7059,3.64,3.6456,33856,0
NEXM.US,60,20251218,200000,3.65,3.69,3.57,3.605,2200,0
NEXM.US,60,20251218,210000,3.58,3.58,3.58,3.58,100,0
NEXM.US,60,20251218,220000,3.65,3.65,3.57,3.61,4521,0
NEXM.US,60,20251219,160000,3.61,3.6967,3.61,3.65,868,0
NEXM.US,60,20251219,170000,3.65,3.66,3.6,3.635,1648,0
NEXM.US,60,20251219,180000,3.65,3.74,3.65,3.68,15922,0
NEXM.US,60,20251219,190000,3.705,3.7399,3.68,3.7085,7752,0
NEXM.US,60,20251219,200000,3.68,3.705,3.6,3.6,2399,0
NEXM.US,60,20251219,210000,3.65,3.65,3.65,3.65,200,0
NEXM.US,60,20251219,220000,3.61,3.61,3.53,3.53,5124,0
NEXM.US,60,20251222,160000,3.53,3.72,3.53,3.68,9319,0
NEXM.US,60,20251222,170000,3.68,3.82,3.68,3.78,15673,0
NEXM.US,60,20251222,180000,3.79,3.86,3.78,3.78,15352,0
NEXM.US,60,20251222,190000,3.78,3.7999,3.74,3.77,5477,0
NEXM.US,60,20251222,200000,3.76,3.83,3.76,3.775,18222,0
NEXM.US,60,20251222,210000,3.76,3.805,3.76,3.805,8900,0
NEXM.US,60,20251222,220000,3.83,3.84,3.75,3.76,8126,0
NEXM.US,60,20251223,160000,3.7578,3.8301,3.7578,3.83,2650,0
NEXM.US,60,20251223,170000,3.83,3.83,3.76,3.78,28169,0
NEXM.US,60,20251223,180000,3.78,3.79,3.7699,3.77,1975,0
NEXM.US,60,20251223,190000,3.78,3.8,3.76,3.76,19681,0
NEXM.US,60,20251223,200000,3.76,3.83,3.76,3.8,6081,0
NEXM.US,60,20251223,210000,3.78,3.79,3.75,3.75,1400,0
NEXM.US,60,20251223,220000,3.75,3.81,3.75,3.78,2691,0
NEXM.US,60,20251224,160000,3.8182,3.8182,3.68,3.69,2778,0
NEXM.US,60,20251224,170000,3.6905,3.7725,3.6905,3.7725,4940,0
NEXM.US,60,20251224,180000,3.77,3.85,3.77,3.78,8417,0
NEXM.US,60,20251224,190000,3.78,3.8773,3.78,3.86,6060,0
NEXM.US,60,20251224,200000,3.87,3.87,3.87,3.87,153,0
NEXM.US,60,20251226,160000,3.93,3.9402,3.92,3.9402,4230,0
NEXM.US,60,20251226,170000,3.95,4.31,3.95,4.14,37126,0
NEXM.US,60,20251226,180000,4.18,4.26,4.115,4.115,15058,0
NEXM.US,60,20251226,190000,4.16,4.22,4.16,4.1835,36458,0
NEXM.US,60,20251226,200000,4.2,4.27,4.05,4.19,58491,0
NEXM.US,60,20251226,210000,4.198,4.198,4.19,4.19,996,0
NEXM.US,60,20251226,220000,4.19,4.19,4.06,4.12,21127,0
