<TICKER>,<PER>,<DATE>,<TIME>,<OPEN>,<HIGH>,<LOW>,<CLOSE>,<VOL>,<OPENINT>
RDAG.US,60,20250623,160000,12.64,12.64,12,12,600,0
RDAG.US,60,20250623,180000,10.31,10.4673,10.31,10.45,747,0
RDAG.US,60,20250623,190000,10.9,10.9099,10.31,10.39,1192,0
RDAG.US,60,20250624,160000,10.42,10.5,10.42,10.5,3474,0
RDAG.US,60,20250624,170000,10.5,10.5,10.49,10.5,2513,0
RDAG.US,60,20250624,180000,10.737,10.94,10.5,10.5,1050,0
RDAG.US,60,20250624,190000,10.41,10.41,10.41,10.41,150,0
RDAG.US,60,20250624,210000,10.48,10.5,10.48,10.5,5650,0
RDAG.US,60,20250624,220000,10.58,10.58,10.4992,10.5,2650,0
RDAG.US,60,20250625,160000,10.5,10.5,10.4568,10.4568,600,0
RDAG.US,60,20250625,170000,10.45,10.497,10.42,10.42,100400,0
RDAG.US,60,20250625,180000,10.4212,10.45,10.4,10.4208,109700,0
RDAG.US,60,20250625,190000,10.41,10.41,10.41,10.41,200,0
RDAG.US,60,20250625,200000,10.4,10.405,10.35,10.35,42802,0
RDAG.US,60,20250625,220000,10.3,10.33,10.3,10.33,2763,0
RDAG.US,60,20250626,160000,10.35,10.35,10.35,10.35,200,0
RDAG.US,60,20250626,170000,10.3,10.3,10.252,10.252,111600,0
RDAG.US,60,20250626,180000,10.251,10.251,10.25,10.25,25600,0
RDAG.US,60,20250626,190000,10.28,10.28,10.25,10.2501,134241,0
RDAG.US,60,20250626,200000,10.25,10.26,10.24,10.24,35301,0
RDAG.US,60,20250626,210000,10.25,10.251,10.25,10.25,46300,0
RDAG.US,60,20250626,220000,10.2502,10.27,10.25,10.2627,100742,0
RDAG.US,60,20250627,160000,10.26,10.26,10.26,10.26,1990,0
RDAG.US,60,20250627,170000,10.251,10.2573,10.25,10.2509,29800,0
RDAG.US,60,20250627,180000,10.25,10.25,10.25,10.25,15530,0
RDAG.US,60,20250627,190000,10.22,10.22,10.22,10.22,156,0
RDAG.US,60,20250627,200000,10.25,10.25,10.245,10.245,2900,0
RDAG.US,60,20250627,210000,10.2489,10.25,10.23,10.25,16797,0
RDAG.US,60,20250627,220000,10.25,10.26,10.23,10.24,44213,0
RDAG.US,60,20250630,170000,10.25,10.26,10.25,10.255,13880,0
RDAG.US,60,20250630,180000,10.255,10.26,10.255,10.26,3300,0
RDAG.US,60,20250630,190000,10.255,10.255,10.25,10.25,20146,0
RDAG.US,60,20250630,210000,10.255,10.26,10.255,10.259,21700,0
RDAG.US,60,20250630,220000,10.255,10.26,10.25,10.26,10858,0
RDAG.US,60,20250701,160000,10.2807,10.29,10.28,10.2801,7136,0
RDAG.US,60,20250701,170000,10.28,10.28,10.28,10.28,509,0
RDAG.US,60,20250701,180000,10.29,10.29,10.28,10.28,5103,0
RDAG.US,60,20250701,190000,10.28,10.29,10.28,10.29,13003,0
RDAG.US,60,20250701,200000,10.28,10.28,10.28,10.28,2508,0
RDAG.US,60,20250701,210000,10.28,10.28,10.27,10.27,11532,0
RDAG.US,60,20250701,220000,10.27,10.29,10.26,10.26,25400,0
RDAG.US,60,20250702,160000,10.265,10.265,10.26,10.26,1300,0
RDAG.US,60,20250702,170000,10.285,10.285,10.26,10.26,6500,0
RDAG.US,60,20250702,180000,10.26,10.27,10.26,10.261,5784,0
RDAG.US,60,20250702,190000,10.26,10.26,10.26,10.26,1820,0
RDAG.US,60,20250702,200000,10.26,10.29,10.26,10.28,167600,0
RDAG.US,60,20250702,210000,10.27,10.27,10.27,10.27,300,0
RDAG.US,60,20250702,220000,10.27,10.28,10.26,10.26,55149,0
RDAG.US,60,20250703,170000,10.27,10.28,10.27,10.28,6160,0
RDAG.US,60,20250703,190000,10.28,10.28,10.2703,10.275,8800,0
RDAG.US,60,20250707,170000,10.2558,10.2558,10.2558,10.2558,1000,0
RDAG.US,60,20250707,180000,10.2708,10.2708,10.26,10.26,100800,0
RDAG.US,60,20250707,200000,10.2684,10.2684,10.2684,10.2684,1000,0
RDAG.US,60,20250707,210000,10.27,10.27,10.27,10.27,498,0
RDAG.US,60,20250708,220000,10.28,10.3,10.25,10.25,110689,0
RDAG.US,60,20250709,180000,10.251,10.251,10.25,10.25,38200,0
RDAG.US,60,20250709,190000,10.26,10.26,10.25,10.255,2900,0
RDAG.US,60,20250709,220000,10.25,10.2599,10.25,10.2599,2560,0
RDAG.US,60,20250710,160000,10.28,10.28,10.28,10.28,300,0
RDAG.US,60,20250710,180000,10.255,10.26,10.25,10.25,9390,0
RDAG.US,60,20250710,190000,10.25,10.25,10.25,10.25,2000,0
RDAG.US,60,20250710,210000,10.25,10.26,10.25,10.26,21428,0
RDAG.US,60,20250710,220000,10.26,10.27,10.26,10.27,17700,0
RDAG.US,60,20250711,200000,10.27,10.27,10.27,10.27,600,0
RDAG.US,60,20250711,220000,10.275,10.28,10.27,10.27,4291,0
RDAG.US,60,20250714,180000,10.2799,10.2799,10.2799,10.2799,130,0
RDAG.US,60,20250714,190000,10.271,10.271,10.271,10.271,130,0
RDAG.US,60,20250714,200000,10.279,10.3,10.27,10.28,77704,0
RDAG.US,60,20250714,210000,10.28,10.28,10.28,10.28,9900,0
RDAG.US,60,20250714,220000,10.3,10.32,10.29,10.3,279410,0
RDAG.US,60,20250715,160000,10.3,10.31,10.3,10.3,82384,0
RDAG.US,60,20250715,170000,10.3,10.31,10.295,10.305,265427,0
RDAG.US,60,20250715,180000,10.3,10.305,10.3,10.3,72100,0
RDAG.US,60,20250715,190000,10.305,10.31,10.3,10.31,20323,0
RDAG.US,60,20250715,200000,10.31,10.345,10.305,10.3395,132300,0
RDAG.US,60,20250715,210000,10.34,10.345,10.34,10.34,5680,0
RDAG.US,60,20250716,170000,10.32,10.35,10.32,10.35,10900,0
RDAG.US,60,20250716,200000,10.3,10.33,10.3,10.33,3331,0
RDAG.US,60,20250716,210000,10.35,10.365,10.3395,10.3395,60530,0
RDAG.US,60,20250716,220000,10.33,10.34,10.33,10.34,100124,0
RDAG.US,60,20250717,170000,10.3103,10.34,10.3103,10.34,3700,0
RDAG.US,60,20250717,180000,10.325,10.325,10.32,10.32,4200,0
RDAG.US,60,20250717,200000,10.32,10.34,10.32,10.34,26500,0
RDAG.US,60,20250717,210000,10.34,10.34,10.31,10.31,11000,0
RDAG.US,60,20250717,220000,10.316,10.32,10.316,10.32,624,0
RDAG.US,60,20250718,160000,10.31,10.35,10.31,10.35,2295,0
RDAG.US,60,20250718,170000,10.3,10.35,10.3,10.35,1800,0
RDAG.US,60,20250718,190000,10.32,10.32,10.3,10.3,37620,0
RDAG.US,60,20250718,200000,10.3096,10.3096,10.3096,10.3096,2000,0
RDAG.US,60,20250718,210000,10.31,10.35,10.31,10.35,19262,0
RDAG.US,60,20250718,220000,10.34,10.35,10.33,10.33,1082,0
RDAG.US,60,20250721,160000,10.33,10.33,10.33,10.33,1130,0
RDAG.US,60,20250721,170000,10.311,10.35,10.3001,10.325,39500,0
RDAG.US,60,20250721,180000,10.31,10.35,10.31,10.31,800,0
RDAG.US,60,20250721,190000,10.35,10.35,10.35,10.35,500,0
RDAG.US,60,20250721,200000,10.35,10.35,10.3156,10.3156,1504,0
RDAG.US,60,20250721,210000,10.35,10.38,10.35,10.355,36181,0
RDAG.US,60,20250721,220000,10.35,10.45,10.35,10.45,24561,0
RDAG.US,60,20250722,210000,10.36,10.3795,10.36,10.36,1265,0
RDAG.US,60,20250722,220000,10.3799,10.3799,10.3799,10.3799,1000,0
RDAG.US,60,20250723,200000,10.36,10.36,10.36,10.36,24900,0
RDAG.US,60,20250723,210000,10.36,10.36,10.35,10.35,500,0
RDAG.US,60,20250723,220000,10.34,10.3744,10.34,10.36,776,0
RDAG.US,60,20250725,170000,10.3772,10.38,10.3772,10.38,500,0
RDAG.US,60,20250725,190000,10.36,10.38,10.36,10.38,3300,0
RDAG.US,60,20250725,200000,10.3608,10.3608,10.3608,10.3608,1000,0
RDAG.US,60,20250728,170000,10.37,10.375,10.37,10.375,2600,0
RDAG.US,60,20250728,190000,10.3748,10.3748,10.3748,10.3748,3000,0
RDAG.US,60,20250728,220000,10.375,10.375,10.37,10.37,400,0
RDAG.US,60,20250729,170000,10.35,10.38,10.35,10.38,294,0
RDAG.US,60,20250729,180000,10.3802,10.3802,10.35,10.37,4156,0
RDAG.US,60,20250729,190000,10.35,10.35,10.35,10.35,100,0
RDAG.US,60,20250729,200000,10.36,10.36,10.36,10.36,1000,0
RDAG.US,60,20250729,210000,10.355,10.36,10.3402,10.36,11100,0
RDAG.US,60,20250729,220000,10.35,10.36,10.34,10.35,3122,0
RDAG.US,60,20250730,180000,10.34,10.34,10.33,10.34,5107,0
RDAG.US,60,20250730,210000,10.34,10.34,10.33,10.335,11138,0
RDAG.US,60,20250730,220000,10.33,10.33,10.3,10.3,101653,0
RDAG.US,60,20250731,160000,10.34,10.34,10.34,10.34,4288,0
RDAG.US,60,20250731,170000,10.3,10.33,10.3,10.31,500,0
RDAG.US,60,20250731,180000,10.315,10.33,10.31,10.33,700,0
RDAG.US,60,20250731,190000,10.31,10.33,10.31,10.33,401,0
RDAG.US,60,20250731,200000,10.32,10.33,10.32,10.33,5930,0
RDAG.US,60,20250731,210000,10.32,10.33,10.32,10.32,4100,0
RDAG.US,60,20250731,220000,10.33,10.35,10.32,10.345,2100,0
RDAG.US,60,20250801,160000,10.3001,10.3005,10.3001,10.3005,1500,0
RDAG.US,60,20250801,170000,10.35,10.35,10.35,10.35,7200,0
RDAG.US,60,20250801,180000,10.31,10.37,10.31,10.31,1250,0
RDAG.US,60,20250801,190000,10.35,10.35,10.31,10.31,868,0
RDAG.US,60,20250801,210000,10.35,10.35,10.35,10.35,300,0
RDAG.US,60,20250801,220000,10.31,10.37,10.31,10.37,340,0
RDAG.US,60,20250804,180000,10.3,10.36,10.3,10.33,945,0
RDAG.US,60,20250804,190000,10.33,10.33,10.31,10.32,28888,0
RDAG.US,60,20250804,200000,10.33,10.33,10.32,10.32,6694,0
RDAG.US,60,20250804,220000,10.325,10.33,10.31,10.33,6659,0
RDAG.US,60,20250805,170000,10.31,10.345,10.31,10.33,8493,0
RDAG.US,60,20250805,180000,10.33,10.34,10.33,10.34,600,0
RDAG.US,60,20250805,190000,10.34,10.37,10.34,10.35,152160,0
RDAG.US,60,20250805,210000,10.35,10.37,10.35,10.37,255,0
RDAG.US,60,20250805,220000,10.3645,10.37,10.335,10.37,14282,0
RDAG.US,60,20250806,180000,10.31,10.38,10.31,10.345,1300,0
RDAG.US,60,20250806,190000,10.37,10.38,10.355,10.37,101163,0
RDAG.US,60,20250806,200000,10.38,10.39,10.37,10.3856,54170,0
RDAG.US,60,20250806,210000,10.39,10.39,10.3501,10.375,20260,0
RDAG.US,60,20250806,220000,10.37,10.37,10.37,10.37,200,0
RDAG.US,60,20250807,160000,10.375,10.39,10.37,10.37,10600,0
RDAG.US,60,20250807,170000,10.3501,10.37,10.35,10.37,19907,0
RDAG.US,60,20250807,180000,10.37,10.37,10.34,10.37,2220,0
RDAG.US,60,20250807,190000,10.37,10.37,10.37,10.37,100,0
RDAG.US,60,20250807,200000,10.39,10.39,10.38,10.38,1738,0
RDAG.US,60,20250807,210000,10.38,10.39,10.38,10.39,200,0
RDAG.US,60,20250807,220000,10.38,10.39,10.37,10.39,4367,0
RDAG.US,60,20250808,210000,10.355,10.36,10.32,10.33,60797,0
RDAG.US,60,20250808,220000,10.36,10.39,10.33,10.34,905,0
RDAG.US,60,20250811,160000,10.311,10.3282,10.29,10.31,129239,0
RDAG.US,60,20250811,170000,10.2937,10.31,10.29,10.29,103075,0
RDAG.US,60,20250811,180000,10.31,10.31,10.25,10.275,12018,0
RDAG.US,60,20250811,190000,10.275,10.29,10.27,10.275,1500,0
RDAG.US,60,20250811,200000,10.275,10.29,10.27,10.29,700,0
RDAG.US,60,20250811,210000,10.29,10.3,10.27,10.3,4527,0
RDAG.US,60,20250811,220000,10.3,10.3,10.26,10.27,69890,0
RDAG.US,60,20250812,190000,10.25,10.305,10.25,10.305,22105,0
RDAG.US,60,20250812,210000,10.305,10.305,10.305,10.305,100,0
RDAG.US,60,20250812,220000,10.305,10.31,10.305,10.31,1200,0
RDAG.US,60,20250813,160000,10.35,10.35,10.35,10.35,100,0
RDAG.US,60,20250813,170000,10.3,10.3,10.3,10.3,400,0
RDAG.US,60,20250813,180000,10.3,10.3,10.3,10.3,600,0
RDAG.US,60,20250813,190000,10.3,10.325,10.3,10.3,1000,0
RDAG.US,60,20250813,200000,10.3,10.31,10.3,10.3,44471,0
RDAG.US,60,20250813,210000,10.3,10.31,10.3,10.3,76280,0
RDAG.US,60,20250813,220000,10.31,10.31,10.3,10.3,12097,0
RDAG.US,60,20250814,180000,10.3,10.3001,10.29,10.295,13448,0
RDAG.US,60,20250814,200000,10.3,10.325,10.28,10.28,93473,0
RDAG.US,60,20250814,210000,10.2837,10.29,10.25,10.25,51096,0
RDAG.US,60,20250815,160000,10.3,10.3,10.26,10.3,21095,0
RDAG.US,60,20250815,190000,10.265,10.265,10.26,10.26,800,0
RDAG.US,60,20250815,220000,10.23,10.23,10.23,10.23,186,0
RDAG.US,60,20250818,160000,10.3,10.3,10.25,10.275,34500,0
RDAG.US,60,20250818,170000,10.25,10.26,10.25,10.26,200,0
RDAG.US,60,20250819,160000,10.26,10.27,10.26,10.2618,2100,0
RDAG.US,60,20250819,200000,10.24,10.27,10.23,10.25,3903,0
RDAG.US,60,20250819,210000,10.26,10.28,10.02,10.17,26600,0
RDAG.US,60,20250819,220000,10.18,10.18,10.17,10.18,1100,0
RDAG.US,60,20250820,160000,10.22,10.23,10.2,10.2,2300,0
RDAG.US,60,20250820,170000,10.21,10.21,10.2,10.2,109624,0
RDAG.US,60,20250820,190000,10.2,10.2,10.2,10.2,829,0
RDAG.US,60,20250820,200000,10.2,10.2,10.2,10.2,11489,0
RDAG.US,60,20250820,210000,10.2,10.2,10.195,10.2,61235,0
RDAG.US,60,20250820,220000,10.19,10.2099,10.19,10.195,4663,0
RDAG.US,60,20250821,160000,10.2,10.2,10.2,10.2,100,0
RDAG.US,60,20250821,210000,10.21,10.21,10.2,10.21,76443,0
RDAG.US,60,20250821,220000,10.215,10.22,10.21,10.21,51354,0
RDAG.US,60,20250822,160000,10.2,10.22,10.2,10.2,1510,0
RDAG.US,60,20250822,170000,10.2,10.2,10.2,10.2,100,0
RDAG.US,60,20250822,200000,10.2,10.2,10.2,10.2,112523,0
RDAG.US,60,20250822,210000,10.2,10.22,10.2,10.22,18621,0
RDAG.US,60,20250822,220000,10.2,10.22,10.2,10.2,821,0
RDAG.US,60,20250825,160000,10.22,10.22,10.2,10.2,1086,0
RDAG.US,60,20250825,190000,10.25,10.25,10.21,10.21,400,0
RDAG.US,60,20250825,200000,10.25,10.25,10.2,10.2,1000,0
RDAG.US,60,20250825,210000,10.2,10.21,10.2,10.2,53616,0
RDAG.US,60,20250825,220000,10.2,10.205,10.2,10.2,1933,0
RDAG.US,60,20250826,160000,10.21,10.21,10.2,10.2,556,0
RDAG.US,60,20250826,170000,10.2,10.2,10.195,10.2,40442,0
RDAG.US,60,20250826,180000,10.2,10.2,10.2,10.2,273,0
RDAG.US,60,20250826,210000,10.21,10.21,10.21,10.21,58661,0
RDAG.US,60,20250827,220000,10.2,10.22,10.2,10.22,20208,0
RDAG.US,60,20250828,160000,10.25,10.25,10.25,10.25,300,0
RDAG.US,60,20250828,210000,10.1999,10.1999,10.1999,10.1999,100,0
RDAG.US,60,20250828,220000,10.23,10.23,10.22,10.22,289,0
RDAG.US,60,20250829,160000,10.22,10.22,10.22,10.22,100,0
RDAG.US,60,20250829,200000,10.22,10.22,10.22,10.22,25000,0
RDAG.US,60,20250829,220000,10.23,10.23,10.22,10.22,418,0
RDAG.US,60,20250902,160000,10.24,10.24,10.24,10.24,100,0
RDAG.US,60,20250902,210000,10.19,10.24,10.19,10.24,22900,0
RDAG.US,60,20250902,220000,10.22,10.24,10.2,10.22,1273,0
RDAG.US,60,20250903,170000,10.24,10.24,10.24,10.24,100,0
RDAG.US,60,20250903,210000,10.22,10.23,10.22,10.22,68816,0
RDAG.US,60,20250903,220000,10.22,10.23,10.22,10.225,15909,0
RDAG.US,60,20250904,180000,10.22,10.225,10.22,10.22,62353,0
RDAG.US,60,20250904,190000,10.22,10.23,10.22,10.23,44771,0
RDAG.US,60,20250904,220000,10.22,10.22,10.22,10.22,103,0
RDAG.US,60,20250905,180000,10.235,10.235,10.235,10.235,300,0
RDAG.US,60,20250905,210000,10.22,10.22,10.22,10.22,1150,0
RDAG.US,60,20250908,160000,10.25,10.25,10.25,10.25,100,0
RDAG.US,60,20250908,210000,10.24,10.24,10.24,10.24,1700,0
RDAG.US,60,20250909,170000,10.22,10.22,10.22,10.22,5000,0
RDAG.US,60,20250909,190000,10.225,10.27,10.225,10.26,260180,0
RDAG.US,60,20250909,210000,10.26,10.27,10.26,10.27,1600,0
RDAG.US,60,20250909,220000,10.24,10.24,10.24,10.24,541,0
RDAG.US,60,20250910,160000,10.27,10.27,10.25,10.25,300,0
RDAG.US,60,20250910,170000,10.255,10.255,10.25,10.25,200,0
RDAG.US,60,20250910,180000,10.25,10.255,10.25,10.255,200,0
RDAG.US,60,20250910,220000,10.24,10.24,10.24,10.24,271,0
RDAG.US,60,20250911,160000,10.32,10.32,10.25,10.27,2240,0
RDAG.US,60,20250911,180000,10.25,10.25,10.25,10.25,125,0
RDAG.US,60,20250911,190000,10.24,10.24,10.24,10.24,4879,0
RDAG.US,60,20250911,200000,10.22,10.22,10.22,10.22,463,0
RDAG.US,60,20250911,210000,10.23,10.23,10.23,10.23,200,0
RDAG.US,60,20250911,220000,10.225,10.225,10.225,10.225,100,0
RDAG.US,60,20250912,210000,10.24,10.265,10.24,10.265,7600,0
RDAG.US,60,20250915,170000,10.23,10.26,10.23,10.26,600,0
RDAG.US,60,20250915,180000,10.26,10.3,10.26,10.3,200,0
RDAG.US,60,20250915,190000,10.26,10.26,10.26,10.26,320,0
RDAG.US,60,20250916,220000,10.29,10.29,10.22,10.29,1358,0
RDAG.US,60,20250917,200000,10.2217,10.2217,10.22,10.22,200,0
RDAG.US,60,20250917,210000,10.29,10.29,10.22,10.22,420,0
RDAG.US,60,20250917,220000,10.225,10.23,10.225,10.23,200,0
RDAG.US,60,20250918,170000,10.24,10.24,10.24,10.24,100,0
RDAG.US,60,20250919,220000,10.24,10.24,10.24,10.24,2489,0
RDAG.US,60,20250923,200000,10.3,10.3,10.29,10.2919,5962,0
RDAG.US,60,20250924,210000,10.3,10.3,10.3,10.3,100,0
RDAG.US,60,20250925,180000,10.22,10.22,10.2,10.2,2464,0
RDAG.US,60,20250925,190000,10.19,10.21,10.18,10.21,2168,0
RDAG.US,60,20250925,210000,10.21,10.21,10.21,10.21,746,0
RDAG.US,60,20250926,160000,10.22,10.25,10.22,10.25,506,0
RDAG.US,60,20250926,210000,10.25,10.2562,10.2499,10.2562,4839,0
RDAG.US,60,20250929,170000,10.24,10.24,10.24,10.24,100,0
RDAG.US,60,20250929,180000,10.23,10.23,10.23,10.23,1000,0
RDAG.US,60,20250929,200000,10.22,10.23,10.22,10.23,1300,0
RDAG.US,60,20250929,220000,10.23,10.23,10.23,10.23,204,0
RDAG.US,60,20250930,160000,10.23,10.23,10.22,10.22,2100,0
RDAG.US,60,20250930,170000,10.22,10.22,10.22,10.22,3319,0
RDAG.US,60,20250930,180000,10.22,10.22,10.215,10.22,2781,0
RDAG.US,60,20250930,210000,10.215,10.215,10.21,10.21,1750,0
RDAG.US,60,20251001,160000,10.22,10.24,10.22,10.24,11331,0
RDAG.US,60,20251001,170000,10.22,10.28,10.22,10.28,28683,0
RDAG.US,60,20251001,180000,10.26,10.26,10.26,10.26,640,0
RDAG.US,60,20251001,190000,10.24,10.24,10.23,10.23,32132,0
RDAG.US,60,20251001,200000,10.2385,10.24,10.22,10.24,25174,0
RDAG.US,60,20251001,210000,10.24,10.24,10.22,10.24,41747,0
RDAG.US,60,20251002,160000,10.22,10.28,10.22,10.2206,22063,0
RDAG.US,60,20251002,170000,10.221,10.28,10.21,10.25,119454,0
RDAG.US,60,20251002,180000,10.25,10.43,10.25,10.43,6157,0
RDAG.US,60,20251002,190000,10.39,10.39,10.36,10.37,11900,0
RDAG.US,60,20251002,200000,10.35,10.38,10.35,10.35,5149,0
RDAG.US,60,20251002,210000,10.39,10.4,10.3899,10.4,21851,0
RDAG.US,60,20251002,220000,10.3772,10.39,10.3772,10.39,5000,0
RDAG.US,60,20251003,160000,10.32,10.32,10.32,10.32,500,0
RDAG.US,60,20251003,170000,10.3731,10.38,10.37,10.38,10439,0
RDAG.US,60,20251003,180000,10.37,10.37,10.34,10.34,2382,0
RDAG.US,60,20251003,190000,10.38,10.38,10.38,10.38,900,0
RDAG.US,60,20251003,200000,10.38,10.38,10.35,10.38,1600,0
RDAG.US,60,20251003,210000,10.38,10.38,10.38,10.38,500,0
RDAG.US,60,20251006,160000,10.25,10.39,10.25,10.39,1100,0
RDAG.US,60,20251006,220000,10.35,10.35,10.35,10.35,100,0
RDAG.US,60,20251007,160000,10.3,10.3,10.3,10.3,113,0
RDAG.US,60,20251007,170000,10.32,10.32,10.29,10.2984,2000,0
RDAG.US,60,20251007,180000,10.2996,10.35,10.2984,10.2996,2500,0
RDAG.US,60,20251007,190000,10.302,10.35,10.28,10.28,2500,0
RDAG.US,60,20251007,200000,10.26,10.27,10.24,10.24,2400,0
RDAG.US,60,20251007,210000,10.24,10.35,10.23,10.35,17700,0
RDAG.US,60,20251007,220000,10.2644,10.33,10.25,10.33,12765,0
RDAG.US,60,20251008,180000,10.275,10.275,10.275,10.275,12200,0
RDAG.US,60,20251008,210000,10.3,10.3,10.3,10.3,5006,0
RDAG.US,60,20251008,220000,10.3031,10.35,10.3031,10.35,2125,0
RDAG.US,60,20251009,160000,10.34,10.34,10.28,10.3001,6893,0
RDAG.US,60,20251009,200000,10.32,10.32,10.32,10.32,100,0
RDAG.US,60,20251009,210000,10.27,10.2813,10.27,10.2813,2326,0
RDAG.US,60,20251009,220000,10.3,10.3,10.3,10.3,400,0
RDAG.US,60,20251010,190000,10.27,10.27,10.26,10.26,10200,0
RDAG.US,60,20251010,210000,10.24,10.28,10.24,10.24,17600,0
RDAG.US,60,20251010,220000,10.24,10.2542,10.24,10.24,12300,0
RDAG.US,60,20251013,170000,10.26,10.26,10.26,10.26,100,0
RDAG.US,60,20251013,180000,10.24,10.24,10.24,10.24,100,0
RDAG.US,60,20251013,190000,10.27,10.27,10.24,10.24,322,0
RDAG.US,60,20251013,200000,10.24,10.2659,10.24,10.2659,1267,0
RDAG.US,60,20251013,210000,10.265,10.27,10.265,10.27,3160,0
RDAG.US,60,20251013,220000,10.265,10.29,10.26,10.29,2300,0
RDAG.US,60,20251014,160000,10.241,10.241,10.24,10.2401,17602,0
RDAG.US,60,20251014,190000,10.2588,10.27,10.2588,10.26,6000,0
RDAG.US,60,20251014,210000,10.26,10.26,10.26,10.26,339,0
RDAG.US,60,20251015,170000,10.32,10.36,10.32,10.36,6931,0
RDAG.US,60,20251015,180000,10.3031,10.325,10.2901,10.3031,5000,0
RDAG.US,60,20251015,200000,10.29,10.29,10.29,10.29,907,0
RDAG.US,60,20251015,210000,10.29,10.29,10.29,10.29,5200,0
RDAG.US,60,20251015,220000,10.31,10.31,10.31,10.31,2505,0
RDAG.US,60,20251016,160000,10.3222,10.3241,10.31,10.3241,4935,0
RDAG.US,60,20251016,190000,10.31,10.31,10.3,10.3,9400,0
RDAG.US,60,20251016,200000,10.3101,10.3102,10.31,10.31,21191,0
RDAG.US,60,20251017,170000,10.3158,10.3653,10.3158,10.3653,9586,0
RDAG.US,60,20251017,190000,10.36,10.36,10.36,10.36,2600,0
RDAG.US,60,20251017,200000,10.332,10.332,10.332,10.332,917,0
RDAG.US,60,20251017,210000,10.32,10.32,10.32,10.32,178,0
RDAG.US,60,20251017,220000,10.32,10.32,10.32,10.32,214,0
RDAG.US,60,20251020,190000,10.32,10.32,10.32,10.32,316,0
RDAG.US,60,20251020,210000,10.35,10.35,10.35,10.35,970,0
RDAG.US,60,20251020,220000,10.32,10.32,10.32,10.32,356,0
RDAG.US,60,20251021,160000,10.38,10.38,10.36,10.36,948,0
RDAG.US,60,20251021,190000,10.345,10.345,10.31,10.31,779,0
RDAG.US,60,20251021,210000,10.365,10.365,10.365,10.365,100,0
RDAG.US,60,20251021,220000,10.37,10.37,10.37,10.37,1374,0
RDAG.US,60,20251022,170000,10.31,10.37,10.31,10.37,472,0
RDAG.US,60,20251022,200000,10.31,10.31,10.31,10.31,40000,0
RDAG.US,60,20251022,210000,10.37,10.37,10.31,10.31,1055,0
RDAG.US,60,20251022,220000,10.34,10.34,10.34,10.34,114,0
RDAG.US,60,20251023,180000,10.31,10.31,10.31,10.31,238,0
RDAG.US,60,20251023,210000,10.31,10.31,10.31,10.31,100,0
RDAG.US,60,20251024,170000,10.31,10.31,10.31,10.31,4900,0
RDAG.US,60,20251024,220000,10.31,10.31,10.31,10.31,100,0
RDAG.US,60,20251027,150000,10.31,10.31,10.31,10.31,6000,0
RDAG.US,60,20251027,170000,10.31,10.31,10.31,10.31,100,0
RDAG.US,60,20251028,200000,10.31,10.31,10.31,10.31,100,0
RDAG.US,60,20251029,190000,10.32,10.32,10.32,10.32,50000,0
RDAG.US,60,20251030,200000,10.32,10.32,10.31,10.31,64665,0
RDAG.US,60,20251030,210000,10.31,10.31,10.305,10.31,3800,0
RDAG.US,60,20251031,160000,10.32,10.34,10.32,10.33,49913,0
RDAG.US,60,20251104,170000,10.33,10.33,10.33,10.33,6100,0
RDAG.US,60,20251104,190000,10.32,10.33,10.31,10.31,13000,0
RDAG.US,60,20251105,160000,10.33,10.33,10.33,10.33,131482,0
RDAG.US,60,20251106,170000,10.33,10.33,10.33,10.33,200,0
RDAG.US,60,20251106,210000,10.33,10.33,10.33,10.33,1600,0
RDAG.US,60,20251107,180000,10.305,10.305,10.3,10.3,20700,0
RDAG.US,60,20251107,190000,10.3,10.3,10.3,10.3,700,0
RDAG.US,60,20251107,200000,10.3,10.3,10.26,10.29,141302,0
RDAG.US,60,20251110,180000,10.29,10.29,10.29,10.29,165,0
RDAG.US,60,20251110,220000,10.29,10.29,10.29,10.29,10885,0
RDAG.US,60,20251112,190000,10.29,10.29,10.29,10.29,344,0
RDAG.US,60,20251113,160000,10.29,10.29,10.29,10.29,29200,0
RDAG.US,60,20251113,170000,10.29,10.29,10.29,10.29,1972,0
RDAG.US,60,20251113,210000,10.28,10.28,10.28,10.28,1956,0
RDAG.US,60,20251114,160000,10.26,10.27,10.25,10.27,5000,0
RDAG.US,60,20251117,170000,10.29,10.29,10.29,10.29,1500,0
RDAG.US,60,20251117,180000,10.29,10.29,10.29,10.29,25000,0
RDAG.US,60,20251117,220000,10.2948,10.2948,10.28,10.28,1000,0
RDAG.US,60,20251119,190000,10.29,10.29,10.29,10.29,200,0
RDAG.US,60,20251120,160000,10.3017,10.3017,10.3017,10.3017,500,0
RDAG.US,60,20251120,180000,10.29,10.29,10.25,10.25,7166,0
RDAG.US,60,20251120,200000,10.27,10.27,10.27,10.27,2834,0
RDAG.US,60,20251121,160000,10.25,10.25,10.25,10.25,300,0
RDAG.US,60,20251121,190000,10.28,10.28,10.28,10.28,30000,0
RDAG.US,60,20251124,210000,10.28,10.28,10.27,10.27,2000,0
RDAG.US,60,20251125,160000,10.25,10.25,9.7677,10.2499,48934,0
RDAG.US,60,20251125,180000,10.24,10.24,10.24,10.24,23899,0
RDAG.US,60,20251125,190000,10.24,10.24,10.18,10.18,21968,0
RDAG.US,60,20251125,210000,10.22,10.22,10.22,10.22,950,0
RDAG.US,60,20251125,220000,10.19,10.19,10.19,10.19,106,0
RDAG.US,60,20251126,160000,10.2206,10.2206,10.18,10.18,38450,0
RDAG.US,60,20251126,170000,10.175,10.18,10.17,10.18,500,0
RDAG.US,60,20251126,180000,10.18,10.18,10.18,10.18,700,0
RDAG.US,60,20251126,190000,10.18,10.18,10.1795,10.18,5000,0
RDAG.US,60,20251126,200000,10.17,10.17,10.17,10.17,190,0
RDAG.US,60,20251201,160000,10.17,10.2,10.15,10.2,8458,0
RDAG.US,60,20251201,180000,10.2,10.2001,10.137,10.15,25970,0
RDAG.US,60,20251201,190000,10.15,10.18,10.14,10.1456,27498,0
RDAG.US,60,20251201,200000,10.14,10.14,10.14,10.14,377,0
RDAG.US,60,20251201,210000,10.16,10.16,10.16,10.16,50000,0
RDAG.US,60,20251201,220000,10.1974,10.1974,10.1974,10.1974,2500,0
RDAG.US,60,20251202,190000,10.17,10.17,10.17,10.17,2000,0
RDAG.US,60,20251202,210000,10.15,10.15,10.15,10.15,100,0
RDAG.US,60,20251202,220000,10.22,10.22,10.22,10.22,100,0
RDAG.US,60,20251203,200000,10.16,10.16,10.16,10.16,100000,0
RDAG.US,60,20251203,220000,10.16,10.16,10.16,10.16,188,0
RDAG.US,60,20251204,180000,10.16,10.16,10.16,10.16,200000,0
RDAG.US,60,20251204,220000,10.15,10.16,10.15,10.16,20200,0
RDAG.US,60,20251205,170000,10.13,10.14,10.13,10.13,1000,0
RDAG.US,60,20251205,190000,10.14,10.14,10.14,10.14,270,0
RDAG.US,60,20251205,220000,10.13,10.13,10.13,10.13,60000,0
RDAG.US,60,20251208,180000,10.16,10.16,10.16,10.16,25000,0
RDAG.US,60,20251209,220000,10.15,10.15,10.15,10.15,137,0
RDAG.US,60,20251210,170000,10.1418,10.21,10.1418,10.21,400,0
RDAG.US,60,20251210,180000,10.21,10.21,10.21,10.21,100,0
RDAG.US,60,20251215,170000,10.14,10.22,10.13,10.22,11900,0
RDAG.US,60,20251215,180000,10.2,10.2,10.2,10.2,1200,0
RDAG.US,60,20251215,200000,10.2,10.2,10.2,10.2,1300,0
RDAG.US,60,20251215,210000,10.2,10.2,10.2,10.2,400,0
RDAG.US,60,20251215,220000,10.2,10.2,10.18,10.19,57450,0
RDAG.US,60,20251216,160000,10.18,10.18,10.18,10.18,1000,0
RDAG.US,60,20251216,170000,10.18,10.18,10.18,10.18,2500,0
RDAG.US,60,20251216,180000,10.18,10.18,10.18,10.18,47500,0
RDAG.US,60,20251216,200000,10.18,10.18,10.18,10.18,2500,0
RDAG.US,60,20251216,210000,10.18,10.18,10.18,10.18,200,0
RDAG.US,60,20251217,220000,10.17,10.18,10.16,10.16,21668,0
RDAG.US,60,20251218,180000,10.16,10.16,10.16,10.16,5178,0
RDAG.US,60,20251218,200000,10.185,10.185,10.185,10.185,1128,0
RDAG.US,60,20251218,210000,10.1891,10.1891,10.1814,10.1814,2000,0
RDAG.US,60,20251218,220000,10.17,10.1701,10.17,10.17,11400,0
RDAG.US,60,20251219,200000,10.2,10.2,10.2,10.2,100,0
RDAG.US,60,20251223,160000,10.17,10.17,10.17,10.17,150000,0
RDAG.US,60,20251223,170000,10.16,10.16,10.15,10.16,76900,0
RDAG.US,60,20251223,200000,10.16,10.16,10.16,10.16,24400,0
RDAG.US,60,20251223,210000,10.16,10.165,10.15,10.15,521100,0
RDAG.US,60,20251223,220000,10.12,10.16,10.12,10.13,15424,0
RDAG.US,60,20251224,160000,10.13,10.13,10.12,10.12,1990,0
RDAG.US,60,20251224,190000,10.12,10.14,10.12,10.12,6490,0
RDAG.US,60,20251226,220000,10.135,10.135,10.13,10.13,700,0
