<TICKER>,<PER>,<DATE>,<TIME>,<OPEN>,<HIGH>,<LOW>,<CLOSE>,<VOL>,<OPENINT>
RNGTU.US,60,20251003,170000,10.02,10.04,10.01,10.01,4851703,0
RNGTU.US,60,20251003,180000,10.01,10.02,10,10.01,2172200,0
RNGTU.US,60,20251003,190000,10.01,10.02,10.01,10.01,143023,0
RNGTU.US,60,20251003,200000,10.01,10.02,10.01,10.015,205578,0
RNGTU.US,60,20251003,210000,10.015,10.015,10.01,10.01,487823,0
RNGTU.US,60,20251003,220000,10.01,10.01,10,10,567081,0
RNGTU.US,60,20251006,160000,10.01,10.02,10.01,10.012,33489,0
RNGTU.US,60,20251006,170000,10.02,10.02,10.01,10.02,12941,0
RNGTU.US,60,20251006,180000,10.02,10.02,10.01,10.01,10200,0
RNGTU.US,60,20251006,190000,10.02,10.02,10.01,10.01,200,0
RNGTU.US,60,20251006,200000,10.01,10.02,10.01,10.015,26115,0
RNGTU.US,60,20251006,210000,10.015,10.015,10.015,10.015,200,0
RNGTU.US,60,20251006,220000,10.02,10.02,10.01,10.01,67229,0
RNGTU.US,60,20251007,160000,10.02,10.02,10.01,10.0199,32996,0
RNGTU.US,60,20251007,170000,10.02,10.02,10.015,10.0182,26995,0
RNGTU.US,60,20251007,180000,10.015,10.015,10.01,10.01,1100,0
RNGTU.US,60,20251007,190000,10.01,10.01,10.01,10.01,302,0
RNGTU.US,60,20251007,200000,10.01,10.025,10.01,10.02,53340,0
RNGTU.US,60,20251007,220000,10.015,10.015,10.01,10.01,415199,0
RNGTU.US,60,20251008,160000,10.05,10.05,10.03,10.03,4500,0
RNGTU.US,60,20251008,170000,10.03,10.04,10.03,10.04,9000,0
RNGTU.US,60,20251008,180000,10.04,10.04,10.04,10.04,12100,0
RNGTU.US,60,20251008,190000,10.04,10.04,10.04,10.04,5925,0
RNGTU.US,60,20251008,200000,10.04,10.04,10.04,10.04,600,0
RNGTU.US,60,20251008,220000,10.04,10.04,10.0345,10.04,1200,0
RNGTU.US,60,20251009,160000,10.0377,10.04,10.0377,10.04,1000,0
RNGTU.US,60,20251009,170000,10.0463,10.05,10.04,10.05,2800,0
RNGTU.US,60,20251009,180000,10.045,10.07,10.04,10.07,75383,0
RNGTU.US,60,20251009,190000,10.06,10.06,10.05,10.05,12200,0
RNGTU.US,60,20251009,200000,10.07,10.07,10.07,10.07,100,0
RNGTU.US,60,20251009,220000,10.065,10.065,10.065,10.065,45238,0
RNGTU.US,60,20251010,160000,10.04,10.0989,10.04,10.072,7390,0
RNGTU.US,60,20251010,170000,10.07,10.08,10.06,10.07,67931,0
RNGTU.US,60,20251010,180000,10.065,10.0705,10.06,10.06,57864,0
RNGTU.US,60,20251010,200000,10.06,10.06,10.06,10.06,1000,0
RNGTU.US,60,20251010,220000,10.08,10.08,10.08,10.08,872,0
RNGTU.US,60,20251013,210000,10.1,10.1,10.1,10.1,100,0
RNGTU.US,60,20251013,220000,10.1,10.1,10.1,10.1,496,0
RNGTU.US,60,20251014,180000,10.15,10.15,10.15,10.15,133,0
RNGTU.US,60,20251014,190000,10.122,10.122,10.122,10.122,100,0
RNGTU.US,60,20251014,200000,10.14,10.14,10.12,10.12,176400,0
RNGTU.US,60,20251014,210000,10.1553,10.1553,10.1553,10.1553,352,0
RNGTU.US,60,20251014,220000,10.18,10.18,10.18,10.18,100,0
RNGTU.US,60,20251015,160000,10.1,10.1802,10.1,10.1802,500,0
RNGTU.US,60,20251015,180000,10.22,10.6,10.21,10.6,8961,0
RNGTU.US,60,20251015,210000,10.2,10.2,10.2,10.2,100,0
RNGTU.US,60,20251016,220000,10.25,10.25,10.22,10.24,2161,0
RNGTU.US,60,20251017,170000,10.24,10.24,10.24,10.24,100,0
RNGTU.US,60,20251017,180000,10.1888,10.195,10.1888,10.195,200,0
RNGTU.US,60,20251017,200000,10.15,10.15,10.15,10.15,200,0
RNGTU.US,60,20251017,210000,10.18,10.18,10.18,10.18,200,0
RNGTU.US,60,20251020,160000,10.16,10.16,10.16,10.16,200,0
RNGTU.US,60,20251020,170000,10.21,10.22,10.21,10.22,500,0
RNGTU.US,60,20251020,200000,10.2,10.225,10.2,10.2,187177,0
RNGTU.US,60,20251020,210000,10.2,10.2,10.2,10.2,200,0
RNGTU.US,60,20251021,170000,10.11,10.11,10.11,10.11,400,0
RNGTU.US,60,20251021,220000,10.2,10.2,10.2,10.2,251,0
RNGTU.US,60,20251022,180000,10.2,10.21,10.2,10.21,249,0
RNGTU.US,60,20251023,170000,10.1,10.1,10.1,10.1,100,0
RNGTU.US,60,20251023,180000,10.2,10.2,10.2,10.2,225,0
RNGTU.US,60,20251023,220000,10.2,10.22,10.2,10.22,1906,0
RNGTU.US,60,20251024,180000,10.21,10.21,10.1792,10.1792,500,0
RNGTU.US,60,20251024,220000,10.18,10.18,10.18,10.18,498,0
RNGTU.US,60,20251027,210000,10.18,10.19,10.18,10.19,3442,0
RNGTU.US,60,20251028,160000,10.19,10.2,10.19,10.2,1709,0
RNGTU.US,60,20251028,210000,10.18,10.18,10.18,10.18,25000,0
RNGTU.US,60,20251029,160000,10.19,10.19,10.19,10.19,110,0
RNGTU.US,60,20251029,190000,10.17,10.18,10.17,10.17,54768,0
RNGTU.US,60,20251029,200000,10.19,10.2,10.17,10.2,18220,0
RNGTU.US,60,20251029,210000,10.17,10.17,10.17,10.17,3888,0
RNGTU.US,60,20251030,160000,10.2,10.2,10.19,10.19,700,0
RNGTU.US,60,20251030,200000,10.17,10.2,10.17,10.2,1905,0
RNGTU.US,60,20251031,160000,10.17,10.19,10.17,10.19,10320,0
RNGTU.US,60,20251031,210000,10.2,10.2,10.2,10.2,548,0
RNGTU.US,60,20251103,200000,10.1799,10.18,10.175,10.18,34844,0
RNGTU.US,60,20251103,210000,10.19,10.195,10.19,10.195,300,0
RNGTU.US,60,20251105,220000,10.2,10.25,10.17,10.17,67041,0
RNGTU.US,60,20251106,170000,10.206,10.206,10.206,10.206,1000,0
RNGTU.US,60,20251111,180000,10.2,10.2,10.2,10.2,100,0
RNGTU.US,60,20251111,200000,10.18,10.18,10.18,10.18,59762,0
RNGTU.US,60,20251114,220000,10.215,10.215,10.2,10.2,5800,0
RNGTU.US,60,20251118,160000,10.18,10.18,10.18,10.18,200,0
RNGTU.US,60,20251119,170000,10.11,10.11,10.11,10.11,100,0
RNGTU.US,60,20251124,180000,10.17,10.23,10.17,10.22,109724,0
RNGTU.US,60,20251124,190000,10.2238,10.23,10.22,10.22,3695,0
RNGTU.US,60,20251124,200000,10.23,10.23,10.2,10.22,10405,0
RNGTU.US,60,20251124,210000,10.23,10.24,10.23,10.24,21976,0
RNGTU.US,60,20251124,220000,10.235,10.25,10.23,10.25,12560,0
RNGTU.US,60,20251125,160000,10.22,10.22,10.22,10.22,1000,0
RNGTU.US,60,20251125,170000,10.22,10.22,10.22,10.22,1000,0
RNGTU.US,60,20251125,180000,10.23,10.23,10.23,10.23,992,0
RNGTU.US,60,20251125,190000,10.24,10.24,10.23,10.23,5300,0
RNGTU.US,60,20251128,170000,10.2,10.2,10.2,10.2,1400,0
RNGTU.US,60,20251201,200000,10.21,10.225,10.21,10.225,31763,0
RNGTU.US,60,20251208,160000,10.21,10.21,10.2,10.2,15108,0
RNGTU.US,60,20251209,190000,10.26,10.28,10.26,10.28,34512,0
RNGTU.US,60,20251209,200000,10.2835,10.2835,10.2835,10.2835,100,0
RNGTU.US,60,20251210,190000,10.27,10.27,10.27,10.27,700,0
RNGTU.US,60,20251212,220000,10.2,10.24,10.18,10.19,1200,0
RNGTU.US,60,20251215,180000,10.2,10.2,10.2,10.2,800,0
RNGTU.US,60,20251219,210000,10.11,10.11,10.11,10.11,154,0
RNGTU.US,60,20251223,160000,10.11,10.11,10,10.02,21700,0
RNGTU.US,60,20251223,200000,10.09,10.18,10.09,10.18,200,0
