<TICKER>,<PER>,<DATE>,<TIME>,<OPEN>,<HIGH>,<LOW>,<CLOSE>,<VOL>,<OPENINT>
SDHI.US,60,20250605,180000,10.06,10.07,10.06,10.07,15800,0
SDHI.US,60,20250605,220000,10.08,10.08,10.08,10.08,696,0
SDHI.US,60,20250606,170000,10.08,10.08,10.08,10.08,106,0
SDHI.US,60,20250606,180000,10.08,10.08,10.08,10.08,100000,0
SDHI.US,60,20250606,220000,10.07,10.07,10.07,10.07,50000,0
SDHI.US,60,20250609,160000,10.1,10.1,10.075,10.09,41699,0
SDHI.US,60,20250609,170000,10.1,10.12,10.085,10.12,328786,0
SDHI.US,60,20250609,180000,10.1079,10.1079,10.1079,10.1079,133,0
SDHI.US,60,20250610,220000,10.14,10.14,10.14,10.14,1121,0
SDHI.US,60,20250612,180000,10.13,10.13,10.13,10.13,50000,0
SDHI.US,60,20250612,190000,10.13,10.14,10.12,10.12,75200,0
SDHI.US,60,20250612,220000,10.12,10.12,10.12,10.12,15047,0
SDHI.US,60,20250616,170000,10.12,10.13,10.12,10.13,94900,0
SDHI.US,60,20250616,180000,10.13,10.13,10.13,10.13,74000,0
SDHI.US,60,20250616,200000,10.12,10.12,10.12,10.12,1000,0
SDHI.US,60,20250616,210000,10.13,10.13,10.12,10.12,600,0
SDHI.US,60,20250617,220000,10.1,10.12,10.1,10.12,3591,0
SDHI.US,60,20250618,170000,10.12,10.12,10.12,10.12,185561,0
SDHI.US,60,20250618,190000,10.1,10.1,10.1,10.1,500,0
SDHI.US,60,20250620,160000,10.11,10.11,10.11,10.11,5000,0
SDHI.US,60,20250620,200000,10.12,10.12,10.12,10.12,314,0
SDHI.US,60,20250620,210000,10.12,10.12,10.115,10.115,3900,0
SDHI.US,60,20250623,170000,10.12,10.12,10.12,10.12,132,0
SDHI.US,60,20250624,210000,10.1297,10.1297,10.1297,10.1297,575,0
SDHI.US,60,20250624,220000,10.1285,10.1285,10.11,10.11,201000,0
SDHI.US,60,20250625,200000,10.1,10.1,10.1,10.1,12000,0
SDHI.US,60,20250626,210000,10.11,10.11,10.11,10.11,500,0
SDHI.US,60,20250626,220000,10.13,10.13,10.13,10.13,113,0
SDHI.US,60,20250627,190000,10.12,10.12,10.12,10.12,25000,0
SDHI.US,60,20250627,200000,10.12,10.12,10.12,10.12,416,0
SDHI.US,60,20250627,210000,10.12,10.12,10.12,10.12,128,0
SDHI.US,60,20250630,160000,10.1,10.1001,10.1,10.1001,1611,0
SDHI.US,60,20250630,210000,10.11,10.11,10.11,10.11,600,0
SDHI.US,60,20250701,170000,10.12,10.12,10.12,10.12,5134,0
SDHI.US,60,20250702,160000,10.1,10.1,10.1,10.1,28304,0
SDHI.US,60,20250702,170000,10.1,10.1,10.1,10.1,100000,0
SDHI.US,60,20250702,210000,10.1,10.1,10.1,10.1,19600,0
SDHI.US,60,20250702,220000,10.09,10.09,10.09,10.09,16700,0
SDHI.US,60,20250708,170000,10.1,10.1,10.1,10.1,17100,0
SDHI.US,60,20250709,210000,10.1,10.1,10.1,10.1,2500,0
SDHI.US,60,20250709,220000,10.09,10.091,10.09,10.09,5000,0
SDHI.US,60,20250711,210000,10.1,10.1,10.09,10.09,5400,0
SDHI.US,60,20250715,170000,10.1,10.1,10.1,10.1,100000,0
SDHI.US,60,20250716,200000,10.095,10.095,10.09,10.09,28268,0
SDHI.US,60,20250717,190000,10.09,10.09,10.09,10.09,12200,0
SDHI.US,60,20250718,170000,10.09,10.09,10.09,10.09,2500,0
SDHI.US,60,20250718,180000,10.09,10.09,10.0887,10.0887,7000,0
SDHI.US,60,20250718,190000,10.0893,10.0893,10.0893,10.0893,1149,0
SDHI.US,60,20250718,210000,10.085,10.085,10.085,10.085,200,0
SDHI.US,60,20250721,160000,10.0879,10.09,10.0867,10.09,7774,0
SDHI.US,60,20250721,170000,10.09,10.0904,10.09,10.0904,1485,0
SDHI.US,60,20250721,180000,10.09,10.09,10.09,10.09,244,0
SDHI.US,60,20250721,220000,10.11,10.11,10.11,10.11,3383,0
SDHI.US,60,20250722,200000,10.09,10.09,10.09,10.09,1000,0
SDHI.US,60,20250722,210000,10.09,10.09,10.09,10.09,254,0
SDHI.US,60,20250723,190000,10.09,10.09,10.09,10.09,254,0
SDHI.US,60,20250724,170000,10.1,10.1,10.1,10.1,210,0
SDHI.US,60,20250724,220000,10.1,10.105,10.0924,10.105,18979,0
SDHI.US,60,20250725,160000,10.1,10.1,10.1,10.1,6841,0
SDHI.US,60,20250728,210000,10.1,10.1,10.1,10.1,1200,0
SDHI.US,60,20250728,220000,10.1,10.11,10.1,10.105,133469,0
SDHI.US,60,20250729,170000,10.1196,10.1196,10.09,10.09,1000,0
SDHI.US,60,20250730,220000,10.09,10.09,10.09,10.09,130,0
SDHI.US,60,20250731,170000,10.12,10.12,10.12,10.12,10000,0
SDHI.US,60,20250731,220000,10.09,10.09,10.09,10.09,147,0
SDHI.US,60,20250801,190000,10.09,10.09,10.09,10.09,500,0
SDHI.US,60,20250801,200000,10.1,10.1,10.0946,10.0946,4325,0
SDHI.US,60,20250805,190000,10.12,10.12,10.12,10.12,100,0
SDHI.US,60,20250806,220000,10.12,10.12,10.12,10.12,1130,0
SDHI.US,60,20250807,160000,10.09,10.09,10.09,10.09,1500,0
SDHI.US,60,20250807,170000,10.12,10.12,10.12,10.12,100,0
SDHI.US,60,20250808,190000,10.12,10.12,10.12,10.12,100,0
SDHI.US,60,20250811,220000,10.1,10.1,10.1,10.1,250100,0
SDHI.US,60,20250812,210000,10.1,10.11,10.1,10.11,125900,0
SDHI.US,60,20250813,200000,10.12,10.12,10.1,10.1,9209,0
SDHI.US,60,20250813,210000,10.1,10.1,10.1,10.1,100,0
SDHI.US,60,20250813,220000,10.1,10.1,10.1,10.1,100,0
SDHI.US,60,20250814,170000,10.1,10.1,10.1,10.1,100000,0
SDHI.US,60,20250814,210000,10.1,10.14,10.1,10.11,72410,0
SDHI.US,60,20250815,180000,10.14,10.14,10.1146,10.1146,600,0
SDHI.US,60,20250822,170000,10.14,10.14,10.14,10.14,100,0
SDHI.US,60,20250822,210000,10.14,10.14,10.14,10.14,100,0
SDHI.US,60,20250827,160000,10.14,10.14,10.14,10.14,5000,0
SDHI.US,60,20250829,170000,10.14,10.14,10.14,10.14,100,0
SDHI.US,60,20250904,160000,10.1,10.1,10.1,10.1,900,0
SDHI.US,60,20250905,200000,10.1,10.14,10.1,10.12,20243,0
SDHI.US,60,20250905,210000,10.14,10.14,10.14,10.14,100,0
SDHI.US,60,20250908,160000,10.14,10.14,10.14,10.14,48438,0
SDHI.US,60,20250908,170000,10.18,10.18,10.18,10.18,100,0
SDHI.US,60,20250908,180000,10.14,10.165,10.14,10.16,99720,0
SDHI.US,60,20250908,220000,10.15,10.16,10.15,10.16,200,0
SDHI.US,60,20250909,160000,10.16,10.165,10.16,10.165,300,0
SDHI.US,60,20250909,180000,10.14,10.16,10.14,10.15,49357,0
SDHI.US,60,20250910,220000,10.16,10.16,10.16,10.16,100,0
SDHI.US,60,20250911,160000,10.16,10.16,10.14,10.14,200,0
SDHI.US,60,20250911,170000,10.14,10.145,10.14,10.145,2800,0
SDHI.US,60,20250924,180000,10.15,10.15,10.15,10.15,25000,0
SDHI.US,60,20250924,210000,10.15,10.15,10.15,10.15,25000,0
SDHI.US,60,20251001,180000,10.15,10.15,10.1499,10.15,29732,0
SDHI.US,60,20251001,200000,10.155,10.155,10.155,10.155,100,0
SDHI.US,60,20251002,210000,10.15,10.15,10.15,10.15,125000,0
SDHI.US,60,20251002,220000,10.15,10.15,10.15,10.15,100000,0
SDHI.US,60,20251003,210000,10.15,10.15,10.15,10.15,150000,0
SDHI.US,60,20251003,220000,10.15,10.15,10.15,10.15,300000,0
SDHI.US,60,20251006,170000,10.16,10.16,10.16,10.16,100,0
SDHI.US,60,20251006,190000,10.16,10.16,10.16,10.16,100,0
SDHI.US,60,20251006,210000,10.16,10.16,10.16,10.16,200,0
SDHI.US,60,20251006,220000,10.15,10.15,10.15,10.15,100000,0
SDHI.US,60,20251007,210000,10.15,10.15,10.15,10.15,50000,0
SDHI.US,60,20251008,160000,10.16,10.16,10.16,10.16,406,0
SDHI.US,60,20251008,180000,10.16,10.16,10.16,10.16,12200,0
SDHI.US,60,20251009,170000,10.16,10.16,10.16,10.16,427,0
SDHI.US,60,20251020,180000,10.2,10.2,10.2,10.2,477,0
SDHI.US,60,20251020,220000,10.19,10.19,10.19,10.19,1250000,0
SDHI.US,60,20251021,200000,10.2,10.2,10.2,10.2,33409,0
SDHI.US,60,20251021,210000,10.2,10.2,10.2,10.2,135000,0
SDHI.US,60,20251021,220000,10.2,10.45,10.2,10.45,53501,0
SDHI.US,60,20251022,160000,10.3,10.3,10.3,10.3,100,0
SDHI.US,60,20251024,200000,10.23,10.23,10.23,10.23,75000,0
SDHI.US,60,20251027,150000,10.28,10.28,10.28,10.28,302,0
SDHI.US,60,20251027,210000,10.27,10.27,10.19,10.19,898,0
SDHI.US,60,20251028,150000,10.28,10.28,10.28,10.28,302,0
SDHI.US,60,20251028,210000,10.22,10.27,10.21,10.24,10200,0
SDHI.US,60,20251031,150000,10.19,10.21,10.19,10.2,4000,0
SDHI.US,60,20251104,220000,10.22,10.22,10.22,10.22,600,0
SDHI.US,60,20251105,190000,10.21,10.21,10.21,10.21,100,0
SDHI.US,60,20251106,220000,10.27,10.2701,10.26,10.27,51000,0
SDHI.US,60,20251107,160000,10.27,10.27,10.27,10.27,1100,0
SDHI.US,60,20251107,170000,10.28,10.28,10.28,10.28,206522,0
SDHI.US,60,20251107,180000,10.28,10.28,10.28,10.28,97500,0
SDHI.US,60,20251107,190000,10.28,10.28,10.28,10.28,800,0
SDHI.US,60,20251107,200000,10.28,10.28,10.28,10.28,185404,0
SDHI.US,60,20251107,210000,10.28,10.28,10.28,10.28,160,0
SDHI.US,60,20251110,220000,10.27,10.28,10.27,10.28,3054,0
SDHI.US,60,20251112,180000,10.28,10.28,10.28,10.28,21100,0
SDHI.US,60,20251113,220000,10.28,10.28,10.28,10.28,480,0
SDHI.US,60,20251117,160000,10.28,10.28,10.28,10.28,5401,0
SDHI.US,60,20251118,210000,10.2692,10.2692,10.2692,10.2692,290,0
SDHI.US,60,20251125,160000,10.2348,10.25,10.23,10.23,3525,0
SDHI.US,60,20251125,200000,10.23,10.23,10.23,10.23,465801,0
SDHI.US,60,20251126,160000,10.28,10.28,10.28,10.28,1500,0
SDHI.US,60,20251128,190000,10.25,10.25,10.25,10.25,15801,0
SDHI.US,60,20251128,200000,10.23,10.23,10.23,10.23,122,0
SDHI.US,60,20251201,180000,10.23,10.23,10.23,10.23,360870,0
SDHI.US,60,20251201,190000,10.23,10.23,10.23,10.23,115100,0
SDHI.US,60,20251201,200000,10.23,10.23,10.23,10.23,14000,0
SDHI.US,60,20251202,160000,10.26,10.26,10.26,10.26,900,0
SDHI.US,60,20251204,210000,10.26,10.26,10.26,10.26,29200,0
SDHI.US,60,20251208,200000,10.24,10.25,10.24,10.24,104720,0
SDHI.US,60,20251209,190000,10.24,10.24,10.23,10.23,23844,0
SDHI.US,60,20251209,210000,10.24,10.24,10.24,10.24,18720,0
SDHI.US,60,20251211,190000,10.24,10.24,10.24,10.24,14720,0
SDHI.US,60,20251211,210000,10.24,10.24,10.24,10.24,16000,0
SDHI.US,60,20251211,220000,10.24,10.24,10.23,10.23,74857,0
SDHI.US,60,20251215,170000,10.25,10.25,10.25,10.25,15000,0
SDHI.US,60,20251218,220000,10.23,10.23,10.23,10.23,360317,0
SDHI.US,60,20251219,200000,10.25,10.25,10.24,10.24,82600,0
SDHI.US,60,20251222,180000,10.24,10.24,10.24,10.24,400,0
SDHI.US,60,20251222,190000,10.24,10.24,10.24,10.24,500,0
SDHI.US,60,20251222,210000,10.24,10.24,10.24,10.24,1400,0
SDHI.US,60,20251222,220000,10.24,10.24,10.22,10.22,23885,0
SDHI.US,60,20251223,200000,10.25,10.25,10.25,10.25,2200,0
SDHI.US,60,20251223,210000,10.24,10.24,10.23,10.23,162177,0
SDHI.US,60,20251223,220000,10.24,10.24,10.24,10.24,1083,0
