<TICKER>,<PER>,<DATE>,<TIME>,<OPEN>,<HIGH>,<LOW>,<CLOSE>,<VOL>,<OPENINT>
TDI.US,60,20240411,160000,28.78,28.7913,28.7,28.7813,3733,0
TDI.US,60,20240411,170000,28.56,28.56,28.56,28.56,100,0
TDI.US,60,20240411,180000,28.6,28.65,28.59,28.64,4018,0
TDI.US,60,20240411,190000,28.66,28.66,28.66,28.66,300,0
TDI.US,60,20240411,200000,28.78,28.78,28.7608,28.7608,281,0
TDI.US,60,20240412,190000,28.4082,28.4082,28.4082,28.4082,326,0
TDI.US,60,20240415,220000,28.201,28.201,28.201,28.201,115,0
TDI.US,60,20240418,170000,27.9892,27.9892,27.9892,27.9892,640,0
TDI.US,60,20240418,200000,27.73,27.73,27.73,27.73,287,0
TDI.US,60,20240418,210000,27.78,27.78,27.78,27.78,2552,0
TDI.US,60,20240418,220000,27.7401,27.7401,27.74,27.74,560,0
TDI.US,60,20240419,180000,27.8202,27.8202,27.8202,27.8202,108,0
TDI.US,60,20240419,190000,27.73,27.73,27.73,27.73,100,0
TDI.US,60,20240419,220000,27.7351,27.7351,27.7351,27.7351,110,0
TDI.US,60,20240422,210000,28.195,28.195,28.12,28.12,798,0
TDI.US,60,20240423,190000,28.43,28.43,28.43,28.43,295,0
TDI.US,60,20240424,160000,28.6,28.6,28.6,28.6,499,0
TDI.US,60,20240424,180000,28.38,28.385,28.38,28.385,1170,0
TDI.US,60,20240424,200000,28.5,28.5,28.5,28.5,200,0
TDI.US,60,20240424,210000,28.46,28.48,28.46,28.48,1000,0
TDI.US,60,20240424,220000,28.5,28.52,28.44,28.44,1257,0
TDI.US,60,20240425,170000,28.0551,28.0551,28.0551,28.0551,332,0
TDI.US,60,20240425,180000,28.0981,28.0981,28.0981,28.0981,117,0
TDI.US,60,20240425,210000,28.1601,28.1601,28.1601,28.1601,222,0
TDI.US,60,20240425,220000,28.29,28.29,28.29,28.29,152,0
TDI.US,60,20240426,200000,28.44,28.44,28.424,28.424,1481,0
TDI.US,60,20240426,220000,28.435,28.435,28.38,28.38,201,0
TDI.US,60,20240429,160000,28.62,28.62,28.62,28.62,600,0
TDI.US,60,20240429,170000,28.47,28.5016,28.47,28.5016,838,0
TDI.US,60,20240430,220000,28.545,28.61,28.26,28.26,4898,0
TDI.US,60,20240502,210000,28.09,28.5883,28.09,28.5883,1700,0
TDI.US,60,20240502,220000,28.63,28.63,28.63,28.63,100,0
TDI.US,60,20240503,160000,28.9,28.9,28.9,28.9,578,0
TDI.US,60,20240503,190000,28.8201,28.8201,28.8201,28.8201,226,0
TDI.US,60,20240503,220000,29.01,29.01,28.98,28.98,1014,0
TDI.US,60,20240506,160000,29.04,29.04,29.04,29.04,150,0
TDI.US,60,20240506,220000,29.208,29.208,29.175,29.175,360,0
TDI.US,60,20240507,160000,29.095,29.095,29.095,29.095,433,0
TDI.US,60,20240507,220000,29.11,29.11,29.11,29.11,100,0
TDI.US,60,20240508,160000,28.86,28.9276,28.86,28.9276,5207,0
TDI.US,60,20240508,220000,29.16,29.16,29.16,29.16,300,0
TDI.US,60,20240509,160000,29.02,29.0621,28.99,29.0584,11691,0
TDI.US,60,20240509,220000,29.16,29.16,29.16,29.16,100,0
TDI.US,60,20240510,210000,29.2857,29.2857,29.2857,29.2857,170,0
TDI.US,60,20240510,220000,29.18,29.18,29.18,29.18,274,0
TDI.US,60,20240513,160000,29.2211,29.2882,29.2211,29.2882,3223,0
TDI.US,60,20240513,220000,29.22,29.285,29.22,29.24,743,0
TDI.US,60,20240514,200000,29.405,29.405,29.405,29.405,230,0
TDI.US,60,20240514,220000,29.533,29.533,29.41,29.43,920,0
TDI.US,60,20240515,160000,29.52,29.52,29.52,29.52,300,0
TDI.US,60,20240515,170000,29.52,29.58,29.52,29.565,395,0
TDI.US,60,20240515,190000,29.66,29.66,29.66,29.66,100,0
TDI.US,60,20240515,210000,29.681,29.695,29.681,29.69,452,0
TDI.US,60,20240515,220000,29.73,29.75,29.73,29.75,352,0
TDI.US,60,20240516,160000,29.79,29.8,29.79,29.8,1000,0
TDI.US,60,20240516,170000,29.62,29.68,29.62,29.68,400,0
TDI.US,60,20240516,200000,29.66,29.66,29.66,29.66,108,0
TDI.US,60,20240517,170000,29.66,29.66,29.66,29.66,443,0
TDI.US,60,20240517,190000,29.65,29.65,29.65,29.65,800,0
TDI.US,60,20240517,200000,29.66,29.66,29.66,29.66,500,0
TDI.US,60,20240520,160000,29.785,29.785,29.785,29.785,179,0
TDI.US,60,20240520,180000,29.8317,29.8317,29.8317,29.8317,154,0
TDI.US,60,20240520,220000,29.89,29.89,29.81,29.88,340,0
TDI.US,60,20240521,160000,29.68,29.81,29.65,29.65,2499,0
TDI.US,60,20240521,170000,29.8035,29.8035,29.8035,29.8035,169,0
TDI.US,60,20240521,220000,29.63,29.75,29.63,29.71,728,0
TDI.US,60,20240522,160000,29.72,29.74,29.72,29.74,349,0
TDI.US,60,20240522,210000,29.4101,29.4101,29.4101,29.4101,274,0
TDI.US,60,20240522,220000,29.58,29.61,29.54,29.54,900,0
TDI.US,60,20240523,180000,29.68,29.68,29.6001,29.6001,650,0
TDI.US,60,20240524,170000,29.61,29.61,29.61,29.61,189,0
TDI.US,60,20240524,180000,29.6808,29.6808,29.6808,29.6808,1204,0
TDI.US,60,20240524,210000,29.7,29.7,29.68,29.69,1100,0
TDI.US,60,20240528,170000,29.85,29.86,29.85,29.86,400,0
TDI.US,60,20240528,210000,29.6818,29.6818,29.6818,29.6818,114,0
TDI.US,60,20240528,220000,29.74,29.74,29.74,29.74,209,0
TDI.US,60,20240529,180000,29.355,29.355,29.355,29.355,700,0
TDI.US,60,20240529,200000,29.31,29.31,29.31,29.31,207,0
TDI.US,60,20240529,210000,29.34,29.34,29.34,29.34,912,0
TDI.US,60,20240530,190000,29.44,29.45,29.44,29.45,1917,0
TDI.US,60,20240530,200000,29.48,29.49,29.48,29.48,400,0
TDI.US,60,20240530,210000,29.48,29.48,29.48,29.48,882,0
TDI.US,60,20240604,220000,29.44,29.61,29.36,29.61,2186,0
TDI.US,60,20240605,180000,29.66,29.66,29.57,29.5701,1276,0
TDI.US,60,20240605,220000,29.652,29.652,29.6501,29.652,410,0
TDI.US,60,20240606,160000,29.72,29.72,29.72,29.72,104,0
TDI.US,60,20240607,170000,29.51,29.51,29.51,29.51,260,0
TDI.US,60,20240607,210000,29.52,29.52,29.52,29.52,829,0
TDI.US,60,20240607,220000,29.411,29.515,29.411,29.515,700,0
TDI.US,60,20240611,170000,29.33,29.33,29.33,29.33,242,0
TDI.US,60,20240612,160000,29.65,29.65,29.65,29.65,4982,0
TDI.US,60,20240612,190000,29.69,29.69,29.69,29.69,313,0
TDI.US,60,20240613,170000,29.17,29.275,29.17,29.275,400,0
TDI.US,60,20240614,160000,28.91,28.91,28.91,28.91,119,0
TDI.US,60,20240614,190000,29.0019,29.0019,29.0019,29.0019,117,0
TDI.US,60,20240617,170000,28.9,28.9,28.9,28.9,100,0
TDI.US,60,20240617,220000,29.09,29.1063,29.08,29.1063,820,0
TDI.US,60,20240618,180000,29.17,29.22,29.17,29.22,456,0
TDI.US,60,20240618,210000,29.23,29.23,29.23,29.23,100,0
TDI.US,60,20240621,160000,29.33,29.33,29.3,29.3,1833,0
TDI.US,60,20240621,170000,29.11,29.11,29.11,29.11,100,0
TDI.US,60,20240624,160000,29.29,29.29,29.29,29.29,145,0
TDI.US,60,20240625,180000,29.31,29.31,29.31,29.31,1314,0
TDI.US,60,20240625,220000,29.3,29.3,29.3,29.3,216,0
TDI.US,60,20240626,170000,29.2049,29.2049,29.2049,29.2049,940,0
TDI.US,60,20240626,180000,29.1,29.1,29.1,29.1,100,0
TDI.US,60,20240626,200000,29.11,29.11,29.11,29.11,100,0
TDI.US,60,20240626,210000,29.1,29.1,29.1,29.1,100,0
TDI.US,60,20240627,220000,29.13,29.13,29.13,29.13,100,0
TDI.US,60,20240628,210000,29.19,29.285,29.17,29.28,1580,0
TDI.US,60,20240701,220000,29.15,29.22,29.15,29.22,331,0
TDI.US,60,20240702,200000,29.19,29.2392,29.19,29.22,2800,0
TDI.US,60,20240702,220000,29.26,29.26,29.26,29.26,100,0
TDI.US,60,20240705,160000,29.44,29.78,29.44,29.78,1615,0
TDI.US,60,20240705,210000,29.7102,29.7102,29.7102,29.7102,195,0
TDI.US,60,20240708,160000,29.91,29.97,29.91,29.97,604,0
TDI.US,60,20240708,180000,29.69,29.91,29.6801,29.6801,710,0
TDI.US,60,20240708,200000,29.7854,29.7854,29.7854,29.7854,176,0
TDI.US,60,20240708,210000,29.78,29.78,29.78,29.78,284,0
TDI.US,60,20240708,220000,29.89,29.89,29.89,29.89,100,0
TDI.US,60,20240709,170000,29.62,29.62,29.62,29.62,137,0
TDI.US,60,20240709,220000,29.61,29.61,29.61,29.61,100,0
TDI.US,60,20240710,160000,29.88,29.88,29.88,29.88,1366,0
TDI.US,60,20240711,210000,30.247,30.247,30.247,30.247,307,0
TDI.US,60,20240711,220000,30.19,30.19,30.19,30.19,302,0
TDI.US,60,20240712,180000,30.4638,30.4638,30.4638,30.4638,287,0
TDI.US,60,20240715,160000,30.24,30.24,30.24,30.24,1086,0
TDI.US,60,20240715,210000,30.06,30.1217,30.06,30.1217,500,0
TDI.US,60,20240716,220000,30.07,30.2314,30.06,30.2314,1123,0
TDI.US,60,20240717,170000,29.8959,29.8959,29.8959,29.8959,270,0
TDI.US,60,20240717,180000,29.79,29.8802,29.79,29.8802,550,0
TDI.US,60,20240717,200000,29.76,29.7601,29.76,29.7601,2100,0
TDI.US,60,20240719,160000,29.26,29.26,29.26,29.26,165,0
TDI.US,60,20240719,180000,29.3,29.338,29.28,29.295,912,0
TDI.US,60,20240722,170000,29.39,29.44,29.38,29.3801,1910,0
TDI.US,60,20240722,210000,29.48,29.48,29.48,29.48,4854,0
TDI.US,60,20240724,160000,29.39,29.39,29.26,29.26,519,0
TDI.US,60,20240724,210000,29.142,29.142,29.142,29.142,350,0
TDI.US,60,20240724,220000,29.04,29.04,29.04,29.04,214,0
TDI.US,60,20240725,170000,28.7275,28.7275,28.68,28.68,1217,0
TDI.US,60,20240725,200000,28.86,28.86,28.86,28.86,265,0
TDI.US,60,20240725,210000,28.84,28.84,28.84,28.84,199,0
TDI.US,60,20240726,160000,28.83,28.83,28.83,28.83,800,0
TDI.US,60,20240729,220000,28.8781,28.8781,28.878,28.878,623,0
TDI.US,60,20240731,160000,29.5,29.5,29.5,29.5,656,0
TDI.US,60,20240731,170000,29.45,29.45,29.45,29.45,100,0
TDI.US,60,20240801,160000,29.255,29.255,29.19,29.19,492,0
TDI.US,60,20240801,190000,28.74,28.74,28.74,28.74,100,0
TDI.US,60,20240802,160000,28.08,28.08,28.05,28.05,875,0
TDI.US,60,20240802,210000,27.88,27.9,27.88,27.9,1238,0
TDI.US,60,20240805,160000,26.51,26.78,26.51,26.78,784,0
TDI.US,60,20240805,180000,27,27,27,27,100,0
TDI.US,60,20240806,160000,26.99,26.99,26.99,26.99,357,0
TDI.US,60,20240806,210000,27.315,27.32,27.315,27.32,200,0
TDI.US,60,20240806,220000,27.38,27.38,27.38,27.38,710,0
TDI.US,60,20240807,190000,27.8,27.8,27.8,27.8,1698,0
TDI.US,60,20240807,200000,27.61,27.61,27.61,27.61,100,0
TDI.US,60,20240808,160000,27.82,27.82,27.82,27.82,601,0
TDI.US,60,20240809,200000,28.1267,28.1267,28.1267,28.1267,232,0
TDI.US,60,20240812,190000,28.31,28.31,28.31,28.31,416,0
TDI.US,60,20240813,210000,28.72,28.73,28.72,28.73,200,0
TDI.US,60,20240813,220000,28.75,28.75,28.75,28.75,100,0
TDI.US,60,20240815,160000,29.19,29.19,29.19,29.19,201,0
TDI.US,60,20240815,180000,29.33,29.33,29.32,29.32,1266,0
TDI.US,60,20240815,200000,29.36,29.36,29.36,29.36,366,0
TDI.US,60,20240815,220000,29.3601,29.3989,29.3601,29.3989,240,0
TDI.US,60,20240820,180000,29.7587,29.7587,29.7587,29.7587,480,0
TDI.US,60,20240820,210000,29.74,29.74,29.74,29.74,646,0
TDI.US,60,20240821,160000,29.89,29.89,29.89,29.89,200,0
TDI.US,60,20240821,180000,29.85,29.98,29.85,29.98,750,0
TDI.US,60,20240821,190000,29.8,29.8,29.8,29.8,100,0
TDI.US,60,20240822,160000,29.96,29.96,29.96,29.96,100,0
TDI.US,60,20240822,170000,29.88,29.88,29.88,29.88,100,0
TDI.US,60,20240822,180000,29.9284,29.9284,29.8,29.8,500,0
TDI.US,60,20240822,220000,29.7,29.7001,29.7,29.7001,500,0
TDI.US,60,20240823,160000,30.11,30.11,30.11,30.11,164,0
TDI.US,60,20240823,180000,30.19,30.22,30.19,30.2101,600,0
TDI.US,60,20240823,210000,30.18,30.18,30.18,30.18,200,0
TDI.US,60,20240826,160000,30.06,30.0601,30.06,30.0601,278,0
TDI.US,60,20240827,210000,30.09,30.09,30.07,30.07,200,0
TDI.US,60,20240828,170000,30.12,30.12,30.02,30.02,600,0
TDI.US,60,20240829,190000,29.9301,30.2041,29.93,30.2041,588,0
TDI.US,60,20240903,170000,29.67,29.7317,29.67,29.7317,202,0
TDI.US,60,20240904,220000,29.42,29.42,29.42,29.42,400,0
TDI.US,60,20240905,210000,29.4,29.42,29.4,29.42,400,0
TDI.US,60,20240909,180000,28.935,29.04,28.935,29.04,631,0
TDI.US,60,20240910,170000,28.8112,28.8112,28.8112,28.8112,100,0
TDI.US,60,20240910,190000,28.7301,28.7301,28.7301,28.7301,100,0
TDI.US,60,20240910,210000,28.84,28.89,28.84,28.89,200,0
TDI.US,60,20240911,190000,29.03,29.03,29.03,29.03,100,0
TDI.US,60,20240911,200000,29.1593,29.1593,29.1593,29.1593,100,0
TDI.US,60,20240911,210000,29.19,29.23,29.19,29.23,383,0
TDI.US,60,20240911,220000,29.24,29.25,29.24,29.25,200,0
TDI.US,60,20240912,200000,29.57,29.59,29.57,29.59,200,0
TDI.US,60,20240912,220000,29.63,29.64,29.63,29.64,332,0
TDI.US,60,20240916,170000,29.77,29.79,29.76,29.79,3086,0
TDI.US,60,20240916,220000,29.86,29.9,29.86,29.9,1675,0
TDI.US,60,20240917,190000,29.8013,29.8013,29.8013,29.8013,101,0
TDI.US,60,20240917,220000,29.7,29.7,29.7,29.7,100,0
TDI.US,60,20240918,160000,29.73,29.7301,29.71,29.7101,4000,0
TDI.US,60,20240918,170000,29.66,29.6601,29.66,29.66,2400,0
TDI.US,60,20240918,210000,29.92,29.94,29.92,29.94,400,0
TDI.US,60,20240920,170000,30.11,30.11,30.11,30.11,400,0
TDI.US,60,20240923,180000,30.1901,30.1901,30.1901,30.1901,297,0
TDI.US,60,20240923,210000,30.2106,30.2106,30.2106,30.2106,112,0
TDI.US,60,20240924,160000,30.4522,30.4522,30.4522,30.4522,223,0
TDI.US,60,20240924,180000,30.47,30.49,30.47,30.48,800,0
TDI.US,60,20240925,220000,30.5901,30.5901,30.2,30.3601,19013,0
TDI.US,60,20240926,160000,30.9,30.9,30.9,30.9,2000,0
TDI.US,60,20240926,210000,31.13,31.1301,31.13,31.1301,1410,0
TDI.US,60,20240927,220000,30.9,30.9699,30.9,30.9699,2000,0
TDI.US,60,20240930,160000,30.38,30.4,30.38,30.4,6700,0
TDI.US,60,20241001,200000,30.495,30.5,30.495,30.5,200,0
TDI.US,60,20241001,210000,30.54,30.54,30.54,30.54,200,0
TDI.US,60,20241002,170000,30.48,30.5651,30.48,30.5381,1800,0
TDI.US,60,20241003,220000,30.55,30.55,30.3,30.3,500,0
TDI.US,60,20241004,160000,30.38,30.38,30.38,30.38,300,0
TDI.US,60,20241004,180000,30.44,30.4732,30.275,30.275,4058,0
TDI.US,60,20241004,210000,30.43,30.43,30.43,30.43,105,0
TDI.US,60,20241004,220000,30.47,30.52,30.47,30.52,2347,0
TDI.US,60,20241007,170000,30.53,30.53,30.53,30.53,100,0
TDI.US,60,20241007,190000,30.5446,30.555,30.5,30.5,1420,0
TDI.US,60,20241007,200000,30.54,30.5401,30.41,30.51,5430,0
TDI.US,60,20241008,180000,30.3315,30.3315,30.3315,30.3315,200,0
TDI.US,60,20241009,220000,30.32,30.32,30.32,30.32,100,0
TDI.US,60,20241011,160000,30.28,30.4601,30.28,30.4601,1202,0
TDI.US,60,20241011,220000,30.66,30.6601,30.62,30.65,2100,0
TDI.US,60,20241014,180000,30.61,30.61,30.61,30.61,300,0
TDI.US,60,20241015,210000,30.72,30.72,30.17,30.17,1076,0
TDI.US,60,20241015,220000,30.15,30.2341,30.15,30.2341,324,0
TDI.US,60,20241018,170000,30.491,30.491,30.491,30.491,490,0
TDI.US,60,20241018,210000,30.47,30.47,30.47,30.47,727,0
TDI.US,60,20241021,180000,30.14,30.14,30.14,30.14,100,0
TDI.US,60,20241021,200000,30.2039,30.2039,30.2039,30.2039,309,0
TDI.US,60,20241021,220000,30.15,30.15,30.15,30.15,1212,0
TDI.US,60,20241022,170000,30.1201,30.1201,30.1201,30.1201,226,0
TDI.US,60,20241024,160000,29.91,29.91,29.91,29.91,301,0
TDI.US,60,20241025,220000,29.78,29.7801,29.78,29.7801,272,0
TDI.US,60,20241028,150000,29.81,29.8389,29.81,29.8389,230,0
TDI.US,60,20241028,170000,29.9,29.9,29.9,29.9,899,0
TDI.US,60,20241028,190000,30.0099,30.0099,30.0099,30.0099,166,0
TDI.US,60,20241029,200000,29.8,29.8,29.79,29.79,200,0
TDI.US,60,20241029,210000,29.79,29.79,29.77,29.77,1647,0
TDI.US,60,20241030,150000,29.54,29.54,29.54,29.54,300,0
TDI.US,60,20241031,160000,29.29,29.29,29.12,29.155,2500,0
TDI.US,60,20241031,170000,29.17,29.17,29.17,29.17,282,0
TDI.US,60,20241031,200000,29.27,29.27,29.01,29.01,1219,0
TDI.US,60,20241105,210000,29.9576,29.9576,29.9576,29.9576,150,0
TDI.US,60,20241105,220000,29.94,29.94,29.94,29.94,203,0
TDI.US,60,20241106,160000,29.35,29.35,29.35,29.35,300,0
TDI.US,60,20241106,200000,29.58,29.58,29.58,29.58,100,0
TDI.US,60,20241107,160000,29.95,29.95,29.95,29.95,400,0
TDI.US,60,20241107,210000,30,30.0001,30,30.0001,200,0
TDI.US,60,20241107,220000,30.06,30.09,30.06,30.09,600,0
TDI.US,60,20241111,160000,29.6,29.6,29.6,29.6,300,0
TDI.US,60,20241111,190000,29.55,29.55,29.55,29.55,699,0
TDI.US,60,20241111,220000,29.5655,29.5655,29.5655,29.5655,104,0
TDI.US,60,20241112,170000,29.2001,29.2001,29.2001,29.2001,6219,0
TDI.US,60,20241112,210000,29.119,29.15,29.119,29.15,400,0
TDI.US,60,20241112,220000,29.1812,29.1825,29.1812,29.1825,271,0
TDI.US,60,20241113,170000,28.98,28.9801,28.98,28.9801,272,0
TDI.US,60,20241113,210000,28.99,28.99,28.94,28.94,1159,0
TDI.US,60,20241114,160000,29.05,29.05,29.05,29.05,1700,0
TDI.US,60,20241114,180000,29.15,29.26,29.15,29.25,50196,0
TDI.US,60,20241114,190000,29.16,29.17,29.08,29.08,9000,0
TDI.US,60,20241114,210000,29.11,29.12,29.1,29.12,1500,0
TDI.US,60,20241115,170000,28.8509,28.8509,28.8509,28.8509,128,0
TDI.US,60,20241115,180000,28.93,28.94,28.93,28.94,1200,0
TDI.US,60,20241115,220000,28.91,28.91,28.91,28.91,1050,0
TDI.US,60,20241118,160000,28.93,28.93,28.93,28.93,329,0
TDI.US,60,20241118,170000,29.09,29.09,29.09,29.09,200,0
TDI.US,60,20241118,180000,29.17,29.17,29.17,29.17,200,0
TDI.US,60,20241118,190000,29.18,29.21,29.18,29.21,200,0
TDI.US,60,20241118,220000,29.15,29.1501,29.15,29.1501,440,0
TDI.US,60,20241119,170000,29.08,29.1603,29.04,29.04,6986,0
TDI.US,60,20241119,210000,29.29,29.2901,29.29,29.2901,574,0
TDI.US,60,20241120,160000,29.19,29.19,29.19,29.19,406,0
TDI.US,60,20241121,170000,29.2505,29.2505,29.2505,29.2505,301,0
TDI.US,60,20241121,190000,29.275,29.275,29.275,29.275,600,0
TDI.US,60,20241121,200000,29.27,29.3,29.26,29.3,2550,0
TDI.US,60,20241122,220000,29.3298,29.3298,29.3298,29.3298,1365,0
TDI.US,60,20241125,160000,29.33,29.33,29.33,29.33,301,0
TDI.US,60,20241125,170000,29.3628,29.3628,29.36,29.36,204,0
TDI.US,60,20241125,190000,29.19,29.19,29.19,29.19,234,0
TDI.US,60,20241125,220000,29.305,29.305,29.305,29.305,100,0
TDI.US,60,20241126,170000,29.11,29.11,29.0886,29.0886,487,0
TDI.US,60,20241129,190000,29.525,29.525,29.46,29.497,1468,0
TDI.US,60,20241202,180000,29.55,29.55,29.55,29.55,100,0
TDI.US,60,20241203,190000,29.74,29.785,29.74,29.785,2216,0
TDI.US,60,20241203,210000,29.75,29.7674,29.75,29.7674,5079,0
TDI.US,60,20241203,220000,29.732,29.732,29.732,29.732,100,0
TDI.US,60,20241204,170000,29.71,29.71,29.7,29.7,1368,0
TDI.US,60,20241206,210000,29.86,29.9099,29.86,29.9099,1939,0
TDI.US,60,20241206,220000,29.88,29.93,29.88,29.92,2965,0
TDI.US,60,20241209,160000,29.89,30.15,29.89,30.15,932,0
TDI.US,60,20241209,180000,30.03,30.0301,30.03,30.0301,995,0
TDI.US,60,20241209,220000,29.8912,29.8912,29.8825,29.8825,683,0
TDI.US,60,20241210,170000,29.68,29.68,29.68,29.68,905,0
TDI.US,60,20241210,200000,29.591,29.591,29.591,29.591,140,0
TDI.US,60,20241211,160000,29.62,29.6201,29.61,29.61,2287,0
TDI.US,60,20241211,220000,29.74,29.7599,29.71,29.71,1701,0
TDI.US,60,20241213,160000,29.61,29.61,29.61,29.61,266,0
TDI.US,60,20241213,180000,29.34,29.36,29.34,29.36,1443,0
TDI.US,60,20241213,200000,29.38,29.38,29.38,29.38,854,0
TDI.US,60,20241213,210000,29.385,29.4,29.385,29.4,400,0
TDI.US,60,20241216,180000,29.31,29.31,29.29,29.29,928,0
TDI.US,60,20241216,210000,29.3056,29.31,29.305,29.31,1000,0
TDI.US,60,20241216,220000,29.28,29.28,29.28,29.28,500,0
TDI.US,60,20241217,170000,29.1088,29.1299,29.1088,29.1299,1078,0
TDI.US,60,20241217,200000,29.17,29.2141,29.17,29.2141,400,0
TDI.US,60,20241217,210000,29.1932,29.1932,29.1707,29.1707,1474,0
TDI.US,60,20241218,160000,29.19,29.19,29.19,29.19,300,0
TDI.US,60,20241218,220000,28.58,28.58,28.58,28.58,900,0
TDI.US,60,20241219,160000,28.56,28.69,28.56,28.69,957,0
TDI.US,60,20241220,170000,28.395,28.4382,28.395,28.4382,1492,0
TDI.US,60,20241220,220000,28.49,28.49,28.49,28.49,200,0
TDI.US,60,20241224,160000,28.59,28.59,28.59,28.59,122,0
TDI.US,60,20241226,200000,28.7803,28.7847,28.78,28.7847,440,0
TDI.US,60,20241227,190000,28.61,28.61,28.61,28.61,500,0
TDI.US,60,20241227,210000,28.6151,28.6151,28.6151,28.6151,216,0
TDI.US,60,20241230,170000,27.475,27.5,27.475,27.5,400,0
TDI.US,60,20241231,160000,27.54,27.72,27.54,27.69,600,0
TDI.US,60,20241231,170000,27.68,27.73,27.65,27.71,1400,0
TDI.US,60,20241231,180000,27.66,27.66,27.605,27.605,1400,0
TDI.US,60,20241231,190000,27.6,27.605,27.47,27.545,3801,0
TDI.US,60,20241231,200000,27.65,27.65,27.6,27.6,1300,0
TDI.US,60,20241231,210000,27.61,27.63,27.56,27.63,1300,0
TDI.US,60,20241231,220000,27.61,27.65,27.6,27.65,1000,0
TDI.US,60,20250102,170000,27.57,27.57,27.5101,27.5101,542,0
TDI.US,60,20250102,190000,27.4933,27.4933,27.4933,27.4933,150,0
TDI.US,60,20250103,160000,27.5,27.5,27.5,27.5,2083,0
TDI.US,60,20250103,190000,27.594,27.594,27.594,27.594,260,0
TDI.US,60,20250103,220000,27.61,27.6498,27.61,27.6498,1401,0
TDI.US,60,20250106,170000,27.8206,27.8206,27.8206,27.8206,100,0
TDI.US,60,20250107,160000,27.9,27.9001,27.9,27.9001,1000,0
TDI.US,60,20250107,200000,27.68,27.6801,27.68,27.6801,1144,0
TDI.US,60,20250108,170000,27.5608,27.5608,27.5608,27.5608,364,0
TDI.US,60,20250108,180000,27.57,27.57,27.56,27.56,1224,0
TDI.US,60,20250108,200000,27.5982,27.61,27.5982,27.61,600,0
TDI.US,60,20250108,210000,27.66,27.67,27.66,27.67,597,0
TDI.US,60,20250108,220000,27.65,27.67,27.65,27.67,200,0
TDI.US,60,20250110,160000,27.39,27.39,27.39,27.39,500,0
TDI.US,60,20250110,190000,27.31,27.33,27.31,27.33,200,0
TDI.US,60,20250110,200000,27.33,27.33,27.33,27.33,5513,0
TDI.US,60,20250113,220000,27.14,27.14,27.14,27.14,297,0
TDI.US,60,20250114,190000,27.27,27.27,27.27,27.27,100,0
TDI.US,60,20250114,200000,27.3,27.3939,27.3,27.3939,1001,0
TDI.US,60,20250115,160000,27.65,27.65,27.62,27.62,200,0
TDI.US,60,20250115,190000,27.6,27.6,27.57,27.57,1100,0
TDI.US,60,20250115,210000,27.615,27.64,27.615,27.64,800,0
TDI.US,60,20250116,160000,27.7,27.7,27.7,27.7,300,0
TDI.US,60,20250116,180000,27.7,27.72,27.7,27.72,200,0
TDI.US,60,20250116,200000,27.71,27.7101,27.71,27.7101,354,0
TDI.US,60,20250116,210000,27.68,27.68,27.68,27.68,200,0
TDI.US,60,20250117,160000,27.69,27.77,27.69,27.77,659,0
TDI.US,60,20250117,170000,27.8824,27.8824,27.8824,27.8824,247,0
TDI.US,60,20250117,220000,27.73,27.73,27.73,27.73,200,0
TDI.US,60,20250121,190000,28.15,28.1616,28.15,28.16,830,0
TDI.US,60,20250121,220000,28.1701,28.1701,28.17,28.17,474,0
TDI.US,60,20250123,170000,28.26,28.2672,28.26,28.2672,15105,0
TDI.US,60,20250123,180000,28.27,28.27,28.27,28.27,203,0
TDI.US,60,20250123,190000,28.265,28.265,28.265,28.265,200,0
TDI.US,60,20250123,200000,28.265,28.265,28.265,28.265,400,0
TDI.US,60,20250123,210000,28.2601,28.2601,28.2601,28.2601,200,0
TDI.US,60,20250123,220000,28.27,28.27,28.27,28.27,203,0
TDI.US,60,20250124,180000,28.55,28.57,28.55,28.57,200,0
TDI.US,60,20250124,190000,28.58,28.58,28.5701,28.5701,2731,0
TDI.US,60,20250127,160000,28.27,28.27,28.27,28.27,180,0
TDI.US,60,20250127,170000,28.34,28.3401,28.34,28.3401,1437,0
TDI.US,60,20250127,210000,28.3388,28.3388,28.3388,28.3388,197,0
TDI.US,60,20250127,220000,28.29,28.32,28.29,28.32,423,0
TDI.US,60,20250128,170000,28.335,28.34,28.33,28.33,700,0
TDI.US,60,20250128,200000,28.315,28.35,28.315,28.35,600,0
TDI.US,60,20250128,210000,28.33,28.36,28.33,28.36,352,0
TDI.US,60,20250129,170000,28.54,28.54,28.5,28.5,800,0
TDI.US,60,20250129,190000,28.5,28.5122,28.5,28.5122,300,0
TDI.US,60,20250129,200000,28.5,28.5,28.5,28.5,142,0
TDI.US,60,20250129,210000,28.47,28.47,28.47,28.47,178,0
TDI.US,60,20250129,220000,28.47,28.47,28.47,28.47,210,0
TDI.US,60,20250130,190000,28.75,28.75,28.75,28.75,100,0
TDI.US,60,20250130,220000,28.8093,28.86,28.8093,28.86,400,0
TDI.US,60,20250131,200000,28.78,28.83,28.64,28.64,1950,0
TDI.US,60,20250131,220000,28.52,28.52,28.52,28.52,370,0
TDI.US,60,20250203,160000,28.14,28.18,28.14,28.18,3501,0
TDI.US,60,20250203,220000,28.34,28.34,28.34,28.34,100,0
TDI.US,60,20250204,160000,28.51,28.51,28.51,28.51,801,0
TDI.US,60,20250204,170000,28.69,28.69,28.68,28.68,200,0
TDI.US,60,20250204,190000,28.72,28.7201,28.72,28.7201,1732,0
TDI.US,60,20250204,200000,28.72,28.7202,28.72,28.7202,905,0
TDI.US,60,20250205,210000,28.73,29.0325,28.69,29.0325,1668,0
TDI.US,60,20250205,220000,28.9662,28.9662,28.9662,28.9662,850,0
TDI.US,60,20250206,160000,29.03,29.03,29.03,29.03,401,0
TDI.US,60,20250210,170000,29.075,29.169,29.075,29.169,950,0
TDI.US,60,20250210,190000,29.08,29.0801,29.07,29.0801,3926,0
TDI.US,60,20250211,160000,28.98,28.98,28.98,28.98,805,0
TDI.US,60,20250212,170000,29.03,29.03,29.03,29.03,100,0
TDI.US,60,20250212,200000,29.22,29.22,29.22,29.22,1000,0
TDI.US,60,20250213,160000,29.13,29.13,29.13,29.13,110,0
TDI.US,60,20250214,170000,29.52,29.52,29.52,29.52,200,0
TDI.US,60,20250218,180000,29.87,29.87,29.87,29.87,161,0
TDI.US,60,20250219,160000,29.71,29.71,29.71,29.71,804,0
TDI.US,60,20250219,170000,29.67,29.7,29.67,29.7,217,0
TDI.US,60,20250219,210000,29.7366,29.7366,29.7366,29.7366,271,0
TDI.US,60,20250221,160000,29.79,29.88,29.79,29.88,1355,0
TDI.US,60,20250221,180000,29.8,29.8,29.8,29.8,1544,0
TDI.US,60,20250221,210000,29.6412,29.6412,29.6412,29.6412,356,0
TDI.US,60,20250221,220000,29.59,29.59,29.59,29.59,445,0
TDI.US,60,20250224,190000,29.58,29.58,29.58,29.58,400,0
TDI.US,60,20250224,200000,29.66,29.66,29.66,29.66,14131,0
TDI.US,60,20250225,160000,29.8027,29.8027,29.77,29.77,1098,0
TDI.US,60,20250225,200000,29.81,29.81,29.81,29.81,500,0
TDI.US,60,20250225,210000,29.71,29.71,29.71,29.71,400,0
TDI.US,60,20250226,220000,29.73,29.73,29.73,29.73,1146,0
TDI.US,60,20250227,160000,29.77,29.77,29.77,29.77,1764,0
TDI.US,60,20250303,200000,29.9892,29.9892,29.9892,29.9892,100,0
TDI.US,60,20250303,210000,29.8977,29.92,29.8977,29.92,2944,0
TDI.US,60,20250303,220000,29.7,29.7,29.62,29.625,390,0
TDI.US,60,20250306,210000,29.9589,30.4348,29.9589,30.4348,909,0
TDI.US,60,20250307,160000,30.4,30.4274,30.39,30.4274,1121,0
TDI.US,60,20250310,170000,30.38,30.38,29.74,29.9025,12914,0
TDI.US,60,20250310,180000,29.745,29.765,29.745,29.765,300,0
TDI.US,60,20250310,200000,29.6677,29.675,29.6111,29.6111,652,0
TDI.US,60,20250310,210000,29.62,29.62,29.62,29.62,100,0
TDI.US,60,20250311,170000,29.63,29.77,29.63,29.76,842,0
TDI.US,60,20250311,190000,29.5565,29.5565,29.5565,29.5565,200,0
TDI.US,60,20250311,200000,29.56,29.8801,29.56,29.8801,2822,0
TDI.US,60,20250311,210000,29.82,29.855,29.82,29.855,2686,0
TDI.US,60,20250312,150000,29.96,29.96,29.93,29.93,900,0
TDI.US,60,20250312,180000,29.98,29.98,29.98,29.98,100,0
TDI.US,60,20250312,190000,30.01,30.01,30.01,30.01,100,0
TDI.US,60,20250313,160000,29.77,29.77,29.77,29.77,100,0
TDI.US,60,20250313,180000,29.87,29.87,29.86,29.86,259,0
TDI.US,60,20250313,200000,29.7901,29.7901,29.7901,29.7901,100,0
TDI.US,60,20250313,210000,29.795,29.795,29.795,29.795,909,0
TDI.US,60,20250314,150000,30.26,30.31,30.26,30.31,901,0
TDI.US,60,20250314,170000,30.31,30.32,30.31,30.32,5331,0
TDI.US,60,20250314,180000,30.38,30.38,30.38,30.38,100,0
TDI.US,60,20250314,210000,30.42,30.42,30.42,30.42,130,0
TDI.US,60,20250317,180000,30.77,30.775,30.77,30.775,200,0
TDI.US,60,20250317,210000,30.97,30.97,30.9699,30.9699,865,0
TDI.US,60,20250318,150000,30.92,30.92,30.92,30.92,121,0
TDI.US,60,20250318,180000,30.84,30.8862,30.84,30.88,484,0
TDI.US,60,20250318,190000,30.87,30.87,30.87,30.87,100,0
TDI.US,60,20250319,150000,30.83,30.83,30.83,30.83,800,0
TDI.US,60,20250319,160000,30.83,30.86,30.83,30.86,200,0
TDI.US,60,20250319,170000,30.9,30.9,30.9,30.9,100,0
TDI.US,60,20250320,150000,30.46,30.56,30.46,30.56,548,0
TDI.US,60,20250320,160000,30.63,30.66,30.63,30.66,619,0
TDI.US,60,20250320,190000,30.6817,30.6817,30.6817,30.6817,250,0
TDI.US,60,20250321,170000,30.49,30.49,30.49,30.49,100,0
TDI.US,60,20250321,180000,30.51,30.51,30.51,30.51,100,0
TDI.US,60,20250321,200000,30.585,30.649,30.585,30.649,3857,0
TDI.US,60,20250321,210000,30.55,30.55,30.55,30.55,100,0
TDI.US,60,20250324,160000,30.62,30.62,30.62,30.62,100,0
TDI.US,60,20250325,210000,30.59,30.7675,30.59,30.7675,1783,0
TDI.US,60,20250326,160000,30.57,30.57,30.57,30.57,750,0
TDI.US,60,20250327,170000,30.54,30.61,30.54,30.5901,400,0
TDI.US,60,20250327,210000,30.58,30.58,30.58,30.58,1497,0
TDI.US,60,20250328,160000,30.19,30.19,30.19,30.19,100,0
TDI.US,60,20250331,170000,29.63,29.63,29.63,29.63,100,0
TDI.US,60,20250331,180000,29.77,29.77,29.77,29.77,100,0
TDI.US,60,20250331,200000,29.8444,29.87,29.77,29.87,2099,0
TDI.US,60,20250331,210000,29.85,29.86,29.85,29.86,400,0
TDI.US,60,20250401,170000,29.88,30.13,29.87,29.87,5100,0
TDI.US,60,20250401,200000,30.01,30.01,30.01,30.01,100,0
TDI.US,60,20250401,220000,29.93,29.95,29.93,29.95,510,0
TDI.US,60,20250402,200000,30.09,30.22,30.09,30.22,254,0
TDI.US,60,20250402,220000,29.98,30.05,29.98,30.05,225,0
TDI.US,60,20250403,160000,29.69,29.69,29.69,29.69,141,0
TDI.US,60,20250403,210000,29.432,29.432,29.432,29.432,850,0
TDI.US,60,20250403,220000,29.361,29.361,29.361,29.361,209,0
TDI.US,60,20250404,190000,27.51,27.51,27.51,27.51,100,0
TDI.US,60,20250404,210000,27.21,27.21,27.21,27.21,455,0
TDI.US,60,20250404,220000,27.27,27.27,27.27,27.27,1000,0
TDI.US,60,20250407,180000,26.61,26.61,26.61,26.61,115,0
TDI.US,60,20250407,220000,26.4848,26.4848,26.4848,26.4848,2163,0
TDI.US,60,20250408,170000,27.44,27.44,27.44,27.44,100,0
TDI.US,60,20250408,200000,26.6,26.6749,26.6,26.66,1000,0
TDI.US,60,20250409,190000,26.35,26.35,26.35,26.35,100,0
TDI.US,60,20250410,160000,27.96,27.96,27.96,27.96,100,0
TDI.US,60,20250410,190000,27.4,27.4,27.4,27.4,133,0
TDI.US,60,20250410,220000,27.69,27.69,27.69,27.69,100,0
TDI.US,60,20250414,170000,29.12,29.12,29.12,29.12,100,0
TDI.US,60,20250414,180000,29.06,29.06,29.06,29.06,100,0
TDI.US,60,20250414,210000,28.96,29.01,28.96,29.01,200,0
TDI.US,60,20250416,220000,29.15,29.15,29.15,29.15,200,0
TDI.US,60,20250417,170000,29.49,29.49,29.49,29.49,7657,0
TDI.US,60,20250417,180000,29.4,29.42,29.4,29.42,200,0
TDI.US,60,20250417,190000,29.485,29.49,29.485,29.49,200,0
TDI.US,60,20250417,200000,29.45,29.45,29.43,29.43,200,0
TDI.US,60,20250421,170000,29.388,29.388,29.388,29.388,298,0
TDI.US,60,20250422,180000,29.7382,29.74,29.7382,29.74,300,0
TDI.US,60,20250422,190000,29.82,29.82,29.82,29.82,100,0
TDI.US,60,20250423,160000,29.919,29.919,29.919,29.919,970,0
TDI.US,60,20250423,170000,29.89,29.89,29.89,29.89,137,0
TDI.US,60,20250423,180000,29.86,29.86,29.86,29.86,1865,0
TDI.US,60,20250423,210000,29.86,29.86,29.86,29.86,302,0
TDI.US,60,20250425,190000,30.0688,30.19,30.0688,30.19,600,0
TDI.US,60,20250428,210000,30.32,30.36,30.32,30.36,1626,0
TDI.US,60,20250428,220000,30.38,30.38,30.38,30.38,800,0
TDI.US,60,20250429,180000,30.5,30.5001,30.5,30.5001,268,0
TDI.US,60,20250429,200000,30.54,30.54,30.54,30.54,568,0
TDI.US,60,20250429,210000,30.54,30.6499,30.54,30.6499,719,0
TDI.US,60,20250429,220000,30.55,30.55,30.55,30.55,1577,0
TDI.US,60,20250501,210000,30.6229,30.6229,30.59,30.61,604,0
TDI.US,60,20250502,170000,31.11,31.11,31.1,31.1,200,0
TDI.US,60,20250502,180000,31.11,31.11,31.01,31.01,300,0
TDI.US,60,20250502,190000,31.07,31.08,31.07,31.08,200,0
TDI.US,60,20250502,200000,31.06,31.06,31.06,31.06,200,0
TDI.US,60,20250502,210000,31.08,31.08,31.05,31.05,200,0
TDI.US,60,20250502,220000,31.1,31.11,31.09,31.1,477,0
TDI.US,60,20250506,170000,31.31,31.31,31.31,31.31,2509,0
TDI.US,60,20250508,160000,31.14,31.14,31.14,31.14,100,0
TDI.US,60,20250509,170000,31.21,31.21,31.21,31.21,100,0
TDI.US,60,20250512,160000,31.24,31.24,31.24,31.24,119,0
TDI.US,60,20250512,180000,31.26,31.27,31.26,31.27,300,0
TDI.US,60,20250513,210000,31.387,31.39,31.387,31.39,600,0
TDI.US,60,20250513,220000,31.5,31.5,31.38,31.4,13426,0
TDI.US,60,20250514,170000,31.58,31.58,31.58,31.58,1100,0
TDI.US,60,20250514,190000,31.42,31.42,31.42,31.42,260,0
TDI.US,60,20250515,220000,31.59,31.59,31.59,31.59,365,0
TDI.US,60,20250516,170000,31.645,31.645,31.645,31.645,190,0
TDI.US,60,20250516,190000,31.63,31.63,31.63,31.63,100,0
TDI.US,60,20250519,200000,31.9801,31.9801,31.9801,31.9801,404,0
TDI.US,60,20250520,160000,32.05,32.05,32.05,32.05,111,0
TDI.US,60,20250520,200000,32.19,32.19,32.19,32.19,100,0
TDI.US,60,20250520,220000,32.25,32.26,32.25,32.26,512,0
TDI.US,60,20250522,160000,32.47,32.48,32.07,32.07,2300,0
TDI.US,60,20250522,180000,32.22,32.22,32.19,32.19,904,0
TDI.US,60,20250523,190000,32.33,32.33,32.2601,32.2601,4163,0
TDI.US,60,20250527,210000,32.43,32.62,32.31,32.61,2498,0
TDI.US,60,20250527,220000,32.53,32.54,32.53,32.54,1900,0
TDI.US,60,20250528,170000,32.36,32.36,32.36,32.36,100,0
TDI.US,60,20250528,180000,32.41,32.47,32.41,32.47,13342,0
TDI.US,60,20250528,210000,32.4012,32.4012,32.4012,32.4012,1390,0
TDI.US,60,20250529,160000,32.61,32.61,32.61,32.61,177,0
TDI.US,60,20250529,170000,32.5008,32.5008,32.5008,32.5008,315,0
TDI.US,60,20250529,200000,32.57,32.57,32.57,32.57,100,0
TDI.US,60,20250529,210000,32.59,32.6,32.57,32.57,1100,0
TDI.US,60,20250529,220000,32.56,32.57,32.51,32.51,450,0
TDI.US,60,20250603,190000,32.355,32.7401,32.355,32.7401,473,0
TDI.US,60,20250603,210000,32.87,32.87,32.87,32.87,100,0
TDI.US,60,20250603,220000,32.94,32.94,32.79,32.91,2301,0
TDI.US,60,20250604,160000,32.9975,32.9975,32.9975,32.9975,141,0
TDI.US,60,20250605,190000,33.25,33.25,33.25,33.25,1407,0
TDI.US,60,20250605,210000,33.25,33.25,33.25,33.25,189,0
TDI.US,60,20250606,160000,33.12,33.12,33.12,33.12,119,0
TDI.US,60,20250609,220000,33.24,33.365,33.24,33.365,465,0
TDI.US,60,20250610,160000,33.53,33.53,33.53,33.53,514,0
TDI.US,60,20250610,190000,33.2233,33.2233,33.2233,33.2233,130,0
TDI.US,60,20250613,180000,33.4699,33.475,33.4038,33.4038,559,0
TDI.US,60,20250616,200000,33.5604,33.5604,33.5604,33.5604,1152,0
TDI.US,60,20250618,170000,33.35,33.35,33.35,33.35,4255,0
TDI.US,60,20250623,180000,32.985,33.06,32.93,33.06,1328,0
TDI.US,60,20250625,200000,32.85,33.48,32.85,33.446,10034,0
TDI.US,60,20250626,160000,33.65,33.7028,33.65,33.7028,681,0
TDI.US,60,20250626,170000,33.67,33.6701,33.67,33.6701,572,0
TDI.US,60,20250627,200000,33.735,33.735,33.735,33.735,400,0
TDI.US,60,20250630,180000,33.9,33.9,33.9,33.9,358,0
TDI.US,60,20250630,190000,33.89,33.96,33.87,33.87,1530,0
TDI.US,60,20250701,200000,33.89,33.99,33.87,33.99,1081,0
TDI.US,60,20250703,170000,33.9597,33.9597,33.9597,33.9597,694,0
TDI.US,60,20250707,160000,33.84,33.84,33.84,33.84,100,0
TDI.US,60,20250707,180000,33.74,33.83,33.74,33.76,1075,0
TDI.US,60,20250707,210000,33.6205,33.6412,33.61,33.61,4480,0
TDI.US,60,20250708,190000,33.7768,33.7768,33.7768,33.7768,2500,0
TDI.US,60,20250709,220000,33.92,33.92,33.92,33.92,300,0
TDI.US,60,20250710,170000,33.7492,33.7492,33.7492,33.7492,190,0
TDI.US,60,20250710,180000,33.79,33.92,33.79,33.92,14678,0
TDI.US,60,20250710,190000,33.8206,33.88,33.8206,33.88,4200,0
TDI.US,60,20250710,210000,33.92,33.97,33.92,33.9699,3100,0
TDI.US,60,20250714,190000,33.68,33.68,33.66,33.6602,3221,0
TDI.US,60,20250714,210000,33.7508,33.7508,33.55,33.55,4444,0
TDI.US,60,20250714,220000,33.65,33.65,33.65,33.65,100,0
TDI.US,60,20250715,210000,33.51,33.5449,33.51,33.5449,962,0
TDI.US,60,20250716,200000,33.76,33.76,33.76,33.76,3700,0
TDI.US,60,20250717,170000,33.66,33.66,33.66,33.66,296,0
TDI.US,60,20250717,200000,33.7302,33.7302,33.7302,33.7302,357,0
TDI.US,60,20250722,170000,33.94,33.94,33.85,33.85,200,0
TDI.US,60,20250722,220000,34.0201,34.0201,34.0201,34.0201,200,0
TDI.US,60,20250724,170000,34.31,34.5488,34.31,34.5488,506,0
TDI.US,60,20250724,190000,34.41,34.4101,34.41,34.4101,400,0
TDI.US,60,20250724,210000,34.44,34.44,34.44,34.44,100,0
TDI.US,60,20250725,170000,34.25,34.25,34.25,34.25,100,0
TDI.US,60,20250725,210000,34.393,34.4418,34.393,34.4418,1225,0
TDI.US,60,20250728,170000,34.03,34.03,34.03,34.03,100,0
TDI.US,60,20250728,190000,34.15,34.15,34.15,34.15,500,0
TDI.US,60,20250728,220000,34.0191,34.0191,34.0191,34.0191,373,0
TDI.US,60,20250729,160000,34.195,34.2025,34.195,34.2025,409,0
TDI.US,60,20250729,170000,34.17,34.2499,34.17,34.2237,569,0
TDI.US,60,20250729,190000,34.1487,34.2,34.12,34.12,3000,0
TDI.US,60,20250729,200000,34.2,34.2,34.2,34.2,100,0
TDI.US,60,20250729,220000,34.13,34.13,34.12,34.12,702,0
TDI.US,60,20250730,160000,33.62,33.62,33.28,33.29,10115,0
TDI.US,60,20250730,170000,33.9701,33.9701,33.9701,33.9701,161,0
TDI.US,60,20250730,180000,33.97,33.97,33.97,33.97,100,0
TDI.US,60,20250730,210000,33.98,33.98,33.98,33.98,2000,0
TDI.US,60,20250731,170000,33.79,33.79,33.79,33.79,100,0
TDI.US,60,20250731,210000,33.81,33.81,33.81,33.81,356,0
TDI.US,60,20250731,220000,33.75,33.75,33.75,33.75,100,0
TDI.US,60,20250801,170000,33.46,33.46,33.46,33.46,100,0
TDI.US,60,20250804,160000,34.27,34.27,34.158,34.175,1738,0
TDI.US,60,20250804,170000,34.1682,34.1682,34.11,34.11,600,0
TDI.US,60,20250804,220000,34.16,34.16,34.16,34.16,1079,0
TDI.US,60,20250805,160000,34.43,34.43,34.43,34.43,9461,0
TDI.US,60,20250805,170000,34.24,34.24,34.24,34.24,100,0
TDI.US,60,20250805,190000,34.27,34.27,34.27,34.27,730,0
TDI.US,60,20250805,220000,34.3704,34.3704,34.3704,34.3704,145,0
TDI.US,60,20250806,170000,34.55,34.55,34.55,34.55,100,0
TDI.US,60,20250806,180000,34.6299,34.69,34.61,34.625,2144,0
TDI.US,60,20250806,200000,34.79,34.79,34.78,34.78,14002,0
TDI.US,60,20250807,210000,34.75,34.94,34.75,34.94,2735,0
TDI.US,60,20250807,220000,35.01,35.01,35.01,35.01,500,0
TDI.US,60,20250808,170000,35.07,35.07,35.07,35.07,100,0
TDI.US,60,20250808,180000,35.12,35.12,35.0737,35.0837,1252,0
TDI.US,60,20250808,220000,35.097,35.097,35.097,35.097,100,0
TDI.US,60,20250811,160000,34.9266,34.9266,34.9266,34.9266,159,0
TDI.US,60,20250811,170000,35.04,35.04,34.98,34.98,1958,0
TDI.US,60,20250811,190000,34.975,34.975,34.975,34.975,119,0
TDI.US,60,20250811,200000,34.9833,34.9833,34.9833,34.9833,2859,0
TDI.US,60,20250811,210000,34.9795,35.01,34.97,34.97,1464,0
TDI.US,60,20250811,220000,35.01,35.01,35.01,35.01,100,0
TDI.US,60,20250812,170000,35.28,35.28,35.28,35.28,100,0
TDI.US,60,20250812,180000,35.37,35.37,35.37,35.37,100,0
TDI.US,60,20250812,210000,35.41,35.41,35.41,35.41,136,0
TDI.US,60,20250812,220000,35.46,35.51,35.46,35.51,203,0
TDI.US,60,20250813,170000,35.865,35.865,35.865,35.865,750,0
TDI.US,60,20250813,180000,35.8476,35.8476,35.8476,35.8476,109,0
TDI.US,60,20250813,200000,35.88,35.88,35.8763,35.8763,1670,0
TDI.US,60,20250813,210000,35.88,35.88,35.8799,35.88,840,0
TDI.US,60,20250813,220000,35.88,35.88,35.88,35.88,278,0
TDI.US,60,20250814,160000,35.5766,35.5866,35.5766,35.5866,470,0
TDI.US,60,20250814,170000,35.585,35.59,35.585,35.59,572,0
TDI.US,60,20250814,200000,35.585,35.585,35.585,35.585,300,0
TDI.US,60,20250814,220000,35.72,35.72,35.72,35.72,600,0
TDI.US,60,20250815,190000,35.69,35.69,35.69,35.69,461,0
TDI.US,60,20250815,200000,35.83,35.88,35.7201,35.87,600,0
TDI.US,60,20250815,210000,35.87,35.88,35.87,35.87,800,0
TDI.US,60,20250815,220000,35.84,35.89,35.84,35.89,600,0
TDI.US,60,20250818,180000,35.840785,35.840785,35.840785,35.840785,134,0
TDI.US,60,20250818,200000,35.8448,35.8448,35.8448,35.8448,278,0
TDI.US,60,20250819,160000,36,36,36,36,558,0
TDI.US,60,20250819,190000,35.77,35.77,35.77,35.77,100,0
TDI.US,60,20250820,220000,35.77,35.77,35.6454,35.6454,1118,0
TDI.US,60,20250821,160000,35.74,35.75,35.6672,35.6672,3736,0
TDI.US,60,20250821,170000,35.68,35.76,35.68,35.76,1268,0
TDI.US,60,20250821,210000,35.75,35.75,35.74,35.74,1000,0
TDI.US,60,20250822,180000,36.14,36.14,36.14,36.14,960,0
TDI.US,60,20250825,190000,36.11,36.11,36.11,36.11,1042,0
TDI.US,60,20250825,220000,36.09,36.09,36.09,36.09,129,0
TDI.US,60,20250826,190000,35.8348,35.8348,35.8348,35.8348,838,0
TDI.US,60,20250826,210000,35.89,35.91,35.89,35.9099,800,0
TDI.US,60,20250827,170000,35.44,35.55,35.43,35.55,562,0
TDI.US,60,20250827,180000,35.6699,35.68,35.665,35.67,6260,0
TDI.US,60,20250827,190000,35.585,35.63,35.585,35.63,344,0
TDI.US,60,20250827,210000,35.655,35.75,35.655,35.7499,2118,0
TDI.US,60,20250827,220000,35.6796,36.17,35.6796,35.77,9322,0
TDI.US,60,20250828,210000,36.05,36.05,35.97,36.05,13913,0
TDI.US,60,20250829,160000,35.93,35.93,35.87,35.87,565,0
TDI.US,60,20250829,170000,35.83,35.85,35.79,35.85,400,0
TDI.US,60,20250829,180000,35.84,35.88,35.84,35.88,200,0
TDI.US,60,20250829,190000,35.864,35.92,35.864,35.92,348,0
TDI.US,60,20250829,200000,35.89,35.89,35.7309,35.7309,343,0
TDI.US,60,20250829,210000,35.87,35.87,35.7818,35.7818,366,0
TDI.US,60,20250829,220000,35.87,35.87,35.87,35.87,100,0
TDI.US,60,20250902,170000,35.7,35.7,35.7,35.7,653,0
TDI.US,60,20250902,200000,35.49,35.56,35.49,35.5599,705,0
TDI.US,60,20250902,210000,35.5575,35.5575,35.5575,35.5575,285,0
TDI.US,60,20250903,170000,35.7764,35.7764,35.7764,35.7764,173,0
TDI.US,60,20250903,200000,35.85,35.85,35.74,35.795,1092,0
TDI.US,60,20250904,170000,35.869,35.869,35.73,35.805,1246,0
TDI.US,60,20250904,220000,35.945,35.945,35.945,35.945,100,0
TDI.US,60,20250905,170000,36.13,36.2,36.13,36.2,400,0
TDI.US,60,20250905,180000,36.28,36.28,36.26,36.26,598,0
TDI.US,60,20250908,160000,36.565,36.565,36.565,36.565,100,0
TDI.US,60,20250908,170000,36.57,36.57,36.57,36.57,100,0
TDI.US,60,20250908,180000,36.62,36.62,36.62,36.62,100,0
TDI.US,60,20250909,160000,36.69,36.69,36.69,36.69,181,0
TDI.US,60,20250909,170000,36.54,36.54,36.54,36.54,100,0
TDI.US,60,20250909,180000,36.5895,36.5895,36.5895,36.5895,395,0
TDI.US,60,20250910,220000,36.686,36.87,36.686,36.87,200,0
TDI.US,60,20250911,170000,37.1144,37.19,37.1144,37.15,1562,0
TDI.US,60,20250911,190000,37.2699,37.34,37.2699,37.34,300,0
TDI.US,60,20250911,220000,37.32,37.35,37.2725,37.28,1000,0
TDI.US,60,20250912,160000,37.24,37.7263,37.2,37.7263,5530,0
TDI.US,60,20250912,170000,37.18,37.18,37.18,37.18,100,0
TDI.US,60,20250912,180000,37.1498,37.1498,37.1498,37.1498,200,0
TDI.US,60,20250912,210000,37.26,37.26,37.26,37.26,2500,0
TDI.US,60,20250912,220000,37.0517,37.0517,37.0517,37.0517,811,0
TDI.US,60,20250915,160000,37.225,37.238,37.225,37.238,571,0
TDI.US,60,20250915,170000,37.26,37.26,37.26,37.26,100,0
TDI.US,60,20250915,190000,37.2785,37.2785,37.2785,37.2785,133,0
TDI.US,60,20250915,220000,37.28,37.38,37.28,37.36,435,0
TDI.US,60,20250916,170000,37.27,37.27,37.2662,37.2662,200,0
TDI.US,60,20250916,210000,37.36,37.37,37.36,37.37,200,0
TDI.US,60,20250916,220000,37.37,37.38,37.34,37.34,1000,0
TDI.US,60,20250917,170000,37.1939,37.2299,37.1365,37.1365,1978,0
TDI.US,60,20250917,180000,37.2,37.21,37.2,37.21,314,0
TDI.US,60,20250917,220000,37.0904,37.0904,37.0904,37.0904,669,0
TDI.US,60,20250918,160000,36.915,36.915,36.915,36.915,324,0
TDI.US,60,20250922,170000,37.14,37.17,37.0799,37.11,2169,0
TDI.US,60,20250922,180000,37.21,37.2199,37.21,37.2199,536,0
TDI.US,60,20250922,200000,37.32,37.32,37.285,37.3199,975,0
TDI.US,60,20250922,220000,37.3684,37.3684,37.3684,37.3684,180,0
TDI.US,60,20250923,160000,37.2,37.2,37.2,37.2,560,0
TDI.US,60,20250923,170000,37.33,37.33,37.33,37.33,600,0
TDI.US,60,20250923,180000,37.27,37.28,37.27,37.28,700,0
TDI.US,60,20250923,190000,37.26,37.27,37.26,37.27,200,0
TDI.US,60,20250923,200000,37.27,37.27,37.215,37.22,5200,0
TDI.US,60,20250924,170000,37.14,37.14,37.14,37.14,1346,0
TDI.US,60,20250924,180000,37.07,37.11,37,37.072,1801,0
TDI.US,60,20250924,190000,36.9348,36.9348,36.9348,36.9348,157,0
TDI.US,60,20250924,220000,37.01,37.03,36.99,37.02,1301,0
TDI.US,60,20250925,170000,36.81,36.819,36.75,36.75,4766,0
TDI.US,60,20250925,190000,36.84,36.84,36.84,36.84,400,0
TDI.US,60,20250925,200000,36.81,36.81,36.6958,36.6958,200,0
TDI.US,60,20250925,210000,36.77,36.77,36.76,36.76,1029,0
TDI.US,60,20250925,220000,36.8,36.83,36.7415,36.83,603,0
TDI.US,60,20250926,170000,36.7648,36.79,36.7648,36.79,2709,0
TDI.US,60,20250926,220000,36.8451,36.8451,36.8451,36.8451,300,0
TDI.US,60,20250929,170000,37.15,37.15,37.15,37.15,100,0
TDI.US,60,20250929,190000,37.0301,37.0301,37.0301,37.0301,100,0
TDI.US,60,20250929,210000,37.1,37.1,37.1,37.1,1347,0
TDI.US,60,20250929,220000,37.1,37.1,37.1,37.1,345,0
TDI.US,60,20250930,210000,37.2799,37.29,37.2799,37.2799,800,0
TDI.US,60,20250930,220000,37.25,37.38,37.25,37.38,2952,0
TDI.US,60,20251001,180000,37.65,37.68,37.65,37.68,402,0
TDI.US,60,20251001,190000,37.59,37.59,37.59,37.59,2182,0
TDI.US,60,20251001,220000,37.758,37.758,37.713915,37.74,2428,0
TDI.US,60,20251002,160000,37.71,37.71,37.7,37.7,281,0
TDI.US,60,20251003,180000,37.48,37.93,37.48,37.93,300,0
TDI.US,60,20251003,200000,37.95,37.95,37.92,37.92,356,0
TDI.US,60,20251003,210000,37.88,37.88,37.88,37.88,1386,0
TDI.US,60,20251003,220000,37.905,37.98,37.905,37.91,1686,0
TDI.US,60,20251006,180000,38.07,38.21,38.07,38.1899,4073,0
TDI.US,60,20251006,190000,38.075,38.075,38.075,38.075,136,0
TDI.US,60,20251006,210000,37.93,37.94,37.905,37.905,500,0
TDI.US,60,20251006,220000,38.07,38.09,38.07,38.09,300,0
TDI.US,60,20251007,170000,37.989,37.989,37.9316,37.9316,200,0
TDI.US,60,20251007,220000,37.748,37.748,37.748,37.748,528,0
TDI.US,60,20251008,210000,37.925,37.925,37.925,37.925,150,0
TDI.US,60,20251008,220000,38.016,38.016,38.016,38.016,100,0
TDI.US,60,20251009,160000,37.93,37.93,37.93,37.93,238,0
TDI.US,60,20251009,170000,37.85,37.92,37.7492,37.7492,1532,0
TDI.US,60,20251009,180000,37.69,37.69,37.645,37.645,610,0
TDI.US,60,20251009,190000,37.53,37.53,37.53,37.53,269,0
TDI.US,60,20251009,210000,37.59,37.7099,37.5263,37.7099,6867,0
TDI.US,60,20251009,220000,37.57,37.62,37.555,37.62,2329,0
TDI.US,60,20251010,160000,37.5299,37.5299,37.5299,37.5299,133,0
TDI.US,60,20251010,170000,37.46,37.47,37.46,37.4699,2437,0
TDI.US,60,20251010,180000,37.44,37.449,36.9593,36.9593,600,0
TDI.US,60,20251013,190000,37.32,37.38,37.3199,37.38,365,0
TDI.US,60,20251013,210000,37.4,37.4,37.3999,37.3999,320,0
TDI.US,60,20251013,220000,37.24,37.24,37.24,37.24,134,0
TDI.US,60,20251014,160000,36.93,36.93,36.93,36.93,251,0
TDI.US,60,20251015,180000,37.6225,37.685,37.6225,37.6584,1542,0
TDI.US,60,20251015,190000,37.64,37.64,37.64,37.64,100,0
TDI.US,60,20251015,220000,37.615,37.615,37.615,37.615,400,0
TDI.US,60,20251016,180000,37.89,37.89,37.83,37.83,764,0
TDI.US,60,20251016,200000,37.8392,37.8392,37.8392,37.8392,250,0
TDI.US,60,20251017,180000,37.18,37.25,37.17,37.25,2878,0
TDI.US,60,20251017,190000,37.44,37.44,37.44,37.44,100,0
TDI.US,60,20251017,200000,37.285,37.285,37.285,37.285,1423,0
TDI.US,60,20251017,220000,37.4,37.47,37.3801,37.47,1554,0
TDI.US,60,20251020,170000,37.7782,37.89,37.7782,37.89,853,0
TDI.US,60,20251020,220000,37.95,37.95,37.95,37.95,100,0
TDI.US,60,20251021,160000,37.74,37.74,37.74,37.74,750,0
TDI.US,60,20251021,170000,37.46,37.46,37.46,37.46,100,0
TDI.US,60,20251021,180000,37.3206,37.38,37.3206,37.37,1457,0
TDI.US,60,20251021,190000,37.42,37.42,37.42,37.42,155,0
TDI.US,60,20251021,220000,37.3549,37.3549,37.3549,37.3549,1069,0
TDI.US,60,20251022,160000,37.13,37.27,37.13,37.27,528,0
TDI.US,60,20251022,170000,37.4,37.4,37.19,37.19,1121,0
TDI.US,60,20251022,200000,37.13,37.17,37.13,37.17,524,0
TDI.US,60,20251022,220000,37.1401,37.2999,37.14,37.2998,1234,0
TDI.US,60,20251023,160000,37.455,37.455,37.455,37.455,238,0
TDI.US,60,20251023,170000,37.53,37.53,37.53,37.53,100,0
TDI.US,60,20251023,190000,37.48,37.48,37.48,37.48,100,0
TDI.US,60,20251023,200000,37.48,37.48,37.48,37.48,100,0
TDI.US,60,20251023,220000,37.5177,37.55,37.5177,37.55,898,0
TDI.US,60,20251024,170000,37.67,37.67,37.67,37.67,1325,0
TDI.US,60,20251024,180000,37.616,37.69,37.616,37.69,3628,0
TDI.US,60,20251024,190000,37.6786,37.68,37.6,37.68,865,0
TDI.US,60,20251024,200000,37.68,37.74,37.6772,37.6958,1170,0
TDI.US,60,20251024,210000,37.635,37.72,37.635,37.71,597,0
TDI.US,60,20251024,220000,37.71,37.73,37.7,37.72,2696,0
TDI.US,60,20251027,150000,37.97,37.97,37.79,37.79,627,0
TDI.US,60,20251027,160000,37.93,37.93,37.93,37.93,100,0
TDI.US,60,20251027,170000,37.83,37.89,37.7811,37.7811,761,0
TDI.US,60,20251027,180000,37.92,37.94,37.92,37.94,890,0
TDI.US,60,20251027,190000,37.87,37.87,37.87,37.87,210,0
TDI.US,60,20251027,200000,37.94,38.01,37.94,37.945,3385,0
TDI.US,60,20251027,210000,38.01,38.05,37.97,38.05,1855,0
TDI.US,60,20251028,150000,37.83,37.86,37.83,37.86,337,0
TDI.US,60,20251028,160000,37.8529,37.8529,37.8529,37.8529,263,0
TDI.US,60,20251028,170000,37.97,37.97,37.8675,37.8675,2322,0
TDI.US,60,20251028,180000,37.8996,37.8996,37.8996,37.8996,507,0
TDI.US,60,20251028,190000,37.92,37.92,37.92,37.92,100,0
TDI.US,60,20251029,150000,38.18,38.18,38.18,38.18,546,0
TDI.US,60,20251029,160000,38.2225,38.2225,38.1444,38.1444,294,0
TDI.US,60,20251029,170000,38.1201,38.28,38.1201,38.28,1042,0
TDI.US,60,20251029,190000,38.1213,38.1842,38.1213,38.1842,1935,0
TDI.US,60,20251029,210000,37.85,37.85,37.85,37.85,394,0
TDI.US,60,20251030,150000,37.7052,37.7052,37.7052,37.7052,275,0
TDI.US,60,20251030,160000,37.695,37.695,37.62,37.695,2099,0
TDI.US,60,20251030,170000,37.765,37.81,37.69,37.81,1921,0
TDI.US,60,20251030,180000,37.77,37.82,37.77,37.82,400,0
TDI.US,60,20251030,190000,37.7748,37.7748,37.7748,37.7748,147,0
TDI.US,60,20251030,210000,37.75,37.75,37.75,37.75,200,0
TDI.US,60,20251031,150000,37.75,37.81,37.75,37.81,350,0
TDI.US,60,20251031,180000,37.805,37.805,37.8,37.8,851,0
TDI.US,60,20251031,200000,37.675,37.675,37.6544,37.6544,663,0
TDI.US,60,20251031,210000,37.79,37.7959,37.79,37.7959,600,0
TDI.US,60,20251103,170000,37.76,37.76,37.7195,37.7195,1482,0
TDI.US,60,20251103,180000,37.79,37.79,37.79,37.79,114,0
TDI.US,60,20251103,190000,37.785,37.92,37.785,37.825,9351,0
TDI.US,60,20251103,200000,37.87,37.87,37.835,37.87,1000,0
TDI.US,60,20251103,210000,37.8621,37.8621,37.8621,37.8621,157,0
TDI.US,60,20251103,220000,37.91,37.91,37.9093,37.91,1275,0
TDI.US,60,20251104,170000,37.54,37.54,37.449,37.449,350,0
TDI.US,60,20251104,180000,37.495,37.495,37.495,37.495,215,0
TDI.US,60,20251104,200000,37.36,37.36,37.3599,37.3599,200,0
TDI.US,60,20251104,210000,37.3636,37.3636,37.33,37.33,407,0
TDI.US,60,20251104,220000,37.22,37.35,37.21,37.35,2527,0
TDI.US,60,20251105,170000,37.47,37.4999,37.47,37.4999,255,0
TDI.US,60,20251105,190000,37.5725,37.5725,37.5725,37.5725,265,0
TDI.US,60,20251105,200000,37.567,37.567,37.567,37.567,1467,0
TDI.US,60,20251105,220000,37.651647,37.7,37.53,37.64,50611,0
TDI.US,60,20251106,170000,37.46,37.515,37.46,37.515,924,0
TDI.US,60,20251106,180000,37.4,37.4,37.4,37.4,104,0
TDI.US,60,20251106,190000,37.38,37.44,37.28,37.35,692,0
TDI.US,60,20251106,200000,37.37,37.415,37.37,37.415,1592,0
TDI.US,60,20251106,220000,37.45,37.47,37.45,37.47,523,0
TDI.US,60,20251107,200000,37.075,37.19,37.075,37.16,2831,0
TDI.US,60,20251107,220000,37.3,37.3096,37.3,37.3096,635,0
TDI.US,60,20251110,160000,37.83,37.99,37.82,37.8301,400,0
TDI.US,60,20251110,170000,37.96,37.96,37.96,37.96,100,0
TDI.US,60,20251110,190000,37.885,37.885,37.885,37.885,100,0
TDI.US,60,20251110,200000,37.89,38.1299,37.89,38.1299,200,0
TDI.US,60,20251110,220000,38.1233,38.18,38.1,38.15,7444,0
TDI.US,60,20251111,170000,38.21,38.21,38.0201,38.0201,397,0
TDI.US,60,20251111,180000,38.1001,38.175,38.1001,38.175,1106,0
TDI.US,60,20251111,200000,38.26,38.26,38.2599,38.2599,200,0
TDI.US,60,20251111,210000,38.26,38.333,38.2599,38.333,754,0
TDI.US,60,20251111,220000,38.33,38.33,38.33,38.33,100,0
TDI.US,60,20251112,160000,38.59,38.59,38.36,38.36,2008,0
TDI.US,60,20251112,170000,38.55,38.55,38.55,38.55,100,0
TDI.US,60,20251112,190000,38.4501,38.75,38.4501,38.63,39648,0
TDI.US,60,20251112,200000,38.63,38.63,38.63,38.63,100,0
TDI.US,60,20251112,210000,38.5894,38.5894,38.5894,38.5894,127,0
TDI.US,60,20251112,220000,38.49,38.49,38.49,38.49,129,0
TDI.US,60,20251113,160000,38.5,38.64,38.45,38.45,7104,0
TDI.US,60,20251113,170000,38.47,38.47,38.44,38.446,1108,0
TDI.US,60,20251113,180000,38.4199,38.4199,38.4199,38.4199,1370,0
TDI.US,60,20251113,190000,38.415,38.415,38.415,38.415,100,0
TDI.US,60,20251113,200000,38.41,38.41,38.11,38.11,17023,0
TDI.US,60,20251113,210000,38.14,38.15,38.055,38.11,13770,0
TDI.US,60,20251113,220000,38.08,38.1,38.08,38.1,200,0
TDI.US,60,20251114,160000,38.0199,38.0199,38.0199,38.0199,263,0
TDI.US,60,20251114,170000,38.0689,38.0689,38,38,1522,0
TDI.US,60,20251114,180000,38.23,38.2488,38.23,38.2488,230,0
TDI.US,60,20251114,210000,38.13,38.18,38.1299,38.1347,2171,0
TDI.US,60,20251114,220000,38.1797,38.1797,38.15,38.15,600,0
TDI.US,60,20251117,160000,37.92,37.92,37.92,37.92,100,0
TDI.US,60,20251117,170000,37.96,37.96,37.94,37.9578,3003,0
TDI.US,60,20251117,180000,37.86,38.04,37.85,38.04,4579,0
TDI.US,60,20251117,190000,38.0386,38.04,38.0386,38.04,888,0
TDI.US,60,20251117,200000,37.91,37.92,37.85,37.85,643,0
TDI.US,60,20251117,210000,37.702,37.78,37.38,37.4,6586,0
TDI.US,60,20251117,220000,37.5125,37.63,37.5125,37.63,2247,0
TDI.US,60,20251118,160000,37.0778,37.0778,37.0778,37.0778,100,0
TDI.US,60,20251118,170000,37.03,37.0511,37.03,37.0511,362,0
TDI.US,60,20251118,180000,36.95,36.95,36.95,36.95,300,0
TDI.US,60,20251118,190000,37.1787,37.1787,37.0706,37.17,816,0
TDI.US,60,20251118,200000,37.285,37.285,37.285,37.285,1200,0
TDI.US,60,20251118,210000,37.275,37.3195,37.275,37.3195,1616,0
TDI.US,60,20251118,220000,37.265,37.32,37.2309,37.2887,1466,0
TDI.US,60,20251119,160000,37.28,37.36,37.24,37.24,2542,0
TDI.US,60,20251119,170000,37.3,37.3967,37.3,37.3967,1119,0
TDI.US,60,20251119,180000,37.155,37.18,37.1395,37.18,34814,0
TDI.US,60,20251119,190000,37.1599,37.17,37.1599,37.17,200,0
TDI.US,60,20251119,200000,37.24,37.24,37.0694,37.0694,2536,0
TDI.US,60,20251119,210000,37.155,37.19,37.1484,37.19,2795,0
TDI.US,60,20251120,170000,37.54,37.59,37.505,37.53,1688,0
TDI.US,60,20251120,180000,37.475,37.479,37.47,37.47,7487,0
TDI.US,60,20251120,200000,36.86,36.86,36.625,36.625,239,0
TDI.US,60,20251120,210000,36.606,36.73,36.606,36.7299,849,0
TDI.US,60,20251120,220000,36.7387,36.77,36.64,36.64,4138,0
TDI.US,60,20251121,160000,36.42,36.62,36.42,36.62,911,0
TDI.US,60,20251121,170000,36.585,36.64,36.51,36.51,2239,0
TDI.US,60,20251121,180000,36.455,36.47,36.43,36.45,3004,0
TDI.US,60,20251121,190000,36.8103,36.88,36.8103,36.854,730,0
TDI.US,60,20251121,200000,36.75,36.75,36.75,36.75,100,0
TDI.US,60,20251121,210000,36.98,36.98,36.9299,36.9299,640,0
TDI.US,60,20251121,220000,36.92,37.03,36.88,37.03,8893,0
TDI.US,60,20251124,170000,37.09,37.09,37.09,37.09,100,0
TDI.US,60,20251124,180000,37.1636,37.19,37.1636,37.19,637,0
TDI.US,60,20251124,190000,37.129,37.2,37.129,37.1996,1252,0
TDI.US,60,20251124,200000,37.26,37.28,37.26,37.28,498,0
TDI.US,60,20251124,210000,37.25,37.25,37.23,37.24,1948,0
TDI.US,60,20251124,220000,37.29,37.48,37.29,37.395,4452,0
TDI.US,60,20251125,160000,37.46,37.46,37.46,37.46,357,0
TDI.US,60,20251125,170000,37.39,37.39,37.39,37.39,100,0
TDI.US,60,20251125,210000,37.64,37.66,37.64,37.66,5198,0
TDI.US,60,20251125,220000,37.71,37.72,37.71,37.72,1100,0
TDI.US,60,20251126,160000,37.96,37.96,37.96,37.96,13164,0
TDI.US,60,20251126,170000,37.91,38.13,37.91,37.98,14114,0
TDI.US,60,20251126,180000,38.077798,38.077798,38.077798,38.077798,861,0
TDI.US,60,20251126,190000,38.1332,38.19,38.1332,38.14,525,0
TDI.US,60,20251126,210000,38.1428,38.1428,38.1428,38.1428,100,0
TDI.US,60,20251126,220000,38.23,38.25,38.1888,38.25,1628,0
TDI.US,60,20251128,160000,38.27,38.27,38.17,38.17,306,0
TDI.US,60,20251128,180000,38.31,38.33,38.28,38.28,500,0
TDI.US,60,20251128,190000,38.35,38.41,38.33,38.41,2066,0
TDI.US,60,20251201,160000,38.26,38.34,38.24,38.34,324,0
TDI.US,60,20251201,170000,38.32,38.32,38.32,38.32,100,0
TDI.US,60,20251201,180000,38.32,38.32,38.26,38.26,354,0
TDI.US,60,20251201,190000,38.34,38.34,38.2769,38.2769,309,0
TDI.US,60,20251201,200000,38.36,38.36,38.36,38.36,100,0
TDI.US,60,20251201,210000,38.333,38.34,38.27,38.27,596,0
TDI.US,60,20251201,220000,38.27,38.4,38.175,38.225,3228,0
TDI.US,60,20251202,160000,38.4,38.4,38.4,38.4,274,0
TDI.US,60,20251202,180000,38.1556,38.16,38.1556,38.16,525,0
TDI.US,60,20251202,190000,38.2,38.2,38.2,38.2,100,0
TDI.US,60,20251202,200000,38.145,38.145,38.14,38.14,1083,0
TDI.US,60,20251202,210000,38.25,38.25,38.25,38.25,100,0
TDI.US,60,20251202,220000,38.3,38.375,38.3,38.33,7145,0
TDI.US,60,20251203,160000,38.12,38.265,38.12,38.265,2247,0
TDI.US,60,20251203,170000,38.32,38.32,38.26218,38.26218,625,0
TDI.US,60,20251203,180000,38.24,38.24,38.24,38.24,201,0
TDI.US,60,20251203,200000,38.27,38.37,38.27,38.3699,1078,0
TDI.US,60,20251203,210000,38.4,38.4,38.3702,38.3702,328,0
TDI.US,60,20251203,220000,38.37,38.42,38.3354,38.393,2378,0
TDI.US,60,20251204,160000,38.48,38.48,38.47,38.47,295,0
TDI.US,60,20251204,170000,38.34,38.53,38.34,38.519,1100,0
TDI.US,60,20251204,190000,38.4332,38.4332,38.4332,38.4332,200,0
TDI.US,60,20251204,210000,38.3996,38.3996,38.3996,38.3996,525,0
TDI.US,60,20251204,220000,38.4599,38.46,38.4599,38.46,724,0
TDI.US,60,20251205,160000,38.66,38.66,38.66,38.66,2200,0
TDI.US,60,20251205,180000,38.4272,38.4458,38.4199,38.4458,2455,0
TDI.US,60,20251205,190000,38.45,38.47,38.45,38.47,200,0
TDI.US,60,20251205,200000,38.53,38.53,38.48,38.5,845,0
TDI.US,60,20251205,210000,38.47,38.47,38.45,38.45,1000,0
TDI.US,60,20251205,220000,38.47,38.48,38.4,38.46,4266,0
TDI.US,60,20251208,160000,38.54,38.54,38.54,38.54,100,0
TDI.US,60,20251208,170000,38.42,38.42,38.42,38.42,100,0
TDI.US,60,20251208,210000,38.336056,38.38,38.336056,38.38,200,0
TDI.US,60,20251208,220000,38.305,38.55,38.305,38.42,2722,0
TDI.US,60,20251209,160000,38.46,38.46,38.46,38.46,110,0
TDI.US,60,20251209,170000,38.29,38.29,38.29,38.29,100,0
TDI.US,60,20251209,180000,38.3809,38.7,38.3809,38.61,6503,0
TDI.US,60,20251209,220000,38.49,38.49,38.45,38.45,408,0
TDI.US,60,20251210,160000,38.425829,38.425829,38.425829,38.425829,116,0
TDI.US,60,20251210,170000,38.6,38.61,38.54,38.54,700,0
TDI.US,60,20251210,200000,38.62,38.63,38.5822,38.63,329,0
TDI.US,60,20251210,210000,38.685,38.685,38.685,38.685,548,0
TDI.US,60,20251210,220000,38.9208,39.055,38.9208,39.055,368,0
TDI.US,60,20251211,170000,38.93,38.97,38.93,38.97,2400,0
TDI.US,60,20251211,180000,38.9716,39.14,38.9716,39.1399,1087,0
TDI.US,60,20251211,210000,39.17,39.17,39.17,39.17,500,0
TDI.US,60,20251211,220000,39.165,39.2099,39.14,39.2095,1535,0
TDI.US,60,20251212,160000,39.2699,39.2699,39.18,39.18,267,0
TDI.US,60,20251212,170000,39.182,39.182,38.835,38.855,402,0
TDI.US,60,20251212,180000,38.645,38.759,38.57,38.57,2150,0
TDI.US,60,20251212,190000,38.675,38.774,38.675,38.76,2587,0
TDI.US,60,20251212,200000,38.85,38.869,38.844,38.8519,1051,0
TDI.US,60,20251212,220000,38.811,38.82,38.81,38.8198,1374,0
TDI.US,60,20251215,170000,38.96,39.07,38.96,39.07,1212,0
TDI.US,60,20251215,200000,38.97,38.99,38.965,38.99,4300,0
TDI.US,60,20251215,210000,39.05,39.05,39.05,39.05,435,0
TDI.US,60,20251215,220000,39.05,39.05,39.046,39.046,500,0
TDI.US,60,20251216,160000,38.92,38.92,38.92,38.92,410,0
TDI.US,60,20251216,170000,38.75,38.76,38.75,38.76,301,0
TDI.US,60,20251216,190000,38.753,38.755,38.753,38.755,266,0
TDI.US,60,20251216,200000,38.76,38.76,38.76,38.76,100,0
TDI.US,60,20251216,210000,38.76,38.76,38.76,38.76,400,0
TDI.US,60,20251216,220000,38.76,38.76,38.76,38.76,300,0
TDI.US,60,20251217,170000,38.8088,38.8088,38.633393,38.633393,2062,0
TDI.US,60,20251217,180000,38.64,38.64,38.64,38.64,100,0
TDI.US,60,20251217,200000,38.64,38.64,38.46,38.46,5437,0
TDI.US,60,20251217,210000,38.395,38.395,38.395,38.395,650,0
TDI.US,60,20251217,220000,38.4041,38.5,38.4041,38.4688,2942,0
TDI.US,60,20251218,160000,38.64,38.7391,38.64,38.7391,1272,0
TDI.US,60,20251218,180000,38.82,38.84,38.81,38.81,863,0
TDI.US,60,20251218,190000,38.802,38.802,38.802,38.802,104,0
TDI.US,60,20251218,210000,38.735,38.735,38.735,38.735,772,0
TDI.US,60,20251219,160000,39.15,39.15,39.1499,39.1499,1000,0
TDI.US,60,20251219,170000,39.075,39.1592,39.075,39.1592,320,0
TDI.US,60,20251219,180000,39.1109,39.1109,39.1,39.1,764,0
TDI.US,60,20251219,190000,39.145,39.145,39.145,39.145,690,0
TDI.US,60,20251219,200000,39.26,39.26,39.2093,39.2093,747,0
TDI.US,60,20251219,220000,39.121,39.121,39.11,39.11,333,0
TDI.US,60,20251222,170000,39.2594,39.2594,39.2594,39.2594,285,0
TDI.US,60,20251222,210000,39.27,39.27,39.26,39.27,1200,0
TDI.US,60,20251222,220000,39.3101,39.3101,39.3101,39.3101,246,0
TDI.US,60,20251223,190000,39.5066,39.5066,39.5066,39.5066,105,0
TDI.US,60,20251223,200000,39.6,39.6,39.6,39.6,5087,0
TDI.US,60,20251223,220000,39.63,39.63,39.6299,39.63,334,0
TDI.US,60,20251224,180000,39.52,39.523505,39.515,39.523505,2318,0
TDI.US,60,20251226,190000,39.5999,39.646,39.5999,39.6232,1325,0
TDI.US,60,20251226,200000,39.642,39.6641,39.642,39.6641,718,0
