<TICKER>,<PER>,<DATE>,<TIME>,<OPEN>,<HIGH>,<LOW>,<CLOSE>,<VOL>,<OPENINT>
TLF.US,60,20240412,220000,4.4751,4.67,4.46,4.67,6325,0
TLF.US,60,20240415,170000,4.64,4.64,4.61,4.61,700,0
TLF.US,60,20240415,210000,4.56,4.6499,4.56,4.56,1653,0
TLF.US,60,20240415,220000,4.56,4.56,4.56,4.56,500,0
TLF.US,60,20240416,190000,4.55,4.55,4.55,4.55,700,0
TLF.US,60,20240416,210000,4.55,4.55,4.55,4.55,500,0
TLF.US,60,20240416,220000,4.56,4.56,4.56,4.56,1700,0
TLF.US,60,20240417,170000,4.6,4.8,4.6,4.66,4567,0
TLF.US,60,20240417,180000,4.73,4.73,4.73,4.73,500,0
TLF.US,60,20240417,190000,4.73,4.73,4.73,4.73,100,0
TLF.US,60,20240417,200000,4.72,4.73,4.72,4.73,200,0
TLF.US,60,20240417,210000,4.71,4.71,4.71,4.71,100,0
TLF.US,60,20240417,220000,4.645,4.645,4.645,4.645,195,0
TLF.US,60,20240418,180000,4.73,4.8,4.73,4.8,3500,0
TLF.US,60,20240418,190000,4.67,4.67,4.66,4.66,200,0
TLF.US,60,20240418,200000,4.67,4.6842,4.65,4.65,5506,0
TLF.US,60,20240418,210000,4.65,4.65,4.65,4.65,842,0
TLF.US,60,20240418,220000,4.61,4.61,4.61,4.61,205,0
TLF.US,60,20240419,170000,4.6001,4.8,4.6001,4.8,2787,0
TLF.US,60,20240419,180000,4.725,4.725,4.7237,4.7237,200,0
TLF.US,60,20240419,190000,4.72,4.72,4.7,4.7,901,0
TLF.US,60,20240419,200000,4.63,4.63,4.62,4.62,1300,0
TLF.US,60,20240419,210000,4.62,4.6641,4.6,4.6641,3484,0
TLF.US,60,20240419,220000,4.61,4.675,4.61,4.65,1500,0
TLF.US,60,20240422,160000,4.57,4.5844,4.57,4.5844,576,0
TLF.US,60,20240422,180000,4.74,4.74,4.74,4.74,1000,0
TLF.US,60,20240422,190000,4.6439,4.73,4.614,4.73,1355,0
TLF.US,60,20240422,220000,4.71,4.71,4.71,4.71,1000,0
TLF.US,60,20240423,160000,4.7499,4.75,4.74,4.7499,2200,0
TLF.US,60,20240423,170000,4.5888,4.6,4.5888,4.6,615,0
TLF.US,60,20240423,180000,4.74,4.74,4.74,4.74,1000,0
TLF.US,60,20240423,200000,4.6677,4.6677,4.6677,4.6677,144,0
TLF.US,60,20240423,210000,4.7,4.7,4.7,4.7,100,0
TLF.US,60,20240424,170000,4.5701,4.5701,4.5701,4.5701,100,0
TLF.US,60,20240424,180000,4.67,4.67,4.67,4.67,200,0
TLF.US,60,20240424,190000,4.73,4.8203,4.73,4.82,3563,0
TLF.US,60,20240424,200000,4.64,4.64,4.64,4.64,250,0
TLF.US,60,20240424,220000,4.66,4.66,4.66,4.66,303,0
TLF.US,60,20240425,180000,4.68,4.7122,4.68,4.7122,1822,0
TLF.US,60,20240425,200000,4.7875,4.7875,4.7875,4.7875,200,0
TLF.US,60,20240425,210000,4.8618,4.8618,4.85,4.85,207,0
TLF.US,60,20240425,220000,4.82,4.89,4.82,4.89,200,0
TLF.US,60,20240426,160000,4.815,4.815,4.815,4.815,250,0
TLF.US,60,20240426,170000,4.8101,4.8101,4.8101,4.8101,1000,0
TLF.US,60,20240426,200000,4.81,4.81,4.81,4.81,988,0
TLF.US,60,20240426,220000,4.82,4.97,4.75,4.95,1600,0
TLF.US,60,20240429,180000,4.7,4.721,4.7,4.721,550,0
TLF.US,60,20240429,190000,4.7989,4.7989,4.7989,4.7989,857,0
TLF.US,60,20240429,210000,4.8,4.8,4.7989,4.8,1430,0
TLF.US,60,20240429,220000,4.795,4.98,4.79,4.97,1672,0
TLF.US,60,20240430,160000,4.78,4.78,4.78,4.78,210,0
TLF.US,60,20240430,220000,4.75,4.76,4.75,4.75,3899,0
TLF.US,60,20240502,170000,4.66,4.67,4.615,4.615,417,0
TLF.US,60,20240502,200000,4.62,4.66,4.6199,4.66,1818,0
TLF.US,60,20240502,210000,4.66,4.7075,4.66,4.7075,500,0
TLF.US,60,20240503,170000,4.685,4.7,4.685,4.7,200,0
TLF.US,60,20240503,180000,4.67,4.67,4.66,4.66,1351,0
TLF.US,60,20240503,190000,4.675,4.675,4.585,4.585,9446,0
TLF.US,60,20240503,200000,4.53,4.7,4.53,4.7,5859,0
TLF.US,60,20240503,210000,4.7,4.8,4.7,4.8,3699,0
TLF.US,60,20240503,220000,4.72,4.72,4.72,4.72,107,0
TLF.US,60,20240506,160000,4.8,4.8,4.8,4.8,151,0
TLF.US,60,20240506,170000,4.8678,4.8678,4.72,4.83,1781,0
TLF.US,60,20240506,190000,4.7275,4.93,4.7275,4.93,2056,0
TLF.US,60,20240506,200000,4.9299,4.9299,4.8436,4.89,1800,0
TLF.US,60,20240506,220000,4.805,4.89,4.805,4.89,1100,0
TLF.US,60,20240507,160000,4.74,4.74,4.74,4.74,200,0
TLF.US,60,20240507,170000,4.77,4.77,4.77,4.77,100,0
TLF.US,60,20240507,190000,4.75,4.75,4.72,4.72,500,0
TLF.US,60,20240507,200000,4.747,4.747,4.73,4.73,497,0
TLF.US,60,20240507,210000,4.74,4.74,4.74,4.74,100,0
TLF.US,60,20240507,220000,4.72,4.74,4.72,4.74,252,0
TLF.US,60,20240508,180000,4.7201,4.7301,4.7201,4.7301,200,0
TLF.US,60,20240508,200000,4.7454,4.7454,4.7454,4.7454,133,0
TLF.US,60,20240508,210000,4.73,4.73,4.73,4.73,200,0
TLF.US,60,20240509,170000,4.72,4.7212,4.62,4.62,6671,0
TLF.US,60,20240509,180000,4.7014,4.7299,4.6,4.7299,11789,0
TLF.US,60,20240509,190000,4.76,4.768,4.76,4.768,300,0
TLF.US,60,20240509,220000,4.75,4.75,4.75,4.75,200,0
TLF.US,60,20240510,160000,4.77,4.77,4.77,4.77,100,0
TLF.US,60,20240510,170000,4.7884,4.7884,4.7884,4.7884,225,0
TLF.US,60,20240510,190000,4.785,4.785,4.785,4.785,200,0
TLF.US,60,20240510,200000,4.7948,4.7948,4.785,4.785,300,0
TLF.US,60,20240510,210000,4.8425,4.875,4.8,4.8,1000,0
TLF.US,60,20240510,220000,4.96,5.015,4.95,4.95,10260,0
TLF.US,60,20240513,160000,4.61,4.7,4.5708,4.5708,4867,0
TLF.US,60,20240513,170000,4.78,4.78,4.778,4.778,1409,0
TLF.US,60,20240513,180000,4.78,4.82,4.78,4.82,300,0
TLF.US,60,20240513,190000,4.7,4.7,4.69,4.69,1700,0
TLF.US,60,20240513,200000,4.6394,4.64,4.58,4.58,8040,0
TLF.US,60,20240513,210000,4.59,4.59,4.485,4.485,1727,0
TLF.US,60,20240513,220000,4.49,4.49,4.47,4.47,3960,0
TLF.US,60,20240514,160000,4.5,4.64,4.4999,4.64,985,0
TLF.US,60,20240514,170000,4.7031,4.7031,4.7031,4.7031,200,0
TLF.US,60,20240514,210000,4.65,4.65,4.65,4.65,171,0
TLF.US,60,20240514,220000,4.65,4.65,4.65,4.65,1000,0
TLF.US,60,20240515,180000,4.74,4.75,4.6977,4.6977,1734,0
TLF.US,60,20240515,190000,4.66,4.66,4.66,4.66,100,0
TLF.US,60,20240515,220000,4.71,4.71,4.71,4.71,302,0
TLF.US,60,20240516,210000,4.6507,4.71,4.64,4.71,521,0
TLF.US,60,20240516,220000,4.71,4.71,4.71,4.71,116,0
TLF.US,60,20240517,160000,4.7,4.7,4.7,4.7,200,0
TLF.US,60,20240517,170000,4.6531,4.6531,4.6531,4.6531,200,0
TLF.US,60,20240517,220000,4.69,4.69,4.69,4.69,145,0
TLF.US,60,20240520,160000,4.6401,4.6736,4.6401,4.6401,1004,0
TLF.US,60,20240520,170000,4.6401,4.6401,4.6401,4.6401,524,0
TLF.US,60,20240520,220000,4.6801,4.7147,4.6801,4.7147,900,0
TLF.US,60,20240521,160000,4.68,4.68,4.68,4.68,160,0
TLF.US,60,20240521,190000,4.79,4.8,4.74,4.7573,2294,0
TLF.US,60,20240521,220000,4.74,4.8,4.74,4.8,1000,0
TLF.US,60,20240522,170000,4.74,4.7495,4.74,4.7495,400,0
TLF.US,60,20240522,190000,4.69,4.7,4.69,4.7,534,0
TLF.US,60,20240522,200000,4.75,4.75,4.75,4.75,500,0
TLF.US,60,20240522,210000,4.7455,4.7455,4.72,4.72,685,0
TLF.US,60,20240522,220000,4.7,4.7,4.7,4.7,400,0
TLF.US,60,20240523,160000,4.685,4.685,4.685,4.685,670,0
TLF.US,60,20240523,170000,4.69,4.69,4.685,4.685,200,0
TLF.US,60,20240523,180000,4.6901,4.6901,4.6901,4.6901,1000,0
TLF.US,60,20240523,220000,4.692,4.702,4.68,4.68,2504,0
TLF.US,60,20240524,170000,4.6801,4.69,4.68,4.68,1905,0
TLF.US,60,20240524,180000,4.69,4.8,4.6801,4.74,3200,0
TLF.US,60,20240524,210000,4.74,4.74,4.74,4.74,100,0
TLF.US,60,20240528,160000,4.74,4.74,4.74,4.74,103,0
TLF.US,60,20240528,170000,4.77,4.8561,4.77,4.8561,8136,0
TLF.US,60,20240528,180000,4.885,4.885,4.885,4.885,717,0
TLF.US,60,20240528,190000,4.95,5,4.89,5,1696,0
TLF.US,60,20240528,210000,4.9,4.9,4.8002,4.8002,1323,0
TLF.US,60,20240528,220000,4.83,4.83,4.74,4.741,2070,0
TLF.US,60,20240529,160000,4.74,4.75,4.72,4.72,1083,0
TLF.US,60,20240529,170000,4.755,4.7835,4.72,4.72,2347,0
TLF.US,60,20240529,180000,4.72,4.78,4.71,4.71,2681,0
TLF.US,60,20240529,200000,4.732,4.732,4.73,4.73,1057,0
TLF.US,60,20240530,160000,4.75,4.75,4.75,4.75,984,0
TLF.US,60,20240530,170000,4.865,4.89,4.76,4.76,1226,0
TLF.US,60,20240530,210000,4.762,4.762,4.76,4.76,300,0
TLF.US,60,20240531,220000,4.73,4.95,4.73,4.95,1021,0
TLF.US,60,20240603,160000,4.73,4.73,4.68,4.68,600,0
TLF.US,60,20240603,170000,4.65,4.672,4.65,4.67,1026,0
TLF.US,60,20240603,180000,4.67,4.672,4.66,4.67,1079,0
TLF.US,60,20240603,190000,4.89,4.9,4.66,4.66,3902,0
TLF.US,60,20240603,200000,4.65,4.7,4.48,4.48,3165,0
TLF.US,60,20240603,220000,4.9955,4.9955,4.59,4.59,361,0
TLF.US,60,20240604,160000,4.6,4.6,4.6,4.6,469,0
TLF.US,60,20240604,180000,4.62,4.664,4.535,4.535,1039,0
TLF.US,60,20240604,190000,4.48,4.48,4.48,4.48,988,0
TLF.US,60,20240604,200000,4.48,4.48,4.47,4.47,578,0
TLF.US,60,20240604,210000,4.47,4.47,4.3823,4.3823,2160,0
TLF.US,60,20240604,220000,4.46,4.47,4.39,4.47,1350,0
TLF.US,60,20240605,180000,4.45,4.45,4.38,4.38,1483,0
TLF.US,60,20240605,190000,4.43,4.43,4.43,4.43,200,0
TLF.US,60,20240605,200000,4.44,4.44,4.44,4.44,1907,0
TLF.US,60,20240605,220000,4.4698,4.4699,4.44,4.44,715,0
TLF.US,60,20240606,160000,4.47,4.47,4.47,4.47,1979,0
TLF.US,60,20240606,210000,4.525,4.525,4.46,4.46,900,0
TLF.US,60,20240610,180000,4.47,4.5,4.47,4.5,1487,0
TLF.US,60,20240610,210000,4.566,4.6,4.55,4.6,1292,0
TLF.US,60,20240610,220000,4.59,4.6,4.5001,4.5001,2776,0
TLF.US,60,20240611,160000,4.5,4.5,4.49,4.49,813,0
TLF.US,60,20240611,210000,4.4999,4.4999,4.4999,4.4999,1491,0
TLF.US,60,20240611,220000,4.49,4.49,4.49,4.49,131,0
TLF.US,60,20240612,170000,4.43,4.43,4.4,4.4,3804,0
TLF.US,60,20240612,180000,4.41,4.43,4.41,4.43,1542,0
TLF.US,60,20240612,200000,4.45,4.45,4.45,4.45,100,0
TLF.US,60,20240612,220000,4.45,4.45,4.45,4.45,400,0
TLF.US,60,20240613,190000,4.45,4.45,4.45,4.45,100,0
TLF.US,60,20240613,210000,4.4243,4.4243,4.4243,4.4243,100,0
TLF.US,60,20240614,190000,4.46,4.46,4.46,4.46,132,0
TLF.US,60,20240614,220000,4.48,4.48,4.48,4.48,250,0
TLF.US,60,20240617,160000,4.5,4.5,4.5,4.5,398,0
TLF.US,60,20240617,180000,4.4,4.4001,4.4,4.4001,1796,0
TLF.US,60,20240617,210000,4.4,4.4,4.4,4.4,1000,0
TLF.US,60,20240617,220000,4.4,4.45,4.4,4.45,349,0
TLF.US,60,20240618,160000,4.4,4.4,4.4,4.4,632,0
TLF.US,60,20240618,170000,4.3997,4.3997,4.3997,4.3997,1000,0
TLF.US,60,20240618,190000,4.3999,4.3999,4.3999,4.3999,962,0
TLF.US,60,20240620,160000,4.45,4.45,4.3193,4.3193,320,0
TLF.US,60,20240620,170000,4.3799,4.3799,4.3799,4.3799,850,0
TLF.US,60,20240620,180000,4.33,4.33,4.33,4.33,867,0
TLF.US,60,20240620,220000,4.38,4.4,4.3666,4.4,791,0
TLF.US,60,20240621,160000,4.1401,4.1401,4.14,4.14,1238,0
TLF.US,60,20240621,170000,4.3,4.3,4.295,4.3,950,0
TLF.US,60,20240621,220000,4.36,4.38,4.355,4.355,763,0
TLF.US,60,20240624,180000,4.3299,4.3299,4.3299,4.3299,600,0
TLF.US,60,20240624,190000,4.25,4.2614,4.25,4.2614,2900,0
TLF.US,60,20240624,200000,4.255,4.26,4.25,4.26,1225,0
TLF.US,60,20240626,160000,4.32,4.32,4.32,4.32,228,0
TLF.US,60,20240626,210000,4.3366,4.3366,4.3366,4.3366,200,0
TLF.US,60,20240626,220000,4.35,4.45,4.35,4.438,2200,0
TLF.US,60,20240627,200000,4.2601,4.2601,4.2601,4.2601,222,0
TLF.US,60,20240627,220000,4.42,4.42,4.42,4.42,101,0
TLF.US,60,20240628,160000,4.45,4.45,4.45,4.45,318,0
TLF.US,60,20240628,170000,4.4401,4.4401,4.4401,4.4401,150,0
TLF.US,60,20240628,190000,4.47,4.47,4.47,4.47,648,0
TLF.US,60,20240628,210000,4.47,4.47,4.47,4.47,287,0
TLF.US,60,20240628,220000,4.47,4.5,4.44,4.5,1724,0
TLF.US,60,20240701,160000,4.5,4.5,4.5,4.5,424,0
TLF.US,60,20240702,210000,4.49,4.49,4.45,4.45,1842,0
TLF.US,60,20240702,220000,4.425,4.425,4.4,4.4,376,0
TLF.US,60,20240703,160000,4.4001,4.4001,4.4001,4.4001,152,0
TLF.US,60,20240703,180000,4.42,4.4542,4.42,4.4542,601,0
TLF.US,60,20240703,190000,4.45,4.45,4.45,4.45,100,0
TLF.US,60,20240705,160000,4.45,4.45,4.45,4.45,149,0
TLF.US,60,20240705,200000,4.437,4.437,4.41,4.41,509,0
TLF.US,60,20240705,220000,4.45,4.4797,4.44,4.44,700,0
TLF.US,60,20240708,160000,4.4201,4.4201,4.4201,4.4201,149,0
TLF.US,60,20240708,190000,4.4201,4.4201,4.4,4.4,666,0
TLF.US,60,20240708,220000,4.4002,4.4002,4.4,4.4,214,0
TLF.US,60,20240709,170000,4.4,4.4,4.4,4.4,682,0
TLF.US,60,20240709,220000,4.3,4.35,4.3,4.35,885,0
TLF.US,60,20240710,210000,4.305,4.305,4.305,4.305,100,0
TLF.US,60,20240710,220000,4.305,4.305,4.305,4.305,100,0
TLF.US,60,20240711,180000,4.2918,4.2918,4.2918,4.2918,223,0
TLF.US,60,20240711,190000,4.3,4.3,4.3,4.3,157,0
TLF.US,60,20240711,200000,4.3,4.31,4.3,4.31,1548,0
TLF.US,60,20240711,210000,4.34,4.36,4.34,4.35,2038,0
TLF.US,60,20240711,220000,4.35,4.365,4.35,4.365,2302,0
TLF.US,60,20240712,160000,4.36,4.36,4.36,4.36,107,0
TLF.US,60,20240712,170000,4.3,4.3,4.3,4.3,1275,0
TLF.US,60,20240712,180000,4.295,4.31,4.295,4.31,200,0
TLF.US,60,20240712,210000,4.4396,4.4396,4.4396,4.4396,147,0
TLF.US,60,20240715,170000,4.41,4.41,4.41,4.41,100,0
TLF.US,60,20240715,180000,4.345,4.345,4.345,4.345,167,0
TLF.US,60,20240715,190000,4.33,4.33,4.33,4.33,121,0
TLF.US,60,20240716,180000,4.272,4.3,4.27,4.27,2400,0
TLF.US,60,20240716,200000,4.3879,4.3879,4.2801,4.2801,900,0
TLF.US,60,20240716,220000,4.31,4.32,4.31,4.32,500,0
TLF.US,60,20240717,170000,4.395,4.395,4.39,4.39,678,0
TLF.US,60,20240717,180000,4.3839,4.3839,4.3839,4.3839,165,0
TLF.US,60,20240717,200000,4.3789,4.3789,4.3789,4.3789,100,0
TLF.US,60,20240718,220000,4.34,4.34,4.34,4.34,126,0
TLF.US,60,20240719,180000,4.26,4.26,4.26,4.26,100,0
TLF.US,60,20240719,190000,4.27,4.27,4.26,4.26,300,0
TLF.US,60,20240719,200000,4.26,4.26,4.26,4.26,300,0
TLF.US,60,20240719,210000,4.27,4.2965,4.27,4.28,400,0
TLF.US,60,20240719,220000,4.28,4.2801,4.27,4.27,1040,0
TLF.US,60,20240722,190000,4.305,4.305,4.305,4.305,1000,0
TLF.US,60,20240722,220000,4.38,4.38,4.38,4.38,124,0
TLF.US,60,20240724,170000,4.34,4.34,4.29,4.29,1300,0
TLF.US,60,20240724,190000,4.315,4.315,4.315,4.315,100,0
TLF.US,60,20240724,200000,4.26,4.26,4.22,4.22,2710,0
TLF.US,60,20240724,210000,4.25,4.25,4.25,4.25,939,0
TLF.US,60,20240724,220000,4.21,4.21,4.21,4.21,100,0
TLF.US,60,20240725,160000,4.3,4.3,4.3,4.3,928,0
TLF.US,60,20240725,190000,4.25,4.258,4.25,4.25,546,0
TLF.US,60,20240725,200000,4.239,4.2525,4.239,4.2525,1474,0
TLF.US,60,20240725,210000,4.23,4.245,4.2,4.245,1777,0
TLF.US,60,20240725,220000,4.21,4.21,4.21,4.21,200,0
TLF.US,60,20240726,160000,4.25,4.25,4.25,4.25,310,0
TLF.US,60,20240726,220000,4.3,4.31,4.29,4.293,3395,0
TLF.US,60,20240729,180000,4.39,4.39,4.39,4.39,167,0
TLF.US,60,20240730,170000,4.35,4.35,4.35,4.35,300,0
TLF.US,60,20240730,180000,4.35,4.35,4.35,4.35,108,0
TLF.US,60,20240730,190000,4.35,4.37,4.35,4.37,220,0
TLF.US,60,20240730,220000,4.36,4.36,4.35,4.35,548,0
TLF.US,60,20240731,180000,4.3501,4.3501,4.3501,4.3501,100,0
TLF.US,60,20240731,200000,4.4337,4.4337,4.43,4.43,600,0
TLF.US,60,20240802,170000,4.4681,4.4681,4.4681,4.4681,200,0
TLF.US,60,20240802,210000,4.38,4.38,4.38,4.38,577,0
TLF.US,60,20240802,220000,4.32,4.3704,4.13,4.22,11696,0
TLF.US,60,20240805,160000,4.21,4.22,4.21,4.2199,7004,0
TLF.US,60,20240805,170000,4.23,4.23,4.22,4.22,3000,0
TLF.US,60,20240805,180000,4.11,4.2,4.11,4.2,200,0
TLF.US,60,20240805,190000,4.055,4.055,4.055,4.055,100,0
TLF.US,60,20240805,220000,4.18,4.2,4.12,4.2,2894,0
TLF.US,60,20240806,170000,4.2,4.2,4.1994,4.2,1067,0
TLF.US,60,20240806,180000,4.2,4.2498,4.2,4.2498,1275,0
TLF.US,60,20240807,220000,4.245,4.245,4.245,4.245,148,0
TLF.US,60,20240808,160000,4.05,4.17,4.05,4.15,5862,0
TLF.US,60,20240808,170000,4.16,4.16,4.152,4.152,345,0
TLF.US,60,20240808,200000,4.2662,4.2662,4.2662,4.2662,200,0
TLF.US,60,20240809,220000,4.265,4.265,4.265,4.265,113,0
TLF.US,60,20240812,170000,4.225,4.225,4.15,4.15,250,0
TLF.US,60,20240812,180000,4.225,4.225,4.225,4.225,200,0
TLF.US,60,20240812,190000,4.2,4.2,4.2,4.2,200,0
TLF.US,60,20240812,200000,4.2011,4.2011,4.2011,4.2011,310,0
TLF.US,60,20240812,220000,4.21,4.21,4.21,4.21,100,0
TLF.US,60,20240813,180000,4.3,4.3,4.3,4.3,500,0
TLF.US,60,20240813,190000,4.21,4.21,4.21,4.21,120,0
TLF.US,60,20240813,200000,4.2,4.2,4.1499,4.15,2654,0
TLF.US,60,20240813,210000,4.15,4.15,4.15,4.15,120,0
TLF.US,60,20240813,220000,4.19,4.2,4.19,4.2,1200,0
TLF.US,60,20240814,170000,4.175,4.175,4.15,4.15,213,0
TLF.US,60,20240814,190000,4.15,4.2,4.15,4.15,1500,0
TLF.US,60,20240814,220000,4.15,4.15,4.09,4.15,2756,0
TLF.US,60,20240815,170000,4.1,4.1,3.92,3.92,2132,0
TLF.US,60,20240815,200000,4.0201,4.16,4.0201,4.09,1046,0
TLF.US,60,20240815,220000,4.1,4.1,4.1,4.1,1896,0
TLF.US,60,20240816,170000,4.08,4.08,4.08,4.08,387,0
TLF.US,60,20240816,200000,4.04,4.06,4.04,4.06,300,0
TLF.US,60,20240816,220000,4.06,4.06,4.04,4.04,1705,0
TLF.US,60,20240819,170000,4.04,4.04,4.04,4.04,100,0
TLF.US,60,20240819,180000,4.2,4.22,4.0301,4.0301,1400,0
TLF.US,60,20240820,200000,4.0287,4.29,4.0287,4.29,7152,0
TLF.US,60,20240821,160000,4.19,4.44,4.09,4.1,2151,0
TLF.US,60,20240821,170000,4.275,4.275,4.275,4.275,117,0
TLF.US,60,20240821,190000,4.3,4.3,4.3,4.3,150,0
TLF.US,60,20240822,200000,4.15,4.39,4.14,4.39,4235,0
TLF.US,60,20240822,210000,4.14,4.26,4.14,4.26,778,0
TLF.US,60,20240823,200000,4.198,4.198,4.198,4.198,200,0
TLF.US,60,20240826,180000,4.05,4.05,4.05,4.05,100,0
TLF.US,60,20240826,190000,4.1,4.14,4.1,4.1399,700,0
TLF.US,60,20240826,200000,4.1,4.15,4.1,4.15,2445,0
TLF.US,60,20240826,210000,4.245,4.245,4.245,4.245,572,0
TLF.US,60,20240827,170000,4.07,4.07,4.07,4.07,150,0
TLF.US,60,20240828,190000,4.13,4.19,4.13,4.14,508,0
TLF.US,60,20240829,180000,4.16,4.16,4.08,4.08,300,0
TLF.US,60,20240829,190000,4.1754,4.1754,4.1012,4.1012,791,0
TLF.US,60,20240830,180000,4.11,4.11,4.11,4.11,200,0
TLF.US,60,20240830,220000,4.135,4.135,4.12,4.12,200,0
TLF.US,60,20240903,160000,4.14,4.14,4.14,4.14,100,0
TLF.US,60,20240903,170000,4.14,4.14,4.14,4.14,186,0
TLF.US,60,20240903,190000,4.165,4.23,4.1,4.11,1096,0
TLF.US,60,20240903,220000,4.12,4.12,4.11,4.12,1133,0
TLF.US,60,20240904,190000,4.11,4.11,4.1,4.1,534,0
TLF.US,60,20240904,200000,4.15,4.15,4.1,4.1,300,0
TLF.US,60,20240904,220000,4.1,4.1,4.1,4.1,400,0
TLF.US,60,20240905,170000,4.1,4.1,4.1,4.1,348,0
TLF.US,60,20240905,180000,4.1,4.115,4.1,4.115,1228,0
TLF.US,60,20240906,190000,4.11,4.4,4.1,4.16,13104,0
TLF.US,60,20240906,220000,4.1073,4.1234,4.101,4.1234,1463,0
TLF.US,60,20240909,190000,4.12,4.21,3.985,4.21,5211,0
TLF.US,60,20240909,200000,4.11,4.18,4.02,4.13,3800,0
TLF.US,60,20240911,170000,4.0804,4.0804,4.0804,4.0804,157,0
TLF.US,60,20240911,190000,4.24,4.24,4.24,4.24,200,0
TLF.US,60,20240911,200000,4.1501,4.1501,4.1501,4.1501,616,0
TLF.US,60,20240911,220000,4.15,4.15,4.15,4.15,626,0
TLF.US,60,20240912,190000,4.15,4.15,3.95,3.98,6940,0
TLF.US,60,20240912,220000,4.07,4.07,4.07,4.07,300,0
TLF.US,60,20240913,200000,4.2882,4.2882,4.04,4.1,4839,0
TLF.US,60,20240913,220000,4.07,4.07,4.07,4.07,100,0
TLF.US,60,20240916,160000,4.07,4.07,4.07,4.07,127,0
TLF.US,60,20240916,180000,4.07,4.1525,4,4.02,2919,0
TLF.US,60,20240916,190000,4.05,4.0501,4.01,4.0501,4751,0
TLF.US,60,20240916,210000,4.18,4.21,3.9557,3.9557,11454,0
TLF.US,60,20240917,180000,4.24,4.24,4.05,4.08,1687,0
TLF.US,60,20240917,200000,4.03,4.05,3.9641,3.9641,1045,0
TLF.US,60,20240917,210000,4.02,4.06,4.02,4.06,1149,0
TLF.US,60,20240917,220000,4.035,4.06,4.01,4.01,6584,0
TLF.US,60,20240918,170000,4.01,4.01,4.01,4.01,227,0
TLF.US,60,20240918,190000,4.19,4.2,4.19,4.2,200,0
TLF.US,60,20240918,210000,4.1192,4.129,4.085,4.129,1576,0
TLF.US,60,20240918,220000,4.12,4.13,4.01,4.01,2228,0
TLF.US,60,20240919,170000,4.11,4.11,4.1,4.1,700,0
TLF.US,60,20240919,180000,4.125,4.14,4.125,4.14,700,0
TLF.US,60,20240919,190000,4.111,4.111,4.1,4.101,1174,0
TLF.US,60,20240919,200000,4.155,4.155,4.155,4.155,543,0
TLF.US,60,20240919,210000,4.1,4.1,4.1,4.1,100,0
TLF.US,60,20240920,170000,4.04,4.04,4.04,4.04,308,0
TLF.US,60,20240920,180000,4.11,4.11,4.0999,4.1,3000,0
TLF.US,60,20240920,190000,4.1,4.1,4.0601,4.0601,515,0
TLF.US,60,20240920,200000,4.0665,4.25,4.0665,4.1,4634,0
TLF.US,60,20240920,210000,4.1,4.34,4.1,4.34,649,0
TLF.US,60,20240920,220000,4.1,4.3,4.08,4.25,2510,0
TLF.US,60,20240923,160000,4.11,4.11,4.1,4.1,450,0
TLF.US,60,20240923,170000,4.1,4.12,4.083,4.1,2391,0
TLF.US,60,20240923,180000,4.1,4.1,4.1,4.1,203,0
TLF.US,60,20240923,200000,4.1145,4.1145,4.1145,4.1145,100,0
TLF.US,60,20240923,210000,4.0861,4.0861,4.0861,4.0861,1000,0
TLF.US,60,20240924,170000,4.12,4.14,4.095,4.1,3322,0
TLF.US,60,20240924,180000,4.1167,4.1167,4.1167,4.1167,1054,0
TLF.US,60,20240924,190000,4.125,4.15,4.125,4.1287,2600,0
TLF.US,60,20240924,220000,4.2062,4.2062,4.14,4.14,556,0
TLF.US,60,20240925,170000,4.18,4.2359,4.09,4.1,5766,0
TLF.US,60,20240925,180000,4.1,4.2201,4.09,4.1801,8459,0
TLF.US,60,20240925,190000,4.17,4.2,4.12,4.17,1527,0
TLF.US,60,20240925,200000,4.17,4.17,4.17,4.17,500,0
TLF.US,60,20240925,210000,4.18,4.18,4.18,4.18,300,0
TLF.US,60,20240925,220000,4.15,4.16,4.15,4.16,200,0
TLF.US,60,20240926,160000,4.11,4.11,4.05,4.05,1916,0
TLF.US,60,20240926,200000,4.1,4.1,4.05,4.05,603,0
TLF.US,60,20240927,170000,4.18,4.1801,4.06,4.1,6700,0
TLF.US,60,20240927,180000,4.14,4.14,4.14,4.14,100,0
TLF.US,60,20240927,220000,4.14,4.19,4.14,4.19,1118,0
TLF.US,60,20240930,170000,4.19,4.19,4.19,4.19,300,0
TLF.US,60,20240930,180000,4.18,4.19,4.18,4.19,408,0
TLF.US,60,20240930,200000,4.1734,4.1734,4.1734,4.1734,1000,0
TLF.US,60,20241001,160000,4.2,4.28,4.1788,4.2,3257,0
TLF.US,60,20241001,170000,4.2,4.2,4.2,4.2,775,0
TLF.US,60,20241001,180000,4.19,4.2,4.19,4.2,2893,0
TLF.US,60,20241001,190000,4.19,4.2117,4.14,4.14,1850,0
TLF.US,60,20241001,200000,4.16,4.16,4.13,4.13,2089,0
TLF.US,60,20241002,170000,4.2099,4.3325,4.08,4.08,16932,0
TLF.US,60,20241002,180000,4.1634,4.1634,4.0701,4.0701,1034,0
TLF.US,60,20241002,200000,4.11,4.12,4.11,4.11,2197,0
TLF.US,60,20241003,180000,4.17,4.2135,4.17,4.17,2418,0
TLF.US,60,20241003,200000,4.3,4.3,4.3,4.3,1000,0
TLF.US,60,20241004,160000,4.35,4.35,4.35,4.35,690,0
TLF.US,60,20241004,170000,4.2583,4.3408,4.25,4.26,3268,0
TLF.US,60,20241004,220000,4.23,4.2916,4.23,4.2916,1291,0
TLF.US,60,20241007,160000,4.18,4.26,4.17,4.25,7086,0
TLF.US,60,20241007,210000,4.22,4.22,4.22,4.22,100,0
TLF.US,60,20241007,220000,4.218,4.29,4.218,4.29,1014,0
TLF.US,60,20241008,160000,4.3,4.3,4.3,4.3,100,0
TLF.US,60,20241008,170000,4.3,4.3,4.2998,4.3,1693,0
TLF.US,60,20241008,180000,4.3157,4.4401,4.31,4.325,13765,0
TLF.US,60,20241008,200000,4.3157,4.4382,4.31,4.4,10783,0
TLF.US,60,20241008,220000,4.4,4.4,4.31,4.34,1376,0
TLF.US,60,20241009,160000,4.31,4.31,4.3,4.31,1686,0
TLF.US,60,20241009,170000,4.32,4.32,4.32,4.32,286,0
TLF.US,60,20241009,190000,4.2963,4.3,4.2633,4.3,1332,0
TLF.US,60,20241009,200000,4.3142,4.3142,4.31,4.3101,1000,0
TLF.US,60,20241009,210000,4.33,4.35,4.32,4.35,500,0
TLF.US,60,20241010,200000,4.35,4.35,4.35,4.35,1000,0
TLF.US,60,20241011,160000,4.3,4.3,4.3,4.3,200,0
TLF.US,60,20241011,180000,4.31,4.35,4.3061,4.3061,1145,0
TLF.US,60,20241011,200000,4.3039,4.3039,4.3039,4.3039,416,0
TLF.US,60,20241011,220000,4.35,4.35,4.35,4.35,800,0
TLF.US,60,20241014,160000,4.3,4.3,4.3,4.3,1000,0
TLF.US,60,20241014,170000,4.33,4.33,4.33,4.33,100,0
TLF.US,60,20241014,220000,4.25,4.25,4.25,4.25,193,0
TLF.US,60,20241015,180000,4.26,4.26,4.25,4.25,832,0
TLF.US,60,20241015,200000,4.34,4.34,4.34,4.34,100,0
TLF.US,60,20241015,220000,4.2,4.2,4.2,4.2,318,0
TLF.US,60,20241016,190000,4.2659,4.2659,4.2659,4.2659,462,0
TLF.US,60,20241016,220000,4.23,4.27,4.21,4.27,1037,0
TLF.US,60,20241017,170000,4.21,4.29,4.21,4.29,7461,0
TLF.US,60,20241018,160000,4.5,4.5,4.4999,4.4999,9870,0
TLF.US,60,20241018,190000,4.35,4.35,4.33,4.33,800,0
TLF.US,60,20241021,160000,4.33,4.33,4.33,4.33,148,0
TLF.US,60,20241021,180000,4.365,4.4858,4.25,4.25,635,0
TLF.US,60,20241021,200000,4.2501,4.3167,4.2501,4.3167,1201,0
TLF.US,60,20241021,210000,4.2517,4.3,4.24,4.24,4653,0
TLF.US,60,20241021,220000,4.346,4.346,4.24,4.29,500,0
TLF.US,60,20241022,160000,4.3958,4.3958,4.3958,4.3958,190,0
TLF.US,60,20241022,170000,4.25,4.4,4.2499,4.398,5358,0
TLF.US,60,20241022,180000,4.44,4.45,4.3,4.35,2099,0
TLF.US,60,20241022,210000,4.2635,4.2635,4.2635,4.2635,130,0
TLF.US,60,20241022,220000,4.25,4.325,4.25,4.325,728,0
TLF.US,60,20241024,170000,4.31,4.4501,4.31,4.355,5800,0
TLF.US,60,20241024,180000,4.41,4.41,4.3011,4.3011,1839,0
TLF.US,60,20241025,160000,4.3,4.3,4.3,4.3,126,0
TLF.US,60,20241025,200000,4.32,4.32,4.32,4.32,1976,0
TLF.US,60,20241025,210000,4.33,4.43,4.33,4.43,504,0
TLF.US,60,20241028,150000,4.338,4.35,4.23,4.35,7437,0
TLF.US,60,20241028,210000,4.33,4.33,4.33,4.33,100,0
TLF.US,60,20241029,180000,4.33,4.33,4.33,4.33,470,0
TLF.US,60,20241029,200000,4.34,4.34,4.34,4.34,2305,0
TLF.US,60,20241029,210000,4.33,4.34,4.33,4.34,400,0
TLF.US,60,20241030,160000,4.34,4.34,4.21,4.21,1209,0
TLF.US,60,20241030,200000,4.2101,4.2101,4.2101,4.2101,204,0
TLF.US,60,20241030,210000,4.33,4.33,4.32,4.32,676,0
TLF.US,60,20241031,150000,4.32,4.32,4.32,4.32,1000,0
TLF.US,60,20241031,170000,4.32,4.32,4.32,4.32,500,0
TLF.US,60,20241031,200000,4.2,4.2,4.2,4.2,100,0
TLF.US,60,20241031,210000,4.2399,4.2399,4.2399,4.2399,218,0
TLF.US,60,20241101,160000,4.3501,4.3501,4.15,4.326,5600,0
TLF.US,60,20241101,170000,4.2,4.2,4.2,4.2,345,0
TLF.US,60,20241104,180000,4.32,4.32,4.32,4.32,115,0
TLF.US,60,20241104,200000,4.3268,4.3268,4.3268,4.3268,176,0
TLF.US,60,20241104,210000,4.3,4.3,4.3,4.3,100,0
TLF.US,60,20241105,200000,4.15,4.15,4.15,4.15,149,0
TLF.US,60,20241105,220000,4.24,4.24,4.24,4.24,122,0
TLF.US,60,20241106,200000,4.25,4.25,4.2499,4.2499,2617,0
TLF.US,60,20241107,220000,4.21,4.21,4.21,4.21,133,0
TLF.US,60,20241108,180000,4.21,4.21,4.21,4.21,232,0
TLF.US,60,20241108,190000,4.2,4.2001,4.2,4.2001,322,0
TLF.US,60,20241112,200000,4.2001,4.2142,4.15,4.1501,3112,0
TLF.US,60,20241113,190000,4.2,4.2,4.2,4.2,100,0
TLF.US,60,20241114,200000,4.175,4.2,4.1577,4.1577,1850,0
TLF.US,60,20241114,210000,4.2,4.2,4.2,4.2,300,0
TLF.US,60,20241118,170000,4.16,4.22,3.97,3.97,66287,0
TLF.US,60,20241118,180000,4.01,4.05,3.98,3.98,4612,0
TLF.US,60,20241118,200000,4.07,4.08,4.07,4.08,516,0
TLF.US,60,20241118,220000,4.06,4.06,4.0004,4.05,3199,0
TLF.US,60,20241119,170000,4.15,4.15,4.01,4.01,2101,0
TLF.US,60,20241119,190000,4.195,4.195,4.0314,4.0555,6646,0
TLF.US,60,20241119,220000,4.105,4.15,4.105,4.15,729,0
TLF.US,60,20241120,160000,4.1,4.1,4.05,4.0984,533,0
TLF.US,60,20241120,220000,4.06,4.2001,4.03,4.03,3174,0
TLF.US,60,20241121,170000,4.19,4.1985,4.07,4.125,7678,0
TLF.US,60,20241121,210000,4.1972,4.1972,4.1972,4.1972,136,0
TLF.US,60,20241122,220000,4.21,4.21,4.21,4.21,235,0
TLF.US,60,20241125,170000,4.1901,4.22,4.0857,4.17,3977,0
TLF.US,60,20241125,190000,4.1309,4.1309,4.09,4.09,200,0
TLF.US,60,20241125,200000,4.1,4.1,4.1,4.1,100,0
TLF.US,60,20241125,210000,4.1,4.1,4.1,4.1,100,0
TLF.US,60,20241125,220000,4.11,4.11,4.11,4.11,755,0
TLF.US,60,20241126,170000,4.21,4.21,4.11,4.11,2830,0
TLF.US,60,20241126,180000,4.1,4.1,4.1,4.1,200,0
TLF.US,60,20241126,210000,4.1,4.1,4.1,4.1,498,0
TLF.US,60,20241126,220000,4.1,4.1,4.07,4.07,697,0
TLF.US,60,20241127,170000,4.2,4.22,4.075,4.11,8708,0
TLF.US,60,20241127,210000,4.1312,4.1312,4.1312,4.1312,2000,0
TLF.US,60,20241127,220000,4.17,4.17,4.17,4.17,100,0
TLF.US,60,20241129,160000,4.15,4.15,4.15,4.15,113,0
TLF.US,60,20241129,170000,4.12,4.14,4.1199,4.12,926,0
TLF.US,60,20241202,190000,4.081,4.09,4.0723,4.0723,657,0
TLF.US,60,20241202,200000,4.09,4.19,4.06,4.0974,14378,0
TLF.US,60,20241202,220000,4.07,4.07,4.07,4.07,207,0
TLF.US,60,20241203,170000,4.07,4.09,4.07,4.07,2651,0
TLF.US,60,20241203,180000,4.07,4.097,4,4,9552,0
TLF.US,60,20241203,200000,4.05,4.05,4.05,4.05,208,0
TLF.US,60,20241203,210000,4.05,4.05,4.05,4.05,200,0
TLF.US,60,20241204,160000,4.06,4.06,4.0163,4.0163,2688,0
TLF.US,60,20241204,180000,4,4,4,4,250,0
TLF.US,60,20241204,220000,4.1,4.1,4.09,4.09,600,0
TLF.US,60,20241205,170000,4.045,4.045,4,4,2593,0
TLF.US,60,20241205,180000,4.08,4.0899,4.08,4.0899,684,0
TLF.US,60,20241205,200000,4.08,4.08,4.08,4.08,400,0
TLF.US,60,20241205,220000,4,4,4,4,126,0
TLF.US,60,20241206,170000,4.07,4.07,4.07,4.07,450,0
TLF.US,60,20241206,210000,4.035,4.035,4.035,4.035,246,0
TLF.US,60,20241206,220000,4.01,4.01,4.01,4.01,100,0
TLF.US,60,20241209,160000,4.7,5,4.7,4.9998,25465,0
TLF.US,60,20241209,170000,5,5.3,4.92,5,41930,0
TLF.US,60,20241209,180000,5,5.0436,4.85,4.85,15407,0
TLF.US,60,20241209,190000,4.9,4.99,4.88,4.9527,16093,0
TLF.US,60,20241209,200000,4.9899,5.06,4.97,5.05,7500,0
TLF.US,60,20241209,210000,5.05,5.14,5.01,5.14,10877,0
TLF.US,60,20241209,220000,5.1,5.13,4.7901,4.855,32532,0
TLF.US,60,20241210,160000,4.86,4.86,4.6964,4.7,3913,0
TLF.US,60,20241210,170000,4.72,4.85,4.71,4.85,7704,0
TLF.US,60,20241210,180000,4.85,4.86,4.75,4.8,3511,0
TLF.US,60,20241210,190000,4.81,4.83,4.72,4.775,3020,0
TLF.US,60,20241210,200000,4.775,4.83,4.72,4.775,5320,0
TLF.US,60,20241210,210000,4.775,4.78,4.7503,4.7503,3050,0
TLF.US,60,20241210,220000,4.7601,4.8299,4.75,4.7543,5062,0
TLF.US,60,20241211,160000,4.8,4.8,4.8,4.8,2000,0
TLF.US,60,20241211,170000,4.81,4.885,4.77,4.77,3862,0
TLF.US,60,20241211,180000,4.8,4.8,4.752,4.752,2999,0
TLF.US,60,20241211,190000,4.8964,4.8964,4.8964,4.8964,550,0
TLF.US,60,20241211,200000,4.77,4.77,4.77,4.77,400,0
TLF.US,60,20241211,220000,4.8655,4.8655,4.81,4.81,1251,0
TLF.US,60,20241212,180000,4.8349,4.8349,4.8347,4.8349,2000,0
TLF.US,60,20241212,200000,4.8661,4.8661,4.8661,4.8661,500,0
TLF.US,60,20241212,210000,5,5,5,5,500,0
TLF.US,60,20241212,220000,4.83,4.85,4.81,4.8464,860,0
TLF.US,60,20241213,160000,4.91,4.91,4.91,4.91,100,0
TLF.US,60,20241213,170000,4.8,4.85,4.7,4.85,5671,0
TLF.US,60,20241213,190000,4.825,4.85,4.825,4.85,400,0
TLF.US,60,20241213,210000,4.81,4.81,4.8,4.8087,1160,0
TLF.US,60,20241213,220000,4.8,4.8,4.74,4.74,3482,0
TLF.US,60,20241216,160000,4.74,4.767,4.7,4.7,2999,0
TLF.US,60,20241216,170000,4.65,4.66,4.5,4.6501,12738,0
TLF.US,60,20241216,180000,4.65,4.65,4.65,4.65,100,0
TLF.US,60,20241216,210000,4.68,4.68,4.68,4.68,275,0
TLF.US,60,20241216,220000,4.74,4.75,4.74,4.74,883,0
TLF.US,60,20241217,160000,4.79,4.79,4.78,4.78,1100,0
TLF.US,60,20241217,180000,4.77,4.78,4.77,4.78,249,0
TLF.US,60,20241217,190000,4.75,4.75,4.72,4.72,300,0
TLF.US,60,20241217,210000,4.711,4.711,4.711,4.711,200,0
TLF.US,60,20241217,220000,4.74,4.74,4.74,4.74,100,0
TLF.US,60,20241218,160000,4.75,4.75,4.75,4.75,765,0
TLF.US,60,20241218,190000,4.79,4.79,4.7,4.7,2723,0
TLF.US,60,20241218,200000,4.7,4.7,4.7,4.7,133,0
TLF.US,60,20241218,210000,4.69,4.75,4.69,4.75,9470,0
TLF.US,60,20241218,220000,4.66,4.66,4.66,4.66,1566,0
TLF.US,60,20241219,160000,4.63,4.7,4.63,4.7,2130,0
TLF.US,60,20241219,170000,4.73,4.73,4.73,4.73,100,0
TLF.US,60,20241219,180000,4.651,4.651,4.65,4.65,1358,0
TLF.US,60,20241219,190000,4.65,4.695,4.65,4.695,1940,0
TLF.US,60,20241219,220000,4.65,4.65,4.65,4.65,100,0
TLF.US,60,20241220,180000,4.67,4.67,4.67,4.67,100,0
TLF.US,60,20241220,200000,4.725,4.725,4.725,4.725,100,0
TLF.US,60,20241220,220000,4.67,4.75,4.67,4.73,1300,0
TLF.US,60,20241223,180000,4.6979,4.75,4.6979,4.75,979,0
TLF.US,60,20241223,200000,4.705,4.7427,4.705,4.7427,1000,0
TLF.US,60,20241223,220000,4.73,4.73,4.73,4.73,100,0
TLF.US,60,20241226,170000,4.77,4.9,4.73,4.9,8847,0
TLF.US,60,20241226,210000,4.86,4.86,4.86,4.86,100,0
TLF.US,60,20241226,220000,4.8,4.8,4.8,4.8,295,0
TLF.US,60,20241227,160000,4.89,4.89,4.89,4.89,100,0
TLF.US,60,20241227,170000,4.91,4.91,4.91,4.91,500,0
TLF.US,60,20241227,180000,4.88,4.88,4.88,4.88,210,0
TLF.US,60,20241227,210000,4.72,4.84,4.72,4.84,3340,0
TLF.US,60,20241230,160000,4.88,4.88,4.88,4.88,100,0
TLF.US,60,20241230,170000,4.87,4.888,4.68,4.75,13809,0
TLF.US,60,20241230,180000,4.7988,4.7988,4.7,4.73,3598,0
TLF.US,60,20241230,190000,4.76,4.8287,4.76,4.79,1050,0
TLF.US,60,20241230,200000,4.7829,4.7829,4.7829,4.7829,200,0
TLF.US,60,20241230,210000,4.77,4.77,4.77,4.77,172,0
TLF.US,60,20241231,160000,4.8382,4.9,4.818,4.818,7738,0
TLF.US,60,20241231,170000,4.85,4.85,4.85,4.85,450,0
TLF.US,60,20241231,190000,4.8107,4.8107,4.8107,4.8107,250,0
TLF.US,60,20241231,210000,4.79,4.79,4.79,4.79,100,0
TLF.US,60,20250102,160000,4.81,4.81,4.78,4.78,400,0
TLF.US,60,20250102,170000,4.79,4.79,4.79,4.79,900,0
TLF.US,60,20250102,180000,4.78,4.78,4.78,4.78,100,0
TLF.US,60,20250102,210000,4.78,4.81,4.77,4.7716,4398,0
TLF.US,60,20250102,220000,4.79,4.79,4.76,4.77,1600,0
TLF.US,60,20250103,160000,4.8001,4.8001,4.8,4.8,377,0
TLF.US,60,20250103,180000,4.75,4.75,4.72,4.75,1200,0
TLF.US,60,20250106,160000,4.81,4.85,4.81,4.8101,1526,0
TLF.US,60,20250106,170000,4.8102,4.8201,4.72,4.74,3783,0
TLF.US,60,20250106,180000,4.74,4.77,4.71,4.77,3423,0
TLF.US,60,20250106,190000,4.72,4.7329,4.71,4.71,6578,0
TLF.US,60,20250106,200000,4.65,4.71,4.65,4.71,950,0
TLF.US,60,20250106,210000,4.6609,4.685,4.6601,4.6687,4000,0
TLF.US,60,20250106,220000,4.68,4.7,4.6601,4.685,4066,0
TLF.US,60,20250107,160000,4.7,4.7,4.6644,4.6794,8100,0
TLF.US,60,20250107,170000,4.68,4.71,4.68,4.71,2881,0
TLF.US,60,20250107,180000,4.71,4.71,4.69,4.69,900,0
TLF.US,60,20250107,190000,4.71,4.71,4.68,4.6801,2924,0
TLF.US,60,20250107,200000,4.68,4.68,4.68,4.68,445,0
TLF.US,60,20250107,210000,4.65,4.6501,4.65,4.6501,3000,0
TLF.US,60,20250107,220000,4.6501,4.665,4.65,4.6501,3046,0
TLF.US,60,20250108,160000,4.65,4.65,4.65,4.65,494,0
TLF.US,60,20250108,170000,4.64,4.64,4.64,4.64,147,0
TLF.US,60,20250108,180000,4.66,4.66,4.6401,4.6401,2000,0
TLF.US,60,20250108,190000,4.7199,4.7199,4.64,4.64,2889,0
TLF.US,60,20250108,210000,4.6501,4.6904,4.6,4.69,3271,0
TLF.US,60,20250108,220000,4.64,4.65,4.64,4.65,1107,0
TLF.US,60,20250110,170000,4.6005,4.6005,4.6,4.6,932,0
TLF.US,60,20250110,180000,4.56,4.585,4.56,4.585,1355,0
TLF.US,60,20250110,190000,4.5701,4.59,4.57,4.59,2681,0
TLF.US,60,20250110,200000,4.5701,4.5797,4.57,4.5797,1230,0
TLF.US,60,20250110,210000,4.585,4.6,4.585,4.6,1546,0
TLF.US,60,20250110,220000,4.5704,4.5704,4.55,4.555,4044,0
TLF.US,60,20250113,160000,4.61,4.61,4.61,4.61,139,0
TLF.US,60,20250113,170000,4.45,4.575,4.45,4.4701,14905,0
TLF.US,60,20250113,180000,4.4701,4.5064,4.395,4.5001,17595,0
TLF.US,60,20250113,190000,4.45,4.45,4.45,4.45,1999,0
TLF.US,60,20250113,220000,4.411,4.411,4.4094,4.41,3165,0
TLF.US,60,20250114,170000,4.46,4.48,4.42,4.42,8149,0
TLF.US,60,20250114,180000,4.43,4.45,4.43,4.45,3700,0
TLF.US,60,20250114,190000,4.43,4.44,4.43,4.44,2100,0
TLF.US,60,20250114,200000,4.41,4.43,4.41,4.43,2979,0
TLF.US,60,20250114,210000,4.41,4.423,4.4,4.4,11732,0
TLF.US,60,20250114,220000,4.36,4.36,4.27,4.3454,11199,0
TLF.US,60,20250115,170000,4.4407,4.4407,4.3857,4.3857,2150,0
TLF.US,60,20250115,180000,4.385,4.385,4.37,4.38,910,0
TLF.US,60,20250115,190000,4.4,4.5,4.4,4.465,961,0
TLF.US,60,20250115,200000,4.4201,4.47,4.4201,4.4301,2400,0
TLF.US,60,20250115,210000,4.42,4.4675,4.405,4.4295,3562,0
TLF.US,60,20250115,220000,4.4,4.45,4.4,4.41,4288,0
TLF.US,60,20250116,160000,4.41,4.41,4.41,4.41,1100,0
TLF.US,60,20250116,170000,4.5101,4.5101,4.45,4.45,462,0
TLF.US,60,20250116,190000,4.49,4.49,4.46,4.46,3100,0
TLF.US,60,20250116,200000,4.46,4.46,4.38,4.45,1803,0
TLF.US,60,20250116,210000,4.45,4.465,4.4,4.4,907,0
TLF.US,60,20250116,220000,4.39,4.46,4.38,4.46,5279,0
TLF.US,60,20250117,160000,4.5,4.5,4.5,4.5,388,0
TLF.US,60,20250117,170000,4.4365,4.44,4.4365,4.44,503,0
TLF.US,60,20250117,180000,4.4236,4.46,4.4236,4.45,1452,0
TLF.US,60,20250117,190000,4.45,4.45,4.43,4.43,1100,0
TLF.US,60,20250117,210000,4.43,4.43,4.43,4.43,400,0
TLF.US,60,20250117,220000,4.4246,4.43,4.415,4.43,948,0
TLF.US,60,20250121,160000,4.45,4.46,4.41,4.46,1551,0
TLF.US,60,20250121,180000,4.5007,4.5007,4.5,4.5001,3767,0
TLF.US,60,20250121,190000,4.5299,4.5299,4.5,4.5,5200,0
TLF.US,60,20250121,200000,4.5,4.5,4.4076,4.4076,1297,0
TLF.US,60,20250121,210000,4.49,4.56,4.49,4.5065,5064,0
TLF.US,60,20250121,220000,4.4,4.4,4.4,4.4,180,0
TLF.US,60,20250122,170000,4.48,4.5,4.48,4.5,1772,0
TLF.US,60,20250122,180000,4.435,4.48,4.435,4.48,2200,0
TLF.US,60,20250122,200000,4.45,4.45,4.45,4.45,122,0
TLF.US,60,20250122,220000,4.4,4.45,4.4,4.42,3066,0
TLF.US,60,20250123,190000,4.4002,4.4002,4.39,4.39,349,0
TLF.US,60,20250123,200000,4.395,4.4,4.395,4.4,1968,0
TLF.US,60,20250123,210000,4.4399,4.4399,4.39,4.39,1225,0
TLF.US,60,20250123,220000,4.43,4.48,4.43,4.48,2823,0
TLF.US,60,20250124,160000,4.4799,4.4799,4.4799,4.4799,111,0
TLF.US,60,20250124,170000,4.425,4.425,4.425,4.425,2000,0
TLF.US,60,20250124,190000,4.4464,4.45,4.435,4.44,1600,0
TLF.US,60,20250124,200000,4.43,4.45,4.43,4.45,2120,0
TLF.US,60,20250124,210000,4.45,4.5,4.45,4.4601,14143,0
TLF.US,60,20250127,160000,4.45,4.4501,4.45,4.4501,5444,0
TLF.US,60,20250127,170000,4.41,4.41,4.39,4.395,1759,0
TLF.US,60,20250127,180000,4.395,4.4,4.395,4.4,5965,0
TLF.US,60,20250127,190000,4.43,4.43,4.43,4.43,200,0
TLF.US,60,20250127,210000,4.4154,4.4154,4.4154,4.4154,250,0
TLF.US,60,20250128,180000,4.455,4.46,4.455,4.46,2800,0
TLF.US,60,20250128,200000,4.45,4.45,4.45,4.45,561,0
TLF.US,60,20250128,210000,4.4,4.4422,4.4,4.4422,2323,0
TLF.US,60,20250128,220000,4.4,4.4,4.35,4.39,4000,0
TLF.US,60,20250129,160000,4.8,4.97,4.8,4.85,12754,0
TLF.US,60,20250129,170000,4.8201,4.8565,4.581,4.7,44582,0
TLF.US,60,20250129,180000,4.65,4.72,4.6,4.72,23979,0
TLF.US,60,20250129,190000,4.6716,4.87,4.67,4.8399,30629,0
TLF.US,60,20250129,200000,4.84,4.94,4.76,4.884,36492,0
TLF.US,60,20250129,210000,4.841,4.94,4.7129,4.9348,22365,0
TLF.US,60,20250129,220000,4.9399,5.18,4.9081,5.01,30652,0
TLF.US,60,20250130,160000,5.02,5.22,4.92,4.94,17914,0
TLF.US,60,20250130,170000,4.95,4.9647,4.71,4.71,44530,0
TLF.US,60,20250130,180000,4.78,4.88,4.7301,4.88,14760,0
TLF.US,60,20250130,190000,4.8788,4.89,4.8788,4.89,1000,0
TLF.US,60,20250130,200000,4.86,4.91,4.8501,4.8507,3350,0
TLF.US,60,20250130,210000,4.9,4.91,4.84,4.84,2406,0
TLF.US,60,20250130,220000,4.92,4.92,4.75,4.8,22734,0
TLF.US,60,20250131,160000,4.95,4.95,4.7537,4.8842,5011,0
TLF.US,60,20250131,170000,4.8576,4.8576,4.8027,4.83,7355,0
TLF.US,60,20250131,180000,4.85,4.8892,4.85,4.88,11228,0
TLF.US,60,20250131,190000,4.8582,4.8582,4.8352,4.8352,1340,0
TLF.US,60,20250131,200000,4.8375,4.85,4.83,4.85,2827,0
TLF.US,60,20250131,210000,4.85,4.8854,4.85,4.88,16526,0
TLF.US,60,20250131,220000,4.8823,4.92,4.8499,4.89,30036,0
TLF.US,60,20250203,160000,4.71,4.95,4.71,4.8225,13257,0
TLF.US,60,20250203,170000,4.85,4.87,4.845,4.855,7508,0
TLF.US,60,20250203,180000,4.885,4.885,4.7994,4.86,7752,0
TLF.US,60,20250203,190000,4.845,4.97,4.845,4.97,6747,0
TLF.US,60,20250203,200000,4.96,4.96,4.9415,4.9415,2805,0
TLF.US,60,20250203,210000,4.9104,4.9273,4.9104,4.9273,329,0
TLF.US,60,20250203,220000,4.91,4.92,4.87,4.91,24215,0
TLF.US,60,20250204,160000,4.81,4.98,4.81,4.98,1844,0
TLF.US,60,20250204,170000,4.959,5.04,4.935,5.015,5046,0
TLF.US,60,20250204,180000,5.01,5.03,4.995,5.0255,3599,0
TLF.US,60,20250204,190000,5.03,5.0356,5.015,5.03,5586,0
TLF.US,60,20250204,200000,5.02,5.05,5.02,5.035,8233,0
TLF.US,60,20250204,210000,5.03,5.0596,5.03,5.05,2302,0
TLF.US,60,20250204,220000,5.04,5.0699,5.01,5.0699,7764,0
TLF.US,60,20250205,160000,5.09,5.09,5,5.04,4100,0
TLF.US,60,20250205,170000,5.06,5.07,5.0385,5.05,1600,0
TLF.US,60,20250205,180000,5.07,5.07,5.07,5.07,389,0
TLF.US,60,20250205,190000,5.06,5.06,5.06,5.06,200,0
TLF.US,60,20250205,200000,5.05,5.07,5.04,5.04,1099,0
TLF.US,60,20250205,210000,5.06,5.06,5.0301,5.0301,2916,0
TLF.US,60,20250205,220000,5.04,5.045,5.04,5.045,507,0
TLF.US,60,20250206,170000,5.0081,5.0081,5.0081,5.0081,250,0
TLF.US,60,20250206,180000,5.05,5.06,5.05,5.0535,2013,0
TLF.US,60,20250206,190000,5.07,5.08,5.07,5.08,634,0
TLF.US,60,20250206,200000,5.08,5.08,5.0535,5.0535,10721,0
TLF.US,60,20250206,220000,5.025,5.025,5.01,5.01,742,0
TLF.US,60,20250207,160000,5.01,5.09,5.01,5.09,5445,0
TLF.US,60,20250207,170000,5.06,5.06,5.06,5.06,100,0
TLF.US,60,20250207,180000,5.06,5.06,5.03,5.06,393,0
TLF.US,60,20250207,190000,5.0543,5.0543,5.0543,5.0543,350,0
TLF.US,60,20250207,200000,5.08,5.08,5.08,5.08,101,0
TLF.US,60,20250207,210000,5.07,5.07,5.07,5.07,100,0
TLF.US,60,20250207,220000,5.075,5.1,5.075,5.0935,5789,0
TLF.US,60,20250210,160000,5.14,5.15,5.14,5.14,2490,0
TLF.US,60,20250210,170000,5.14,5.1955,5.1399,5.1728,5097,0
TLF.US,60,20250210,180000,5.2,5.2,5.15,5.15,3370,0
TLF.US,60,20250210,190000,5.1647,5.1799,5.15,5.1501,1790,0
TLF.US,60,20250210,200000,5.18,5.18,5.0999,5.0999,3073,0
TLF.US,60,20250210,210000,5.075,5.104,5.075,5.104,632,0
TLF.US,60,20250210,220000,5.1,5.1,5.1,5.1,100,0
TLF.US,60,20250211,160000,5.19,5.19,5.15,5.15,10353,0
TLF.US,60,20250211,170000,5.15,5.2,5.112,5.1622,5793,0
TLF.US,60,20250211,180000,5.1529,5.1529,5.15,5.15,2274,0
TLF.US,60,20250211,190000,5.1469,5.1469,5.124,5.124,275,0
TLF.US,60,20250211,200000,5.15,5.185,5.1426,5.1426,5256,0
TLF.US,60,20250211,210000,5.17,5.17,5.1281,5.1281,225,0
TLF.US,60,20250211,220000,5.1677,5.17,5.125,5.13,6696,0
TLF.US,60,20250212,160000,5.085,5.085,5.085,5.085,400,0
TLF.US,60,20250212,170000,5.15,5.15,5.15,5.15,995,0
TLF.US,60,20250212,180000,5.13,5.13,5.13,5.13,193,0
TLF.US,60,20250212,200000,5.1,5.1,5.1,5.1,220,0
TLF.US,60,20250212,220000,5.11,5.13,5.08,5.08,1316,0
TLF.US,60,20250213,160000,5.12,5.12,5.1,5.11,400,0
TLF.US,60,20250213,170000,5.1,5.15,5.09,5.15,15912,0
TLF.US,60,20250213,180000,5.17,5.3299,5.17,5.235,17493,0
TLF.US,60,20250213,190000,5.235,5.26,5.2349,5.26,13273,0
TLF.US,60,20250213,200000,5.2502,5.3,5.14,5.14,30124,0
TLF.US,60,20250213,210000,5.25,5.27,5.22,5.23,3848,0
TLF.US,60,20250213,220000,5.205,5.23,5.1748,5.2,3227,0
TLF.US,60,20250214,160000,5.28,5.28,5.2,5.2101,2795,0
TLF.US,60,20250214,170000,5.28,5.28,5.2,5.215,800,0
TLF.US,60,20250214,180000,5.23,5.2767,5.23,5.23,6737,0
TLF.US,60,20250214,190000,5.24,5.2401,5.23,5.24,2717,0
TLF.US,60,20250214,200000,5.24,5.26,5.23,5.2301,1465,0
TLF.US,60,20250214,210000,5.24,5.2899,5.24,5.26,6653,0
TLF.US,60,20250214,220000,5.27,5.27,5.22,5.265,20583,0
TLF.US,60,20250218,160000,5.25,5.3,5.25,5.26,3866,0
TLF.US,60,20250218,170000,5.28,5.4,5.25,5.34,14796,0
TLF.US,60,20250218,180000,5.39,5.4494,5.33,5.4494,30586,0
TLF.US,60,20250218,190000,5.425,5.4358,5.3601,5.41,5552,0
TLF.US,60,20250218,200000,5.4417,5.48,5.41,5.46,6080,0
TLF.US,60,20250218,210000,5.43,5.45,5.41,5.41,11263,0
TLF.US,60,20250218,220000,5.43,5.45,5.39,5.42,25952,0
TLF.US,60,20250219,160000,3.79,3.8242,3.53,3.7401,11678,0
TLF.US,60,20250219,170000,3.7801,3.97,3.7801,3.97,23068,0
TLF.US,60,20250219,180000,3.97,4.07,3.95,4.035,26552,0
TLF.US,60,20250219,190000,4.04,4.06,3.9608,3.97,7763,0
TLF.US,60,20250219,200000,3.97,4.019,3.96,4.01,5283,0
TLF.US,60,20250219,210000,4.022,4.05,3.98,4.05,18773,0
TLF.US,60,20250219,220000,4.05,4.07,3.96,3.96,15420,0
TLF.US,60,20250220,160000,4.13,4.195,3.96,3.9601,12451,0
TLF.US,60,20250220,170000,4.08,4.08,3.88,3.98,4632,0
TLF.US,60,20250220,180000,3.9545,3.98,3.871,3.871,7211,0
TLF.US,60,20250220,190000,3.96,4.09,3.96,3.9868,12848,0
TLF.US,60,20250220,200000,3.98,3.98,3.9275,3.93,1417,0
TLF.US,60,20250220,210000,3.94,3.95,3.9187,3.95,2254,0
TLF.US,60,20250220,220000,3.92,4.01,3.92,3.98,8476,0
TLF.US,60,20250221,160000,4.03,4.0706,3.94,3.94,7489,0
TLF.US,60,20250221,170000,3.91,3.91,3.8115,3.91,1742,0
TLF.US,60,20250221,200000,3.95,3.95,3.95,3.95,500,0
TLF.US,60,20250221,210000,3.93,3.93,3.85,3.85,3621,0
TLF.US,60,20250221,220000,3.86,3.89,3.86,3.885,4305,0
TLF.US,60,20250224,160000,3.87,3.87,3.545,3.545,15124,0
TLF.US,60,20250224,170000,3.74,3.75,3.74,3.75,500,0
TLF.US,60,20250224,180000,3.7,3.7,3.7,3.7,100,0
TLF.US,60,20250224,190000,3.7,3.7284,3.7,3.7284,7468,0
TLF.US,60,20250224,200000,3.7432,3.77,3.5719,3.75,30056,0
TLF.US,60,20250224,210000,3.7462,3.7462,3.66,3.7,7950,0
TLF.US,60,20250224,220000,3.7601,3.8,3.75,3.75,1888,0
TLF.US,60,20250225,160000,3.76,3.76,3.64,3.64,15998,0
TLF.US,60,20250225,170000,3.54,3.7,3.54,3.64,8307,0
TLF.US,60,20250225,180000,3.65,3.66,3.5,3.5,18775,0
TLF.US,60,20250225,190000,3.4101,3.595,3.34,3.595,33676,0
TLF.US,60,20250225,200000,3.57,3.62,3.508,3.54,18970,0
TLF.US,60,20250225,210000,3.51,3.5101,3.38,3.38,18201,0
TLF.US,60,20250225,220000,3.39,3.4,3.37,3.39,5474,0
TLF.US,60,20250226,160000,3.37,3.384,3.3401,3.3401,8987,0
TLF.US,60,20250226,170000,3.36,3.38,3.26,3.26,15962,0
TLF.US,60,20250226,180000,3.23,3.325,3.12,3.1886,39773,0
TLF.US,60,20250226,190000,3.16,3.26,3.15,3.26,23433,0
TLF.US,60,20250226,200000,3.24,3.31,3.12,3.15,59813,0
TLF.US,60,20250226,210000,3.16,3.27,3.13,3.17,17767,0
TLF.US,60,20250226,220000,3.18,3.26,3.1664,3.24,7096,0
TLF.US,60,20250227,160000,3.24,3.24,3.13,3.13,5779,0
TLF.US,60,20250227,170000,3.2,3.2,3.2,3.2,200,0
TLF.US,60,20250227,180000,3.185,3.22,3.185,3.22,2191,0
TLF.US,60,20250227,190000,3.25,3.28,3.25,3.26,2411,0
TLF.US,60,20250227,220000,3.255,3.29,3.2207,3.27,4756,0
TLF.US,60,20250228,180000,3.28,3.28,3.28,3.28,324,0
TLF.US,60,20250228,200000,3.2107,3.2107,3.2107,3.2107,137,0
TLF.US,60,20250228,220000,3.28,3.32,3.21,3.2401,4974,0
TLF.US,60,20250303,160000,3.37,3.41,3.31,3.35,2596,0
TLF.US,60,20250303,190000,3.31,3.32,3.31,3.32,1291,0
TLF.US,60,20250303,210000,3.24,3.24,3.23,3.23,209,0
TLF.US,60,20250303,220000,3.21,3.21,3.19,3.19,378,0
TLF.US,60,20250304,170000,3.13,3.1395,3.1,3.1395,4952,0
TLF.US,60,20250304,190000,3.0799,3.1,3.0799,3.1,650,0
TLF.US,60,20250304,200000,3.0887,3.0887,3.0849,3.0849,300,0
TLF.US,60,20250304,210000,3.111,3.111,3.111,3.111,129,0
TLF.US,60,20250304,220000,3.13,3.13,3.07,3.07,5343,0
TLF.US,60,20250305,160000,3.02,3.07,2.955,3.04,26185,0
TLF.US,60,20250305,190000,3.04,3.04,3.04,3.04,410,0
TLF.US,60,20250305,220000,3.04,3.07,3.04,3.04,873,0
TLF.US,60,20250306,180000,3.03,3.04,3.02,3.03,711,0
TLF.US,60,20250306,190000,3.015,3.03,3.015,3.03,684,0
TLF.US,60,20250306,200000,3.065,3.07,3.065,3.07,200,0
TLF.US,60,20250306,210000,3.075,3.075,3.065,3.07,400,0
TLF.US,60,20250306,220000,3.06,3.08,3.03,3.08,1653,0
TLF.US,60,20250307,180000,3.03,3.03,3.03,3.03,100,0
TLF.US,60,20250307,200000,3.0726,3.0726,3.0726,3.0726,100,0
TLF.US,60,20250307,220000,3.08,3.08,3.08,3.08,500,0
TLF.US,60,20250310,160000,3.04,3.04,3.04,3.04,434,0
TLF.US,60,20250310,180000,3.03,3.03,3,3,801,0
TLF.US,60,20250310,190000,3.005,3.005,3.005,3.005,100,0
TLF.US,60,20250310,210000,3.01,3.03,3,3,552,0
TLF.US,60,20250311,150000,2.98,2.98,2.98,2.98,100,0
TLF.US,60,20250311,170000,2.99,3.02,2.99,3.02,400,0
TLF.US,60,20250311,200000,3,3,3,3,582,0
TLF.US,60,20250311,210000,3.02,3.02,2.96,2.96,1161,0
TLF.US,60,20250312,160000,3.04,3.3373,3.02,3.17,8503,0
TLF.US,60,20250312,170000,3.025,3.025,3.025,3.025,170,0
TLF.US,60,20250312,180000,3.01,3.0348,3.01,3.0348,1192,0
TLF.US,60,20250312,190000,3.0099,3.01,2.99,2.99,4187,0
TLF.US,60,20250312,200000,2.96,2.99,2.96,2.99,1614,0
TLF.US,60,20250312,210000,3.0095,3.0099,2.98,2.98,5564,0
TLF.US,60,20250313,170000,3.12,3.12,3.06,3.06,300,0
TLF.US,60,20250313,180000,3.06,3.06,3.01,3.0355,5900,0
TLF.US,60,20250313,200000,3.07,3.07,3.07,3.07,100,0
TLF.US,60,20250313,210000,3.05,3.07,2.98,2.98,29288,0
TLF.US,60,20250314,150000,3.02,3.02,3.02,3.02,100,0
TLF.US,60,20250314,160000,3.02,3.1,2.98,2.98,11786,0
TLF.US,60,20250314,170000,2.9275,2.98,2.9275,2.978,2285,0
TLF.US,60,20250314,180000,2.9699,2.9699,2.92,2.92,1778,0
TLF.US,60,20250314,190000,2.945,2.955,2.93,2.955,3102,0
TLF.US,60,20250314,200000,2.99,2.99,2.99,2.99,250,0
TLF.US,60,20250314,210000,3,3,2.98,2.98,9758,0
TLF.US,60,20250317,200000,2.9999,3.12,2.9807,3.08,16395,0
TLF.US,60,20250317,210000,3.0905,3.095,3,3,6381,0
TLF.US,60,20250318,160000,3,3.09,3,3.09,2399,0
TLF.US,60,20250318,180000,2.9706,2.9706,2.9706,2.9706,1000,0
TLF.US,60,20250318,190000,2.98,2.98,2.96,2.9701,1907,0
TLF.US,60,20250318,210000,2.99,3.01,2.99,3.01,316,0
TLF.US,60,20250319,160000,3.0394,3.0394,3.0394,3.0394,1000,0
TLF.US,60,20250319,210000,3,3.0001,3,3,4334,0
TLF.US,60,20250320,160000,3.1251,3.1251,2.9746,3.01,2000,0
TLF.US,60,20250320,190000,2.99,2.99,2.99,2.99,200,0
TLF.US,60,20250320,200000,2.96,2.96,2.908,2.919,6257,0
TLF.US,60,20250320,210000,2.9357,3,2.93,3,10071,0
TLF.US,60,20250321,170000,3.005,3.005,3.005,3.005,1291,0
TLF.US,60,20250321,180000,3.002,3.002,3.002,3.002,200,0
TLF.US,60,20250321,200000,3,3.04,2.95,2.95,3203,0
TLF.US,60,20250321,210000,3.005,3.05,2.95,2.95,884,0
TLF.US,60,20250324,160000,3.0499,3.0499,2.98,2.98,3400,0
TLF.US,60,20250324,170000,3.014,3.0271,3,3,4300,0
TLF.US,60,20250324,180000,3.02,3.02,2.99,2.99,700,0
TLF.US,60,20250324,200000,3.04,3.05,3.02,3.025,2085,0
TLF.US,60,20250324,210000,3.025,3.0371,2.99,3,8549,0
TLF.US,60,20250325,150000,2.9,3.015,2.9,2.98,3628,0
TLF.US,60,20250325,160000,3.03,3.03,2.97,2.97,2992,0
TLF.US,60,20250325,170000,2.97,2.97,2.97,2.97,100,0
TLF.US,60,20250325,190000,3.04,3.0645,3.03,3.05,700,0
TLF.US,60,20250325,200000,3.03,3.0428,3,3,461,0
TLF.US,60,20250325,210000,3,3.025,3,3.005,1100,0
TLF.US,60,20250326,160000,2.99,2.99,2.99,2.99,100,0
TLF.US,60,20250326,180000,3.04,3.04,2.98,3,10235,0
TLF.US,60,20250326,190000,3,3,2.98,2.98,400,0
TLF.US,60,20250326,200000,2.98,3.01,2.975,2.98,3418,0
TLF.US,60,20250326,210000,2.975,3.05,2.975,3.05,2160,0
TLF.US,60,20250327,150000,3,3.04,3,3.04,565,0
TLF.US,60,20250327,160000,3.03,3.03,3.03,3.03,200,0
TLF.US,60,20250327,170000,3.04,3.04,3.04,3.04,165,0
TLF.US,60,20250327,180000,3.025,3.025,3.025,3.025,100,0
TLF.US,60,20250327,200000,3.03,3.03,3.03,3.03,100,0
TLF.US,60,20250327,210000,3.03,3.04,3,3,431,0
TLF.US,60,20250328,150000,3.06,3.06,3,3,390,0
TLF.US,60,20250328,160000,2.98,2.98,2.98,2.98,243,0
TLF.US,60,20250328,170000,2.9721,2.9721,2.9721,2.9721,162,0
TLF.US,60,20250328,180000,3.04,3.04,3.04,3.04,114,0
TLF.US,60,20250328,210000,2.98,3,2.97,3,1681,0
TLF.US,60,20250331,160000,2.99,2.99,2.95,2.95,501,0
TLF.US,60,20250331,170000,2.93,2.93,2.91,2.9146,918,0
TLF.US,60,20250331,180000,2.93,2.93,2.92,2.92,1235,0
TLF.US,60,20250331,190000,2.93,2.93,2.93,2.93,115,0
TLF.US,60,20250331,200000,2.9198,2.93,2.9198,2.93,5954,0
TLF.US,60,20250331,220000,2.93,2.93,2.9,2.9,9263,0
TLF.US,60,20250401,170000,2.9,2.9,2.85,2.85,2400,0
TLF.US,60,20250401,190000,2.96,2.96,2.9,2.91,2434,0
TLF.US,60,20250401,200000,2.869,2.869,2.869,2.869,5000,0
TLF.US,60,20250401,220000,2.83,2.83,2.83,2.83,500,0
TLF.US,60,20250402,160000,2.89,2.89,2.8395,2.8395,3201,0
TLF.US,60,20250402,180000,2.8621,2.8621,2.85,2.85,1800,0
TLF.US,60,20250402,190000,2.8989,2.8989,2.88,2.88,1709,0
TLF.US,60,20250402,200000,2.9,2.95,2.9,2.95,6183,0
TLF.US,60,20250402,210000,2.9502,2.9502,2.95,2.95,4400,0
TLF.US,60,20250402,220000,2.95,2.955,2.95,2.95,7517,0
TLF.US,60,20250403,160000,2.94,2.94,2.85,2.85,4270,0
TLF.US,60,20250403,170000,2.9,2.9,2.9,2.9,618,0
TLF.US,60,20250403,180000,2.85,2.9252,2.85,2.9099,9836,0
TLF.US,60,20250403,200000,2.85,2.86,2.85,2.85,4000,0
TLF.US,60,20250403,210000,2.9057,2.9057,2.9057,2.9057,233,0
TLF.US,60,20250403,220000,2.9,2.92,2.9,2.91,1731,0
TLF.US,60,20250404,160000,2.8201,2.89,2.82,2.89,27569,0
TLF.US,60,20250404,180000,2.88,2.92,2.88,2.88,25829,0
TLF.US,60,20250404,200000,2.92,2.92,2.92,2.92,350,0
TLF.US,60,20250404,210000,2.88,2.885,2.88,2.88,1700,0
TLF.US,60,20250404,220000,2.88,2.915,2.88,2.915,5594,0
TLF.US,60,20250407,160000,2.69,2.69,2.69,2.69,340,0
TLF.US,60,20250407,170000,2.73,2.75,2.72,2.75,600,0
TLF.US,60,20250407,190000,2.7655,2.7655,2.7655,2.7655,500,0
TLF.US,60,20250407,210000,2.8285,2.8285,2.8,2.8,605,0
TLF.US,60,20250407,220000,2.89,2.89,2.77,2.8534,5635,0
TLF.US,60,20250408,170000,2.77,2.77,2.77,2.77,100,0
TLF.US,60,20250408,180000,2.75,2.77,2.74,2.75,1483,0
TLF.US,60,20250408,220000,2.7992,2.7992,2.7992,2.7992,4266,0
TLF.US,60,20250409,160000,2.78,2.78,2.78,2.78,100,0
TLF.US,60,20250409,180000,2.7315,2.7315,2.7315,2.7315,500,0
TLF.US,60,20250409,190000,2.75,2.75,2.75,2.75,1000,0
TLF.US,60,20250409,200000,2.75,2.75,2.75,2.75,372,0
TLF.US,60,20250409,210000,2.8663,2.8663,2.7338,2.7338,326,0
TLF.US,60,20250409,220000,2.78,2.78,2.78,2.78,200,0
TLF.US,60,20250410,160000,2.77,2.77,2.77,2.77,500,0
TLF.US,60,20250410,190000,2.6982,2.74,2.6982,2.74,600,0
TLF.US,60,20250410,220000,2.74,2.74,2.72,2.7399,5196,0
TLF.US,60,20250411,180000,2.75,2.75,2.75,2.75,567,0
TLF.US,60,20250411,190000,2.75,2.84,2.75,2.8399,2321,0
TLF.US,60,20250411,200000,2.76,2.85,2.73,2.7908,45319,0
TLF.US,60,20250411,210000,2.84,2.86,2.83,2.85,4796,0
TLF.US,60,20250411,220000,2.85,2.863,2.85,2.863,2800,0
TLF.US,60,20250414,180000,2.779,2.779,2.779,2.779,600,0
TLF.US,60,20250414,190000,2.78,2.78,2.78,2.78,100,0
TLF.US,60,20250414,200000,2.815,2.815,2.815,2.815,188,0
TLF.US,60,20250414,210000,2.81,2.81,2.81,2.81,1000,0
TLF.US,60,20250414,220000,2.82,2.82,2.82,2.82,100,0
TLF.US,60,20250415,160000,2.8,2.8,2.8,2.8,168,0
TLF.US,60,20250415,170000,2.8908,2.8908,2.8908,2.8908,100,0
TLF.US,60,20250415,180000,2.8194,2.95,2.8194,2.861,11061,0
TLF.US,60,20250416,210000,2.8357,2.847,2.8357,2.847,1103,0
TLF.US,60,20250416,220000,2.83,2.83,2.83,2.83,100,0
TLF.US,60,20250417,170000,2.88,2.88,2.88,2.88,100,0
TLF.US,60,20250417,180000,2.8001,2.8001,2.8001,2.8001,500,0
TLF.US,60,20250417,190000,2.8552,2.8552,2.8552,2.8552,525,0
TLF.US,60,20250417,200000,2.8099,2.8099,2.8099,2.8099,1140,0
TLF.US,60,20250421,180000,2.8616,2.8616,2.8616,2.8616,500,0
TLF.US,60,20250421,200000,2.8,2.8,2.8,2.8,597,0
TLF.US,60,20250421,210000,2.8,2.8,2.8,2.8,2398,0
TLF.US,60,20250421,220000,2.78,2.8,2.78,2.8,500,0
TLF.US,60,20250422,160000,2.8896,2.8896,2.8896,2.8896,500,0
TLF.US,60,20250422,180000,2.8951,2.8951,2.89,2.89,379,0
TLF.US,60,20250422,190000,2.85,2.85,2.85,2.85,342,0
TLF.US,60,20250422,200000,2.89,2.89,2.89,2.89,100,0
TLF.US,60,20250422,210000,2.8597,2.8597,2.83,2.84,1057,0
TLF.US,60,20250424,180000,2.7673,2.7673,2.7673,2.7673,170,0
TLF.US,60,20250424,190000,2.8435,2.8435,2.8435,2.8435,158,0
TLF.US,60,20250424,200000,2.94,2.94,2.94,2.94,100,0
TLF.US,60,20250424,220000,2.93,2.95,2.93,2.95,925,0
TLF.US,60,20250425,170000,2.94,2.94,2.94,2.94,100,0
TLF.US,60,20250425,190000,2.84,2.84,2.84,2.84,201,0
TLF.US,60,20250425,210000,2.93,2.95,2.8,2.9489,27863,0
TLF.US,60,20250425,220000,2.9414,2.95,2.84,2.95,3332,0
TLF.US,60,20250428,180000,2.9336,2.9336,2.9336,2.9336,333,0
TLF.US,60,20250428,200000,2.9,2.9,2.9,2.9,1516,0
TLF.US,60,20250428,220000,2.9,2.9,2.85,2.852,1752,0
TLF.US,60,20250429,170000,2.85,2.85,2.85,2.85,2999,0
TLF.US,60,20250429,180000,2.7702,2.7702,2.7702,2.7702,769,0
TLF.US,60,20250429,190000,2.73,2.73,2.73,2.73,200,0
TLF.US,60,20250429,200000,2.77,2.77,2.752,2.752,200,0
TLF.US,60,20250429,220000,2.8,2.8,2.76,2.76,700,0
TLF.US,60,20250430,180000,2.865,2.865,2.865,2.865,167,0
TLF.US,60,20250501,160000,2.7799,2.78,2.765,2.78,1522,0
TLF.US,60,20250501,170000,2.7799,2.94,2.76,2.9189,17423,0
TLF.US,60,20250501,180000,2.94,2.94,2.8801,2.8801,631,0
TLF.US,60,20250501,190000,2.9399,2.9399,2.9399,2.9399,195,0
TLF.US,60,20250501,210000,2.92,2.93,2.9,2.9,1598,0
TLF.US,60,20250501,220000,2.91,2.93,2.86,2.92,6608,0
TLF.US,60,20250502,190000,2.9221,2.9221,2.9221,2.9221,442,0
TLF.US,60,20250502,210000,2.85,2.85,2.85,2.85,1706,0
TLF.US,60,20250505,170000,2.8885,2.8885,2.8885,2.8885,478,0
TLF.US,60,20250505,220000,2.83,2.83,2.77,2.77,534,0
TLF.US,60,20250506,180000,2.77,2.77,2.77,2.77,232,0
TLF.US,60,20250506,190000,2.843,2.843,2.78,2.78,800,0
TLF.US,60,20250507,210000,2.83,2.83,2.83,2.83,140,0
TLF.US,60,20250507,220000,2.83,2.83,2.83,2.83,100,0
TLF.US,60,20250508,170000,2.84,2.84,2.84,2.84,100,0
TLF.US,60,20250508,180000,2.86,2.86,2.86,2.86,115,0
TLF.US,60,20250509,170000,2.93,2.93,2.9116,2.9116,1500,0
TLF.US,60,20250509,180000,2.87,2.895,2.86,2.86,5166,0
TLF.US,60,20250512,220000,2.87,2.87,2.85,2.85,4165,0
TLF.US,60,20250513,160000,2.8,2.8068,2.8,2.8068,1065,0
TLF.US,60,20250513,170000,2.8,2.8,2.8,2.8,200,0
TLF.US,60,20250513,180000,2.8,2.833,2.8,2.833,5180,0
TLF.US,60,20250513,190000,2.83,2.85,2.83,2.8499,1969,0
TLF.US,60,20250513,200000,2.87,2.87,2.85,2.85,9856,0
TLF.US,60,20250513,210000,2.855,2.855,2.81,2.825,8018,0
TLF.US,60,20250513,220000,2.825,2.87,2.825,2.85,11900,0
TLF.US,60,20250514,160000,2.89,2.92,2.881,2.92,3533,0
TLF.US,60,20250514,170000,2.95,2.95,2.86,2.86,2100,0
TLF.US,60,20250514,180000,2.8696,2.91,2.8,2.8,7507,0
TLF.US,60,20250514,190000,2.825,2.85,2.825,2.85,7800,0
TLF.US,60,20250514,200000,2.87,2.88,2.87,2.88,1285,0
TLF.US,60,20250514,220000,2.905,2.905,2.82,2.82,4958,0
TLF.US,60,20250515,180000,2.83,2.85,2.8208,2.8208,4013,0
TLF.US,60,20250515,200000,2.86,2.86,2.86,2.86,100,0
TLF.US,60,20250515,220000,2.87,2.99,2.8699,2.89,15566,0
TLF.US,60,20250516,170000,2.86,2.87,2.83,2.87,1708,0
TLF.US,60,20250516,180000,2.85,2.87,2.85,2.8554,3700,0
TLF.US,60,20250516,190000,2.8908,2.91,2.87,2.87,2999,0
TLF.US,60,20250516,200000,2.87,2.87,2.87,2.87,100,0
TLF.US,60,20250516,210000,2.86,2.86,2.86,2.86,200,0
TLF.US,60,20250516,220000,2.86,2.86,2.86,2.86,1168,0
TLF.US,60,20250519,160000,2.9,2.9,2.9,2.9,260,0
TLF.US,60,20250519,170000,2.92,2.9912,2.9,2.9912,5750,0
TLF.US,60,20250519,180000,3.05,3.05,3.05,3.05,100,0
TLF.US,60,20250519,190000,3.05,3.05,3,3,2649,0
TLF.US,60,20250519,200000,2.98,2.98,2.94,2.94,9177,0
TLF.US,60,20250519,220000,2.86,2.927,2.86,2.9,1565,0
TLF.US,60,20250520,180000,2.91,2.91,2.91,2.91,623,0
TLF.US,60,20250521,160000,2.91,2.915,2.86,2.915,1081,0
TLF.US,60,20250521,170000,2.9071,2.9071,2.9071,2.9071,1000,0
TLF.US,60,20250521,180000,2.9,2.9,2.9,2.9,500,0
TLF.US,60,20250521,190000,2.93,2.93,2.92,2.92,2700,0
TLF.US,60,20250521,200000,2.92,2.95,2.92,2.95,2400,0
TLF.US,60,20250521,210000,2.98,2.98,2.97,2.97,470,0
TLF.US,60,20250521,220000,2.985,2.9999,2.95,2.96,99561,0
TLF.US,60,20250522,160000,2.925,2.955,2.92,2.92,7337,0
TLF.US,60,20250522,180000,2.94,2.94,2.94,2.94,2800,0
TLF.US,60,20250522,190000,2.95,2.9649,2.94,2.94,1837,0
TLF.US,60,20250523,210000,2.92,2.92,2.92,2.92,600,0
TLF.US,60,20250523,220000,2.94,2.95,2.93,2.94,8458,0
TLF.US,60,20250527,170000,2.99,3.0494,2.99,3.035,3307,0
TLF.US,60,20250527,180000,3.035,3.035,3.03,3.03,4100,0
TLF.US,60,20250527,190000,3.04,3.04,3.02,3.02,13558,0
TLF.US,60,20250527,200000,3,3,3,3,100,0
TLF.US,60,20250527,210000,3.0128,3.16,2.99,3.16,20638,0
TLF.US,60,20250527,220000,3.03,3.1999,3.03,3.06,20004,0
TLF.US,60,20250528,160000,3.08,3.1,3.06,3.06,1558,0
TLF.US,60,20250528,170000,3.05,3.075,3.05,3.075,1700,0
TLF.US,60,20250528,180000,3.09,3.15,3.0701,3.085,9445,0
TLF.US,60,20250528,190000,3.085,3.1,3.085,3.1,923,0
TLF.US,60,20250528,200000,3.125,3.19,3.125,3.15,15389,0
TLF.US,60,20250528,210000,3.16,3.285,3.15,3.215,17277,0
TLF.US,60,20250528,220000,3.25,3.25,3.17,3.19,6435,0
TLF.US,60,20250529,160000,3.22,3.4726,3.2,3.22,3188,0
TLF.US,60,20250529,170000,3.15,3.19,3.15,3.15,9348,0
TLF.US,60,20250529,180000,3.15,3.15,3.07,3.07,6275,0
TLF.US,60,20250529,190000,3.12,3.2,3.07,3.09,10509,0
TLF.US,60,20250529,200000,3.09,3.1333,3.09,3.09,3431,0
TLF.US,60,20250529,210000,3.1,3.11,3.08,3.1,7731,0
TLF.US,60,20250529,220000,3.11,3.11,3.07,3.09,8505,0
TLF.US,60,20250530,180000,3.1737,3.1737,3.1737,3.1737,120,0
TLF.US,60,20250530,190000,3.14,3.15,3.14,3.15,1988,0
TLF.US,60,20250530,200000,3.15,3.15,3.15,3.15,3147,0
TLF.US,60,20250530,210000,3.13,3.13,3.11,3.11,270,0
TLF.US,60,20250602,160000,3.23,3.23,3.03,3.03,4025,0
TLF.US,60,20250602,190000,3,3.02,3,3.02,404,0
TLF.US,60,20250602,200000,3.02,3.05,3.02,3.05,2492,0
TLF.US,60,20250602,220000,3.03,3.06,3.03,3.06,876,0
TLF.US,60,20250603,160000,3.06,3.06,3.06,3.06,7277,0
TLF.US,60,20250603,170000,3.0601,3.07,3.0601,3.07,952,0
TLF.US,60,20250603,180000,3.1,3.1,3.07,3.07,2392,0
TLF.US,60,20250603,190000,3.1485,3.1485,3.1485,3.1485,1000,0
TLF.US,60,20250603,200000,3.125,3.1396,3.0968,3.1,1517,0
TLF.US,60,20250603,210000,3.16,3.16,3.123,3.16,1910,0
TLF.US,60,20250603,220000,3.11,3.11,3.11,3.11,110,0
TLF.US,60,20250604,170000,3.16,3.22,3.16,3.22,2149,0
TLF.US,60,20250604,180000,3.2,3.22,3.11,3.11,1251,0
TLF.US,60,20250604,190000,3.11,3.1264,3.11,3.11,1200,0
TLF.US,60,20250604,200000,3.11,3.12,3.11,3.11,600,0
TLF.US,60,20250604,210000,3.11,3.11,3.11,3.11,700,0
TLF.US,60,20250604,220000,3.11,3.155,3.11,3.14,2159,0
TLF.US,60,20250605,160000,3.17,3.17,3.11,3.11,300,0
TLF.US,60,20250605,170000,3.11,3.18,3.1,3.1,1239,0
TLF.US,60,20250605,190000,3.06,3.06,3.06,3.06,320,0
TLF.US,60,20250605,200000,3.06,3.06,3.06,3.06,704,0
TLF.US,60,20250605,210000,3.06,3.06,3.05,3.05,500,0
TLF.US,60,20250606,160000,3.0733,3.0733,3.0733,3.0733,113,0
TLF.US,60,20250606,170000,3.101,3.101,3.101,3.101,150,0
TLF.US,60,20250606,180000,3.15,3.21,3.15,3.21,8865,0
TLF.US,60,20250606,190000,3.2,3.2,3.2,3.2,523,0
TLF.US,60,20250606,200000,3.2031,3.24,3.2031,3.24,804,0
TLF.US,60,20250606,210000,3.2,3.24,3.2,3.22,2642,0
TLF.US,60,20250606,220000,3.24,3.24,3.225,3.235,374,0
TLF.US,60,20250609,160000,3.18,3.25,3.18,3.25,2052,0
TLF.US,60,20250609,170000,3.25,3.4201,3.237,3.35,10434,0
TLF.US,60,20250609,180000,3.355,3.355,3.25,3.25,5896,0
TLF.US,60,20250609,190000,3.205,3.29,3.205,3.27,700,0
TLF.US,60,20250609,200000,3.25,3.27,3.18,3.19,2376,0
TLF.US,60,20250609,210000,3.145,3.18,3.145,3.18,600,0
TLF.US,60,20250609,220000,3.175,3.185,3.11,3.11,560,0
TLF.US,60,20250610,180000,3.21,3.225,3.12,3.12,1330,0
TLF.US,60,20250610,200000,3.14,3.14,3.12,3.12,1000,0
TLF.US,60,20250610,220000,3.2,3.23,3.2,3.23,333,0
TLF.US,60,20250611,160000,3.23,3.23,3.1,3.2149,8245,0
TLF.US,60,20250611,170000,3.15,3.19,3.15,3.19,1179,0
TLF.US,60,20250611,180000,3.19,3.19,3.19,3.19,100,0
TLF.US,60,20250611,190000,3.16,3.16,3.16,3.16,629,0
TLF.US,60,20250611,200000,3.12,3.15,3.12,3.15,316,0
TLF.US,60,20250611,210000,3.15,3.15,3.15,3.15,192,0
TLF.US,60,20250611,220000,3.16,3.19,3.16,3.19,621,0
TLF.US,60,20250612,160000,3.125,3.125,3.125,3.125,500,0
TLF.US,60,20250612,170000,3.125,3.1499,3.1,3.13,4260,0
TLF.US,60,20250612,180000,3.15,3.2,3.15,3.184,876,0
TLF.US,60,20250612,190000,3.19,3.19,3.06,3.1497,8384,0
TLF.US,60,20250612,210000,3.1458,3.15,3.07,3.15,2000,0
TLF.US,60,20250612,220000,3.0827,3.0827,3.0827,3.0827,155,0
TLF.US,60,20250613,170000,3.11,3.14,3.1,3.1,3136,0
TLF.US,60,20250613,190000,3.125,3.125,3.0501,3.0522,7948,0
TLF.US,60,20250616,160000,3.12,3.12,3.1,3.1,805,0
TLF.US,60,20250616,170000,3.1,3.12,3.07,3.11,460,0
TLF.US,60,20250616,180000,3.0117,3.0301,2.9904,2.9904,6206,0
TLF.US,60,20250616,190000,3.06,3.09,3.06,3.09,742,0
TLF.US,60,20250616,200000,3.06,3.14,3.06,3.14,1400,0
TLF.US,60,20250616,210000,3.06,3.06,3.06,3.06,100,0
TLF.US,60,20250616,220000,3.01,3.09,3.01,3.09,373,0
TLF.US,60,20250617,160000,3.1,3.17,3.1,3.17,2107,0
TLF.US,60,20250617,170000,3.115,3.115,3.0121,3.0121,882,0
TLF.US,60,20250617,180000,3.06,3.18,3.06,3.18,3780,0
TLF.US,60,20250617,220000,3.08,3.08,3.03,3.03,1718,0
TLF.US,60,20250618,160000,3.01,3.01,3.01,3.01,774,0
TLF.US,60,20250618,180000,3.06,3.06,3.05,3.05,2058,0
TLF.US,60,20250618,190000,3.0851,3.0851,3.0851,3.0851,1000,0
TLF.US,60,20250618,210000,3.1,3.1,3.1,3.1,100,0
TLF.US,60,20250618,220000,3.05,3.05,3.01,3.01,822,0
TLF.US,60,20250620,180000,3.0629,3.1195,3.0629,3.1195,320,0
TLF.US,60,20250620,220000,3.1783,3.1783,3,3,2705,0
TLF.US,60,20250623,160000,3.05,3.18,3.05,3.18,1624,0
TLF.US,60,20250623,170000,3.1109,3.1109,3.1109,3.1109,100,0
TLF.US,60,20250623,180000,3.12,3.15,3.12,3.15,3067,0
TLF.US,60,20250623,190000,3.1319,3.1319,3.12,3.12,4288,0
TLF.US,60,20250623,210000,3.11,3.11,3.11,3.11,142,0
TLF.US,60,20250623,220000,3.1699,3.1699,3.05,3.05,2677,0
TLF.US,60,20250624,160000,3.1001,3.1001,3.1001,3.1001,100,0
TLF.US,60,20250624,220000,3.08,3.08,3.02,3.02,3745,0
TLF.US,60,20250625,160000,3.065,3.11,3.04,3.04,622,0
TLF.US,60,20250625,180000,3.05,3.05,3.05,3.05,300,0
TLF.US,60,20250625,190000,3.0589,3.0589,3.0589,3.0589,120,0
TLF.US,60,20250625,200000,3.07,3.07,3.07,3.07,141,0
TLF.US,60,20250625,210000,3.07,3.07,3.07,3.07,328,0
TLF.US,60,20250625,220000,3.08,3.08,3.06,3.08,2237,0
TLF.US,60,20250626,160000,3.11,3.1183,3.11,3.1183,2600,0
TLF.US,60,20250626,170000,3.12,3.12,3.12,3.12,2250,0
TLF.US,60,20250626,180000,3.08,3.08,3.08,3.08,145,0
TLF.US,60,20250626,200000,3.08,3.08,3.08,3.08,567,0
TLF.US,60,20250626,220000,3.09,3.1006,3.06,3.06,900,0
TLF.US,60,20250627,200000,3.11,3.11,3.11,3.11,950,0
TLF.US,60,20250627,220000,3.09,3.1,3.05,3.09,5000,0
TLF.US,60,20250630,160000,3.11,3.12,3.11,3.1113,1058,0
TLF.US,60,20250630,170000,3.0776,3.095,3.05,3.095,3484,0
TLF.US,60,20250630,180000,3.11,3.11,3.1,3.1,4936,0
TLF.US,60,20250630,200000,3.09,3.09,3.09,3.09,100,0
TLF.US,60,20250630,220000,3.09,3.09,3.09,3.09,100,0
TLF.US,60,20250701,160000,3.09,3.09,3.09,3.09,345,0
TLF.US,60,20250701,170000,3.14,3.15,3.14,3.15,3700,0
TLF.US,60,20250701,180000,3.1441,3.1441,3.115,3.115,365,0
TLF.US,60,20250701,210000,3.12,3.12,3.12,3.12,100,0
TLF.US,60,20250701,220000,3.14,3.15,3.1,3.15,4239,0
TLF.US,60,20250702,180000,3.1499,3.15,3.1499,3.15,2100,0
TLF.US,60,20250702,220000,3.165,3.19,3.165,3.19,1601,0
TLF.US,60,20250703,170000,3.15,3.15,3.15,3.15,100,0
TLF.US,60,20250703,200000,3.15,3.15,3.15,3.15,375,0
TLF.US,60,20250707,160000,3.2,3.2,3.19,3.19,545,0
TLF.US,60,20250707,180000,3.16,3.2,3.16,3.2,555,0
TLF.US,60,20250707,190000,3.2,3.2,3.19,3.19,2800,0
TLF.US,60,20250707,220000,3.15,3.15,3.15,3.15,114,0
TLF.US,60,20250708,160000,3.19,3.19,3.1,3.148,3981,0
TLF.US,60,20250708,170000,3.1599,3.16,3.13,3.16,631,0
TLF.US,60,20250708,180000,3.1543,3.23,3.1543,3.23,6824,0
TLF.US,60,20250708,190000,3.23,3.42,3.23,3.35,33936,0
TLF.US,60,20250708,200000,3.28,3.4049,3.28,3.3476,3055,0
TLF.US,60,20250708,210000,3.3376,3.3999,3.3376,3.3999,2237,0
TLF.US,60,20250708,220000,3.286,3.38,3.286,3.32,3145,0
TLF.US,60,20250709,170000,3.304,3.304,3.304,3.304,300,0
TLF.US,60,20250709,190000,3.3199,3.3199,3.1901,3.1901,400,0
TLF.US,60,20250709,210000,3.25,3.25,3.23,3.23,500,0
TLF.US,60,20250709,220000,3.2364,3.2364,3.2,3.2,900,0
TLF.US,60,20250710,160000,3.23,3.35,3.2115,3.2115,2679,0
TLF.US,60,20250710,170000,3.2424,3.2654,3.231,3.231,700,0
TLF.US,60,20250710,180000,3.2402,3.2402,3.2402,3.2402,150,0
TLF.US,60,20250710,200000,3.2596,3.29,3.2596,3.2892,2759,0
TLF.US,60,20250710,210000,3.2853,3.2853,3.2853,3.2853,500,0
TLF.US,60,20250711,200000,3.3292,3.3292,3.29,3.29,2500,0
TLF.US,60,20250711,210000,3.33,3.35,3.296,3.296,9459,0
TLF.US,60,20250714,160000,3.34,3.385,3.34,3.385,239,0
TLF.US,60,20250714,170000,3.3144,3.34,3.31,3.335,3452,0
TLF.US,60,20250714,180000,3.302,3.3662,3.3,3.3662,1900,0
TLF.US,60,20250714,200000,3.33,3.33,3.3,3.33,19879,0
TLF.US,60,20250714,210000,3.3,3.3,3.26,3.26,1287,0
TLF.US,60,20250714,220000,3.24,3.33,3.24,3.33,400,0
TLF.US,60,20250715,160000,3.34,3.36,3.29,3.29,801,0
TLF.US,60,20250715,170000,3.29,3.29,3.283,3.283,249,0
TLF.US,60,20250715,180000,3.27,3.27,3.27,3.27,100,0
TLF.US,60,20250715,190000,3.246,3.2609,3.22,3.25,1200,0
TLF.US,60,20250715,200000,3.24,3.27,3.24,3.27,1100,0
TLF.US,60,20250715,210000,3.25,3.2876,3.23,3.2876,1704,0
TLF.US,60,20250716,160000,3.33,3.33,3.33,3.33,900,0
TLF.US,60,20250716,220000,3.24,3.255,3.21,3.21,2921,0
TLF.US,60,20250717,160000,3.25,3.28,3.25,3.28,300,0
TLF.US,60,20250717,170000,3.28,3.28,3.28,3.28,300,0
TLF.US,60,20250717,180000,3.254,3.28,3.254,3.28,900,0
TLF.US,60,20250717,200000,3.2691,3.2797,3.2691,3.2797,410,0
TLF.US,60,20250717,210000,3.2893,3.31,3.2893,3.31,628,0
TLF.US,60,20250717,220000,3.3,3.34,3.3,3.34,6807,0
TLF.US,60,20250718,160000,3.31,3.31,3.31,3.31,151,0
TLF.US,60,20250718,170000,3.3427,3.3895,3.33,3.3895,1000,0
TLF.US,60,20250718,180000,3.355,3.37,3.2729,3.2729,668,0
TLF.US,60,20250718,190000,3.2641,3.33,3.26,3.2936,1167,0
TLF.US,60,20250718,200000,3.26,3.3021,3.26,3.3021,300,0
TLF.US,60,20250718,210000,3.26,3.2601,3.26,3.2601,300,0
TLF.US,60,20250718,220000,3.2601,3.32,3.26,3.295,1669,0
TLF.US,60,20250721,160000,3.39,3.39,3.3499,3.35,2511,0
TLF.US,60,20250721,170000,3.35,3.3825,3.31,3.3532,2130,0
TLF.US,60,20250721,180000,3.3586,3.3999,3.3101,3.3999,1488,0
TLF.US,60,20250721,190000,3.32,3.34,3.32,3.34,454,0
TLF.US,60,20250721,200000,3.34,3.39,3.34,3.39,3029,0
TLF.US,60,20250721,210000,3.35,3.35,3.33,3.35,2771,0
TLF.US,60,20250721,220000,3.36,3.368,3.3376,3.36,801,0
TLF.US,60,20250722,160000,3.312,3.312,3.2892,3.2892,302,0
TLF.US,60,20250722,170000,3.35,3.39,3.29,3.34,1707,0
TLF.US,60,20250722,180000,3.3,3.3,3.3,3.3,250,0
TLF.US,60,20250722,190000,3.3799,3.3799,3.37,3.37,600,0
TLF.US,60,20250722,200000,3.3479,3.38,3.3479,3.38,1050,0
TLF.US,60,20250722,210000,3.37,3.4,3.32,3.4,7094,0
TLF.US,60,20250722,220000,3.43,3.47,3.4,3.44,10719,0
TLF.US,60,20250723,160000,3.48,3.49,3.47,3.47,2003,0
TLF.US,60,20250723,170000,3.3723,3.42,3.3723,3.42,700,0
TLF.US,60,20250723,180000,3.45,3.45,3.45,3.45,500,0
TLF.US,60,20250723,190000,3.4641,3.53,3.46,3.5,12624,0
TLF.US,60,20250723,200000,3.52,3.59,3.4684,3.52,19695,0
TLF.US,60,20250723,210000,3.4904,3.4904,3.4201,3.45,713,0
TLF.US,60,20250723,220000,3.44,3.44,3.44,3.44,200,0
TLF.US,60,20250724,160000,3.4784,3.49,3.4784,3.49,500,0
TLF.US,60,20250724,180000,3.45,3.48,3.45,3.47,1800,0
TLF.US,60,20250724,190000,3.47,3.47,3.47,3.47,145,0
TLF.US,60,20250724,200000,3.47,3.47,3.46,3.46,467,0
TLF.US,60,20250724,210000,3.46,3.473,3.46,3.46,706,0
TLF.US,60,20250724,220000,3.4788,3.48,3.47,3.47,1315,0
TLF.US,60,20250725,160000,3.51,3.51,3.4999,3.4999,2021,0
TLF.US,60,20250725,170000,3.485,3.5,3.485,3.486,1100,0
TLF.US,60,20250725,180000,3.5,3.5,3.5,3.5,225,0
TLF.US,60,20250725,190000,3.47,3.47,3.47,3.47,1142,0
TLF.US,60,20250725,220000,3.46,3.46,3.45,3.46,1487,0
TLF.US,60,20250728,160000,3.51,3.51,3.5065,3.5065,1101,0
TLF.US,60,20250728,170000,3.4972,3.6,3.48,3.6,9381,0
TLF.US,60,20250728,180000,3.55,3.55,3.5,3.55,932,0
TLF.US,60,20250728,190000,3.55,3.5568,3.5315,3.5568,2143,0
TLF.US,60,20250728,200000,3.5647,3.5647,3.53,3.53,2715,0
TLF.US,60,20250728,210000,3.53,3.78,3.53,3.6,21558,0
TLF.US,60,20250728,220000,3.59,3.606,3.575,3.575,3393,0
TLF.US,60,20250729,160000,3.59,3.635,3.58,3.58,4642,0
TLF.US,60,20250729,170000,3.44,3.4701,3.4,3.4635,2500,0
TLF.US,60,20250729,180000,3.51,3.53,3.51,3.53,4147,0
TLF.US,60,20250729,190000,3.5399,3.5399,3.4919,3.53,2564,0
TLF.US,60,20250729,200000,3.52,3.54,3.52,3.54,220,0
TLF.US,60,20250729,210000,3.55,3.55,3.5476,3.5476,643,0
TLF.US,60,20250729,220000,3.5401,3.564,3.5401,3.55,1300,0
TLF.US,60,20250730,160000,3.47,3.47,3.47,3.47,574,0
TLF.US,60,20250730,170000,3.41,3.48,3.41,3.48,1400,0
TLF.US,60,20250730,180000,3.4369,3.4369,3.4369,3.4369,189,0
TLF.US,60,20250730,190000,3.55,3.55,3.55,3.55,815,0
TLF.US,60,20250730,220000,3.54,3.54,3.42,3.45,11758,0
TLF.US,60,20250731,160000,3.45,3.5856,3.45,3.48,2451,0
TLF.US,60,20250731,170000,3.576,3.576,3.576,3.576,100,0
TLF.US,60,20250731,180000,3.6,3.6,3.52,3.52,3620,0
TLF.US,60,20250731,190000,3.54,3.54,3.48,3.48,409,0
TLF.US,60,20250731,200000,3.48,3.5299,3.48,3.5299,3754,0
TLF.US,60,20250731,210000,3.47,3.49,3.47,3.49,1350,0
TLF.US,60,20250731,220000,3.49,3.49,3.49,3.49,704,0
TLF.US,60,20250801,170000,3.46,3.5274,3.45,3.5274,1816,0
TLF.US,60,20250801,180000,3.4605,3.4605,3.4605,3.4605,103,0
TLF.US,60,20250801,200000,3.49,3.49,3.4502,3.4502,1955,0
TLF.US,60,20250801,210000,3.51,3.51,3.51,3.51,910,0
TLF.US,60,20250801,220000,3.54,3.555,3.49,3.525,9357,0
TLF.US,60,20250804,160000,3.58,3.59,3.4572,3.4572,1402,0
TLF.US,60,20250804,170000,3.4733,3.475,3.4733,3.475,3900,0
TLF.US,60,20250804,180000,3.46,3.505,3.46,3.505,200,0
TLF.US,60,20250804,200000,3.505,3.505,3.505,3.505,100,0
TLF.US,60,20250804,210000,3.47,3.47,3.47,3.47,100,0
TLF.US,60,20250804,220000,3.43,3.49,3.43,3.475,1600,0
TLF.US,60,20250805,160000,3.55,3.55,3.5361,3.5361,273,0
TLF.US,60,20250805,180000,3.49,3.49,3.49,3.49,500,0
TLF.US,60,20250805,190000,3.5467,3.5467,3.5467,3.5467,1650,0
TLF.US,60,20250805,210000,3.515,3.5588,3.515,3.5588,4854,0
TLF.US,60,20250805,220000,3.54,3.57,3.53,3.57,10762,0
TLF.US,60,20250806,180000,3.534,3.534,3.5,3.5,358,0
TLF.US,60,20250806,190000,3.5206,3.547,3.5206,3.547,200,0
TLF.US,60,20250806,200000,3.55,3.55,3.52,3.52,500,0
TLF.US,60,20250806,210000,3.49,3.49,3.4765,3.4765,215,0
TLF.US,60,20250806,220000,3.52,3.52,3.52,3.52,100,0
TLF.US,60,20250807,170000,3.52,3.5201,3.23,3.34,19142,0
TLF.US,60,20250807,180000,3.4016,3.4982,3.3,3.36,2908,0
TLF.US,60,20250807,190000,3.48,3.485,3.4213,3.485,1025,0
TLF.US,60,20250807,200000,3.43,3.475,3.41,3.475,400,0
TLF.US,60,20250807,220000,3.4711,3.4711,3.4711,3.4711,2660,0
TLF.US,60,20250808,160000,3.43,3.5,3.43,3.5,507,0
TLF.US,60,20250808,180000,3.5452,3.5452,3.5452,3.5452,400,0
TLF.US,60,20250808,200000,3.4172,3.4731,3.4172,3.4731,700,0
TLF.US,60,20250808,210000,3.45,3.45,3.45,3.45,100,0
TLF.US,60,20250808,220000,3.495,3.495,3.43,3.43,717,0
TLF.US,60,20250811,160000,3.405,3.405,3.405,3.405,100,0
TLF.US,60,20250811,170000,3.474,3.55,3.474,3.5026,1773,0
TLF.US,60,20250811,180000,3.546,3.5864,3.54,3.5425,1470,0
TLF.US,60,20250811,190000,3.54,3.54,3.51,3.51,1226,0
TLF.US,60,20250811,200000,3.51,3.51,3.51,3.51,200,0
TLF.US,60,20250811,220000,3.48,3.48,3.4501,3.4501,200,0
TLF.US,60,20250812,160000,3.52,3.52,3.302,3.43,2752,0
TLF.US,60,20250812,170000,3.3841,3.435,3.37,3.43,7094,0
TLF.US,60,20250812,190000,3.43,3.43,3.43,3.43,100,0
TLF.US,60,20250812,200000,3.4,3.4699,3.4,3.43,2314,0
TLF.US,60,20250812,210000,3.4,3.4699,3.4,3.4699,328,0
TLF.US,60,20250812,220000,3.3601,3.39,3.3601,3.39,300,0
TLF.US,60,20250813,180000,3.3703,3.4819,3.3703,3.4819,2700,0
TLF.US,60,20250813,190000,3.37,3.386,3.335,3.37,930,0
TLF.US,60,20250813,200000,3.43,3.43,3.43,3.43,100,0
TLF.US,60,20250813,220000,3.5,3.5,3.4342,3.4342,1365,0
TLF.US,60,20250814,160000,3.31,3.4833,3.2999,3.4833,1294,0
TLF.US,60,20250814,170000,3.4,3.415,3.34,3.415,1202,0
TLF.US,60,20250814,180000,3.4056,3.43,3.4056,3.43,1000,0
TLF.US,60,20250814,190000,3.4,3.4,3.25,3.25,1056,0
TLF.US,60,20250814,200000,3.33,3.39,3.3201,3.39,300,0
TLF.US,60,20250814,220000,3.4427,3.4427,3.4427,3.4427,100,0
TLF.US,60,20250815,160000,3.453,3.465,3.453,3.465,604,0
TLF.US,60,20250815,180000,3.4318,3.4318,3.27,3.37,800,0
TLF.US,60,20250815,190000,3.4599,3.4599,3.4599,3.4599,100,0
TLF.US,60,20250815,220000,3.3818,3.3818,3.37,3.37,224,0
TLF.US,60,20250818,160000,3.32,3.4047,3.32,3.4047,2750,0
TLF.US,60,20250818,170000,3.35,3.3814,3.27,3.34,7118,0
TLF.US,60,20250818,180000,3.4406,3.4406,3.29,3.29,219,0
TLF.US,60,20250818,190000,3.3911,3.3911,3.3,3.3,600,0
TLF.US,60,20250818,200000,3.29,3.3344,3.27,3.3344,670,0
TLF.US,60,20250818,220000,3.3648,3.3648,3.31,3.31,250,0
TLF.US,60,20250819,170000,3.3147,3.3147,3.3147,3.3147,100,0
TLF.US,60,20250819,200000,3.2846,3.3147,3.2846,3.3147,1088,0
TLF.US,60,20250819,220000,3.28,3.3,3.28,3.3,1414,0
TLF.US,60,20250820,170000,3.3,3.3,3.3,3.3,100,0
TLF.US,60,20250820,180000,3.28,3.2831,3.28,3.28,619,0
TLF.US,60,20250820,190000,3.305,3.31,3.295,3.31,532,0
TLF.US,60,20250820,210000,3.2501,3.28,3.2501,3.28,284,0
TLF.US,60,20250820,220000,3.286,3.3366,3.286,3.3366,1986,0
TLF.US,60,20250821,180000,3.31,3.31,3.31,3.31,300,0
TLF.US,60,20250821,220000,3.28,3.3,3.28,3.3,200,0
TLF.US,60,20250822,170000,3.34,3.34,3.23,3.27,5361,0
TLF.US,60,20250822,180000,3.26,3.26,3.245,3.245,1693,0
TLF.US,60,20250822,210000,3.24,3.24,3.23,3.23,554,0
TLF.US,60,20250822,220000,3.2502,3.2502,3.2,3.2,725,0
TLF.US,60,20250825,160000,3.18,3.2,3.18,3.19,1142,0
TLF.US,60,20250825,170000,3.22,3.22,3.19,3.19,363,0
TLF.US,60,20250825,190000,3.19,3.19,3.1804,3.1804,225,0
TLF.US,60,20250825,200000,3.19,3.19,3.18,3.19,2055,0
TLF.US,60,20250825,220000,3.17,3.17,3.17,3.17,100,0
TLF.US,60,20250826,160000,3.17,3.17,3.15,3.15,612,0
TLF.US,60,20250826,180000,3.2545,3.2545,3.21,3.21,2750,0
TLF.US,60,20250826,200000,3.17,3.17,3.16,3.16,948,0
TLF.US,60,20250826,210000,3.18,3.18,3.18,3.18,100,0
TLF.US,60,20250826,220000,3.2,3.2,3.16,3.16,745,0
TLF.US,60,20250827,170000,3.215,3.25,3.17,3.17,1077,0
TLF.US,60,20250827,180000,3.21,3.21,3.16,3.16,7309,0
TLF.US,60,20250827,220000,3.15,3.15,3.15,3.15,1801,0
TLF.US,60,20250828,160000,3.13,3.13,3.1,3.12,1519,0
TLF.US,60,20250828,180000,3.13,3.13,3.13,3.13,100,0
TLF.US,60,20250828,190000,3.12,3.12,3.11,3.11,542,0
TLF.US,60,20250828,200000,3.11,3.13,3.11,3.13,400,0
TLF.US,60,20250828,220000,3.11,3.13,3.1,3.1,4691,0
TLF.US,60,20250829,160000,3.13,3.13,3.13,3.13,100,0
TLF.US,60,20250829,170000,3.11,3.135,3.09,3.11,4073,0
TLF.US,60,20250829,180000,3.09,3.135,3.08,3.09,1761,0
TLF.US,60,20250829,190000,3.08,3.1306,3.08,3.09,5158,0
TLF.US,60,20250829,200000,3.08,3.1,3.08,3.08,2287,0
TLF.US,60,20250829,210000,3.08,3.08,3.08,3.08,400,0
TLF.US,60,20250829,220000,3.07,3.08,3,3.08,19668,0
TLF.US,60,20250902,160000,3,3.05,2.995,3.01,2124,0
TLF.US,60,20250902,170000,3.02,3.03,3.02,3.0299,6150,0
TLF.US,60,20250902,180000,3.0502,3.0502,3.0502,3.0502,998,0
TLF.US,60,20250902,190000,3.05,3.05,3.05,3.05,498,0
TLF.US,60,20250902,200000,3.06,3.06,3.05,3.05,700,0
TLF.US,60,20250902,210000,3.0284,3.029,3.0284,3.029,492,0
TLF.US,60,20250902,220000,3.02,3.02,3.02,3.02,1682,0
TLF.US,60,20250903,170000,3,3,3,3,100,0
TLF.US,60,20250903,180000,2.99,3.0131,2.98,2.98,2062,0
TLF.US,60,20250903,190000,3.0012,3.0087,2.98,2.99,16991,0
TLF.US,60,20250903,200000,3.01,3.01,2.975,2.9899,25363,0
TLF.US,60,20250903,210000,2.99,2.99,2.98,2.98,11992,0
TLF.US,60,20250903,220000,2.99,3.05,2.98,3.04,16444,0
TLF.US,60,20250904,160000,3.05,3.24,3.0463,3.1428,18190,0
TLF.US,60,20250904,170000,3.16,3.16,3.07,3.1001,15727,0
TLF.US,60,20250904,180000,3.1,3.14,3.09,3.14,3684,0
TLF.US,60,20250904,190000,3.09,3.12,3.07,3.12,1995,0
TLF.US,60,20250904,200000,3.1472,3.1472,3.08,3.1037,11801,0
TLF.US,60,20250904,210000,3.08,3.085,3.08,3.085,200,0
TLF.US,60,20250904,220000,3.11,3.11,3.04,3.05,5177,0
TLF.US,60,20250905,160000,3.07,3.07,3.05,3.05,1908,0
TLF.US,60,20250905,170000,3.0436,3.0436,3.0228,3.03,1867,0
TLF.US,60,20250905,180000,3.0384,3.05,3.03,3.03,1100,0
TLF.US,60,20250905,190000,3.07,3.07,3.06,3.06,383,0
TLF.US,60,20250905,200000,3.07,3.07,3.02,3.03,2582,0
TLF.US,60,20250905,210000,3.05,3.0549,3.03,3.04,700,0
TLF.US,60,20250905,220000,3.0699,3.0699,3.0699,3.0699,100,0
TLF.US,60,20250908,160000,3.02,3.02,3.02,3.02,500,0
TLF.US,60,20250908,170000,3.02,3.0595,3.01,3.03,5242,0
TLF.US,60,20250908,180000,3.0598,3.06,3.01,3.057,2154,0
TLF.US,60,20250908,190000,3.04,3.04,3.03,3.03,400,0
TLF.US,60,20250908,210000,3.043,3.043,3.03,3.03,271,0
TLF.US,60,20250908,220000,3.0205,3.0238,3.0205,3.0238,5000,0
TLF.US,60,20250909,160000,3.04,3.04,3,3.04,1144,0
TLF.US,60,20250909,170000,3.04,3.04,3.04,3.04,400,0
TLF.US,60,20250909,180000,3.01,3.01,3,3,200,0
TLF.US,60,20250909,190000,3.01,3.01,3,3,400,0
TLF.US,60,20250909,200000,3.015,3.0448,3.015,3.0448,606,0
TLF.US,60,20250909,210000,3.035,3.035,3.01,3.01,282,0
TLF.US,60,20250909,220000,3.01,3.01,2.99,3,7109,0
TLF.US,60,20250910,160000,2.98,2.98,2.98,2.98,682,0
TLF.US,60,20250910,170000,2.9987,3,2.98,3,2478,0
TLF.US,60,20250910,180000,3,3.03,3,3.03,8593,0
TLF.US,60,20250910,190000,3.02,3.0239,3.01,3.01,2912,0
TLF.US,60,20250910,200000,3.01,3.01,3.01,3.01,100,0
TLF.US,60,20250910,210000,3.02,3.02,2.99,3.01,2120,0
TLF.US,60,20250910,220000,3.01,3.01,3.01,3.01,100,0
TLF.US,60,20250911,170000,2.98,2.98,2.98,2.98,200,0
TLF.US,60,20250911,180000,2.98,2.9999,2.9758,2.99,6468,0
TLF.US,60,20250911,190000,2.99,3,2.99,3,2184,0
TLF.US,60,20250911,200000,3.03,3.03,3.03,3.03,12718,0
TLF.US,60,20250911,220000,3.0629,3.0629,3.06,3.06,398,0
TLF.US,60,20250912,160000,3.1,3.1,3.062,3.09,4300,0
TLF.US,60,20250912,180000,3.07,3.1146,3.07,3.1146,300,0
TLF.US,60,20250912,190000,3.11,3.11,3.07,3.07,1235,0
TLF.US,60,20250912,200000,3.06,3.0674,3.06,3.0674,350,0
TLF.US,60,20250912,220000,3.05,3.08,3,3.08,2093,0
TLF.US,60,20250915,160000,3.1,3.2,3.1,3.12,2543,0
TLF.US,60,20250915,180000,3.07,3.1074,3.03,3.08,711,0
TLF.US,60,20250915,200000,3.1352,3.1352,3.13,3.13,360,0
TLF.US,60,20250915,210000,3.0709,3.08,3.0709,3.08,1100,0
TLF.US,60,20250916,160000,3.05,3.05,3.05,3.05,120,0
TLF.US,60,20250916,210000,3.04,3.0652,3.035,3.035,448,0
TLF.US,60,20250917,170000,3.04,3.09,3.04,3.09,200,0
TLF.US,60,20250917,180000,3.1127,3.1127,3.05,3.05,528,0
TLF.US,60,20250917,190000,3.1099,3.1099,3.1099,3.1099,200,0
TLF.US,60,20250917,200000,3.02,3.02,3.02,3.02,200,0
TLF.US,60,20250917,210000,3.04,3.07,3.029,3.07,2230,0
TLF.US,60,20250917,220000,3.07,3.0746,3.06,3.06,1430,0
TLF.US,60,20250918,160000,3.12,3.13,3.11,3.115,8414,0
TLF.US,60,20250918,170000,3.08,3.1,3.08,3.08,1200,0
TLF.US,60,20250918,180000,3.0533,3.0533,3.0533,3.0533,258,0
TLF.US,60,20250918,190000,3.0556,3.075,3.0501,3.075,400,0
TLF.US,60,20250918,200000,3.075,3.075,3.059,3.06,512,0
TLF.US,60,20250918,210000,3.06,3.06,3.06,3.06,200,0
TLF.US,60,20250918,220000,3.054,3.1,3.054,3.1,6428,0
TLF.US,60,20250919,160000,3.1,3.1,3.06,3.06,200,0
TLF.US,60,20250919,170000,3.05,3.05,3.05,3.05,191,0
TLF.US,60,20250919,180000,3.0546,3.06,3.05,3.06,1507,0
TLF.US,60,20250919,190000,3.07,3.07,3.05,3.05,850,0
TLF.US,60,20250919,200000,3.0577,3.06,3.0577,3.06,400,0
TLF.US,60,20250919,210000,3.06,3.06,3.06,3.06,2569,0
TLF.US,60,20250922,160000,3.07,3.0948,3.07,3.0948,1165,0
TLF.US,60,20250922,170000,3.095,3.1,3.06,3.06,9167,0
TLF.US,60,20250922,200000,3.06,3.07,3.03,3.0388,15043,0
TLF.US,60,20250922,210000,3.03,3.04,3.03,3.04,2226,0
TLF.US,60,20250922,220000,3.035,3.04,3.03,3.04,3136,0
TLF.US,60,20250923,160000,3.04,3.04,3.01,3.01,400,0
TLF.US,60,20250923,180000,3.0389,3.0389,3.03,3.03,300,0
TLF.US,60,20250923,190000,3.04,3.07,3.04,3.04,27016,0
TLF.US,60,20250923,210000,3.0212,3.0212,3.0212,3.0212,150,0
TLF.US,60,20250923,220000,3.02,3.03,3.02,3.03,2084,0
TLF.US,60,20250924,160000,3.03,3.03,3.02,3.02,667,0
TLF.US,60,20250924,190000,3.025,3.03,3.025,3.03,300,0
TLF.US,60,20250924,200000,3.02,3.02,3.02,3.02,300,0
TLF.US,60,20250924,220000,3.0202,3.0202,2.995,3,9452,0
TLF.US,60,20250925,160000,2.99,2.99,2.98,2.98,916,0
TLF.US,60,20250925,170000,2.9723,2.9723,2.9723,2.9723,150,0
TLF.US,60,20250925,180000,2.9959,2.9959,2.98,2.98,877,0
TLF.US,60,20250925,220000,3.01,3.03,3.0074,3.03,1262,0
TLF.US,60,20250926,160000,3.02,3.02,3.02,3.02,883,0
TLF.US,60,20250926,170000,3.04,3.04,3.0293,3.0293,305,0
TLF.US,60,20250926,180000,3.0202,3.0202,3.02,3.0202,3072,0
TLF.US,60,20250926,190000,3.02,3.02,3.02,3.02,250,0
TLF.US,60,20250926,210000,3,3.04,3,3,1471,0
TLF.US,60,20250926,220000,3.01,3.05,3.01,3.05,205,0
TLF.US,60,20250929,170000,3,3.025,3,3.025,464,0
TLF.US,60,20250929,180000,3.05,3.05,3.002,3.002,1200,0
TLF.US,60,20250929,190000,3.05,3.05,3.05,3.05,1783,0
TLF.US,60,20250929,210000,3.043,3.0496,3.03,3.03,1561,0
TLF.US,60,20250930,180000,2.99,2.99,2.99,2.99,400,0
TLF.US,60,20250930,190000,3.015,3.015,3.015,3.015,200,0
TLF.US,60,20250930,210000,3,3,3,3,600,0
TLF.US,60,20251001,160000,3,3.02,3,3.02,4605,0
TLF.US,60,20251001,180000,3.02,3.02,2.95,3.0087,30657,0
TLF.US,60,20251001,190000,3.009,3.009,3.009,3.009,486,0
TLF.US,60,20251001,200000,3.015,3.015,3.015,3.015,320,0
TLF.US,60,20251001,210000,3.0264,3.0264,3.0264,3.0264,179,0
TLF.US,60,20251001,220000,3.015,3.015,3.0012,3.0012,800,0
TLF.US,60,20251002,160000,2.98,3,2.98,3,560,0
TLF.US,60,20251002,170000,2.995,3,2.995,3,961,0
TLF.US,60,20251002,200000,2.995,3,2.995,3,13442,0
TLF.US,60,20251002,220000,3.0042,3.0042,3,3,1447,0
TLF.US,60,20251003,170000,2.992,3.015,2.992,3.015,400,0
TLF.US,60,20251003,210000,3.015,3.0299,3.015,3.0299,700,0
TLF.US,60,20251003,220000,3.02,3.02,3.02,3.02,119,0
TLF.US,60,20251006,160000,3.02,3.02,3.02,3.02,280,0
TLF.US,60,20251006,190000,3.02,3.023,3.02,3.023,441,0
TLF.US,60,20251006,210000,3.025,3.025,3.02,3.025,5201,0
TLF.US,60,20251007,160000,3.03,3.03,3.03,3.03,319,0
TLF.US,60,20251007,170000,3.022,3.07,3.02,3.02,1358,0
TLF.US,60,20251007,190000,3.015,3.015,3.015,3.015,200,0
TLF.US,60,20251007,210000,3.016,3.016,3,3,500,0
TLF.US,60,20251007,220000,2.99,2.99,2.99,2.99,241,0
TLF.US,60,20251008,160000,3.04,3.04,3.025,3.025,1500,0
TLF.US,60,20251008,170000,3.0091,3.0091,3.0091,3.0091,500,0
TLF.US,60,20251008,180000,2.99,3.01,2.99,2.99,800,0
TLF.US,60,20251008,200000,3.0001,3.0047,3.0001,3.0047,200,0
TLF.US,60,20251008,210000,3.0001,3.0001,3,3,3101,0
TLF.US,60,20251009,170000,3.06,3.06,2.99,2.99,400,0
TLF.US,60,20251009,180000,3.019,3.019,3.0014,3.0014,359,0
TLF.US,60,20251009,200000,3.02,3.02,3.02,3.02,250,0
TLF.US,60,20251009,210000,3.0013,3.0013,3.0013,3.0013,143,0
TLF.US,60,20251009,220000,3.01,3.01,3.01,3.01,265,0
TLF.US,60,20251010,160000,3,3.0002,3,3,3340,0
TLF.US,60,20251010,170000,3.025,3.025,3.025,3.025,100,0
TLF.US,60,20251010,180000,2.99,2.995,2.99,2.995,2444,0
TLF.US,60,20251010,190000,2.9908,2.9908,2.99,2.99,1920,0
TLF.US,60,20251010,200000,2.9924,3.001,2.9924,3.001,650,0
TLF.US,60,20251010,220000,2.99,2.99,2.99,2.99,2230,0
TLF.US,60,20251013,160000,3.02,3.02,2.99,3,2550,0
TLF.US,60,20251013,170000,2.98,3,2.98,2.992,12697,0
TLF.US,60,20251013,180000,3,3,3,3,1297,0
TLF.US,60,20251013,190000,2.9988,2.9988,2.9988,2.9988,167,0
TLF.US,60,20251013,200000,2.9911,2.9911,2.9911,2.9911,200,0
TLF.US,60,20251013,210000,2.99,2.99,2.99,2.99,831,0
TLF.US,60,20251013,220000,2.9965,3,2.99,3,2818,0
TLF.US,60,20251014,160000,3,3.0234,2.9999,3.002,8899,0
TLF.US,60,20251014,180000,3.035,3.035,3,3,5000,0
TLF.US,60,20251014,200000,3.0001,3.05,3.0001,3.05,400,0
TLF.US,60,20251014,210000,3.0202,3.0202,3.01,3.01,440,0
TLF.US,60,20251014,220000,3.0496,3.0496,3.0171,3.0171,400,0
TLF.US,60,20251015,160000,3.02,3.0617,3.0112,3.0617,1999,0
TLF.US,60,20251015,170000,3.012,3.02,3.01,3.01,1000,0
TLF.US,60,20251015,180000,3.07,3.07,3.07,3.07,200,0
TLF.US,60,20251015,190000,3.06,3.06,3.03,3.03,324,0
TLF.US,60,20251015,210000,3.01,3.01,3.01,3.01,347,0
TLF.US,60,20251015,220000,3.05,3.052,3.04,3.0436,1189,0
TLF.US,60,20251016,160000,3.1,3.13,3.1,3.105,2757,0
TLF.US,60,20251016,170000,3.1106,3.12,3.1,3.11,6536,0
TLF.US,60,20251016,180000,3.11,3.11,3.1042,3.1042,1200,0
TLF.US,60,20251016,190000,3.1,3.1084,3.1,3.1,4243,0
TLF.US,60,20251016,200000,3.0601,3.0601,3.0601,3.0601,1000,0
TLF.US,60,20251016,220000,3.0737,3.075,3.05,3.05,715,0
TLF.US,60,20251017,160000,3.0119,3.0119,3.0119,3.0119,119,0
TLF.US,60,20251017,170000,3.02,3.0415,3.01,3.01,1055,0
TLF.US,60,20251017,180000,3.0488,3.0488,3.01,3.01,344,0
TLF.US,60,20251017,220000,3.045,3.045,3.01,3.03,2176,0
TLF.US,60,20251020,180000,3.02,3.02,3.02,3.02,400,0
TLF.US,60,20251020,200000,3.06,3.08,3.06,3.08,300,0
TLF.US,60,20251020,210000,3.05,3.05,3.05,3.05,100,0
TLF.US,60,20251020,220000,3.05,3.05,3.05,3.05,200,0
TLF.US,60,20251021,160000,3.08,3.09,3.08,3.09,1525,0
TLF.US,60,20251021,170000,3.09,3.1,3.0652,3.0652,2338,0
TLF.US,60,20251021,180000,3.1,3.1,3.03,3.04,980,0
TLF.US,60,20251021,190000,3.0384,3.04,3.0384,3.04,500,0
TLF.US,60,20251021,200000,3.03,3.03,3.03,3.03,100,0
TLF.US,60,20251021,210000,3.04,3.04,3.03,3.03,1239,0
TLF.US,60,20251021,220000,3.04,3.04,3.0342,3.0342,1100,0
TLF.US,60,20251022,160000,3.03,3.04,3.03,3.04,660,0
TLF.US,60,20251022,170000,3.03,3.035,3.03,3.035,1100,0
TLF.US,60,20251022,180000,3.03,3.04,3.03,3.0324,4238,0
TLF.US,60,20251022,190000,3.04,3.06,3.04,3.06,3165,0
TLF.US,60,20251022,200000,3.06,3.06,3.06,3.06,200,0
TLF.US,60,20251022,210000,3.06,3.08,3.06,3.08,583,0
TLF.US,60,20251022,220000,3.08,3.09,3.08,3.08,500,0
TLF.US,60,20251023,160000,3.09,3.09,3.03,3.04,3889,0
TLF.US,60,20251023,170000,3.1,3.1,3.042,3.0505,600,0
TLF.US,60,20251023,180000,3.065,3.065,3.04,3.065,300,0
TLF.US,60,20251023,220000,3.09,3.09,3.075,3.075,200,0
TLF.US,60,20251024,170000,3.06,3.06,3.0401,3.06,4151,0
TLF.US,60,20251024,180000,3.0541,3.08,3.04,3.08,396,0
TLF.US,60,20251024,200000,3.099,3.099,3.035,3.04,11720,0
TLF.US,60,20251024,210000,3.06,3.06,3.03,3.0519,8476,0
TLF.US,60,20251024,220000,3.06,3.07,3.05,3.05,800,0
TLF.US,60,20251027,150000,3.055,3.055,3.055,3.055,300,0
TLF.US,60,20251027,160000,3.06,3.06,3.05,3.05,200,0
TLF.US,60,20251027,170000,3.03,3.0713,3.03,3.04,3413,0
TLF.US,60,20251027,180000,3.055,3.055,3.055,3.055,100,0
TLF.US,60,20251027,190000,3.0459,3.0459,3.0459,3.0459,300,0
TLF.US,60,20251027,210000,3.01,3.06,2.97,3.015,19362,0
TLF.US,60,20251028,160000,3.0448,3.07,3.0448,3.07,3010,0
TLF.US,60,20251028,180000,3.01,3.04,3.01,3.04,1090,0
TLF.US,60,20251028,190000,3.0201,3.0288,3.0201,3.0288,200,0
TLF.US,60,20251028,200000,3.02,3.02,3.02,3.02,100,0
TLF.US,60,20251028,210000,3.02,3.04,3.02,3.04,1700,0
TLF.US,60,20251029,160000,3.0399,3.0573,3.0399,3.0573,7478,0
TLF.US,60,20251029,170000,3.0509,3.06,3.04,3.06,300,0
TLF.US,60,20251029,180000,3.04,3.0573,3.04,3.0573,200,0
TLF.US,60,20251029,190000,3.0401,3.07,3.04,3.07,400,0
TLF.US,60,20251029,200000,3.0526,3.0609,3.04,3.04,2100,0
TLF.US,60,20251029,210000,3.01,3.02,2.95,2.96,11345,0
TLF.US,60,20251030,150000,2.96,2.9672,2.96,2.9644,1117,0
TLF.US,60,20251030,160000,2.9601,2.975,2.957,2.97,16976,0
TLF.US,60,20251030,170000,3,3,3,3,455,0
TLF.US,60,20251030,180000,3.01,3.01,3.01,3.01,3191,0
TLF.US,60,20251030,190000,3.01,3.01,2.99,3.01,796,0
TLF.US,60,20251030,200000,3.02,3.02,3.02,3.02,600,0
TLF.US,60,20251030,210000,3.01,3.02,2.97,3,3443,0
TLF.US,60,20251031,160000,2.98,3,2.98,3,200,0
TLF.US,60,20251031,170000,3.0364,3.04,3.01,3.04,3500,0
TLF.US,60,20251031,180000,3.04,3.04,3.04,3.04,500,0
TLF.US,60,20251031,190000,3.05,3.05,3.05,3.05,100,0
TLF.US,60,20251031,200000,3.0414,3.0414,3.0221,3.04,300,0
TLF.US,60,20251031,210000,3.0316,3.04,3.02,3.02,1200,0
TLF.US,60,20251103,160000,3.02,3.02,3.02,3.02,100,0
TLF.US,60,20251103,170000,3.0301,3.079,3.02,3.079,2548,0
TLF.US,60,20251103,180000,3,3.01,3,3.01,224,0
TLF.US,60,20251103,190000,3.04,3.04,3,3.03,4598,0
TLF.US,60,20251103,200000,3,3.04,3,3.02,400,0
TLF.US,60,20251103,210000,3,3.0239,3,3.0239,500,0
TLF.US,60,20251103,220000,3.02,3.04,3.02,3.02,300,0
TLF.US,60,20251104,170000,3.0425,3.0425,3.0425,3.0425,1000,0
TLF.US,60,20251104,180000,3.035,3.035,3.035,3.035,214,0
TLF.US,60,20251104,190000,3.01,3.0108,3.01,3.01,579,0
TLF.US,60,20251104,210000,3.01,3.0184,3.01,3.01,380,0
TLF.US,60,20251105,170000,3.01,3.01,3.01,3.01,1100,0
TLF.US,60,20251105,180000,3.01,3.01,3.01,3.01,430,0
TLF.US,60,20251105,190000,3.01,3.01,3.01,3.01,200,0
TLF.US,60,20251105,210000,2.98,3.035,2.98,3.035,202,0
TLF.US,60,20251105,220000,2.99,2.99,2.99,2.99,100,0
TLF.US,60,20251106,160000,3.05,3.05,3,3,200,0
TLF.US,60,20251106,180000,3,3.025,2.99,2.99,3712,0
TLF.US,60,20251106,210000,2.96,2.97,2.93,2.945,4213,0
TLF.US,60,20251106,220000,2.94,2.95,2.92,2.92,12957,0
TLF.US,60,20251107,190000,2.986,2.986,2.986,2.986,150,0
TLF.US,60,20251107,220000,2.9978,2.9978,2.95,2.95,1424,0
TLF.US,60,20251110,170000,2.95,2.95,2.95,2.95,100,0
TLF.US,60,20251110,180000,2.9504,2.9524,2.935,2.935,700,0
TLF.US,60,20251110,190000,2.9268,2.945,2.9268,2.945,300,0
TLF.US,60,20251110,220000,2.95,2.955,2.95,2.955,3412,0
TLF.US,60,20251111,180000,2.9528,2.9542,2.9528,2.9542,500,0
TLF.US,60,20251112,160000,2.95,3.03,2.95,2.97,530,0
TLF.US,60,20251112,180000,2.96,2.96,2.94,2.9567,3612,0
TLF.US,60,20251112,190000,2.95,2.95,2.95,2.95,10500,0
TLF.US,60,20251112,200000,2.95,2.95,2.92,2.92,5173,0
TLF.US,60,20251112,210000,2.95,2.95,2.95,2.95,3000,0
TLF.US,60,20251113,170000,2.9596,2.9596,2.9596,2.9596,400,0
TLF.US,60,20251113,180000,2.9306,2.9306,2.93,2.9306,8037,0
TLF.US,60,20251113,190000,2.946,2.946,2.92,2.92,3873,0
TLF.US,60,20251113,200000,2.93,2.93,2.92,2.92,1400,0
TLF.US,60,20251113,210000,2.91,2.935,2.88,2.8947,15473,0
TLF.US,60,20251113,220000,2.92,2.92,2.89,2.89,400,0
TLF.US,60,20251114,160000,2.89,2.9,2.84,2.9,4812,0
TLF.US,60,20251114,170000,2.88,2.88,2.85,2.85,622,0
TLF.US,60,20251114,180000,2.85,2.85,2.84,2.84,1750,0
TLF.US,60,20251114,190000,2.8313,2.8313,2.8313,2.8313,100,0
TLF.US,60,20251114,200000,2.849,2.85,2.8,2.85,17887,0
TLF.US,60,20251114,210000,2.84,2.84,2.84,2.84,100,0
TLF.US,60,20251114,220000,2.89,2.89,2.8,2.82,1088,0
TLF.US,60,20251117,160000,2.82,2.82,2.8,2.8,3132,0
TLF.US,60,20251117,170000,2.8199,2.86,2.8173,2.86,7486,0
TLF.US,60,20251117,180000,2.82,2.8372,2.81,2.8372,3870,0
TLF.US,60,20251117,210000,2.86,2.86,2.8,2.8,10228,0
TLF.US,60,20251117,220000,2.8,2.8001,2.61,2.61,3424,0
TLF.US,60,20251118,160000,2.72,2.8658,2.72,2.8658,705,0
TLF.US,60,20251118,170000,2.815,2.815,2.73,2.75,1578,0
TLF.US,60,20251118,180000,2.74,2.765,2.735,2.75,3296,0
TLF.US,60,20251118,190000,2.7577,2.76,2.74,2.74,5758,0
TLF.US,60,20251118,200000,2.76,2.76,2.74,2.74,2369,0
TLF.US,60,20251118,210000,2.74,2.7401,2.61,2.6301,23700,0
TLF.US,60,20251118,220000,2.655,2.7,2.64,2.66,9529,0
TLF.US,60,20251119,170000,2.76,2.7814,2.76,2.7814,863,0
TLF.US,60,20251119,180000,2.77,2.77,2.62,2.62,1357,0
TLF.US,60,20251119,190000,2.62,2.6489,2.61,2.63,1676,0
TLF.US,60,20251119,200000,2.64,2.65,2.63,2.64,1976,0
TLF.US,60,20251119,210000,2.6436,2.6436,2.5858,2.59,9309,0
TLF.US,60,20251119,220000,2.6098,2.64,2.56,2.6,9371,0
TLF.US,60,20251120,170000,2.6299,2.66,2.5894,2.66,13536,0
TLF.US,60,20251120,190000,2.67,2.71,2.67,2.71,9095,0
TLF.US,60,20251120,200000,2.7,2.7,2.66,2.6815,8956,0
TLF.US,60,20251120,210000,2.67,2.67,2.62,2.62,5045,0
TLF.US,60,20251120,220000,2.6781,2.6781,2.58,2.6138,33061,0
TLF.US,60,20251121,170000,2.8,2.92,2.6001,2.6001,2087,0
TLF.US,60,20251121,180000,2.695,2.695,2.61,2.62,3301,0
TLF.US,60,20251121,190000,2.62,2.64,2.62,2.64,300,0
TLF.US,60,20251121,200000,2.68,2.725,2.68,2.725,600,0
TLF.US,60,20251121,210000,2.7,2.73,2.67,2.67,3712,0
TLF.US,60,20251121,220000,2.68,2.68,2.67,2.67,243,0
TLF.US,60,20251124,160000,2.68,2.68,2.61,2.66,590,0
TLF.US,60,20251124,190000,2.6814,2.6814,2.6814,2.6814,2750,0
TLF.US,60,20251124,210000,2.63,2.63,2.62,2.63,414,0
TLF.US,60,20251124,220000,2.64,2.64,2.64,2.64,250,0
TLF.US,60,20251125,160000,2.71,2.71,2.71,2.71,2637,0
TLF.US,60,20251125,170000,2.67,2.67,2.67,2.67,100,0
TLF.US,60,20251125,190000,2.67,2.7415,2.67,2.7415,263,0
TLF.US,60,20251125,200000,2.74,2.74,2.71,2.71,300,0
TLF.US,60,20251125,210000,2.74,2.74,2.74,2.74,100,0
TLF.US,60,20251125,220000,2.74,2.74,2.74,2.74,100,0
TLF.US,60,20251126,160000,2.714,2.714,2.714,2.714,726,0
TLF.US,60,20251126,170000,2.72,2.81,2.72,2.81,2500,0
TLF.US,60,20251126,180000,2.71,2.7622,2.71,2.7622,265,0
TLF.US,60,20251126,190000,2.71,2.72,2.71,2.71,400,0
TLF.US,60,20251126,200000,2.71,2.725,2.67,2.67,2603,0
TLF.US,60,20251126,210000,2.73,2.73,2.66,2.705,846,0
TLF.US,60,20251126,220000,2.68,2.735,2.68,2.69,1426,0
TLF.US,60,20251128,170000,2.7,2.72,2.7,2.72,548,0
TLF.US,60,20251128,180000,2.73,2.73,2.73,2.73,100,0
TLF.US,60,20251128,190000,2.74,2.7401,2.73,2.7301,7100,0
TLF.US,60,20251201,180000,2.73,2.73,2.7,2.7163,1000,0
TLF.US,60,20251201,190000,2.71,2.71,2.7,2.7,500,0
TLF.US,60,20251201,200000,2.7,2.73,2.7,2.73,2607,0
TLF.US,60,20251201,210000,2.72,2.72,2.72,2.72,100,0
TLF.US,60,20251201,220000,2.77,2.77,2.77,2.77,107,0
TLF.US,60,20251202,160000,2.75,2.75,2.75,2.75,1109,0
TLF.US,60,20251202,200000,2.7,2.7148,2.68,2.7148,2600,0
TLF.US,60,20251202,210000,2.7287,2.7287,2.7287,2.7287,457,0
TLF.US,60,20251202,220000,2.69,2.73,2.69,2.73,300,0
TLF.US,60,20251203,180000,2.75,2.75,2.75,2.75,180,0
TLF.US,60,20251203,200000,2.7,2.75,2.69,2.7418,21551,0
TLF.US,60,20251203,220000,2.6901,2.78,2.69,2.69,2932,0
TLF.US,60,20251204,180000,2.789,2.789,2.75,2.75,900,0
TLF.US,60,20251204,200000,2.71,2.71,2.71,2.71,134,0
TLF.US,60,20251204,210000,2.69,2.6901,2.6501,2.68,11003,0
TLF.US,60,20251204,220000,2.6501,2.68,2.6501,2.67,3299,0
TLF.US,60,20251205,160000,2.65,2.65,2.65,2.65,226,0
TLF.US,60,20251205,170000,2.66,2.66,2.66,2.66,100,0
TLF.US,60,20251205,180000,2.65,2.65,2.65,2.65,1185,0
TLF.US,60,20251205,190000,2.65,2.65,2.65,2.65,200,0
TLF.US,60,20251205,210000,2.65,2.65,2.65,2.65,151,0
TLF.US,60,20251205,220000,2.685,2.7199,2.67,2.67,5207,0
TLF.US,60,20251208,160000,2.65,2.68,2.65,2.6665,7401,0
TLF.US,60,20251208,170000,2.75,2.75,2.6582,2.705,24132,0
TLF.US,60,20251208,180000,2.675,2.69,2.675,2.69,2360,0
TLF.US,60,20251208,210000,2.68,2.68,2.68,2.68,100,0
TLF.US,60,20251208,220000,2.67,2.67,2.67,2.67,538,0
TLF.US,60,20251209,170000,2.71,2.71,2.71,2.71,100,0
TLF.US,60,20251209,180000,2.68,2.68,2.68,2.68,409,0
TLF.US,60,20251209,190000,2.68,2.68,2.68,2.68,593,0
TLF.US,60,20251209,200000,2.6844,2.7,2.68,2.6867,8003,0
TLF.US,60,20251209,220000,2.73,2.75,2.71,2.75,2996,0
TLF.US,60,20251210,170000,2.715,2.715,2.715,2.715,629,0
TLF.US,60,20251210,180000,2.74,2.74,2.74,2.74,100,0
TLF.US,60,20251210,190000,2.7,2.7,2.7,2.7,100,0
TLF.US,60,20251210,200000,2.74,2.74,2.7191,2.7191,239,0
TLF.US,60,20251210,210000,2.74,2.74,2.71,2.71,316,0
TLF.US,60,20251210,220000,2.74,2.75,2.74,2.74,3604,0
TLF.US,60,20251211,160000,2.7248,2.7248,2.7248,2.7248,100,0
TLF.US,60,20251211,170000,2.74,2.75,2.74,2.75,485,0
TLF.US,60,20251211,180000,2.7469,2.75,2.74,2.75,1479,0
TLF.US,60,20251211,190000,2.7302,2.7302,2.7302,2.7302,200,0
TLF.US,60,20251211,200000,2.73,2.73,2.73,2.73,100,0
TLF.US,60,20251211,210000,2.74,2.74,2.73,2.73,200,0
TLF.US,60,20251211,220000,2.74,2.74,2.71,2.71,1039,0
TLF.US,60,20251212,160000,2.74,2.7511,2.7,2.7,12296,0
TLF.US,60,20251212,180000,2.71,2.71,2.7,2.7,3236,0
TLF.US,60,20251212,190000,2.7,2.7,2.7,2.7,200,0
TLF.US,60,20251212,200000,2.7,2.7,2.65,2.659,4461,0
TLF.US,60,20251212,210000,2.6613,2.67,2.65,2.65,3240,0
TLF.US,60,20251212,220000,2.66,2.6801,2.66,2.66,7792,0
TLF.US,60,20251215,160000,2.65,2.66,2.62,2.63,12341,0
TLF.US,60,20251215,170000,2.63,2.635,2.62,2.6302,5305,0
TLF.US,60,20251215,180000,2.6591,2.6591,2.6591,2.6591,1000,0
TLF.US,60,20251215,210000,2.67,2.694,2.62,2.62,10517,0
TLF.US,60,20251215,220000,2.63,2.655,2.6,2.6,5004,0
TLF.US,60,20251216,160000,2.63,2.63,2.63,2.63,100,0
TLF.US,60,20251216,170000,2.63,2.6433,2.63,2.6433,800,0
TLF.US,60,20251216,180000,2.62,2.625,2.62,2.62,3582,0
TLF.US,60,20251216,190000,2.62,2.621,2.62,2.62,8937,0
TLF.US,60,20251216,220000,2.66,2.66,2.62,2.62,383,0
TLF.US,60,20251217,160000,2.7,2.7,2.7,2.7,334,0
TLF.US,60,20251217,180000,2.66,2.7,2.66,2.7,1400,0
TLF.US,60,20251217,200000,2.6601,2.6601,2.6601,2.6601,370,0
TLF.US,60,20251218,160000,2.737,2.737,2.685,2.685,995,0
TLF.US,60,20251218,180000,2.6864,2.6864,2.6864,2.6864,124,0
TLF.US,60,20251218,190000,2.65,2.6686,2.65,2.65,310,0
TLF.US,60,20251218,200000,2.6568,2.6568,2.65,2.65,350,0
TLF.US,60,20251218,210000,2.64,2.6908,2.64,2.685,1024,0
TLF.US,60,20251218,220000,2.65,2.65,2.64,2.64,740,0
TLF.US,60,20251219,160000,2.64,2.64,2.64,2.64,262,0
TLF.US,60,20251219,170000,2.7199,2.7199,2.643,2.67,1999,0
TLF.US,60,20251219,180000,2.6706,2.6899,2.65,2.65,2649,0
TLF.US,60,20251219,190000,2.65,2.65,2.65,2.65,342,0
TLF.US,60,20251219,200000,2.65,2.65,2.65,2.65,2199,0
TLF.US,60,20251219,210000,2.65,2.65,2.65,2.65,440,0
TLF.US,60,20251219,220000,2.65,2.7,2.6,2.67,11174,0
TLF.US,60,20251222,160000,2.64,2.64,2.64,2.64,112,0
TLF.US,60,20251222,170000,2.6999,2.6999,2.6999,2.6999,8545,0
TLF.US,60,20251222,200000,2.679,2.679,2.675,2.675,1621,0
TLF.US,60,20251222,220000,2.6945,2.7,2.65,2.65,2523,0
TLF.US,60,20251223,160000,2.7,2.7,2.65,2.65,5638,0
TLF.US,60,20251223,180000,2.727,2.738,2.675,2.73,1000,0
TLF.US,60,20251223,210000,2.68,2.69,2.6744,2.6744,746,0
TLF.US,60,20251223,220000,2.68,2.68,2.64,2.65,1901,0
TLF.US,60,20251224,160000,2.66,2.66,2.66,2.66,100,0
TLF.US,60,20251224,180000,2.65,2.65,2.65,2.65,200,0
TLF.US,60,20251224,190000,2.65,2.65,2.65,2.65,400,0
TLF.US,60,20251224,200000,2.65,2.65,2.65,2.65,101,0
TLF.US,60,20251226,160000,2.65,2.65,2.6,2.64,2831,0
TLF.US,60,20251226,170000,2.6493,2.65,2.6493,2.65,3647,0
TLF.US,60,20251226,190000,2.705,2.705,2.69,2.69,500,0
TLF.US,60,20251226,220000,2.66,2.69,2.66,2.69,484,0
