<TICKER>,<PER>,<DATE>,<TIME>,<OPEN>,<HIGH>,<LOW>,<CLOSE>,<VOL>,<OPENINT>
UIVM.US,60,20240415,180000,47.1672,47.1672,47.1672,47.1672,334,0
UIVM.US,60,20240415,190000,47.18,47.19,47.18,47.19,200,0
UIVM.US,60,20240415,220000,46.9201,46.9485,46.92,46.9485,312,0
UIVM.US,60,20240416,180000,46.345,46.345,46.345,46.345,200,0
UIVM.US,60,20240417,160000,46.38,46.38,46.38,46.38,180,0
UIVM.US,60,20240417,170000,46.38,46.38,46.38,46.38,100,0
UIVM.US,60,20240422,160000,46.82,46.82,46.82,46.82,134,0
UIVM.US,60,20240422,210000,47.21,47.21,47.21,47.21,100,0
UIVM.US,60,20240423,220000,47.725,47.725,47.725,47.725,210,0
UIVM.US,60,20240424,160000,47.59,47.61,47.59,47.6,1300,0
UIVM.US,60,20240425,210000,47.29,47.29,47.29,47.29,100,0
UIVM.US,60,20240429,220000,48.0001,48.0285,48,48.0285,320,0
UIVM.US,60,20240501,180000,47.4,47.45,47.4,47.44,127073,0
UIVM.US,60,20240506,160000,48.58,48.58,48.58,48.58,103,0
UIVM.US,60,20240506,220000,48.74,48.74,48.74,48.74,200,0
UIVM.US,60,20240507,190000,48.77,48.77,48.76,48.76,45500,0
UIVM.US,60,20240507,220000,48.7,48.7,48.68,48.68,2705,0
UIVM.US,60,20240508,190000,48.6216,48.6216,48.6216,48.6216,439,0
UIVM.US,60,20240509,170000,48.69,48.69,48.69,48.69,177,0
UIVM.US,60,20240509,210000,48.76,48.76,48.74,48.741,2200,0
UIVM.US,60,20240510,220000,48.95,48.95,48.95,48.95,100,0
UIVM.US,60,20240513,170000,49.155,49.155,49.07,49.07,2140,0
UIVM.US,60,20240513,220000,48.95,48.95,48.95,48.95,100,0
UIVM.US,60,20240514,200000,49.2,49.22,49.16,49.201,2000,0
UIVM.US,60,20240514,210000,49.2,49.26,49.2,49.26,200,0
UIVM.US,60,20240514,220000,49.29,49.3,49.27,49.3,515,0
UIVM.US,60,20240515,190000,49.76,49.76,49.75,49.75,458,0
UIVM.US,60,20240515,200000,49.775,49.775,49.775,49.775,100,0
UIVM.US,60,20240515,220000,49.82,49.82,49.82,49.82,100,0
UIVM.US,60,20240516,190000,49.669,49.669,49.669,49.669,124,0
UIVM.US,60,20240517,220000,49.75,49.75,49.74,49.74,2000,0
UIVM.US,60,20240520,160000,49.81,49.81,49.81,49.81,213,0
UIVM.US,60,20240520,210000,49.87,49.87,49.87,49.87,100,0
UIVM.US,60,20240523,220000,49.87,49.87,48.951,48.96,905,0
UIVM.US,60,20240524,190000,49.48,49.48,49.42,49.47,2300,0
UIVM.US,60,20240524,200000,49.431,49.44,49.431,49.44,200,0
UIVM.US,60,20240524,210000,49.45,49.49,49.44,49.44,300,0
UIVM.US,60,20240524,220000,49.43,49.44,49.43,49.44,1475,0
UIVM.US,60,20240528,200000,49.63,49.63,49.63,49.63,200,0
UIVM.US,60,20240528,210000,49.64,49.64,49.53,49.53,800,0
UIVM.US,60,20240530,220000,48.8,49.33,48.8,49.33,200,0
UIVM.US,60,20240531,180000,49.4701,49.4701,49.4701,49.4701,123,0
UIVM.US,60,20240531,190000,49.47,49.51,49.43,49.51,3227,0
UIVM.US,60,20240603,180000,49.95,49.97,49.95,49.97,3300,0
UIVM.US,60,20240603,190000,49.84,49.84,49.84,49.84,1000,0
UIVM.US,60,20240603,210000,49.88,49.88,49.88,49.88,152,0
UIVM.US,60,20240603,220000,49.91,49.91,49.91,49.91,100,0
UIVM.US,60,20240606,190000,49.62,49.62,49.62,49.62,158,0
UIVM.US,60,20240606,220000,49.7681,49.7681,49.7681,49.7681,201,0
UIVM.US,60,20240610,160000,48.7,48.7,48.7,48.7,332,0
UIVM.US,60,20240610,210000,49.14,49.14,49.14,49.14,101,0
UIVM.US,60,20240610,220000,49.2061,49.2061,49.16,49.16,1201,0
UIVM.US,60,20240613,170000,47.625,47.625,47.625,47.625,338,0
UIVM.US,60,20240617,180000,47,47,47,47,1548,0
UIVM.US,60,20240620,160000,47.4,47.424,47.4,47.424,360,0
UIVM.US,60,20240620,200000,47.31,47.31,47.31,47.31,1000,0
UIVM.US,60,20240620,210000,47.39,47.39,47.39,47.39,200,0
UIVM.US,60,20240624,200000,47.53,47.53,47.53,47.53,500,0
UIVM.US,60,20240628,220000,47.265,47.265,47.2301,47.2555,460,0
UIVM.US,60,20240702,170000,47.47,47.47,47.47,47.47,100,0
UIVM.US,60,20240702,180000,47.55,47.55,47.51,47.52,5400,0
UIVM.US,60,20240702,190000,47.5,47.51,47.49,47.5,1800,0
UIVM.US,60,20240702,200000,47.51,47.61,47.51,47.61,1900,0
UIVM.US,60,20240702,210000,47.6,47.65,47.6,47.65,1300,0
UIVM.US,60,20240702,220000,47.65,47.6992,47.65,47.6992,657,0
UIVM.US,60,20240705,170000,48.3,48.45,48.3,48.45,1400,0
UIVM.US,60,20240708,160000,48.7,48.7,48.7,48.7,100,0
UIVM.US,60,20240708,190000,48.405,48.405,48.405,48.405,102,0
UIVM.US,60,20240708,210000,48.42,48.42,48.42,48.42,101,0
UIVM.US,60,20240709,220000,48.05,48.05,48.05,48.05,207,0
UIVM.US,60,20240710,200000,48.46,48.46,48.46,48.46,106,0
UIVM.US,60,20240711,160000,48.89,48.89,48.89,48.89,200,0
UIVM.US,60,20240711,170000,48.95,48.98,48.95,48.98,500,0
UIVM.US,60,20240711,180000,48.9,49,48.9,48.9,2400,0
UIVM.US,60,20240712,160000,49.21,49.21,49.21,49.21,100,0
UIVM.US,60,20240716,170000,48.88,49,48.87,49,1000,0
UIVM.US,60,20240716,180000,49.04,49.05,49.02,49.05,800,0
UIVM.US,60,20240716,190000,49.05,49.07,49.05,49.07,600,0
UIVM.US,60,20240716,200000,49.09,49.12,49.09,49.12,400,0
UIVM.US,60,20240716,210000,49.12,49.2559,49.12,49.2559,700,0
UIVM.US,60,20240716,220000,49.2,49.21,49.2,49.21,400,0
UIVM.US,60,20240717,160000,49.32,49.4,49.32,49.4,997,0
UIVM.US,60,20240717,170000,49.34,49.38,49.34,49.38,800,0
UIVM.US,60,20240717,180000,49.24,49.25,49.24,49.25,400,0
UIVM.US,60,20240717,190000,49.22,49.24,49.22,49.24,600,0
UIVM.US,60,20240717,220000,49.26,49.27,49.26,49.27,400,0
UIVM.US,60,20240724,190000,48.53,48.55,48.53,48.55,400,0
UIVM.US,60,20240725,170000,47.8,47.81,47.8,47.81,400,0
UIVM.US,60,20240725,210000,48.1,48.1,48.1,48.1,100,0
UIVM.US,60,20240726,170000,48.44,48.44,48.44,48.44,200,0
UIVM.US,60,20240730,160000,48.44,48.44,48.44,48.44,159,0
UIVM.US,60,20240730,180000,48.49,48.49,48.42,48.43,1600,0
UIVM.US,60,20240731,190000,49.064,49.064,49.064,49.064,420,0
UIVM.US,60,20240801,160000,48.4,48.4,48.4,48.4,1000,0
UIVM.US,60,20240801,170000,48.12,48.13,47.84,47.84,1200,0
UIVM.US,60,20240801,200000,47.55,47.56,47.53,47.53,1200,0
UIVM.US,60,20240802,170000,46.79,46.79,46.79,46.79,200,0
UIVM.US,60,20240805,160000,45.08,45.08,45.08,45.08,500,0
UIVM.US,60,20240805,170000,45.37,45.38,45.37,45.38,1500,0
UIVM.US,60,20240806,220000,45.68,45.74,45.63,45.74,1600,0
UIVM.US,60,20240808,160000,45.77,45.77,45.64,45.75,1600,0
UIVM.US,60,20240808,170000,45.76,45.82,45.76,45.79,1600,0
UIVM.US,60,20240808,220000,46.04,46.07,46.04,46.07,800,0
UIVM.US,60,20240809,160000,45.95,45.95,45.95,45.95,214,0
UIVM.US,60,20240809,170000,46.0038,46.09,46.0038,46.09,569,0
UIVM.US,60,20240809,190000,46.09,46.09,46.09,46.09,100,0
UIVM.US,60,20240812,210000,46.33,46.33,46.31,46.31,200,0
UIVM.US,60,20240813,220000,47.01,47.01,47.01,47.01,100,0
UIVM.US,60,20240814,160000,47.07,47.2,47.07,47.2,376,0
UIVM.US,60,20240814,190000,47.15,47.15,47.15,47.15,100,0
UIVM.US,60,20240815,170000,47.7,47.7,47.7,47.7,100,0
UIVM.US,60,20240815,210000,47.79,47.79,47.79,47.79,7013,0
UIVM.US,60,20240815,220000,47.78,47.785,47.77,47.78,7012,0
UIVM.US,60,20240816,160000,47.89,47.93,47.89,47.93,400,0
UIVM.US,60,20240816,170000,47.93,47.97,47.93,47.96,300,0
UIVM.US,60,20240816,180000,47.92,47.94,47.92,47.94,300,0
UIVM.US,60,20240816,190000,47.96,47.98,47.96,47.98,200,0
UIVM.US,60,20240816,210000,48.05,48.07,48.05,48.07,200,0
UIVM.US,60,20240819,160000,48.49,48.52,48.49,48.52,200,0
UIVM.US,60,20240819,170000,48.53,48.65,48.53,48.65,800,0
UIVM.US,60,20240819,210000,48.735,48.735,48.735,48.735,115,0
UIVM.US,60,20240821,220000,48.99,48.99,48.99,48.99,100,0
UIVM.US,60,20240822,180000,48.81,48.81,48.81,48.81,100,0
UIVM.US,60,20240822,190000,48.83,48.87,48.83,48.87,291,0
UIVM.US,60,20240822,210000,48.78,48.78,48.76,48.77,300,0
UIVM.US,60,20240823,220000,48.71,49.77,48.7,49.77,402,0
UIVM.US,60,20240826,170000,49.69,49.69,49.67,49.67,300,0
UIVM.US,60,20240826,210000,49.59,49.6,49.59,49.6,200,0
UIVM.US,60,20240828,180000,49.63,49.63,49.63,49.63,768,0
UIVM.US,60,20240828,220000,49.45,49.45,49.43,49.43,1000,0
UIVM.US,60,20240830,210000,49.5101,49.5101,49.51,49.51,344,0
UIVM.US,60,20240830,220000,49.59,49.59,49.56,49.56,708,0
UIVM.US,60,20240903,160000,49.44,49.44,49.26,49.26,204,0
UIVM.US,60,20240903,170000,49.07,49.07,49.07,49.07,132,0
UIVM.US,60,20240903,190000,49.13,49.13,49.13,49.13,100,0
UIVM.US,60,20240903,210000,49,49,49,49,100,0
UIVM.US,60,20240903,220000,48.87,48.9,48.86,48.9,300,0
UIVM.US,60,20240904,160000,48.86,48.86,48.86,48.86,101,0
UIVM.US,60,20240904,210000,48.8399,48.8399,48.8399,48.8399,389,0
UIVM.US,60,20240905,170000,49.26,49.26,49.26,49.26,500,0
UIVM.US,60,20240906,160000,48.98,48.98,48.91,48.91,200,0
UIVM.US,60,20240906,190000,48.27,48.27,48.22,48.22,200,0
UIVM.US,60,20240906,200000,48.19,48.22,48.19,48.22,200,0
UIVM.US,60,20240906,210000,48.19,48.19,48.19,48.19,136,0
UIVM.US,60,20240910,220000,48.25,48.25,48.24,48.24,1400,0
UIVM.US,60,20240916,170000,49.36,49.36,49.36,49.36,100,0
UIVM.US,60,20240916,190000,49.38,49.41,49.35,49.41,700,0
UIVM.US,60,20240916,200000,49.43,49.43,49.43,49.43,100,0
UIVM.US,60,20240916,220000,49.47,49.47,49.47,49.47,100,0
UIVM.US,60,20240917,170000,49.57,49.57,49.57,49.57,200,0
UIVM.US,60,20240918,210000,49.57,49.57,49.57,49.57,151,0
UIVM.US,60,20240919,190000,50.16,50.16,50.16,50.16,9723,0
UIVM.US,60,20240920,160000,49.9,49.9,49.9,49.9,112,0
UIVM.US,60,20240920,180000,49.75,49.85,49.75,49.85,800,0
UIVM.US,60,20240923,170000,50.01,50.01,50.01,50.01,200,0
UIVM.US,60,20240923,180000,49.95,50.04,49.95,50.04,1200,0
UIVM.US,60,20240923,190000,49.93,49.93,49.93,49.93,100,0
UIVM.US,60,20240923,200000,49.94,50,49.94,50,800,0
UIVM.US,60,20240923,210000,50.02,50.02,50.02,50.02,200,0
UIVM.US,60,20240923,220000,50,50.01,50,50.01,400,0
UIVM.US,60,20240924,160000,50.16,50.16,50.16,50.16,200,0
UIVM.US,60,20240924,170000,50.14,50.19,50.08,50.17,1700,0
UIVM.US,60,20240927,200000,50.38,50.46,50.38,50.46,600,0
UIVM.US,60,20240927,210000,50.39,50.43,50.34,50.43,2000,0
UIVM.US,60,20240930,160000,50.21,50.22,50.21,50.22,1000,0
UIVM.US,60,20240930,180000,50.12,50.12,50.12,50.12,137,0
UIVM.US,60,20240930,190000,50.15,50.15,50.15,50.15,100,0
UIVM.US,60,20241002,210000,49.68,49.6801,49.68,49.68,2186,0
UIVM.US,60,20241007,160000,49.51,49.51,49.51,49.51,102,0
UIVM.US,60,20241009,170000,49.0999,49.0999,49.05,49.0701,1013,0
UIVM.US,60,20241010,160000,49.28,49.28,49.28,49.28,125,0
UIVM.US,60,20241010,180000,49.15,49.15,49.15,49.15,377,0
UIVM.US,60,20241011,170000,49.26,49.29,49.26,49.29,300,0
UIVM.US,60,20241011,210000,49.29,49.3,49.29,49.29,300,0
UIVM.US,60,20241011,220000,49.3,49.3,49.3,49.3,100,0
UIVM.US,60,20241015,170000,49.06,49.09,49.06,49.09,400,0
UIVM.US,60,20241015,190000,48.9599,49.005,48.955,49.0037,641,0
UIVM.US,60,20241016,170000,49.25,49.25,49.25,49.25,172,0
UIVM.US,60,20241016,190000,49.1872,49.1872,49.1872,49.1872,213,0
UIVM.US,60,20241017,160000,49.37,49.37,49.37,49.37,102,0
UIVM.US,60,20241018,180000,49.22,49.34,49.22,49.34,321,0
UIVM.US,60,20241021,160000,49.09,49.11,49.09,49.11,507,0
UIVM.US,60,20241021,180000,48.8499,48.8499,48.8499,48.8499,263,0
UIVM.US,60,20241021,210000,48.7899,48.79,48.7899,48.79,506,0
UIVM.US,60,20241021,220000,48.74,48.74,48.74,48.74,100,0
UIVM.US,60,20241022,170000,48.5,48.5,48.5,48.5,300,0
UIVM.US,60,20241028,150000,48.2357,48.2357,48.2357,48.2357,292,0
UIVM.US,60,20241028,210000,48.4063,48.4063,48.4063,48.4063,178,0
UIVM.US,60,20241029,160000,48.25,48.25,48.25,48.25,500,0
UIVM.US,60,20241030,150000,48.13,48.14,48.13,48.14,600,0
UIVM.US,60,20241031,160000,48.26,48.26,47.66,47.66,700,0
UIVM.US,60,20241031,180000,47.66,47.71,47.66,47.71,600,0
UIVM.US,60,20241101,210000,47.9857,47.9857,47.9857,47.9857,214,0
UIVM.US,60,20241107,220000,48.6091,48.6091,48.6091,48.6091,108,0
UIVM.US,60,20241108,190000,47.745,47.745,47.745,47.745,141,0
UIVM.US,60,20241113,180000,46.849,46.849,46.849,46.849,257,0
UIVM.US,60,20241114,170000,47.11,47.11,47.11,47.11,100,0
UIVM.US,60,20241114,180000,47.035,47.035,47.035,47.035,103,0
UIVM.US,60,20241114,220000,46.87,46.87,46.87,46.87,1298,0
UIVM.US,60,20241115,160000,47.04,47.05,47.04,47.05,200,0
UIVM.US,60,20241115,170000,46.99,46.99,46.92,46.93,300,0
UIVM.US,60,20241115,180000,46.96,46.97,46.96,46.97,200,0
UIVM.US,60,20241115,190000,46.95,46.96,46.95,46.96,300,0
UIVM.US,60,20241122,210000,47.19,47.19,47.19,47.19,400,0
UIVM.US,60,20241122,220000,47.185,47.185,47.1501,47.1501,1525,0
UIVM.US,60,20241125,190000,47.28,47.28,47.22,47.22,3255,0
UIVM.US,60,20241125,200000,47.41,47.42,47.41,47.42,200,0
UIVM.US,60,20241125,220000,47.4227,47.4227,47.4227,47.4227,211,0
UIVM.US,60,20241126,170000,46.95,47.02,46.95,47.01,3000,0
UIVM.US,60,20241126,220000,46.99,46.99,46.99,46.99,212,0
UIVM.US,60,20241203,190000,47.74,48.09,47.74,48.09,1266,0
UIVM.US,60,20241205,170000,48.32,48.32,48.32,48.32,123,0
UIVM.US,60,20241209,220000,48.07,48.07,48.07,48.07,207,0
UIVM.US,60,20241210,170000,47.86,47.86,47.86,47.86,1000,0
UIVM.US,60,20241210,200000,47.85,47.95,47.85,47.93,28648,0
UIVM.US,60,20241210,210000,47.94,47.95,47.94,47.94,300,0
UIVM.US,60,20241211,170000,48.05,48.05,47.99,48.04,2400,0
UIVM.US,60,20241212,180000,48.05,48.24,48,48,25451,0
UIVM.US,60,20241213,170000,47.71,47.71,47.71,47.71,100,0
UIVM.US,60,20241216,200000,47.57,47.57,47.535,47.5698,1079,0
UIVM.US,60,20241216,210000,47.6,47.6,47.57,47.57,4120,0
UIVM.US,60,20241216,220000,47.525,47.525,47.525,47.525,182,0
UIVM.US,60,20241217,170000,47.11,47.11,47.11,47.11,1600,0
UIVM.US,60,20241217,180000,47.15,47.15,47.125,47.125,2550,0
UIVM.US,60,20241217,220000,47.07,47.07,47.07,47.07,100,0
UIVM.US,60,20241218,200000,47.24,47.24,47.24,47.24,100,0
UIVM.US,60,20241218,210000,46.86,46.87,46.79,46.87,400,0
UIVM.US,60,20241219,170000,46.255,46.255,46.255,46.255,100,0
UIVM.US,60,20241220,180000,46.15,46.41,46.15,46.41,1372,0
UIVM.US,60,20241220,190000,46.42,46.42,46.42,46.42,200,0
UIVM.US,60,20241220,200000,46.399,46.4,46.399,46.4,265,0
UIVM.US,60,20241220,210000,46.47,46.47,46.47,46.47,900,0
UIVM.US,60,20241223,220000,46.4207,46.4207,46.4207,46.4207,143,0
UIVM.US,60,20241226,180000,46.5401,46.555,46.54,46.555,2202,0
UIVM.US,60,20241226,200000,46.535,46.535,46.5003,46.501,661,0
UIVM.US,60,20241226,220000,46.51,46.51,46.51,46.51,199,0
UIVM.US,60,20241227,170000,46.47,46.47,46.47,46.47,136,0
UIVM.US,60,20241227,210000,46.37,46.37,46.37,46.37,100,0
UIVM.US,60,20241231,160000,46.25,46.25,46.25,46.25,101,0
UIVM.US,60,20241231,180000,46.255,46.255,46.255,46.255,100,0
UIVM.US,60,20241231,190000,46.14,46.221,46.14,46.221,600,0
UIVM.US,60,20250102,180000,46.16,46.18,46.16,46.18,200,0
UIVM.US,60,20250102,200000,45.9835,45.9835,45.9612,45.9612,800,0
UIVM.US,60,20250106,180000,46.2651,46.91,46.2651,46.91,10833,0
UIVM.US,60,20250106,190000,46.7501,46.7501,46.7501,46.7501,107,0
UIVM.US,60,20250106,200000,46.741,46.741,46.741,46.741,108,0
UIVM.US,60,20250106,210000,46.69,46.75,46.69,46.69,536,0
UIVM.US,60,20250107,190000,46.67,46.67,46.67,46.67,100,0
UIVM.US,60,20250113,210000,46.54,46.6199,45.6,45.6001,2329,0
UIVM.US,60,20250114,180000,45.78,45.78,45.78,45.78,3034,0
UIVM.US,60,20250114,200000,45.84,45.84,45.84,45.84,100,0
UIVM.US,60,20250115,210000,46.45,46.48,46.45,46.48,611,0
UIVM.US,60,20250116,170000,46.32,46.32,46.32,46.32,300,0
UIVM.US,60,20250116,180000,46.4,46.4,46.4,46.4,100,0
UIVM.US,60,20250116,200000,46.4846,46.4846,46.4846,46.4846,100,0
UIVM.US,60,20250117,180000,46.86,46.86,46.86,46.86,100,0
UIVM.US,60,20250117,200000,46.765,46.765,46.7457,46.7457,380,0
UIVM.US,60,20250117,210000,46.7,46.7125,46.7,46.7125,769,0
UIVM.US,60,20250121,200000,47.47,47.47,47.47,47.47,100,0
UIVM.US,60,20250122,190000,47.38,47.38,47.38,47.38,192,0
UIVM.US,60,20250123,180000,47.45,47.45,47.45,47.45,181,0
UIVM.US,60,20250128,210000,47.605,47.605,47.605,47.605,224,0
UIVM.US,60,20250130,180000,47.743,48.1901,47.743,48.1901,1023,0
UIVM.US,60,20250130,190000,48.2197,48.2197,48.2197,48.2197,117,0
UIVM.US,60,20250130,220000,48.11,48.11,48.11,48.11,207,0
UIVM.US,60,20250131,170000,48.04,48.04,48.04,48.04,100,0
UIVM.US,60,20250203,160000,47.21,47.21,47.21,47.21,761,0
UIVM.US,60,20250203,200000,47.3,47.3,47.3,47.3,208,0
UIVM.US,60,20250207,160000,48.78,48.78,48.78,48.78,726,0
UIVM.US,60,20250207,170000,48.61,48.66,48.61,48.66,818,0
UIVM.US,60,20250211,200000,48.6599,48.6599,48.6599,48.6599,184,0
UIVM.US,60,20250211,220000,48.76,48.76,48.76,48.76,130,0
UIVM.US,60,20250212,170000,48.511,48.511,48.511,48.511,257,0
UIVM.US,60,20250213,160000,48.99,48.99,48.99,48.99,194,0
UIVM.US,60,20250219,180000,49.51,49.51,49.385,49.385,214,0
UIVM.US,60,20250225,190000,49.87,49.87,49.87,49.87,144,0
UIVM.US,60,20250226,220000,50.11,50.11,50.11,50.11,148,0
UIVM.US,60,20250227,170000,50,50,50,50,100,0
UIVM.US,60,20250227,210000,49.83,49.83,49.83,49.83,141,0
UIVM.US,60,20250307,180000,51.7999,51.7999,51.7999,51.7999,130,0
UIVM.US,60,20250311,170000,50.88,50.88,50.88,50.88,195,0
UIVM.US,60,20250311,200000,51.25,51.25,51.2,51.2,263,0
UIVM.US,60,20250311,210000,51.11,51.11,51.11,51.11,232,0
UIVM.US,60,20250312,160000,51.08,51.08,51.0699,51.0699,555,0
UIVM.US,60,20250314,210000,51.74,51.79,51.74,51.79,2400,0
UIVM.US,60,20250317,170000,52.1448,52.1448,52.1448,52.1448,100,0
UIVM.US,60,20250317,190000,52.23,52.23,52.23,52.23,167,0
UIVM.US,60,20250317,200000,52.35,52.35,52.35,52.35,306,0
UIVM.US,60,20250318,180000,52.34,52.34,52.34,52.34,2053,0
UIVM.US,60,20250319,190000,52.3,52.3,52.21,52.21,200,0
UIVM.US,60,20250320,160000,51.845,51.845,51.845,51.845,148,0
UIVM.US,60,20250321,170000,51.69,51.69,51.69,51.69,100,0
UIVM.US,60,20250321,190000,51.6062,51.6062,51.6062,51.6062,180,0
UIVM.US,60,20250324,170000,51.8,51.825,51.79,51.79,1465,0
UIVM.US,60,20250325,150000,52.74,52.74,52.74,52.74,116,0
UIVM.US,60,20250325,170000,52.105,52.18,52.105,52.18,2119,0
UIVM.US,60,20250326,160000,51.99,52.06,51.99,52.05,20357,0
UIVM.US,60,20250326,180000,51.992,51.992,51.992,51.992,243,0
UIVM.US,60,20250327,210000,51.8,51.8,51.7999,51.7999,618,0
UIVM.US,60,20250328,170000,51.43,51.43,51.43,51.43,500,0
UIVM.US,60,20250328,180000,51.5,51.5,51.5,51.5,2000,0
UIVM.US,60,20250401,190000,51.5,51.5,51.265,51.265,3912,0
UIVM.US,60,20250403,220000,51.24,51.24,50.9494,50.9494,308,0
UIVM.US,60,20250404,160000,49.03,49.03,49.03,49.03,498,0
UIVM.US,60,20250404,180000,48.24,48.24,48.24,48.24,166,0
UIVM.US,60,20250404,200000,47.82,47.82,47.82,47.82,114,0
UIVM.US,60,20250404,220000,47.82,47.82,47.82,47.82,258,0
UIVM.US,60,20250409,180000,46.51,46.51,46.51,46.51,732,0
UIVM.US,60,20250414,220000,50.4273,50.4273,50.4273,50.4273,356,0
UIVM.US,60,20250415,180000,50.96,50.96,50.87,50.87,1682,0
UIVM.US,60,20250415,190000,50.9289,50.9289,50.9289,50.9289,172,0
UIVM.US,60,20250424,170000,51.1,52.32,51.1,52.32,96587,0
UIVM.US,60,20250424,190000,52.52,52.52,52.52,52.52,180,0
UIVM.US,60,20250424,220000,52.65,52.65,52.65,52.65,190,0
UIVM.US,60,20250425,170000,52.56,52.56,52.56,52.56,100,0
UIVM.US,60,20250425,220000,52.892,52.9,52.892,52.9,306,0
UIVM.US,60,20250428,190000,53.05,53.05,53.0365,53.0365,1046,0
UIVM.US,60,20250505,180000,54.529,54.529,54.529,54.529,135,0
UIVM.US,60,20250505,190000,54.47,54.47,54.4699,54.4699,378,0
UIVM.US,60,20250505,210000,54.425,54.425,54.425,54.425,108,0
UIVM.US,60,20250506,170000,54.7,54.7,54.7,54.7,200,0
UIVM.US,60,20250507,160000,54.64,54.64,54.64,54.64,200,0
UIVM.US,60,20250507,170000,54.61,54.61,54.6099,54.6099,594,0
UIVM.US,60,20250507,200000,54.74,54.74,54.74,54.74,200,0
UIVM.US,60,20250507,210000,54.67,54.67,54.67,54.67,200,0
UIVM.US,60,20250507,220000,54.62,54.62,54.62,54.62,300,0
UIVM.US,60,20250508,170000,54.28,54.28,54.13,54.13,200,0
UIVM.US,60,20250508,180000,54.185,54.185,54.185,54.185,200,0
UIVM.US,60,20250508,220000,54.065,54.065,54.065,54.065,200,0
UIVM.US,60,20250509,160000,54.24,54.305,54.24,54.305,301,0
UIVM.US,60,20250509,170000,54.2628,54.31,54.2628,54.31,400,0
UIVM.US,60,20250512,160000,53.8541,53.8541,53.8541,53.8541,100,0
UIVM.US,60,20250512,170000,53.84,53.84,53.84,53.84,322,0
UIVM.US,60,20250513,160000,54,54,54,54,100,0
UIVM.US,60,20250513,170000,54,54.1,53.97,53.97,553,0
UIVM.US,60,20250513,180000,54.17,54.17,54.17,54.17,100,0
UIVM.US,60,20250513,190000,54.13,54.18,54.13,54.18,200,0
UIVM.US,60,20250513,200000,54.23,54.23,54.23,54.23,100,0
UIVM.US,60,20250514,180000,54.1308,54.1308,54.1308,54.1308,180,0
UIVM.US,60,20250515,210000,54.6284,54.6284,54.6284,54.6284,268,0
UIVM.US,60,20250516,160000,54.81,54.81,54.81,54.81,200,0
UIVM.US,60,20250519,180000,55.25,55.286,55.21,55.286,45150,0
UIVM.US,60,20250519,190000,55.3356,55.35,55.3356,55.3356,898,0
UIVM.US,60,20250519,210000,55.22,55.35,55.22,55.3375,1174,0
UIVM.US,60,20250519,220000,55.3,55.3,55.3,55.3,102,0
UIVM.US,60,20250520,160000,55.43,55.6054,55.43,55.6,3826,0
UIVM.US,60,20250520,170000,55.7,55.7,55.7,55.7,200,0
UIVM.US,60,20250520,200000,55.8,55.8,55.8,55.8,35000,0
UIVM.US,60,20250522,170000,56.22,56.22,55.59,55.59,364,0
UIVM.US,60,20250522,210000,55.795,55.795,55.795,55.795,179,0
UIVM.US,60,20250522,220000,55.7064,55.7064,55.7064,55.7064,445,0
UIVM.US,60,20250523,190000,55.86,55.88,55.86,55.88,626,0
UIVM.US,60,20250523,200000,55.96,56.05,55.96,56.05,420,0
UIVM.US,60,20250523,210000,56.05,56.05,55.975,56.0097,6689,0
UIVM.US,60,20250523,220000,56.0687,56.0687,55.93,55.942,2906,0
UIVM.US,60,20250527,170000,56.57,56.57,56.57,56.57,100,0
UIVM.US,60,20250527,190000,56.6,56.6,56.6,56.6,100,0
UIVM.US,60,20250528,180000,56.12,56.12,56.12,56.12,1122,0
UIVM.US,60,20250528,190000,56.21,56.21,56.21,56.21,100,0
UIVM.US,60,20250528,220000,56.18,56.19,56.17,56.19,892,0
UIVM.US,60,20250530,170000,56.44,56.482,56.44,56.482,365,0
UIVM.US,60,20250530,220000,56.43,56.43,56.43,56.43,108,0
UIVM.US,60,20250604,160000,56.66,56.83,56.66,56.83,874,0
UIVM.US,60,20250604,170000,56.9191,56.99,56.9191,56.99,1276,0
UIVM.US,60,20250604,190000,56.9282,56.9282,56.9282,56.9282,218,0
UIVM.US,60,20250605,160000,57.37,57.37,57.31,57.31,364,0
UIVM.US,60,20250605,180000,57.3022,57.3022,57.3022,57.3022,335,0
UIVM.US,60,20250606,170000,57.22,57.22,57.2,57.2,2699,0
UIVM.US,60,20250606,180000,57.1368,57.18,57.1368,57.1785,1398,0
UIVM.US,60,20250606,190000,57.2,57.2,57.2,57.2,100,0
UIVM.US,60,20250606,200000,57.14,57.14,57.14,57.14,436,0
UIVM.US,60,20250606,220000,57.232,57.232,57.232,57.232,108,0
UIVM.US,60,20250610,160000,56.6432,56.8,56.6432,56.8,641,0
UIVM.US,60,20250610,170000,56.8068,56.8068,56.62,56.62,415,0
UIVM.US,60,20250610,190000,56.57,56.57,56.57,56.57,100,0
UIVM.US,60,20250611,160000,56.77,56.77,56.77,56.77,353,0
UIVM.US,60,20250611,180000,56.7601,56.7601,56.7601,56.7601,148,0
UIVM.US,60,20250611,200000,56.8791,56.8791,56.77,56.85,1766,0
UIVM.US,60,20250612,160000,57.21,57.21,57.1,57.16,2234,0
UIVM.US,60,20250612,210000,57.19,57.19,57.19,57.19,176,0
UIVM.US,60,20250613,160000,56.67,56.72,56.67,56.69,783,0
UIVM.US,60,20250613,170000,56.68,56.68,56.68,56.68,591,0
UIVM.US,60,20250613,180000,56.77,56.8,56.77,56.8,272,0
UIVM.US,60,20250613,220000,56.66,56.66,56.66,56.66,151,0
UIVM.US,60,20250617,160000,57.2,57.3,56.95,56.95,4073,0
UIVM.US,60,20250617,210000,56.4993,56.4993,56.4993,56.4993,262,0
UIVM.US,60,20250618,160000,60.21,60.21,60.21,60.21,131,0
UIVM.US,60,20250618,180000,56.85,56.85,56.85,56.85,250,0
UIVM.US,60,20250618,200000,56.73,56.73,56.6971,56.6971,316,0
UIVM.US,60,20250620,180000,56.505,56.645,56.4571,56.645,2061,0
UIVM.US,60,20250620,200000,56.43,56.43,56.43,56.43,200,0
UIVM.US,60,20250620,220000,56.4699,56.47,56.4699,56.47,352,0
UIVM.US,60,20250623,160000,56.1,56.1,56.1,56.1,120,0
UIVM.US,60,20250623,190000,56.4,56.4,56.4,56.4,100,0
UIVM.US,60,20250623,200000,56.69,56.69,56.69,56.69,100,0
UIVM.US,60,20250623,210000,56.8103,56.8103,56.8103,56.8103,177,0
UIVM.US,60,20250623,220000,56.96,56.96,56.81,56.81,1129,0
UIVM.US,60,20250624,160000,57.23,57.23,57.214,57.214,400,0
UIVM.US,60,20250624,170000,57.205,57.288,57.205,57.288,259,0
UIVM.US,60,20250624,200000,57.4553,57.4553,57.4553,57.4553,100,0
UIVM.US,60,20250625,160000,57.26,57.26,57.26,57.26,353,0
UIVM.US,60,20250625,170000,57.2,57.22,57.1799,57.1799,1270,0
UIVM.US,60,20250625,210000,57.24,57.24,57.2098,57.2098,1216,0
UIVM.US,60,20250626,170000,57.68,57.68,57.6799,57.6799,354,0
UIVM.US,60,20250626,180000,57.595,57.595,57.585,57.585,753,0
UIVM.US,60,20250627,160000,58.02,58.02,58.02,58.02,992,0
UIVM.US,60,20250627,190000,58,58,58,58,100,0
UIVM.US,60,20250627,200000,57.905,57.905,57.905,57.905,153,0
UIVM.US,60,20250627,220000,57.78,57.78,57.7501,57.7501,243,0
UIVM.US,60,20250630,160000,58.02,58.02,57.815,57.85,1465,0
UIVM.US,60,20250630,180000,58.06,58.06,58.0486,58.0486,447,0
UIVM.US,60,20250630,200000,58.1703,58.1703,58.115,58.1599,643,0
UIVM.US,60,20250630,210000,58.17,58.17,58.17,58.17,215,0
UIVM.US,60,20250630,220000,58.22,58.25,58.15,58.17,400,0
UIVM.US,60,20250701,160000,58.33,58.35,58.285,58.285,1157,0
UIVM.US,60,20250701,180000,58.208,58.208,58.07,58.07,160142,0
UIVM.US,60,20250701,210000,58.27,58.28,58.2471,58.2471,1986,0
UIVM.US,60,20250701,220000,58.26,58.26,58.24,58.26,400,0
UIVM.US,60,20250702,160000,57.945,57.945,57.945,57.945,100,0
UIVM.US,60,20250702,210000,58.2167,58.24,58.2167,58.24,2304,0
UIVM.US,60,20250703,170000,58.3484,58.3484,58.3484,58.3484,1000,0
UIVM.US,60,20250707,160000,58.37,58.37,58.3,58.3,1627,0
UIVM.US,60,20250707,170000,58.215,58.2491,58.215,58.2491,3462,0
UIVM.US,60,20250707,180000,58.28,58.28,58.2512,58.2512,209,0
UIVM.US,60,20250707,190000,58.19,58.23,58.19,58.23,345,0
UIVM.US,60,20250707,200000,58.0096,58.02,57.94,57.94,1980,0
UIVM.US,60,20250707,210000,58,58,58,58,100,0
UIVM.US,60,20250707,220000,58.03,58.03,58,58,300,0
UIVM.US,60,20250708,210000,58.285,58.285,58.285,58.285,430,0
UIVM.US,60,20250709,170000,58.4901,58.4901,58.4901,58.4901,517,0
UIVM.US,60,20250709,190000,58.66,58.66,58.6599,58.6599,300,0
UIVM.US,60,20250709,220000,58.77,58.77,58.7621,58.7621,470,0
UIVM.US,60,20250710,160000,58.4068,58.4068,58.4068,58.4068,100,0
UIVM.US,60,20250710,180000,58.395,58.44,58.395,58.4399,662,0
UIVM.US,60,20250710,210000,58.4856,58.4856,58.4856,58.4856,377,0
UIVM.US,60,20250710,220000,58.48,58.53,58.48,58.53,200,0
UIVM.US,60,20250711,190000,58.1736,58.1736,58.1736,58.1736,103,0
UIVM.US,60,20250711,200000,58.24,58.27,58.235,58.27,700,0
UIVM.US,60,20250711,220000,58.26,58.26,58.26,58.26,100,0
UIVM.US,60,20250714,160000,58.3,58.3,58.3,58.3,168,0
UIVM.US,60,20250714,170000,58.4,58.4,58.345,58.37,407,0
UIVM.US,60,20250714,180000,58.36,58.36,58.36,58.36,1000,0
UIVM.US,60,20250714,200000,58.4,58.405,58.4,58.405,800,0
UIVM.US,60,20250714,210000,58.47,58.47,58.425,58.425,960,0
UIVM.US,60,20250714,220000,58.46,58.46,58.43,58.45,300,0
UIVM.US,60,20250715,160000,58.39,58.39,58.39,58.39,770,0
UIVM.US,60,20250715,170000,58.05,58.05,58.05,58.05,100,0
UIVM.US,60,20250715,180000,57.899,57.899,57.85,57.85,260,0
UIVM.US,60,20250715,190000,57.74,57.74,57.74,57.74,100,0
UIVM.US,60,20250715,200000,57.69,57.79,57.69,57.79,280,0
UIVM.US,60,20250715,210000,57.815,57.815,57.815,57.815,100,0
UIVM.US,60,20250715,220000,57.82,57.82,57.785,57.785,860,0
UIVM.US,60,20250716,160000,57.92,57.92,57.6933,57.73,2934,0
UIVM.US,60,20250716,170000,57.69,57.69,57.69,57.69,100,0
UIVM.US,60,20250716,180000,57.87,57.875,57.76,57.875,816,0
UIVM.US,60,20250716,190000,57.84,57.8536,57.84,57.8536,370,0
UIVM.US,60,20250717,160000,57.81,57.86,57.81,57.86,210,0
UIVM.US,60,20250717,190000,57.905,58.08,57.905,57.95,1691,0
UIVM.US,60,20250717,200000,57.91,57.9391,57.895,57.93,1095,0
UIVM.US,60,20250717,220000,58.005,58.06,58.005,58.06,600,0
UIVM.US,60,20250718,160000,58.192,58.192,58.1301,58.1301,528,0
UIVM.US,60,20250718,170000,58.27,58.27,58.21,58.21,200,0
UIVM.US,60,20250718,180000,58.1917,58.23,58.1917,58.23,470,0
UIVM.US,60,20250718,200000,58.04,58.04,58.04,58.04,100,0
UIVM.US,60,20250718,210000,58.01,58.01,58.01,58.01,200,0
UIVM.US,60,20250718,220000,58,58.04,58,58.04,1150,0
UIVM.US,60,20250721,170000,58.42,58.42,58.42,58.42,100,0
UIVM.US,60,20250721,190000,58.6,58.6,58.5716,58.5716,1642,0
UIVM.US,60,20250721,200000,58.505,58.538,58.485,58.538,527,0
UIVM.US,60,20250721,210000,58.53,58.53,58.4401,58.4401,274,0
UIVM.US,60,20250721,220000,58.465,58.465,58.45,58.45,450,0
UIVM.US,60,20250722,160000,58.5,58.5932,58.5,58.56,584,0
UIVM.US,60,20250722,170000,58.6568,58.6568,58.6568,58.6568,171,0
UIVM.US,60,20250722,200000,58.8869,58.91,58.8869,58.91,1540,0
UIVM.US,60,20250722,210000,58.9,58.9,58.9,58.9,803,0
UIVM.US,60,20250722,220000,58.97,59,58.97,59,869,0
UIVM.US,60,20250723,160000,59.55,59.55,59.43,59.43,2666,0
UIVM.US,60,20250723,180000,59.46,59.8,59.46,59.8,300,0
UIVM.US,60,20250723,190000,59.86,59.86,59.86,59.86,100,0
UIVM.US,60,20250723,220000,59.87,59.9,59.87,59.9,1236,0
UIVM.US,60,20250724,160000,59.83,59.83,59.715,59.775,2465,0
UIVM.US,60,20250724,180000,59.85,59.85,59.85,59.85,100,0
UIVM.US,60,20250724,220000,59.74,59.74,59.69,59.695,948,0
UIVM.US,60,20250725,170000,59.4499,59.4499,59.4499,59.4499,500,0
UIVM.US,60,20250725,190000,59.385,59.385,59.385,59.385,400,0
UIVM.US,60,20250728,160000,59,59,58.73,58.7513,1518,0
UIVM.US,60,20250728,170000,58.6701,58.728,58.6701,58.728,512,0
UIVM.US,60,20250729,160000,58.82,58.82,58.82,58.82,821,0
UIVM.US,60,20250729,170000,58.8589,58.865,58.8589,58.865,328,0
UIVM.US,60,20250729,200000,59.02,59.02,59.02,59.02,100,0
UIVM.US,60,20250729,210000,58.979,58.979,58.979,58.979,100,0
UIVM.US,60,20250730,160000,58.92,58.92,58.92,58.92,767,0
UIVM.US,60,20250730,170000,58.76,58.7601,58.76,58.7601,320,0
UIVM.US,60,20250731,160000,58.29,58.29,58.1977,58.23,2090,0
UIVM.US,60,20250731,170000,58.26,58.26,58.2,58.2,2757,0
UIVM.US,60,20250731,190000,58.17,58.225,58.17,58.225,200,0
UIVM.US,60,20250731,210000,58.12,58.12,58.12,58.12,980,0
UIVM.US,60,20250801,170000,58.05,58.21,57.9809,58.21,3080,0
UIVM.US,60,20250801,180000,58.15,58.25,58.15,58.175,4308,0
UIVM.US,60,20250801,190000,58.21,58.22,58.21,58.21,593,0
UIVM.US,60,20250801,220000,58.185,58.245,58.185,58.245,2730,0
UIVM.US,60,20250804,160000,58.9,58.9,58.875,58.875,280,0
UIVM.US,60,20250804,170000,58.915,58.9385,58.915,58.9385,420,0
UIVM.US,60,20250805,160000,58.89,58.95,58.89,58.95,302,0
UIVM.US,60,20250805,190000,58.96,58.96,58.96,58.96,335,0
UIVM.US,60,20250805,220000,58.94,58.97,58.88,58.97,1192,0
UIVM.US,60,20250806,160000,59.29,59.33,59.29,59.32,802,0
UIVM.US,60,20250806,180000,59.365,59.365,59.365,59.365,100,0
UIVM.US,60,20250806,190000,59.43,59.43,59.43,59.43,100,0
UIVM.US,60,20250808,160000,59.9,60.14,59.9,60.14,629,0
UIVM.US,60,20250808,220000,60.2099,60.2099,60.2099,60.2099,250,0
UIVM.US,60,20250811,160000,60.09,60.09,60.09,60.09,100,0
UIVM.US,60,20250811,200000,60.12,60.12,60.09,60.11,400,0
UIVM.US,60,20250811,210000,60.12,60.14,60.12,60.14,300,0
UIVM.US,60,20250811,220000,60.14,60.14,60.12,60.12,600,0
UIVM.US,60,20250812,160000,60.49,60.49,60.49,60.49,100,0
UIVM.US,60,20250812,170000,60.54,60.55,60.4585,60.55,573,0
UIVM.US,60,20250812,180000,60.65,60.65,60.65,60.65,100,0
UIVM.US,60,20250812,200000,60.695,60.78,60.695,60.78,250,0
UIVM.US,60,20250813,160000,61.08,61.09,61.0323,61.0376,2082,0
UIVM.US,60,20250813,170000,61.085,61.085,61.085,61.085,576,0
UIVM.US,60,20250813,180000,61.03,61.03,61.02,61.02,300,0
UIVM.US,60,20250813,190000,61.025,61.025,61.025,61.025,100,0
UIVM.US,60,20250813,220000,61.044,61.06,61.044,61.06,922,0
UIVM.US,60,20250814,160000,60.99,60.99,60.905,60.93,2127,0
UIVM.US,60,20250814,180000,60.935,60.935,60.9223,60.9223,355,0
UIVM.US,60,20250814,200000,61,61,61,61,400,0
UIVM.US,60,20250814,210000,60.98,60.98,60.98,60.98,100,0
UIVM.US,60,20250814,220000,61.06,61.08,61.06,61.08,1411,0
UIVM.US,60,20250815,170000,61.18,61.18,61.13,61.13,200,0
UIVM.US,60,20250815,180000,61.14,61.14,61.1181,61.1181,1636,0
UIVM.US,60,20250815,200000,61.14,61.26,61.129,61.26,3578,0
UIVM.US,60,20250815,210000,61.2591,61.27,61.2591,61.27,445,0
UIVM.US,60,20250818,180000,60.9264,60.9264,60.9264,60.9264,326,0
UIVM.US,60,20250818,220000,61.0514,61.0514,61.0514,61.0514,100,0
UIVM.US,60,20250819,160000,61.34,61.34,61.205,61.205,856,0
UIVM.US,60,20250819,180000,61.15,61.15,61.15,61.15,150,0
UIVM.US,60,20250819,220000,60.95,61.04,60.95,61.04,1558,0
UIVM.US,60,20250820,170000,61.2201,61.2201,61.22,61.22,800,0
UIVM.US,60,20250821,160000,61.19,61.233,61.08,61.215,1954,0
UIVM.US,60,20250821,170000,61.17,61.2149,61.14,61.1849,1548,0
UIVM.US,60,20250821,180000,61.0786,61.19,61.0786,61.1899,1800,0
UIVM.US,60,20250821,190000,61.0986,61.19,61.0986,61.19,1000,0
UIVM.US,60,20250821,210000,61.1544,61.18,61.1544,61.18,200,0
UIVM.US,60,20250821,220000,61.183,61.21,61.1375,61.1575,2708,0
UIVM.US,60,20250822,160000,61.419,61.46,61.3871,61.46,4017,0
UIVM.US,60,20250822,170000,61.47,61.97,61.47,61.97,1463,0
UIVM.US,60,20250822,180000,62.06,62.06,61.97,61.97,412,0
UIVM.US,60,20250822,190000,61.95,61.95,61.95,61.95,500,0
UIVM.US,60,20250822,200000,61.98,61.99,61.98,61.99,600,0
UIVM.US,60,20250825,160000,61.78,61.78,61.63,61.73,3799,0
UIVM.US,60,20250825,170000,61.685,61.685,61.6775,61.6775,200,0
UIVM.US,60,20250825,180000,61.515,61.515,61.36,61.36,821,0
UIVM.US,60,20250825,200000,61.33,61.34,61.29,61.315,2425,0
UIVM.US,60,20250825,220000,61.13,61.13,61.1,61.1,845,0
UIVM.US,60,20250826,160000,60.87,60.88,60.87,60.88,1223,0
UIVM.US,60,20250826,190000,60.99,60.99,60.99,60.99,100,0
UIVM.US,60,20250826,200000,60.96,60.96,60.96,60.96,573,0
UIVM.US,60,20250827,160000,60.4,60.4,60.38,60.38,780,0
UIVM.US,60,20250827,190000,60.59,60.59,60.545,60.545,626,0
UIVM.US,60,20250827,200000,60.69,60.69,60.69,60.69,400,0
UIVM.US,60,20250827,210000,60.729,60.729,60.729,60.729,400,0
UIVM.US,60,20250827,220000,60.7269,60.7269,60.7269,60.7269,100,0
UIVM.US,60,20250828,160000,60.86,60.86,60.86,60.86,122,0
UIVM.US,60,20250828,170000,60.8969,60.8969,60.8969,60.8969,329,0
UIVM.US,60,20250828,190000,60.8599,60.96,60.8098,60.8098,728,0
UIVM.US,60,20250828,210000,60.788,60.834,60.76,60.834,575,0
UIVM.US,60,20250828,220000,60.8499,60.8499,60.8499,60.8499,260,0
UIVM.US,60,20250829,160000,60.59,60.59,60.59,60.59,1003,0
UIVM.US,60,20250829,170000,60.645,60.71,60.645,60.71,957,0
UIVM.US,60,20250829,200000,60.6714,60.79,60.6714,60.79,1822,0
UIVM.US,60,20250829,220000,60.7514,60.7514,60.72,60.72,422,0
UIVM.US,60,20250902,160000,59.98,59.98,59.98,59.98,164,0
UIVM.US,60,20250902,170000,60.4,60.4,60.3401,60.3401,460,0
UIVM.US,60,20250902,180000,60.27,60.27,60.27,60.27,100,0
UIVM.US,60,20250902,190000,60.21,60.21,60.1808,60.195,1067,0
UIVM.US,60,20250902,200000,60.255,60.305,60.255,60.305,705,0
UIVM.US,60,20250902,210000,60.244,60.28,60.24,60.26,660,0
UIVM.US,60,20250902,220000,60.31,60.31,60.31,60.31,100,0
UIVM.US,60,20250903,160000,60.34,60.34,60.34,60.34,858,0
UIVM.US,60,20250903,190000,60.3727,60.3727,60.3727,60.3727,331,0
UIVM.US,60,20250903,200000,60.3927,60.43,60.38,60.38,1209,0
UIVM.US,60,20250903,220000,60.33,60.415,60.33,60.415,672,0
UIVM.US,60,20250904,190000,60.585,60.62,60.585,60.62,513,0
UIVM.US,60,20250904,200000,60.658,60.658,60.64,60.64,558,0
UIVM.US,60,20250904,210000,60.688,60.688,60.675,60.675,725,0
UIVM.US,60,20250904,220000,60.725,60.725,60.709,60.72,1053,0
UIVM.US,60,20250905,160000,61.42,61.42,61.26,61.29,2090,0
UIVM.US,60,20250905,170000,61.255,61.255,61.1016,61.1016,2130,0
UIVM.US,60,20250905,180000,61.06,61.09,61.06,61.09,500,0
UIVM.US,60,20250905,190000,61.14,61.14,61.1,61.13,932,0
UIVM.US,60,20250905,200000,61.065,61.065,61.065,61.065,200,0
UIVM.US,60,20250905,210000,61.04,61.04,60.61,60.61,26061,0
UIVM.US,60,20250905,220000,60.98,61.03,60.91,61.03,676,0
UIVM.US,60,20250908,160000,60.91,60.92,60.89,60.92,2214,0
UIVM.US,60,20250908,170000,60.88,60.88,60.88,60.88,400,0
UIVM.US,60,20250908,210000,60.87,61.008,60.87,61.008,5632,0
UIVM.US,60,20250908,220000,61.08,61.12,61.03,61.05,4844,0
UIVM.US,60,20250909,160000,61.01,61.01,60.86,60.91,1273,0
UIVM.US,60,20250909,170000,60.85,60.9291,60.85,60.9291,1340,0
UIVM.US,60,20250909,180000,60.95,60.96,60.935,60.96,2045,0
UIVM.US,60,20250909,220000,61.03,61.03,61.03,61.03,160,0
UIVM.US,60,20250910,160000,61.28,61.28,61.14,61.21,420,0
UIVM.US,60,20250910,170000,61.264,61.264,61.264,61.264,327,0
UIVM.US,60,20250910,220000,61.13,61.16,61.11,61.16,359,0
UIVM.US,60,20250911,160000,61.38,61.61,61.38,61.61,600,0
UIVM.US,60,20250911,190000,61.723,61.75,61.723,61.75,628,0
UIVM.US,60,20250911,200000,61.7499,61.75,61.7499,61.75,400,0
UIVM.US,60,20250911,220000,61.8,61.84,61.8,61.84,1200,0
UIVM.US,60,20250912,160000,61.72,61.72,61.4,61.48,3146,0
UIVM.US,60,20250912,170000,61.5,61.5,61.5,61.5,100,0
UIVM.US,60,20250912,180000,61.475,61.475,61.46,61.46,200,0
UIVM.US,60,20250912,200000,61.538,61.5893,61.538,61.5893,585,0
UIVM.US,60,20250912,210000,61.59,61.59,61.585,61.585,1300,0
UIVM.US,60,20250912,220000,61.64,61.64,61.575,61.63,602,0
UIVM.US,60,20250915,160000,61.82,61.82,61.72,61.73,550,0
UIVM.US,60,20250915,170000,61.72,61.84,61.7199,61.8199,1944,0
UIVM.US,60,20250915,180000,61.78,61.801,61.78,61.801,326,0
UIVM.US,60,20250915,190000,61.82,61.82,61.82,61.82,100,0
UIVM.US,60,20250915,200000,61.85,61.85,61.805,61.805,1736,0
UIVM.US,60,20250915,210000,61.85,61.85,61.83,61.83,300,0
UIVM.US,60,20250915,220000,61.83,61.9,61.83,61.9,869,0
UIVM.US,60,20250916,160000,61.67,61.67,61.6,61.65,700,0
UIVM.US,60,20250916,170000,61.68,61.68,61.68,61.68,100,0
UIVM.US,60,20250916,180000,61.595,61.595,61.545,61.545,222,0
UIVM.US,60,20250916,190000,61.57,61.635,61.57,61.635,1284,0
UIVM.US,60,20250916,220000,61.695,61.7,61.685,61.685,585,0
UIVM.US,60,20250917,160000,61.6,61.6,61.486,61.6,5056,0
UIVM.US,60,20250917,170000,61.6,61.62,61.53,61.54,1300,0
UIVM.US,60,20250917,180000,61.5,61.5,61.42,61.431,2556,0
UIVM.US,60,20250917,190000,61.5,61.5,61.43,61.47,500,0
UIVM.US,60,20250917,200000,61.415,61.49,61.41,61.49,1134,0
UIVM.US,60,20250917,210000,61.55,61.81,61.16,61.31,2119,0
UIVM.US,60,20250917,220000,61.47,61.49,61.3175,61.32,2844,0
UIVM.US,60,20250918,160000,61.12,61.12,60.96,60.98,1734,0
UIVM.US,60,20250918,180000,61.16,61.17,61.0796,61.0952,1972,0
UIVM.US,60,20250918,190000,61.19,61.19,61.19,61.19,100,0
UIVM.US,60,20250918,200000,61.25,61.2799,61.23,61.23,1771,0
UIVM.US,60,20250918,210000,61.25,61.25,61.25,61.25,100,0
UIVM.US,60,20250918,220000,61.21,61.23,61.19,61.19,1486,0
UIVM.US,60,20250919,160000,60.94,60.94,60.94,60.94,1345,0
UIVM.US,60,20250919,170000,60.99,60.99,60.99,60.99,100,0
UIVM.US,60,20250919,180000,60.93,60.93,60.8872,60.8872,600,0
UIVM.US,60,20250919,200000,60.96,61.0095,60.96,60.985,1057,0
UIVM.US,60,20250919,210000,60.985,60.9891,60.9,60.98,3208,0
UIVM.US,60,20250919,220000,60.91,60.91,60.91,60.91,199,0
UIVM.US,60,20250922,160000,60.98,60.98,60.96,60.96,1211,0
UIVM.US,60,20250922,170000,60.95,60.95,60.8538,60.885,1806,0
UIVM.US,60,20250922,180000,60.8806,60.91,60.855,60.88,818,0
UIVM.US,60,20250922,190000,61.02,61.02,61.02,61.02,4800,0
UIVM.US,60,20250922,200000,61.0402,61.11,61.0402,61.07,364,0
UIVM.US,60,20250922,210000,61.075,61.08,61.075,61.08,375,0
UIVM.US,60,20250922,220000,61.09,61.09,61.09,61.09,350,0
UIVM.US,60,20250923,160000,61.17,61.17,61.04,61.12,1860,0
UIVM.US,60,20250923,170000,61.1501,61.1501,61.1501,61.1501,1000,0
UIVM.US,60,20250923,180000,61.1062,61.1062,61.105,61.105,427,0
UIVM.US,60,20250923,210000,61.1099,61.1099,60.96,61.01,1632,0
UIVM.US,60,20250923,220000,61,61.005,60.93,61.005,14321,0
UIVM.US,60,20250924,160000,60.74,60.74,60.7394,60.7394,200,0
UIVM.US,60,20250924,170000,60.72,60.72,60.72,60.72,100,0
UIVM.US,60,20250924,180000,60.7688,60.77,60.7688,60.77,200,0
UIVM.US,60,20250924,210000,60.6395,60.65,60.6395,60.64,426,0
UIVM.US,60,20250924,220000,60.6135,60.65,60.6135,60.635,1672,0
UIVM.US,60,20250925,160000,60.33,60.33,60.31,60.31,656,0
UIVM.US,60,20250925,170000,60.35,60.35,60.33,60.33,400,0
UIVM.US,60,20250925,180000,60.2401,60.3075,60.2401,60.3075,314,0
UIVM.US,60,20250925,190000,60.35,60.35,60.35,60.35,100,0
UIVM.US,60,20250925,200000,60.2,60.2,60.2,60.2,224,0
UIVM.US,60,20250925,210000,60.08,60.0801,60,60.08,5100,0
UIVM.US,60,20250925,220000,60.1107,60.17,60.1107,60.17,355,0
UIVM.US,60,20250926,160000,60.5399,60.5399,60.5399,60.5399,581,0
UIVM.US,60,20250926,170000,60.51,60.5558,60.484,60.5558,1415,0
UIVM.US,60,20250926,180000,60.505,60.57,60.49,60.57,396,0
UIVM.US,60,20250926,190000,60.62,60.62,60.62,60.62,200,0
UIVM.US,60,20250926,200000,60.635,60.635,60.635,60.635,332,0
UIVM.US,60,20250926,220000,60.6525,60.69,60.645,60.69,5363,0
UIVM.US,60,20250929,160000,60.95,60.95,60.95,60.95,354,0
UIVM.US,60,20250929,170000,60.925,60.96,60.92,60.95,2500,0
UIVM.US,60,20250929,180000,60.935,60.935,60.906,60.906,264,0
UIVM.US,60,20250929,200000,60.87,60.87,60.87,60.87,500,0
UIVM.US,60,20250930,180000,60.935,60.935,60.915,60.915,650,0
UIVM.US,60,20250930,190000,61.0755,61.0755,61.06,61.0652,564,0
UIVM.US,60,20250930,200000,61.02,61.064,61.01,61.01,1200,0
UIVM.US,60,20250930,220000,61.0662,61.1352,61.055,61.1352,2545,0
UIVM.US,60,20251001,160000,61.34,61.34,61.34,61.34,100,0
UIVM.US,60,20251001,170000,61.4,61.4,61.4,61.4,1300,0
UIVM.US,60,20251001,180000,61.25,61.25,61.24,61.24,1176,0
UIVM.US,60,20251001,210000,61.4,61.4,61.4,61.4,100,0
UIVM.US,60,20251001,220000,61.3582,61.3582,61.3582,61.3582,201,0
UIVM.US,60,20251002,160000,61.22,61.2614,61.22,61.2614,1076,0
UIVM.US,60,20251002,170000,60.975,60.975,60.975,60.975,200,0
UIVM.US,60,20251002,180000,60.9466,60.9466,60.9466,60.9466,157,0
UIVM.US,60,20251003,190000,61.505,61.51,61.505,61.51,647,0
UIVM.US,60,20251003,200000,61.51,61.51,61.51,61.51,397,0
UIVM.US,60,20251006,170000,61.26,61.325,61.26,61.325,271,0
UIVM.US,60,20251006,210000,61.365,61.365,61.365,61.365,100,0
UIVM.US,60,20251006,220000,61.3069,61.3099,61.3069,61.3099,400,0
UIVM.US,60,20251007,160000,61.065,61.0908,61.065,61.0908,1100,0
UIVM.US,60,20251007,170000,61.05,61.0592,61.02,61.02,400,0
UIVM.US,60,20251007,180000,61.02,61.0596,61,61,487,0
UIVM.US,60,20251007,190000,61.06,61.07,61.06,61.07,1270,0
UIVM.US,60,20251007,210000,60.9,60.9,60.9,60.9,432,0
UIVM.US,60,20251008,170000,61.065,61.065,61.065,61.065,346,0
UIVM.US,60,20251008,180000,60.9791,60.9791,60.9791,60.9791,2495,0
UIVM.US,60,20251008,190000,60.964827,60.964827,60.964827,60.964827,684,0
UIVM.US,60,20251008,210000,60.94,60.94,60.94,60.94,200,0
UIVM.US,60,20251008,220000,60.9502,60.9502,60.95,60.9502,528,0
UIVM.US,60,20251009,170000,60.85,60.886,60.7565,60.7565,729,0
UIVM.US,60,20251009,190000,60.755,60.755,60.565,60.6,1688,0
UIVM.US,60,20251009,200000,60.5314,60.5314,60.5314,60.5314,489,0
UIVM.US,60,20251009,210000,60.5542,60.5542,60.525,60.525,1200,0
UIVM.US,60,20251009,220000,60.575,60.6,60.575,60.6,500,0
UIVM.US,60,20251010,160000,60.46,60.46,60.46,60.46,760,0
UIVM.US,60,20251010,170000,60.4606,60.4606,60.4606,60.4606,528,0
UIVM.US,60,20251010,180000,60.12,60.12,60.12,60.12,200,0
UIVM.US,60,20251010,190000,59.95,59.9501,59.95,59.95,3427,0
UIVM.US,60,20251010,200000,59.7705,59.85,59.7705,59.825,718,0
UIVM.US,60,20251010,210000,59.85,59.85,59.85,59.85,100,0
UIVM.US,60,20251010,220000,59.69,59.69,59.69,59.69,500,0
UIVM.US,60,20251013,160000,60.04,60.09,59.93,60.07,1200,0
UIVM.US,60,20251013,170000,60.07,60.08,60.07,60.0799,300,0
UIVM.US,60,20251013,190000,60.2201,60.2201,60.2201,60.2201,157,0
UIVM.US,60,20251013,200000,60.22,60.22,60.22,60.22,100,0
UIVM.US,60,20251014,170000,60.35,60.35,60.35,60.35,100,0
UIVM.US,60,20251014,220000,60.58,60.58,60.58,60.58,100,0
UIVM.US,60,20251015,170000,60.85,60.85,60.75,60.75,480,0
UIVM.US,60,20251015,180000,60.77,60.77,60.7308,60.74,966,0
UIVM.US,60,20251015,200000,60.52,60.56,60.44,60.44,300,0
UIVM.US,60,20251015,220000,60.5821,60.66,60.58,60.64,1510,0
UIVM.US,60,20251016,170000,60.98,61.0055,60.97,61.0055,890,0
UIVM.US,60,20251016,180000,60.99,61.0055,60.98,61.0055,892,0
UIVM.US,60,20251016,200000,60.98,60.98,60.95,60.95,300,0
UIVM.US,60,20251016,210000,60.7388,60.7388,60.7388,60.7388,100,0
UIVM.US,60,20251017,180000,60.475,60.475,60.475,60.475,100,0
UIVM.US,60,20251017,220000,60.755,60.755,60.755,60.755,100,0
UIVM.US,60,20251020,200000,61.0603,61.0603,60.99,61,1806,0
UIVM.US,60,20251020,220000,61.086,61.086,61.086,61.086,100,0
UIVM.US,60,20251021,160000,60.72,60.72,60.72,60.72,119,0
UIVM.US,60,20251021,210000,60.5168,60.5168,60.5168,60.5168,100,0
UIVM.US,60,20251022,220000,60.7384,60.7384,60.7384,60.7384,434,0
UIVM.US,60,20251023,180000,60.98,60.98,60.98,60.98,100,0
UIVM.US,60,20251023,200000,61.077,61.077,61.077,61.077,334,0
UIVM.US,60,20251023,220000,61.1,61.1,61.1,61.1,100,0
UIVM.US,60,20251024,190000,61.24,61.24,61.24,61.24,100,0
UIVM.US,60,20251024,210000,61.245,61.245,61.2,61.2,277,0
UIVM.US,60,20251027,150000,61.52,61.52,61.52,61.52,293,0
UIVM.US,60,20251027,160000,61.52,61.52,61.52,61.52,562,0
UIVM.US,60,20251027,170000,61.48,61.51,61.48,61.505,2993,0
UIVM.US,60,20251027,190000,61.5053,61.5053,61.5053,61.5053,118,0
UIVM.US,60,20251027,200000,61.5,61.5,61.46,61.4601,500,0
UIVM.US,60,20251028,160000,61.545,61.545,61.545,61.545,100,0
UIVM.US,60,20251028,210000,61.675,61.675,61.675,61.675,117,0
UIVM.US,60,20251029,160000,61.6901,61.705,61.57,61.57,3416,0
UIVM.US,60,20251030,150000,61.03,61.03,61.03,61.03,266,0
UIVM.US,60,20251030,170000,61.39,61.39,61.39,61.39,225,0
UIVM.US,60,20251030,190000,61.39,61.4,61.39,61.39,382,0
UIVM.US,60,20251030,210000,61.34,61.34,61.34,61.34,1009,0
UIVM.US,60,20251031,160000,61.0701,61.0701,61.07,61.07,890,0
UIVM.US,60,20251031,200000,61.2,61.4899,61.19,61.19,5401,0
UIVM.US,60,20251103,160000,61.44,61.44,61.44,61.44,200,0
UIVM.US,60,20251103,170000,61.43,61.43,61.43,61.43,263,0
UIVM.US,60,20251103,210000,61.515,61.515,61.515,61.515,100,0
UIVM.US,60,20251104,160000,60.74,60.74,60.74,60.74,100,0
UIVM.US,60,20251104,170000,61.045,61.045,61.045,61.045,480,0
UIVM.US,60,20251104,180000,61.09,61.1,61.09,61.1,300,0
UIVM.US,60,20251105,170000,61.11,61.11,61.11,61.11,100,0
UIVM.US,60,20251105,220000,61.23,61.26,61.23,61.258,725,0
UIVM.US,60,20251106,170000,61.105,61.105,61.105,61.105,200,0
UIVM.US,60,20251106,190000,61.12,61.12,61.12,61.12,100,0
UIVM.US,60,20251106,220000,61.185,61.185,61.185,61.185,200,0
UIVM.US,60,20251107,160000,60.74,60.74,60.74,60.74,100,0
UIVM.US,60,20251107,170000,61,61,60.91,60.93,316,0
UIVM.US,60,20251107,220000,61.1945,61.1945,61.1945,61.1945,400,0
UIVM.US,60,20251110,170000,61.85,61.85,61.85,61.85,114,0
UIVM.US,60,20251110,210000,61.9901,61.9901,61.99,61.99,358,0
UIVM.US,60,20251111,170000,62.27,62.27,62.24,62.24,392,0
UIVM.US,60,20251111,190000,62.31,62.31,62.28,62.28,313,0
UIVM.US,60,20251111,210000,62.3,62.3,62.3,62.3,100,0
UIVM.US,60,20251112,160000,62.75,62.75,62.75,62.75,200,0
UIVM.US,60,20251112,170000,62.865,62.901,62.865,62.901,200,0
UIVM.US,60,20251112,200000,62.97,62.97,62.97,62.97,159,0
UIVM.US,60,20251113,170000,63.24,63.24,63.24,63.24,100,0
UIVM.US,60,20251113,190000,63.06,63.06,62.96,63.03,45500,0
UIVM.US,60,20251113,210000,62.74,62.75,62.74,62.74,800,0
UIVM.US,60,20251113,220000,62.76,62.76,62.76,62.76,129,0
UIVM.US,60,20251114,160000,62.27,62.43,62.27,62.43,700,0
UIVM.US,60,20251114,170000,62.57,62.57,62.5,62.5,500,0
UIVM.US,60,20251114,180000,62.62,62.63,62.62,62.63,500,0
UIVM.US,60,20251114,190000,62.7499,62.7499,62.66,62.66,778,0
UIVM.US,60,20251114,200000,62.59,62.59,62.53,62.53,800,0
UIVM.US,60,20251114,220000,62.64,62.64,62.64,62.64,100,0
UIVM.US,60,20251117,170000,62.37,62.37,62.37,62.37,100,0
UIVM.US,60,20251117,180000,62.37,62.37,62.37,62.37,100,0
UIVM.US,60,20251117,190000,62.41,62.41,62.41,62.41,500,0
UIVM.US,60,20251117,200000,62.1,62.15,61.95,62.15,52974,0
UIVM.US,60,20251117,210000,61.83,61.83,61.68,61.68,400,0
UIVM.US,60,20251117,220000,61.54,61.64,61.54,61.64,1320,0
UIVM.US,60,20251118,160000,61.14,61.14,61.13,61.13,500,0
UIVM.US,60,20251118,180000,61,61,60.73,60.88,14383,0
UIVM.US,60,20251118,190000,60.965,60.965,60.965,60.965,100,0
UIVM.US,60,20251118,200000,61.05,61.05,61.05,61.05,100,0
UIVM.US,60,20251118,210000,61.0495,61.15,61.0495,61.15,663,0
UIVM.US,60,20251119,160000,61.061,61.061,61.061,61.061,143,0
UIVM.US,60,20251119,170000,61.15,61.19,61.15,61.19,900,0
UIVM.US,60,20251119,210000,60.81,60.81,60.81,60.81,500,0
UIVM.US,60,20251119,220000,60.88,60.88,60.88,60.88,100,0
UIVM.US,60,20251120,160000,61.09,61.09,61.09,61.09,500,0
UIVM.US,60,20251120,180000,60.46,60.46,60.46,60.46,239,0
UIVM.US,60,20251120,200000,60.24,60.25,60.24,60.25,500,0
UIVM.US,60,20251120,210000,60.25,60.2501,60.25,60.25,500,0
UIVM.US,60,20251121,160000,60.51,60.515,60.51,60.515,937,0
UIVM.US,60,20251121,180000,60.68,60.88,60.68,60.87,900,0
UIVM.US,60,20251121,190000,60.87,60.87,60.87,60.87,200,0
UIVM.US,60,20251121,200000,61.03,61.03,61.03,61.03,200,0
UIVM.US,60,20251124,160000,60.89,60.89,60.89,60.89,500,0
UIVM.US,60,20251124,170000,61,61.14,61,61.14,400,0
UIVM.US,60,20251124,220000,61.06,61.07,61.06,61.0699,386,0
UIVM.US,60,20251125,160000,61.59,61.59,61.45,61.45,1000,0
UIVM.US,60,20251125,180000,61.67,61.7157,61.67,61.7157,682,0
UIVM.US,60,20251125,190000,61.71,61.81,61.71,61.81,2311,0
UIVM.US,60,20251125,210000,61.86,61.92,61.83,61.92,700,0
UIVM.US,60,20251125,220000,61.96,61.96,61.94,61.94,700,0
UIVM.US,60,20251126,160000,62.24,62.24,62.24,62.24,500,0
UIVM.US,60,20251126,170000,62.37,62.37,62.36,62.36,500,0
UIVM.US,60,20251126,190000,62.56,62.56,62.5599,62.5599,200,0
UIVM.US,60,20251128,160000,62.44,62.44,62.44,62.44,788,0
UIVM.US,60,20251128,170000,62.48,62.48,62.48,62.48,500,0
UIVM.US,60,20251128,180000,62.52,62.52,62.52,62.52,100,0
UIVM.US,60,20251201,160000,62.52,62.55,62.52,62.55,830,0
UIVM.US,60,20251201,180000,62.5069,62.5069,62.5069,62.5069,110,0
UIVM.US,60,20251201,200000,62.58,62.58,62.5678,62.5678,730,0
UIVM.US,60,20251201,210000,62.539,62.539,62.539,62.539,100,0
UIVM.US,60,20251201,220000,62.4315,62.4315,62.37,62.37,300,0
UIVM.US,60,20251202,160000,62.7,62.7,62.7,62.7,160,0
UIVM.US,60,20251202,170000,62.6,62.6,62.6,62.6,100,0
UIVM.US,60,20251202,190000,62.54,62.54,62.54,62.54,100,0
UIVM.US,60,20251203,170000,62.6599,62.66,62.59,62.66,1200,0
UIVM.US,60,20251203,180000,62.67,62.68,62.67,62.68,200,0
UIVM.US,60,20251203,190000,62.57,62.66,62.565,62.65,1272,0
UIVM.US,60,20251203,200000,62.69,62.69,62.69,62.69,200,0
UIVM.US,60,20251203,220000,62.77,62.77,62.76,62.76,220,0
UIVM.US,60,20251204,160000,62.83,62.83,62.83,62.83,500,0
UIVM.US,60,20251204,180000,62.88,62.88,62.88,62.88,400,0
UIVM.US,60,20251204,220000,62.735,62.81,62.735,62.81,259,0
UIVM.US,60,20251205,160000,62.9,62.9,62.9,62.9,498,0
UIVM.US,60,20251205,170000,62.96,62.96,62.96,62.96,100,0
UIVM.US,60,20251205,210000,62.78,62.81,62.74,62.81,1159,0
UIVM.US,60,20251208,160000,63.03,63.04,62.93,62.93,700,0
UIVM.US,60,20251208,170000,62.87,62.87,62.87,62.87,100,0
UIVM.US,60,20251208,180000,62.72,62.76,62.715,62.76,862,0
UIVM.US,60,20251208,190000,62.76,62.805,62.76,62.805,498,0
UIVM.US,60,20251208,200000,62.81,62.81,62.81,62.81,100,0
UIVM.US,60,20251209,160000,62.97,62.97,62.97,62.97,500,0
UIVM.US,60,20251209,190000,62.9,62.9,62.9,62.9,100,0
UIVM.US,60,20251209,220000,62.7788,62.7788,62.7788,62.7788,159,0
UIVM.US,60,20251210,160000,62.84,62.84,62.84,62.84,500,0
UIVM.US,60,20251210,170000,62.94,62.94,62.825,62.831,2034,0
UIVM.US,60,20251210,180000,62.92,62.92,62.92,62.92,100,0
UIVM.US,60,20251210,190000,62.983,63.07,62.983,63.07,405,0
UIVM.US,60,20251210,200000,63.095,63.095,63.05,63.05,200,0
UIVM.US,60,20251210,210000,63.17,63.41,63.16,63.41,1100,0
UIVM.US,60,20251210,220000,63.5,63.525,63.49,63.515,1693,0
UIVM.US,60,20251211,160000,63.38,63.38,63.38,63.38,150,0
UIVM.US,60,20251211,170000,63.62,63.63,63.62,63.63,200,0
UIVM.US,60,20251211,190000,63.73,63.73,63.73,63.73,400,0
UIVM.US,60,20251211,210000,63.76,63.76,63.76,63.76,156,0
UIVM.US,60,20251212,160000,63.76,63.76,63.76,63.76,500,0
UIVM.US,60,20251212,170000,63.65,63.65,63.5164,63.53,1588,0
UIVM.US,60,20251212,180000,63.2985,63.2985,63.27,63.27,400,0
UIVM.US,60,20251212,190000,63.38,63.38,63.38,63.38,100,0
UIVM.US,60,20251212,200000,63.55,63.55,63.55,63.55,100,0
UIVM.US,60,20251212,210000,63.46,63.46,63.46,63.46,200,0
UIVM.US,60,20251212,220000,63.44,63.472,63.44,63.472,256,0
UIVM.US,60,20251215,160000,63.94,63.94,63.94,63.94,500,0
UIVM.US,60,20251215,170000,63.88,63.88,63.88,63.88,100,0
UIVM.US,60,20251215,200000,63.84,63.84,63.78,63.78,300,0
UIVM.US,60,20251215,210000,63.828,63.828,63.828,63.828,405,0
UIVM.US,60,20251215,220000,63.86,63.91,63.86,63.9,1553,0
UIVM.US,60,20251216,160000,63.78,63.78,63.63,63.63,998,0
UIVM.US,60,20251216,170000,63.7,63.7,63.58,63.6,701,0
UIVM.US,60,20251216,180000,63.54,63.6,63.54,63.595,1177,0
UIVM.US,60,20251216,190000,63.68,63.68,63.65,63.65,480,0
UIVM.US,60,20251216,200000,63.47,63.57,63.47,63.57,1100,0
UIVM.US,60,20251216,220000,63.54,63.62,63.49,63.49,1153,0
UIVM.US,60,20251217,160000,63.55,63.6,63.55,63.6,600,0
UIVM.US,60,20251217,170000,63.6,63.6205,63.6,63.6205,200,0
UIVM.US,60,20251217,180000,63.41,63.41,63.41,63.41,500,0
UIVM.US,60,20251217,200000,63.41,63.41,63.38,63.38,400,0
UIVM.US,60,20251218,160000,63.83,63.83,63.7227,63.75,1800,0
UIVM.US,60,20251218,180000,63.845,63.845,63.845,63.845,219,0
UIVM.US,60,20251218,190000,63.88,63.88,63.88,63.88,100,0
UIVM.US,60,20251218,200000,63.7516,63.7516,63.7516,63.7516,100,0
UIVM.US,60,20251218,220000,63.68,63.68,63.68,63.68,100,0
UIVM.US,60,20251219,160000,63.92,64.05,63.91,64.05,1000,0
UIVM.US,60,20251219,170000,64.08,64.08,64.08,64.08,100,0
UIVM.US,60,20251219,220000,64.05,64.05,64.05,64.05,100,0
UIVM.US,60,20251222,160000,64.08,64.08,64.07,64.08,500,0
UIVM.US,60,20251222,170000,64.064,64.064,64.064,64.064,100,0
UIVM.US,60,20251222,180000,64.16,64.16,64.16,64.16,100,0
UIVM.US,60,20251222,190000,64.21,64.21,64.21,64.21,249,0
UIVM.US,60,20251222,210000,64.2198,64.2198,64.2198,64.2198,750,0
UIVM.US,60,20251222,220000,64.31,64.31,64.31,64.31,100,0
UIVM.US,60,20251223,160000,64.34,64.51,64.34,64.355,1100,0
UIVM.US,60,20251223,170000,64.48,64.48,64.45,64.455,746,0
UIVM.US,60,20251223,180000,64.54,64.54,64.5,64.5,400,0
UIVM.US,60,20251223,220000,64.52,64.52,64.52,64.52,100,0
UIVM.US,60,20251226,160000,64.59,64.71,64.53,64.71,2228,0
UIVM.US,60,20251226,170000,64.78,64.79,64.78,64.79,700,0
UIVM.US,60,20251226,200000,64.71,64.71,64.71,64.71,100,0
UIVM.US,60,20251226,210000,64.73,64.73,64.69,64.69,765,0
UIVM.US,60,20251226,220000,64.775,64.775,64.73,64.73,303,0
