<TICKER>,<PER>,<DATE>,<TIME>,<OPEN>,<HIGH>,<LOW>,<CLOSE>,<VOL>,<OPENINT>
BLGR.US,60,20250623,210000,25.21,25.25,25.2,25.2,7702,0
BLGR.US,60,20250623,220000,25.24,25.25,25.18,25.22,3930,0
BLGR.US,60,20250624,160000,25.549,25.549,25.549,25.549,100,0
BLGR.US,60,20250624,190000,25.67,25.67,25.67,25.67,2860993,0
BLGR.US,60,20250624,200000,25.65,25.65,25.65,25.65,667443,0
BLGR.US,60,20250624,210000,25.66,25.69,25.65,25.65,1012,0
BLGR.US,60,20250624,220000,25.68,25.68,25.6,25.63,6405,0
BLGR.US,60,20250625,160000,25.76,25.76,25.76,25.76,1285,0
BLGR.US,60,20250625,170000,25.7568,25.77,25.75,25.77,2064,0
BLGR.US,60,20250625,180000,25.71,25.71,25.69,25.69,1072,0
BLGR.US,60,20250625,190000,25.7,25.7,25.68,25.68,8195,0
BLGR.US,60,20250625,200000,25.7,25.7,25.66,25.68,13972,0
BLGR.US,60,20250625,210000,25.68,25.69,25.68,25.68,4955,0
BLGR.US,60,20250625,220000,25.71,25.71,25.69,25.69,9784,0
BLGR.US,60,20250626,160000,25.7892,25.7892,25.7892,25.7892,290,0
BLGR.US,60,20250626,170000,25.84,25.87,25.84,25.86,95657,0
BLGR.US,60,20250626,180000,25.87,25.9,25.85,25.9,16052,0
BLGR.US,60,20250626,190000,25.92,25.92,25.88,25.89,908,0
BLGR.US,60,20250626,200000,25.9,25.93,25.9,25.93,11439,0
BLGR.US,60,20250626,210000,25.93,25.97,25.93,25.95,1291,0
BLGR.US,60,20250626,220000,25.94,25.95,25.94,25.94,2264,0
BLGR.US,60,20250627,160000,26.03,26.07,26.02,26.07,2019,0
BLGR.US,60,20250627,170000,26.09,26.09,26.09,26.09,100,0
BLGR.US,60,20250627,180000,26.09,26.13,26.09,26.13,9583,0
BLGR.US,60,20250627,190000,26.13,26.13,26.11,26.13,9564,0
BLGR.US,60,20250627,200000,26.11,26.12,26.02,26.02,67643,0
BLGR.US,60,20250627,210000,25.99,25.99,25.89,25.909,4348,0
BLGR.US,60,20250627,220000,26.07,26.16,26.07,26.16,583,0
BLGR.US,60,20250630,160000,26.16,26.17,26.16,26.17,13539,0
BLGR.US,60,20250630,170000,26.1879,26.1879,26.1879,26.1879,2564,0
BLGR.US,60,20250630,190000,26.19,26.19,26.19,26.19,460,0
BLGR.US,60,20250630,200000,26.2,26.2,26.16,26.18,1379,0
BLGR.US,60,20250630,210000,26.145,26.2,26.145,26.2,4639,0
BLGR.US,60,20250630,220000,26.22,26.22,26.22,26.22,5401,0
BLGR.US,60,20250701,160000,26.15,26.16,26.15,26.16,7893,0
BLGR.US,60,20250701,170000,26,26,26,26,278,0
BLGR.US,60,20250701,180000,26.02,26.02,25.9,26,17406,0
BLGR.US,60,20250701,190000,25.98,26.04,25.98,26.04,956,0
BLGR.US,60,20250701,210000,26.07,26.07,26.05,26.05,826,0
BLGR.US,60,20250701,220000,25.9699,26.05,25.9627,26.05,7054,0
BLGR.US,60,20250702,160000,26.02,26.04,26.02,26.04,2349,0
BLGR.US,60,20250702,170000,26.06,26.13,26.06,26.13,7005,0
BLGR.US,60,20250702,180000,26.14,26.14,26.1,26.13,7583,0
BLGR.US,60,20250702,190000,26.15,26.16,26.14,26.16,5133,0
BLGR.US,60,20250702,200000,26.15,26.15,26.15,26.15,3104,0
BLGR.US,60,20250702,210000,26.15,26.15,26.13,26.15,5218,0
BLGR.US,60,20250702,220000,26.16,26.16,26.1501,26.16,1321,0
BLGR.US,60,20250703,160000,26.35,26.35,26.35,26.35,4721,0
BLGR.US,60,20250703,170000,26.42,26.44,26.42,26.43,3024,0
BLGR.US,60,20250703,180000,26.45,26.47,26.44,26.47,4899,0
BLGR.US,60,20250703,190000,26.48,26.48,26.46,26.46,1499,0
BLGR.US,60,20250707,160000,26.32,26.32,26.32,26.32,2432,0
BLGR.US,60,20250707,170000,26.32,26.32,26.31,26.31,1997,0
BLGR.US,60,20250707,180000,26.29,26.31,26.29,26.31,2317,0
BLGR.US,60,20250707,190000,26.33,26.33,26.22,26.22,973,0
BLGR.US,60,20250707,200000,26.25,26.25,26.22,26.23,3956,0
BLGR.US,60,20250707,210000,26.23,26.24,26.23,26.24,569,0
BLGR.US,60,20250707,220000,26.23,26.27,26.22,26.27,17525,0
BLGR.US,60,20250708,170000,26.24,26.24,26.24,26.24,100,0
BLGR.US,60,20250708,180000,26.22,26.24,26.21,26.24,5521,0
BLGR.US,60,20250708,190000,26.25,26.28,26.25,26.28,404,0
BLGR.US,60,20250708,200000,26.24,26.25,26.22,26.24,1579,0
BLGR.US,60,20250708,210000,26.26,26.26,26.23,26.23,885,0
BLGR.US,60,20250708,220000,26.2,26.2,26.2,26.2,156,0
BLGR.US,60,20250709,160000,26.37,26.43,26.37,26.43,22191,0
BLGR.US,60,20250709,170000,26.46,26.46,26.46,26.46,100,0
BLGR.US,60,20250709,180000,26.39,26.39,26.39,26.39,100,0
BLGR.US,60,20250709,190000,26.37,26.389,26.3699,26.389,1276,0
BLGR.US,60,20250709,200000,26.37,26.37,26.37,26.37,217,0
BLGR.US,60,20250709,210000,26.4,26.43,26.4,26.43,2334,0
BLGR.US,60,20250709,220000,26.42,26.45,26.42,26.45,8215,0
BLGR.US,60,20250710,170000,26.34,26.38,26.33,26.38,8206,0
BLGR.US,60,20250710,180000,26.4,26.44,26.39,26.44,2313,0
BLGR.US,60,20250710,190000,26.43,26.44,26.43,26.43,1047,0
BLGR.US,60,20250710,200000,26.46,26.48,26.46,26.48,651,0
BLGR.US,60,20250710,210000,26.49,26.499,26.4851,26.499,607,0
BLGR.US,60,20250710,220000,26.49,26.5,26.46,26.47,6406,0
BLGR.US,60,20250711,180000,26.45,26.45,26.45,26.45,100,0
BLGR.US,60,20250711,190000,26.42,26.43,26.41,26.43,1030,0
BLGR.US,60,20250711,200000,26.44,26.44,26.43,26.43,654,0
BLGR.US,60,20250711,210000,26.43,26.43,26.391,26.391,773,0
BLGR.US,60,20250711,220000,26.41,26.43,26.39,26.39,13448,0
BLGR.US,60,20250714,170000,26.41,26.42,26.41,26.4199,780,0
BLGR.US,60,20250714,190000,26.45,26.48,26.45,26.47,5953,0
BLGR.US,60,20250714,200000,26.49,26.49,26.48,26.48,750,0
BLGR.US,60,20250714,210000,26.49,26.5,26.481,26.481,4622,0
BLGR.US,60,20250714,220000,26.49,26.49,26.47,26.47,2073,0
BLGR.US,60,20250715,170000,26.63,26.63,26.6,26.6,4114,0
BLGR.US,60,20250715,190000,26.6,26.609,26.57,26.57,11663,0
BLGR.US,60,20250715,200000,26.55,26.579,26.52,26.579,7075,0
BLGR.US,60,20250715,210000,26.6,26.61,26.55,26.55,16499,0
BLGR.US,60,20250715,220000,26.54,26.55,26.53,26.53,3688,0
BLGR.US,60,20250716,160000,26.46,26.46,26.45,26.45,583,0
BLGR.US,60,20250716,170000,26.48,26.5,26.48,26.49,1458,0
BLGR.US,60,20250716,180000,26.31,26.42,26.3,26.41,12249,0
BLGR.US,60,20250716,190000,26.47,26.48,26.44,26.45,9564,0
BLGR.US,60,20250716,200000,26.53,26.53,26.5127,26.5127,2038,0
BLGR.US,60,20250716,210000,26.52,26.56,26.52,26.56,2177,0
BLGR.US,60,20250716,220000,26.56,26.57,26.54,26.57,12257,0
BLGR.US,60,20250717,170000,26.64,26.64,26.6199,26.6199,362,0
BLGR.US,60,20250717,180000,26.72,26.72,26.7,26.7,1573,0
BLGR.US,60,20250717,190000,26.73,26.74,26.72,26.72,3171,0
BLGR.US,60,20250717,200000,26.72,26.74,26.72,26.74,1436,0
BLGR.US,60,20250717,210000,26.74,26.75,26.73,26.74,3964,0
BLGR.US,60,20250717,220000,26.75,26.75,26.74,26.74,5887,0
BLGR.US,60,20250718,160000,26.75,26.75,26.75,26.75,543,0
BLGR.US,60,20250718,170000,26.77,26.77,26.71,26.72,6367,0
BLGR.US,60,20250718,180000,26.67,26.74,26.67,26.74,3297,0
BLGR.US,60,20250718,190000,26.75,26.75,26.69,26.69,16207,0
BLGR.US,60,20250718,200000,26.7,26.71,26.7,26.71,4937,0
BLGR.US,60,20250718,210000,26.719,26.73,26.7174,26.72,9946,0
BLGR.US,60,20250718,220000,26.7174,26.755,26.7174,26.74,4276,0
BLGR.US,60,20250721,160000,26.83,26.83,26.83,26.83,1000,0
BLGR.US,60,20250721,170000,26.9,26.9,26.89,26.89,593,0
BLGR.US,60,20250721,180000,26.88,26.88,26.88,26.88,261,0
BLGR.US,60,20250721,190000,26.88,26.9,26.87,26.9,16724,0
BLGR.US,60,20250721,200000,26.9,26.91,26.89,26.91,9017,0
BLGR.US,60,20250721,210000,26.89,26.895,26.86,26.86,2249,0
BLGR.US,60,20250721,220000,26.85,26.85,26.81,26.81,1559,0
BLGR.US,60,20250722,160000,26.75,26.75,26.75,26.75,6301,0
BLGR.US,60,20250722,170000,26.64,26.65,26.64,26.65,200,0
BLGR.US,60,20250722,180000,26.65,26.67,26.65,26.67,834,0
BLGR.US,60,20250722,190000,26.64,26.67,26.62,26.65,5098,0
BLGR.US,60,20250722,200000,26.68,26.7,26.68,26.68,611,0
BLGR.US,60,20250722,210000,26.68,26.729,26.64,26.729,13322,0
BLGR.US,60,20250722,220000,26.7,26.73,26.7,26.7,8096,0
BLGR.US,60,20250723,160000,26.81,26.81,26.72,26.72,1926,0
BLGR.US,60,20250723,170000,26.72,26.73,26.72,26.73,630,0
BLGR.US,60,20250723,180000,26.78,26.83,26.78,26.83,2033,0
BLGR.US,60,20250723,190000,26.83,26.84,26.785,26.8,4650,0
BLGR.US,60,20250723,200000,26.82,26.83,26.8,26.83,2615,0
BLGR.US,60,20250723,210000,26.8735,26.9,26.8735,26.89,8639,0
BLGR.US,60,20250723,220000,26.88,26.88,26.88,26.88,2139,0
BLGR.US,60,20250724,160000,26.9979,26.9979,26.955,26.97,5196,0
BLGR.US,60,20250724,170000,26.98,26.98,26.94,26.95,1513,0
BLGR.US,60,20250724,190000,26.97,26.98,26.97,26.98,437,0
BLGR.US,60,20250724,200000,26.98,27.02,26.98,27,1503,0
BLGR.US,60,20250724,210000,27.01,27.02,27.01,27.02,611,0
BLGR.US,60,20250724,220000,27.02,27.02,26.97,26.9999,2014,0
BLGR.US,60,20250725,170000,27.07,27.07,27.07,27.07,157,0
BLGR.US,60,20250725,180000,27.09,27.09,27.08,27.08,2718,0
BLGR.US,60,20250725,190000,27.12,27.15,27.12,27.1223,9272,0
BLGR.US,60,20250725,200000,27.14,27.14,27.14,27.14,851,0
BLGR.US,60,20250725,210000,27.12,27.15,27.112,27.13,6491,0
BLGR.US,60,20250725,220000,27.14,27.14,27.09,27.09,10180,0
BLGR.US,60,20250728,160000,27.17,27.18,27.17,27.17,2326,0
BLGR.US,60,20250728,170000,27.2,27.2,27.1799,27.1799,1643,0
BLGR.US,60,20250728,180000,27.16,27.17,27.12,27.17,733,0
BLGR.US,60,20250728,190000,27.15,27.17,27.14,27.16,6993,0
BLGR.US,60,20250728,200000,27.15,27.165,27.14,27.16,6388,0
BLGR.US,60,20250728,210000,27.125,27.15,27.125,27.14,168451,0
BLGR.US,60,20250728,220000,27.13,27.15,27.13,27.14,2565,0
BLGR.US,60,20250729,160000,27.26,27.26,27.23,27.23,296,0
BLGR.US,60,20250729,170000,27.21,27.22,27.21,27.21,3918,0
BLGR.US,60,20250729,180000,27.18,27.18,27.06,27.06,8231,0
BLGR.US,60,20250729,190000,27.12,27.12,27.06,27.1,2302,0
BLGR.US,60,20250729,200000,27.14,27.14,27.14,27.14,100,0
BLGR.US,60,20250729,210000,27.12,27.12,27.1,27.1,5565,0
BLGR.US,60,20250729,220000,27.1,27.1,27.06,27.06,4528,0
BLGR.US,60,20250730,160000,27.13,27.13,27.13,27.13,293,0
BLGR.US,60,20250730,170000,27.13,27.17,27.12,27.17,1643,0
BLGR.US,60,20250730,180000,27.12,27.16,27.12,27.16,1882,0
BLGR.US,60,20250730,190000,27.16,27.18,27.16,27.17,5855,0
BLGR.US,60,20250730,200000,27.17,27.17,27.17,27.17,1149,0
BLGR.US,60,20250730,210000,27.17,27.19,27.07,27.07,2434,0
BLGR.US,60,20250730,220000,27.01,27.12,27.01,27.12,2960,0
BLGR.US,60,20250731,170000,27.46,27.46,27.46,27.46,100,0
BLGR.US,60,20250731,180000,27.28,27.35,27.28,27.35,86632,0
BLGR.US,60,20250731,190000,27.39,27.4,27.37,27.37,10578,0
BLGR.US,60,20250731,210000,27.17,27.23,27.16,27.2,1500,0
BLGR.US,60,20250731,220000,27.1533,27.16,27.12,27.12,10420,0
BLGR.US,60,20250801,160000,26.565,26.565,26.565,26.565,500,0
BLGR.US,60,20250801,170000,26.65,26.65,26.65,26.65,100,0
BLGR.US,60,20250801,180000,26.6038,26.6038,26.5822,26.5822,268,0
BLGR.US,60,20250801,190000,26.72,26.72,26.6,26.6,6575,0
BLGR.US,60,20250801,210000,26.62,26.62,26.6,26.6,4569,0
BLGR.US,60,20250801,220000,26.5434,26.5434,26.5434,26.5434,230,0
BLGR.US,60,20250804,160000,26.93,26.98,26.93,26.98,670,0
BLGR.US,60,20250804,170000,26.98,26.98,26.98,26.98,100,0
BLGR.US,60,20250804,180000,26.96,26.96,26.95,26.95,1912,0
BLGR.US,60,20250804,190000,27.02,27.02,27.02,27.02,907,0
BLGR.US,60,20250804,200000,27.02,27.04,27.02,27.04,12330,0
BLGR.US,60,20250804,210000,27.04,27.04,27.02,27.02,12167,0
BLGR.US,60,20250804,220000,27.03,27.05,27,27.02,3797,0
BLGR.US,60,20250805,160000,27.07,27.11,27.07,27.1,3424,0
BLGR.US,60,20250805,170000,27.06,27.06,26.86,26.86,349,0
BLGR.US,60,20250805,180000,26.89,26.89,26.85,26.8546,9237,0
BLGR.US,60,20250805,190000,26.9,26.9,26.89,26.89,3256,0
BLGR.US,60,20250805,200000,26.92,26.98,26.92,26.98,3213,0
BLGR.US,60,20250805,210000,26.86,26.87,26.86,26.87,607,0
BLGR.US,60,20250805,220000,26.9,26.91,26.86,26.86,2165,0
BLGR.US,60,20250806,170000,27,27,26.97,26.97,257,0
BLGR.US,60,20250806,180000,27.0197,27.11,26.99,27.11,1345,0
BLGR.US,60,20250806,190000,27.13,27.13,27.11,27.12,2444,0
BLGR.US,60,20250806,200000,27.101,27.13,27.0905,27.12,6059,0
BLGR.US,60,20250806,210000,27.16,27.16,27.15,27.1501,475,0
BLGR.US,60,20250806,220000,27.15,27.2,27.15,27.18,8884,0
BLGR.US,60,20250807,160000,27.31,27.31,27.3,27.3,398,0
BLGR.US,60,20250807,170000,27.3,27.3,27.2156,27.2156,977,0
BLGR.US,60,20250807,180000,27.18,27.18,27.125,27.125,270,0
BLGR.US,60,20250807,200000,26.99,27.01,26.97,27.005,4891,0
BLGR.US,60,20250807,210000,26.94,27.01,26.94,27.01,390,0
BLGR.US,60,20250807,220000,26.98,26.99,26.98,26.99,560,0
BLGR.US,60,20250808,170000,27.28,27.3,27.27,27.3,1037,0
BLGR.US,60,20250808,180000,27.27,27.27,27.27,27.27,131,0
BLGR.US,60,20250808,190000,27.3,27.3,27.3,27.3,100,0
BLGR.US,60,20250808,200000,27.3,27.31,27.3,27.31,7235,0
BLGR.US,60,20250808,210000,27.32,27.32,27.31,27.31,1091,0
BLGR.US,60,20250808,220000,27.31,27.31,27.28,27.28,5660,0
BLGR.US,60,20250811,160000,27.26,27.3,27.26,27.3,1663,0
BLGR.US,60,20250811,170000,27.33,27.36,27.33,27.35,300,0
BLGR.US,60,20250811,190000,27.4,27.42,27.39,27.39,124659,0
BLGR.US,60,20250811,200000,27.38,27.38,27.34,27.34,838,0
BLGR.US,60,20250811,210000,27.31,27.3298,27.31,27.32,4077,0
BLGR.US,60,20250811,220000,27.27,27.28,27.22,27.22,2431,0
BLGR.US,60,20250812,160000,27.35,27.36,27.33,27.33,2122,0
BLGR.US,60,20250812,170000,27.35,27.36,27.35,27.36,1100,0
BLGR.US,60,20250812,200000,27.515,27.515,27.51,27.51,22751,0
BLGR.US,60,20250812,210000,27.52,27.5201,27.52,27.5201,200,0
BLGR.US,60,20250812,220000,27.54,27.57,27.53,27.57,11667,0
BLGR.US,60,20250813,160000,27.66,27.68,27.66,27.68,3200,0
BLGR.US,60,20250813,170000,27.62,27.62,27.58,27.58,709,0
BLGR.US,60,20250813,180000,27.51,27.53,27.51,27.52,3269,0
BLGR.US,60,20250813,190000,27.52,27.53,27.5,27.5,9340,0
BLGR.US,60,20250813,200000,27.505,27.505,27.49,27.49,901,0
BLGR.US,60,20250813,210000,27.53,27.5349,27.511,27.5349,5642,0
BLGR.US,60,20250813,220000,27.54,27.55,27.5,27.5,17423,0
BLGR.US,60,20250814,160000,27.59,27.59,27.59,27.59,935,0
BLGR.US,60,20250814,170000,27.55,27.55,27.55,27.55,200,0
BLGR.US,60,20250814,190000,27.52,27.52,27.52,27.52,461,0
BLGR.US,60,20250814,200000,27.58,27.58,27.575,27.575,16658,0
BLGR.US,60,20250814,210000,27.57,27.58,27.56,27.56,17053,0
BLGR.US,60,20250814,220000,27.58,27.59,27.57,27.58,4988,0
BLGR.US,60,20250815,170000,27.497,27.56,27.497,27.55,8278,0
BLGR.US,60,20250815,180000,27.51,27.5101,27.457,27.457,2000,0
BLGR.US,60,20250815,190000,27.52,27.52,27.52,27.52,171,0
BLGR.US,60,20250815,210000,27.53,27.53,27.52,27.52,983,0
BLGR.US,60,20250815,220000,27.51,27.53,27.51,27.51,7083,0
BLGR.US,60,20250818,160000,27.52,27.52,27.49,27.49,600,0
BLGR.US,60,20250818,170000,27.455,27.51,27.455,27.49,5088,0
BLGR.US,60,20250818,180000,27.47,27.4799,27.47,27.4799,935,0
BLGR.US,60,20250818,190000,27.46,27.469,27.46,27.46,2687,0
BLGR.US,60,20250818,200000,27.49,27.49,27.49,27.49,100,0
BLGR.US,60,20250818,210000,27.48,27.51,27.48,27.5001,1056,0
BLGR.US,60,20250818,220000,27.53,27.53,27.52,27.53,2449,0
BLGR.US,60,20250819,170000,27.47,27.47,27.33,27.34,1519,0
BLGR.US,60,20250819,180000,27.2643,27.33,27.2643,27.31,18678,0
BLGR.US,60,20250819,190000,27.27,27.27,27.26,27.26,1722,0
BLGR.US,60,20250819,200000,27.18,27.24,27.18,27.23,11054,0
BLGR.US,60,20250819,210000,27.22,27.22,27.18,27.18,6733,0
BLGR.US,60,20250819,220000,27.15,27.19,27.14,27.17,8793,0
BLGR.US,60,20250820,160000,26.97,26.97,26.97,26.97,4367,0
BLGR.US,60,20250820,170000,26.8,26.8,26.79,26.7937,840,0
BLGR.US,60,20250820,180000,26.97,26.97,26.97,26.97,1074,0
BLGR.US,60,20250820,190000,26.875,27.0105,26.875,27,13295,0
BLGR.US,60,20250820,200000,26.975,27.0482,26.97,27.0482,426,0
BLGR.US,60,20250820,210000,26.985,26.985,26.96,26.96,226,0
BLGR.US,60,20250820,220000,27.08,27.09,27.06,27.09,7335,0
BLGR.US,60,20250821,170000,27.08,27.08,27.04,27.04,2732,0
BLGR.US,60,20250821,180000,27.0022,27.0022,26.94,26.94,917,0
BLGR.US,60,20250821,190000,26.94,26.95,26.891,26.8985,8685,0
BLGR.US,60,20250821,200000,26.92,26.95,26.92,26.95,1387,0
BLGR.US,60,20250821,210000,26.94,26.9534,26.94,26.95,3079,0
BLGR.US,60,20250821,220000,26.94,26.95,26.94,26.95,1279,0
BLGR.US,60,20250822,160000,27.09,27.09,27.09,27.09,240,0
BLGR.US,60,20250822,180000,27.4399,27.4399,27.39,27.39,265,0
BLGR.US,60,20250822,190000,27.4,27.4,27.37,27.37,354,0
BLGR.US,60,20250822,200000,27.3623,27.44,27.361,27.43,13517,0
BLGR.US,60,20250822,210000,27.41,27.41,27.371,27.371,4333,0
BLGR.US,60,20250822,220000,27.38,27.38,27.3498,27.3498,1566,0
BLGR.US,60,20250825,170000,27.38,27.4,27.38,27.4,2528,0
BLGR.US,60,20250825,180000,27.45,27.469,27.45,27.469,1015,0
BLGR.US,60,20250825,190000,27.46,27.47,27.46,27.47,554,0
BLGR.US,60,20250825,200000,27.44,27.45,27.41,27.44,8217,0
BLGR.US,60,20250825,210000,27.42,27.42,27.41,27.41,7137,0
BLGR.US,60,20250825,220000,27.42,27.42,27.385,27.39,13672,0
BLGR.US,60,20250826,160000,27.34,27.34,27.34,27.34,225,0
BLGR.US,60,20250826,180000,27.37,27.37,27.345,27.345,2235,0
BLGR.US,60,20250826,190000,27.38,27.39,27.375,27.38,4117,0
BLGR.US,60,20250826,200000,27.39,27.39,27.39,27.39,100,0
BLGR.US,60,20250826,210000,27.36,27.4095,27.36,27.4095,234,0
BLGR.US,60,20250826,220000,27.41,27.44,27.41,27.44,3643,0
BLGR.US,60,20250827,180000,27.52,27.54,27.51,27.535,2238,0
BLGR.US,60,20250827,190000,27.5,27.52,27.48,27.52,1134,0
BLGR.US,60,20250827,200000,27.5229,27.5229,27.5229,27.5229,212,0
BLGR.US,60,20250827,210000,27.54,27.55,27.54,27.54,5627,0
BLGR.US,60,20250827,220000,27.53,27.55,27.4898,27.55,995,0
BLGR.US,60,20250828,160000,27.54,27.54,27.54,27.54,100,0
BLGR.US,60,20250828,180000,27.6,27.6,27.6,27.6,532,0
BLGR.US,60,20250828,190000,27.61,27.65,27.61,27.65,3146,0
BLGR.US,60,20250828,220000,27.68,27.7,27.67,27.7,3738,0
BLGR.US,60,20250829,170000,27.35,27.35,27.35,27.35,7693,0
BLGR.US,60,20250829,190000,27.37,27.38,27.37,27.37,3839,0
BLGR.US,60,20250829,200000,27.32,27.36,27.31,27.36,1269,0
BLGR.US,60,20250829,220000,27.36,27.39,27.34,27.37,7240,0
BLGR.US,60,20250902,160000,27,27.097,27,27.09,1026,0
BLGR.US,60,20250902,180000,26.9586,26.9586,26.86,26.86,812,0
BLGR.US,60,20250902,190000,26.91,26.94,26.91,26.94,919,0
BLGR.US,60,20250902,200000,26.96,27.05,26.96,27.05,4256,0
BLGR.US,60,20250902,210000,27.04,27.04,27.04,27.04,392,0
BLGR.US,60,20250902,220000,27.11,27.12,27.11,27.12,1051,0
BLGR.US,60,20250903,160000,27.33,27.33,27.33,27.33,100,0
BLGR.US,60,20250903,170000,27.38,27.45,27.35,27.45,7313,0
BLGR.US,60,20250903,190000,27.39,27.39,27.34,27.34,2363,0
BLGR.US,60,20250903,200000,27.37,27.4,27.365,27.4,757,0
BLGR.US,60,20250903,210000,27.2757,27.2757,27.26,27.26,306,0
BLGR.US,60,20250903,220000,27.29,27.38,27.2648,27.38,1437,0
BLGR.US,60,20250904,160000,27.4398,27.4557,27.4398,27.4557,726,0
BLGR.US,60,20250904,170000,27.43,27.43,27.43,27.43,100,0
BLGR.US,60,20250904,180000,27.4792,27.4792,27.4792,27.4792,663,0
BLGR.US,60,20250904,210000,27.58,27.58,27.5799,27.5799,200,0
BLGR.US,60,20250904,220000,27.605,27.62,27.59,27.62,706,0
BLGR.US,60,20250905,170000,27.63,27.63,27.63,27.63,100,0
BLGR.US,60,20250905,190000,27.5145,27.5707,27.51,27.53,5664,0
BLGR.US,60,20250905,200000,27.5714,27.5714,27.5397,27.5397,1531,0
BLGR.US,60,20250905,210000,27.57,27.57,27.56,27.56,400,0
BLGR.US,60,20250905,220000,27.61,27.62,27.5837,27.59,5532,0
BLGR.US,60,20250908,160000,27.83,27.83,27.83,27.83,100,0
BLGR.US,60,20250908,170000,27.8,27.8,27.8,27.8,100,0
BLGR.US,60,20250908,190000,27.83,27.83,27.77,27.77,2104,0
BLGR.US,60,20250908,210000,27.77,27.77,27.77,27.77,738,0
BLGR.US,60,20250908,220000,27.73,27.74,27.73,27.74,1347,0
BLGR.US,60,20250909,160000,27.8,27.8,27.79,27.79,3304,0
BLGR.US,60,20250909,170000,27.79,27.79,27.755,27.755,295,0
BLGR.US,60,20250909,180000,27.73,27.73,27.7057,27.72,4160,0
BLGR.US,60,20250909,190000,27.78,27.78,27.78,27.78,6201,0
BLGR.US,60,20250909,200000,27.81,27.82,27.8,27.81,1862,0
BLGR.US,60,20250909,210000,27.81,27.829,27.7938,27.81,5490,0
BLGR.US,60,20250909,220000,27.82,27.89,27.82,27.89,2999,0
BLGR.US,60,20250910,160000,28.07,28.07,28.06,28.06,243,0
BLGR.US,60,20250910,170000,28.15,28.15,28.14,28.1401,1126,0
BLGR.US,60,20250910,200000,28.12,28.12,28.12,28.12,1277,0
BLGR.US,60,20250910,210000,28.04,28.04,28.01,28.01,4783,0
BLGR.US,60,20250910,220000,28.01,28.05,27.96,28.05,1949,0
BLGR.US,60,20250911,160000,28.07,28.1,28.07,28.1,2223,0
BLGR.US,60,20250911,170000,28.14,28.14,28.14,28.14,100,0
BLGR.US,60,20250911,180000,28.19,28.19,28.175,28.1899,1300,0
BLGR.US,60,20250911,190000,28.2,28.21,28.2,28.21,5614,0
BLGR.US,60,20250911,210000,28.21,28.21,28.21,28.21,1374,0
BLGR.US,60,20250911,220000,28.2,28.22,28.2,28.22,2426,0
BLGR.US,60,20250912,160000,28.2,28.2,28.2,28.2,100,0
BLGR.US,60,20250912,170000,28.2,28.2,28.2,28.2,200,0
BLGR.US,60,20250912,180000,28.2804,28.2804,28.2202,28.2202,1292,0
BLGR.US,60,20250912,190000,28.24,28.28,28.24,28.27,3242,0
BLGR.US,60,20250912,200000,28.26,28.29,28.26,28.29,1601,0
BLGR.US,60,20250912,210000,28.28,28.3,28.28,28.28,3445,0
BLGR.US,60,20250912,220000,28.3064,28.3064,28.26,28.26,888,0
BLGR.US,60,20250915,160000,28.43,28.43,28.43,28.43,100,0
BLGR.US,60,20250915,170000,28.46,28.46,28.46,28.46,488,0
BLGR.US,60,20250915,180000,28.459,28.5,28.459,28.5,1794,0
BLGR.US,60,20250915,190000,28.5098,28.5098,28.46,28.46,831,0
BLGR.US,60,20250915,200000,28.47,28.47,28.45,28.46,12113,0
BLGR.US,60,20250915,210000,28.48,28.48,28.4401,28.4401,7174,0
BLGR.US,60,20250915,220000,28.45,28.5,28.4499,28.49,8681,0
BLGR.US,60,20250916,160000,28.505,28.505,28.45,28.45,2336,0
BLGR.US,60,20250916,170000,28.47,28.47,28.4523,28.46,6677,0
BLGR.US,60,20250916,180000,28.46,28.46,28.44,28.44,7112,0
BLGR.US,60,20250916,190000,28.4322,28.45,28.43,28.445,2657,0
BLGR.US,60,20250916,200000,28.45,28.47,28.45,28.47,300,0
BLGR.US,60,20250916,210000,28.46,28.48,28.46,28.48,1913,0
BLGR.US,60,20250916,220000,28.48,28.48,28.4576,28.46,4675,0
BLGR.US,60,20250917,170000,28.32,28.32,28.29,28.29,1899,0
BLGR.US,60,20250917,180000,28.28,28.31,28.26,28.2601,5559,0
BLGR.US,60,20250917,190000,28.27,28.29,28.24,28.265,5843,0
BLGR.US,60,20250917,200000,28.28,28.3077,28.28,28.3077,806,0
BLGR.US,60,20250917,210000,28.28,28.28,28.23,28.23,1813,0
BLGR.US,60,20250917,220000,28.3096,28.37,28.3096,28.37,1244,0
BLGR.US,60,20250918,170000,28.52,28.58,28.52,28.58,2004,0
BLGR.US,60,20250918,190000,28.55,28.55,28.5223,28.5223,595,0
BLGR.US,60,20250918,200000,28.5923,28.599,28.5322,28.55,824,0
BLGR.US,60,20250918,210000,28.539,28.5692,28.53,28.5692,3949,0
BLGR.US,60,20250918,220000,28.56,28.57,28.5,28.5,18718,0
BLGR.US,60,20250919,160000,28.6197,28.65,28.6197,28.65,3653,0
BLGR.US,60,20250919,170000,28.5876,28.5876,28.5876,28.5876,123,0
BLGR.US,60,20250919,180000,28.62,28.62,28.56,28.56,5804,0
BLGR.US,60,20250919,190000,28.63,28.65,28.6246,28.6463,5085,0
BLGR.US,60,20250919,200000,28.6346,28.635,28.6301,28.6301,1401,0
BLGR.US,60,20250919,210000,28.65,28.65,28.6499,28.6499,667,0
BLGR.US,60,20250919,220000,28.6692,28.6692,28.6692,28.6692,364,0
BLGR.US,60,20250922,190000,28.8924,28.9024,28.8924,28.9024,1604,0
BLGR.US,60,20250922,200000,28.8962,28.8962,28.8962,28.8962,338,0
BLGR.US,60,20250922,210000,28.8906,28.9053,28.8906,28.9053,482,0
BLGR.US,60,20250922,220000,28.9138,28.9235,28.9,28.9,3485,0
BLGR.US,60,20250923,180000,28.81,28.81,28.78,28.78,602,0
BLGR.US,60,20250923,190000,28.7597,28.78,28.7576,28.77,1032,0
BLGR.US,60,20250923,200000,28.7394,28.74,28.64,28.64,7430,0
BLGR.US,60,20250923,210000,28.61,28.62,28.6,28.6,1154,0
BLGR.US,60,20250923,220000,28.61,28.633,28.59,28.62,2500,0
BLGR.US,60,20250924,170000,28.59,28.61,28.59,28.59,900,0
BLGR.US,60,20250924,180000,28.59,28.6,28.45,28.45,1929,0
BLGR.US,60,20250924,190000,28.469,28.4824,28.46,28.46,7473,0
BLGR.US,60,20250924,200000,28.47,28.493,28.47,28.47,770,0
BLGR.US,60,20250924,210000,28.44,28.51,28.44,28.5,2054,0
BLGR.US,60,20250924,220000,28.49,28.51,28.47,28.5,14463,0
BLGR.US,60,20250925,160000,28.1897,28.1897,28.1897,28.1897,115,0
BLGR.US,60,20250925,170000,28.32,28.39,28.32,28.3899,1098,0
BLGR.US,60,20250925,180000,28.33,28.43,28.33,28.4146,2156,0
BLGR.US,60,20250925,190000,28.4249,28.44,28.36,28.36,1034,0
BLGR.US,60,20250925,200000,28.31,28.31,28.27,28.27,616,0
BLGR.US,60,20250925,210000,28.1924,28.36,28.1924,28.36,4940,0
BLGR.US,60,20250925,220000,28.32,28.34,28.2956,28.33,1894,0
BLGR.US,60,20250926,160000,28.46,28.46,28.445,28.445,8154,0
BLGR.US,60,20250926,170000,28.3362,28.3603,28.3362,28.3603,381,0
BLGR.US,60,20250926,180000,28.32,28.32,28.32,28.32,100,0
BLGR.US,60,20250926,190000,28.39,28.41,28.39,28.41,1956,0
BLGR.US,60,20250926,200000,28.45,28.46,28.43,28.43,2460,0
BLGR.US,60,20250926,210000,28.46,28.485,28.46,28.4676,1611,0
BLGR.US,60,20250926,220000,28.45,28.47,28.45,28.47,536,0
BLGR.US,60,20250929,160000,28.6541,28.6541,28.6541,28.6541,188,0
BLGR.US,60,20250929,170000,28.64,28.66,28.62,28.62,1474,0
BLGR.US,60,20250929,180000,28.61,28.61,28.54,28.55,900,0
BLGR.US,60,20250929,190000,28.58,28.58,28.54,28.54,1480,0
BLGR.US,60,20250929,200000,28.52,28.52,28.51,28.51,3515,0
BLGR.US,60,20250929,210000,28.53,28.54,28.53,28.54,5561,0
BLGR.US,60,20250929,220000,28.47,28.52,28.47,28.52,3556,0
BLGR.US,60,20250930,160000,28.5,28.505,28.5,28.505,200,0
BLGR.US,60,20250930,170000,28.5,28.53,28.45,28.53,1323,0
BLGR.US,60,20250930,180000,28.53,28.53,28.4898,28.52,5144,0
BLGR.US,60,20250930,190000,28.51,28.5301,28.509,28.53,997,0
BLGR.US,60,20250930,200000,28.5,28.5,28.46,28.48,5575,0
BLGR.US,60,20250930,210000,28.51,28.565,28.51,28.565,9666,0
BLGR.US,60,20250930,220000,28.59,28.67,28.59,28.67,1994,0
BLGR.US,60,20251001,160000,28.5,28.5002,28.5,28.5002,1000,0
BLGR.US,60,20251001,170000,28.6201,28.6201,28.62,28.62,200,0
BLGR.US,60,20251001,180000,28.6847,28.6847,28.6676,28.6676,522,0
BLGR.US,60,20251001,190000,28.73,28.7338,28.71,28.71,1897,0
BLGR.US,60,20251001,200000,28.7447,28.78,28.7447,28.7638,1283,0
BLGR.US,60,20251001,210000,28.79,28.83,28.78,28.83,4726,0
BLGR.US,60,20251001,220000,28.83,28.83,28.8,28.8199,4446,0
BLGR.US,60,20251002,170000,28.84,28.84,28.8299,28.8299,1180,0
BLGR.US,60,20251002,180000,28.75,28.82,28.75,28.82,3777,0
BLGR.US,60,20251002,190000,28.8,28.82,28.78,28.82,9831,0
BLGR.US,60,20251002,200000,28.81,28.85,28.81,28.835,2217,0
BLGR.US,60,20251002,210000,28.82,28.8676,28.82,28.86,4061,0
BLGR.US,60,20251002,220000,28.8706,28.8799,28.84,28.84,2483,0
BLGR.US,60,20251003,160000,28.89,28.89,28.87,28.87,428,0
BLGR.US,60,20251003,170000,28.8454,28.8454,28.8454,28.8454,168,0
BLGR.US,60,20251003,180000,28.91,28.91,28.9,28.9,1166,0
BLGR.US,60,20251003,200000,28.82,28.82,28.73,28.7301,2620,0
BLGR.US,60,20251003,210000,28.78,28.78,28.75,28.775,9584,0
BLGR.US,60,20251003,220000,28.7781,28.79,28.77,28.77,3924,0
BLGR.US,60,20251006,160000,28.8,28.8,28.8,28.8,161,0
BLGR.US,60,20251006,170000,28.7999,28.83,28.7999,28.825,3147,0
BLGR.US,60,20251006,180000,28.88,28.88,28.8676,28.88,687,0
BLGR.US,60,20251006,190000,28.9,28.91,28.9,28.9,5666,0
BLGR.US,60,20251006,200000,28.91,28.96,28.91,28.96,1096,0
BLGR.US,60,20251006,210000,28.955,28.97,28.9402,28.97,1248,0
BLGR.US,60,20251006,220000,28.94,28.94,28.94,28.94,418,0
BLGR.US,60,20251007,170000,28.99,28.99,28.93,28.93,1973,0
BLGR.US,60,20251007,180000,28.81,28.81,28.68,28.71,2432,0
BLGR.US,60,20251007,190000,28.72,28.7575,28.72,28.7575,343,0
BLGR.US,60,20251007,200000,28.78,28.78,28.7576,28.76,2953,0
BLGR.US,60,20251007,210000,28.77,28.78,28.77,28.78,1068,0
BLGR.US,60,20251007,220000,28.79,28.79,28.76,28.78,6394,0
BLGR.US,60,20251008,180000,28.94,28.9899,28.94,28.97,1620,0
BLGR.US,60,20251008,190000,29,29.01,29,29,13662,0
BLGR.US,60,20251008,200000,28.98,28.98,28.98,28.98,801,0
BLGR.US,60,20251008,220000,28.99,29.0236,28.98,29.02,12997,0
BLGR.US,60,20251009,170000,29,29,29,29,100,0
BLGR.US,60,20251009,180000,29.03,29.03,29.02,29.02,1280,0
BLGR.US,60,20251009,190000,28.98,29,28.98,29,231,0
BLGR.US,60,20251009,200000,28.94,28.95,28.94,28.95,833,0
BLGR.US,60,20251009,210000,28.9532,28.9599,28.9532,28.9599,839,0
BLGR.US,60,20251009,220000,28.99,29.03,28.99,29.03,17430,0
BLGR.US,60,20251010,170000,29.12,29.13,29.12,29.129,801,0
BLGR.US,60,20251010,180000,28.87,28.87,28.44,28.6574,2037,0
BLGR.US,60,20251010,190000,28.55,28.56,28.4054,28.4054,5007,0
BLGR.US,60,20251010,200000,28.46,28.46,28.46,28.46,9237,0
BLGR.US,60,20251010,210000,28.4347,28.4347,28.39,28.39,1143,0
BLGR.US,60,20251010,220000,28.33,28.33,28.227,28.23,1480,0
BLGR.US,60,20251013,160000,28.47,28.57,28.47,28.57,2363,0
BLGR.US,60,20251013,180000,28.5,28.654,28.5,28.65,1894,0
BLGR.US,60,20251013,190000,28.68,28.69,28.68,28.69,890,0
BLGR.US,60,20251013,200000,28.69,28.69,28.655,28.66,8140,0
BLGR.US,60,20251013,220000,28.665,28.67,28.66,28.66,494,0
BLGR.US,60,20251014,170000,28.37,28.42,28.3699,28.42,921,0
BLGR.US,60,20251014,180000,28.4525,28.47,28.4525,28.47,358,0
BLGR.US,60,20251014,190000,28.64,28.64,28.64,28.64,100,0
BLGR.US,60,20251014,210000,28.59,28.63,28.59,28.6198,17590,0
BLGR.US,60,20251014,220000,28.6,28.6,28.46,28.46,1374,0
BLGR.US,60,20251015,160000,28.72,28.72,28.65,28.65,1036,0
BLGR.US,60,20251015,170000,28.833,28.84,28.83,28.84,3545,0
BLGR.US,60,20251015,180000,28.69,28.69,28.69,28.69,100,0
BLGR.US,60,20251015,190000,28.59,28.6,28.57,28.57,977,0
BLGR.US,60,20251015,200000,28.46,28.46,28.43,28.43,4611,0
BLGR.US,60,20251015,210000,28.59,28.61,28.59,28.61,489,0
BLGR.US,60,20251015,220000,28.64,28.64,28.56,28.59,12636,0
BLGR.US,60,20251016,170000,28.72,28.77,28.7,28.75,30168,0
BLGR.US,60,20251016,180000,28.74,28.76,28.66,28.68,2918,0
BLGR.US,60,20251016,190000,28.5695,28.5695,28.42,28.5,4375,0
BLGR.US,60,20251016,200000,28.55,28.55,28.49,28.49,897,0
BLGR.US,60,20251016,210000,28.34,28.34,28.317,28.317,477,0
BLGR.US,60,20251016,220000,28.33,28.43,28.33,28.43,5078,0
BLGR.US,60,20251017,160000,28.43,28.43,28.43,28.43,100,0
BLGR.US,60,20251017,170000,28.445,28.445,28.445,28.445,417,0
BLGR.US,60,20251017,200000,28.42,28.55,28.42,28.52,1354,0
BLGR.US,60,20251017,210000,28.56,28.5601,28.56,28.5601,450,0
BLGR.US,60,20251017,220000,28.61,28.62,28.58,28.58,29658,0
BLGR.US,60,20251020,190000,28.88,28.88,28.88,28.88,100,0
BLGR.US,60,20251020,210000,28.94,28.94,28.91,28.91,2133,0
BLGR.US,60,20251020,220000,28.9,28.9,28.9,28.9,100,0
BLGR.US,60,20251021,160000,28.8552,28.8552,28.8552,28.8552,149,0
BLGR.US,60,20251021,170000,28.89,28.89,28.851,28.851,1035,0
BLGR.US,60,20251021,180000,28.91,28.91,28.86,28.8958,3543,0
BLGR.US,60,20251021,190000,28.91,28.92,28.86,28.86,27618,0
BLGR.US,60,20251021,200000,28.865,28.895,28.865,28.88,12293,0
BLGR.US,60,20251021,210000,28.9,28.91,28.88,28.8801,15177,0
BLGR.US,60,20251021,220000,28.89,28.91,28.87,28.87,4227,0
BLGR.US,60,20251022,160000,28.86,28.86,28.86,28.86,100,0
BLGR.US,60,20251022,170000,28.89,28.89,28.73,28.73,1705,0
BLGR.US,60,20251022,180000,28.7744,28.7744,28.63,28.71,413,0
BLGR.US,60,20251022,190000,28.695,28.695,28.65,28.65,406,0
BLGR.US,60,20251022,200000,28.5842,28.62,28.5842,28.6,11357,0
BLGR.US,60,20251022,210000,28.52,28.6,28.5099,28.6,3552,0
BLGR.US,60,20251022,220000,28.66,28.685,28.65,28.66,3623,0
BLGR.US,60,20251023,160000,28.7858,28.7858,28.7858,28.7858,186,0
BLGR.US,60,20251023,170000,28.7316,28.7501,28.7316,28.7501,616,0
BLGR.US,60,20251023,180000,28.81,28.81,28.81,28.81,311,0
BLGR.US,60,20251023,190000,28.86,28.86,28.86,28.86,100,0
BLGR.US,60,20251023,200000,28.88,28.9309,28.875,28.9309,24950,0
BLGR.US,60,20251023,210000,28.925,28.94,28.915,28.94,4049,0
BLGR.US,60,20251023,220000,28.93,28.93,28.9,28.9,681,0
BLGR.US,60,20251024,170000,29.1802,29.1802,29.1802,29.1802,245,0
BLGR.US,60,20251024,180000,29.21,29.21,29.2,29.2,336,0
BLGR.US,60,20251024,190000,29.22,29.22,29.22,29.22,100,0
BLGR.US,60,20251024,200000,29.24,29.24,29.23,29.23,395,0
BLGR.US,60,20251024,210000,29.24,29.24,29.22,29.22,771,0
BLGR.US,60,20251024,220000,29.25,29.26,29.21,29.21,22079,0
BLGR.US,60,20251027,160000,29.53,29.53,29.52,29.52,600,0
BLGR.US,60,20251027,170000,29.51,29.57,29.51,29.555,2641,0
BLGR.US,60,20251027,180000,29.58,29.59,29.57,29.58,2221,0
BLGR.US,60,20251027,190000,29.58,29.59,29.58,29.59,200,0
BLGR.US,60,20251027,200000,29.6,29.61,29.6,29.61,1800,0
BLGR.US,60,20251027,210000,29.6,29.638,29.5884,29.638,14083,0
BLGR.US,60,20251028,150000,29.76,29.76,29.76,29.76,100,0
BLGR.US,60,20251028,160000,29.73,29.73,29.71,29.72,4636,0
BLGR.US,60,20251028,170000,29.71,29.72,29.68,29.72,2666,0
BLGR.US,60,20251028,180000,29.7399,29.81,29.7399,29.79,7220,0
BLGR.US,60,20251028,190000,29.79,29.84,29.7865,29.84,1924,0
BLGR.US,60,20251028,200000,29.87,29.91,29.86,29.905,2812,0
BLGR.US,60,20251028,210000,29.9265,29.96,29.87,29.87,9281,0
BLGR.US,60,20251029,150000,30.04,30.06,30.04,30.06,300,0
BLGR.US,60,20251029,160000,30.0442,30.0442,30,30,200,0
BLGR.US,60,20251029,170000,30.0396,30.0396,30.01,30.01,707,0
BLGR.US,60,20251029,180000,29.98,29.99,29.98,29.99,853,0
BLGR.US,60,20251029,190000,30.02,30.02,30.02,30.02,5862,0
BLGR.US,60,20251029,200000,29.98,29.98,29.92,29.95,2004,0
BLGR.US,60,20251029,210000,29.899,30.01,29.899,30,1944,0
BLGR.US,60,20251030,150000,29.74,29.74,29.67,29.74,1460,0
BLGR.US,60,20251030,160000,29.82,29.82,29.8,29.8,1203,0
BLGR.US,60,20251030,170000,29.77,29.82,29.72,29.72,3347,0
BLGR.US,60,20251030,180000,29.71,29.79,29.71,29.7799,3304,0
BLGR.US,60,20251030,190000,29.772,29.795,29.765,29.795,9342,0
BLGR.US,60,20251030,200000,29.7,29.7,29.7,29.7,141,0
BLGR.US,60,20251030,210000,29.65,29.67,29.58,29.59,30803,0
BLGR.US,60,20251031,160000,29.82,29.8201,29.82,29.8201,3971,0
BLGR.US,60,20251031,170000,29.7501,29.76,29.7501,29.76,4973,0
BLGR.US,60,20251031,180000,29.66,29.72,29.64,29.64,1676,0
BLGR.US,60,20251031,190000,29.59,29.6301,29.59,29.63,2276,0
BLGR.US,60,20251031,200000,29.69,29.69,29.69,29.69,107,0
BLGR.US,60,20251031,210000,29.77,29.81,29.77,29.79,10197,0
BLGR.US,60,20251103,170000,29.7801,29.791,29.7801,29.791,358,0
BLGR.US,60,20251103,180000,29.8182,29.8182,29.8182,29.8182,164,0
BLGR.US,60,20251103,190000,29.86,29.89,29.86,29.89,10107,0
BLGR.US,60,20251103,200000,29.9,29.9,29.86,29.875,9774,0
BLGR.US,60,20251103,210000,29.855,29.86,29.81,29.86,10547,0
BLGR.US,60,20251103,220000,29.83,29.84,29.7935,29.7935,4258,0
BLGR.US,60,20251104,160000,29.37,29.375,29.37,29.375,200,0
BLGR.US,60,20251104,170000,29.56,29.56,29.56,29.56,500,0
BLGR.US,60,20251104,180000,29.49,29.49,29.49,29.49,2085,0
BLGR.US,60,20251104,190000,29.4699,29.4699,29.42,29.42,552,0
BLGR.US,60,20251104,200000,29.33,29.33,29.33,29.33,1850,0
BLGR.US,60,20251104,210000,29.38,29.39,29.2901,29.31,1852,0
BLGR.US,60,20251104,220000,29.3084,29.38,29.3084,29.31,4619,0
BLGR.US,60,20251105,160000,29.42,29.42,29.42,29.42,1462,0
BLGR.US,60,20251105,170000,29.38,29.39,29.38,29.38,2131,0
BLGR.US,60,20251105,180000,29.4728,29.4728,29.4728,29.4728,257,0
BLGR.US,60,20251105,200000,29.57,29.57,29.57,29.57,2105,0
BLGR.US,60,20251105,210000,29.563,29.578,29.55,29.575,1651,0
BLGR.US,60,20251105,220000,29.56,29.56,29.4,29.4,5610,0
BLGR.US,60,20251106,170000,29.16,29.16,29,29,1400,0
BLGR.US,60,20251106,190000,28.94,28.96,28.9,28.96,987,0
BLGR.US,60,20251106,200000,29,29.04,28.91,29.01,2605,0
BLGR.US,60,20251106,210000,29.09,29.11,29.06,29.11,5386,0
BLGR.US,60,20251106,220000,29.1,29.11,29.01,29.0206,14288,0
BLGR.US,60,20251107,160000,28.6,28.6,28.58,28.58,4784,0
BLGR.US,60,20251107,170000,28.6,28.6,28.58,28.59,2173,0
BLGR.US,60,20251107,180000,28.49,28.49,28.419,28.47,2386,0
BLGR.US,60,20251107,190000,28.42,28.515,28.415,28.49,500,0
BLGR.US,60,20251107,200000,28.545,28.66,28.545,28.62,7980,0
BLGR.US,60,20251107,210000,28.66,28.81,28.649,28.81,707,0
BLGR.US,60,20251107,220000,28.84,28.91,28.7902,28.91,3541,0
BLGR.US,60,20251110,180000,29.27,29.27,29.27,29.27,1581,0
BLGR.US,60,20251110,190000,29.35,29.35,29.35,29.35,6051,0
BLGR.US,60,20251110,200000,29.4648,29.4882,29.4523,29.4882,1178,0
BLGR.US,60,20251110,210000,29.48,29.54,29.48,29.54,5799,0
BLGR.US,60,20251110,220000,29.54,29.58,29.53,29.54,5845,0
BLGR.US,60,20251111,160000,29.37,29.37,29.365,29.37,11190,0
BLGR.US,60,20251111,180000,29.3,29.34,29.3,29.34,884,0
BLGR.US,60,20251111,190000,29.36,29.4,29.36,29.39,7167,0
BLGR.US,60,20251111,200000,29.43,29.48,29.43,29.48,876,0
BLGR.US,60,20251111,210000,29.49,29.49,29.47,29.49,3458,0
BLGR.US,60,20251111,220000,29.5,29.5,29.47,29.47,2845,0
BLGR.US,60,20251112,180000,29.31,29.31,29.31,29.31,199,0
BLGR.US,60,20251112,190000,29.31,29.396,29.3,29.37,1639,0
BLGR.US,60,20251112,200000,29.405,29.41,29.38,29.41,445,0
BLGR.US,60,20251112,220000,29.39,29.4101,29.39,29.41,1088,0
BLGR.US,60,20251113,180000,28.91,28.91,28.86,28.86,490,0
BLGR.US,60,20251113,190000,28.88,28.9301,28.88,28.9301,271,0
BLGR.US,60,20251113,200000,28.84,28.8499,28.731,28.731,2398,0
BLGR.US,60,20251113,210000,28.74,28.8,28.71,28.71,3888,0
BLGR.US,60,20251113,220000,28.74,28.79,28.71,28.76,2081,0
BLGR.US,60,20251114,160000,28.6118,28.6118,28.6118,28.6118,183,0
BLGR.US,60,20251114,170000,28.7591,28.865,28.7591,28.865,990,0
BLGR.US,60,20251114,180000,28.9236,28.9236,28.9236,28.9236,100,0
BLGR.US,60,20251114,210000,28.93,28.95,28.93,28.95,13405,0
BLGR.US,60,20251114,220000,28.9,28.9,28.86,28.86,2199,0
BLGR.US,60,20251117,170000,28.77,28.77,28.76,28.76,739,0
BLGR.US,60,20251117,180000,28.85,28.85,28.8499,28.85,637,0
BLGR.US,60,20251117,190000,28.87,28.87,28.79,28.79,4290,0
BLGR.US,60,20251117,200000,28.68,28.71,28.67,28.7099,16290,0
BLGR.US,60,20251117,210000,28.579,28.58,28.47,28.47,1996,0
BLGR.US,60,20251117,220000,28.4599,28.5564,28.45,28.5564,6640,0
BLGR.US,60,20251118,160000,28.2,28.22,28.2,28.22,5073,0
BLGR.US,60,20251118,170000,28.12,28.12,28.12,28.12,100,0
BLGR.US,60,20251118,180000,28.05,28.38,28.05,28.36,6287,0
BLGR.US,60,20251118,190000,28.31,28.47,28.19,28.463,16184,0
BLGR.US,60,20251118,200000,28.43,28.48,28.39,28.39,2864,0
BLGR.US,60,20251118,210000,28.42,28.49,28.38,28.42,1959,0
BLGR.US,60,20251118,220000,28.4182,28.4182,28.27,28.27,696,0
BLGR.US,60,20251119,160000,28.45,28.45,28.45,28.45,1763,0
BLGR.US,60,20251119,170000,28.5,28.5,28.5,28.5,6091,0
BLGR.US,60,20251119,180000,28.4,28.43,28.4,28.43,2587,0
BLGR.US,60,20251119,190000,28.34,28.36,28.34,28.36,4816,0
BLGR.US,60,20251119,200000,28.42,28.42,28.41,28.41,4522,0
BLGR.US,60,20251119,210000,28.4099,28.4099,28.319,28.319,2449,0
BLGR.US,60,20251119,220000,28.5,28.5401,28.5,28.5401,3553,0
BLGR.US,60,20251120,160000,29.139,29.139,29.139,29.139,100,0
BLGR.US,60,20251120,180000,28.82,28.82,28.61,28.61,4750,0
BLGR.US,60,20251120,190000,28.24,28.24,28.12,28.2299,4714,0
BLGR.US,60,20251120,200000,28.19,28.19,28.19,28.19,100,0
BLGR.US,60,20251120,210000,28.13,28.15,28.1198,28.1499,1587,0
BLGR.US,60,20251121,170000,27.9201,27.93,27.8082,27.8082,10318,0
BLGR.US,60,20251121,180000,27.84,28.1601,27.84,28.1601,4044,0
BLGR.US,60,20251121,190000,28.22,28.25,28.199,28.25,4012,0
BLGR.US,60,20251121,200000,28.0801,28.0801,28.0801,28.0801,180,0
BLGR.US,60,20251121,210000,28.26,28.28,28.26,28.28,7615,0
BLGR.US,60,20251121,220000,28.29,28.3001,28.29,28.3001,3092,0
BLGR.US,60,20251124,170000,28.52,28.55,28.52,28.55,961,0
BLGR.US,60,20251124,180000,28.73,28.73,28.73,28.73,1003,0
BLGR.US,60,20251124,200000,28.78,28.78,28.7601,28.7634,587,0
BLGR.US,60,20251124,210000,28.79,28.79,28.73,28.73,3786,0
BLGR.US,60,20251124,220000,28.76,28.8051,28.76,28.805,3346,0
BLGR.US,60,20251125,160000,28.71,28.71,28.71,28.71,378,0
BLGR.US,60,20251125,170000,28.61,28.61,28.6,28.6,569,0
BLGR.US,60,20251125,180000,28.74,28.78,28.74,28.78,727,0
BLGR.US,60,20251125,190000,28.872,28.872,28.872,28.872,1000,0
BLGR.US,60,20251125,200000,28.9,28.93,28.9,28.93,1031,0
BLGR.US,60,20251125,210000,28.92,28.93,28.855,28.93,4896,0
BLGR.US,60,20251125,220000,28.9501,29.07,28.9501,29.05,1059,0
BLGR.US,60,20251126,170000,29.12,29.12,29.12,29.12,263,0
BLGR.US,60,20251126,190000,29.24,29.245,29.225,29.225,744,0
BLGR.US,60,20251126,200000,29.25,29.25,29.24,29.24,429,0
BLGR.US,60,20251126,210000,29.25,29.26,29.25,29.26,959,0
BLGR.US,60,20251126,220000,29.2584,29.275,29.2584,29.275,322,0
BLGR.US,60,20251128,170000,29.27,29.29,29.25,29.29,1399,0
BLGR.US,60,20251128,180000,29.29,29.29,29.29,29.29,100,0
BLGR.US,60,20251128,190000,29.34,29.34,29.34,29.34,100,0
BLGR.US,60,20251201,170000,29.22,29.22,29.22,29.22,1490,0
BLGR.US,60,20251201,180000,29.2048,29.25,29.2048,29.24,1114,0
BLGR.US,60,20251201,190000,29.27,29.2918,29.27,29.28,14186,0
BLGR.US,60,20251201,200000,29.285,29.31,29.285,29.29,8606,0
BLGR.US,60,20251201,210000,29.29,29.29,29.19,29.2,746,0
BLGR.US,60,20251201,220000,29.18,29.23,29.17,29.17,8580,0
BLGR.US,60,20251202,170000,29.43,29.45,29.43,29.44,1111,0
BLGR.US,60,20251202,180000,29.43,29.43,29.42,29.42,3638,0
BLGR.US,60,20251202,190000,29.38,29.38,29.32,29.32,6946,0
BLGR.US,60,20251202,200000,29.32,29.32,29.29,29.29,1144,0
BLGR.US,60,20251202,210000,29.32,29.37,29.315,29.37,4891,0
BLGR.US,60,20251202,220000,29.35,29.3542,29.313,29.313,6214,0
BLGR.US,60,20251203,170000,29.24,29.24,29.22,29.22,1090,0
BLGR.US,60,20251203,190000,29.33,29.38,29.33,29.38,5215,0
BLGR.US,60,20251203,200000,29.37,29.375,29.365,29.375,3179,0
BLGR.US,60,20251203,210000,29.38,29.38,29.38,29.38,2417,0
BLGR.US,60,20251203,220000,29.4044,29.4044,29.36,29.36,3485,0
BLGR.US,60,20251204,160000,29.37,29.37,29.37,29.37,453,0
BLGR.US,60,20251204,170000,29.33,29.34,29.33,29.34,2263,0
BLGR.US,60,20251204,180000,29.34,29.43,29.34,29.43,1357,0
BLGR.US,60,20251204,190000,29.39,29.41,29.38,29.41,10451,0
BLGR.US,60,20251204,200000,29.4,29.43,29.395,29.395,4535,0
BLGR.US,60,20251204,210000,29.33,29.375,29.32,29.375,8623,0
BLGR.US,60,20251204,220000,29.35,29.42,29.35,29.42,3022,0
BLGR.US,60,20251205,170000,29.63,29.63,29.62,29.62,200,0
BLGR.US,60,20251205,180000,29.47,29.47,29.47,29.47,279,0
BLGR.US,60,20251205,190000,29.47,29.49,29.46,29.49,1233,0
BLGR.US,60,20251205,200000,29.53,29.54,29.53,29.54,595,0
BLGR.US,60,20251205,210000,29.49,29.52,29.49,29.49,7842,0
BLGR.US,60,20251205,220000,29.48,29.49,29.48,29.49,1069,0
BLGR.US,60,20251208,170000,29.5,29.5,29.43,29.43,10062,0
BLGR.US,60,20251208,180000,29.41,29.41,29.41,29.41,185,0
BLGR.US,60,20251208,190000,29.37,29.4,29.37,29.399,1782,0
BLGR.US,60,20251208,200000,29.4,29.4,29.3384,29.359,1033,0
BLGR.US,60,20251208,210000,29.34,29.389,29.34,29.37,1894,0
BLGR.US,60,20251208,220000,29.38,29.43,29.36,29.43,1390,0
BLGR.US,60,20251209,180000,29.47,29.5,29.47,29.49,2991,0
BLGR.US,60,20251209,190000,29.47,29.47,29.47,29.47,350,0
BLGR.US,60,20251209,200000,29.47,29.5,29.47,29.5,3999,0
BLGR.US,60,20251209,210000,29.4616,29.48,29.43,29.46,11097,0
BLGR.US,60,20251209,220000,29.45,29.46,29.4235,29.45,3025,0
BLGR.US,60,20251210,160000,29.4,29.4,29.4,29.4,200,0
BLGR.US,60,20251210,170000,29.4,29.4,29.4,29.4,100,0
BLGR.US,60,20251210,180000,29.41,29.41,29.41,29.41,1579,0
BLGR.US,60,20251210,190000,29.39,29.39,29.38,29.38,822,0
BLGR.US,60,20251210,200000,29.35,29.35,29.35,29.35,100,0
BLGR.US,60,20251210,210000,29.48,29.49,29.48,29.49,965,0
BLGR.US,60,20251210,220000,29.57,29.61,29.54,29.54,9271,0
BLGR.US,60,20251211,170000,29.33,29.33,29.33,29.33,556,0
BLGR.US,60,20251211,180000,29.3,29.37,29.3,29.37,7128,0
BLGR.US,60,20251211,190000,29.34,29.45,29.34,29.41,4349,0
BLGR.US,60,20251211,200000,29.46,29.46,29.46,29.46,1473,0
BLGR.US,60,20251211,220000,29.52,29.54,29.52,29.54,842,0
BLGR.US,60,20251212,160000,29.44,29.44,29.4,29.4,1428,0
BLGR.US,60,20251212,170000,29.38,29.38,29.17,29.17,3911,0
BLGR.US,60,20251212,180000,28.9727,29,28.9727,28.9916,503,0
BLGR.US,60,20251212,190000,29.06,29.15,29.06,29.15,20214,0
BLGR.US,60,20251212,200000,29.17,29.23,29.16,29.16,9523,0
BLGR.US,60,20251212,210000,29.14,29.14,29.1,29.11,684,0
BLGR.US,60,20251212,220000,29.11,29.11,29.02,29.08,2520,0
BLGR.US,60,20251215,160000,29.15,29.15,29.15,29.15,234,0
BLGR.US,60,20251215,170000,28.98,28.98,28.98,28.98,100,0
BLGR.US,60,20251215,190000,29.03,29.035,28.99,28.99,2673,0
BLGR.US,60,20251215,200000,28.95,28.9602,28.95,28.9602,367,0
BLGR.US,60,20251215,210000,28.99,29.02,28.99,29,5431,0
BLGR.US,60,20251215,220000,29.02,29.0201,28.99,29,933,0
BLGR.US,60,20251216,160000,28.89,29.03,28.89,28.99,5260,0
BLGR.US,60,20251216,170000,28.98,28.99,28.8999,28.8999,1959,0
BLGR.US,60,20251216,190000,28.91,28.91,28.82,28.82,6195,0
BLGR.US,60,20251216,210000,28.905,28.95,28.905,28.94,2392,0
BLGR.US,60,20251216,220000,29.03,29.07,29.03,29.07,815,0
BLGR.US,60,20251217,160000,28.88,28.88,28.88,28.88,100,0
BLGR.US,60,20251217,170000,28.94,28.94,28.68,28.68,278,0
BLGR.US,60,20251217,180000,28.73,28.73,28.63,28.63,1318,0
BLGR.US,60,20251217,190000,28.63,28.7,28.63,28.67,2664,0
BLGR.US,60,20251217,200000,28.58,28.58,28.58,28.58,133,0
BLGR.US,60,20251217,210000,28.57,28.57,28.57,28.57,1097,0
BLGR.US,60,20251217,220000,28.58,28.59,28.5,28.5,5619,0
BLGR.US,60,20251218,160000,29.04,29.04,29.04,29.04,1665,0
BLGR.US,60,20251218,170000,28.9799,28.9799,28.9799,28.9799,113,0
BLGR.US,60,20251218,180000,28.93,28.93,28.93,28.93,113,0
BLGR.US,60,20251218,190000,28.81,28.95,28.81,28.95,2511,0
BLGR.US,60,20251218,200000,28.94,28.94,28.94,28.94,100,0
BLGR.US,60,20251218,210000,28.865,28.865,28.865,28.865,100,0
BLGR.US,60,20251218,220000,28.7899,28.8866,28.7899,28.86,1890,0
BLGR.US,60,20251219,160000,29.025,29.1,29.025,29.1,390,0
BLGR.US,60,20251219,170000,29.1,29.1,29.1,29.1,200,0
BLGR.US,60,20251219,180000,29.11,29.11,29.11,29.11,100,0
BLGR.US,60,20251219,190000,29.15,29.16,29.15,29.16,5335,0
BLGR.US,60,20251219,200000,29.17,29.17,29.14,29.14,1659,0
BLGR.US,60,20251219,210000,29.16,29.1701,29.155,29.17,2534,0
BLGR.US,60,20251219,220000,29.164,29.21,29.15,29.21,3640,0
BLGR.US,60,20251222,160000,29.36,29.39,29.36,29.37,1350,0
BLGR.US,60,20251222,170000,29.35,29.35,29.35,29.35,100,0
BLGR.US,60,20251222,180000,29.3858,29.3858,29.3858,29.3858,295,0
BLGR.US,60,20251222,190000,29.3899,29.39,29.38,29.38,2016,0
BLGR.US,60,20251222,200000,29.3844,29.39,29.3799,29.3799,3066,0
BLGR.US,60,20251222,210000,29.375,29.3902,29.375,29.38,2170,0
BLGR.US,60,20251222,220000,29.4,29.4,29.4,29.4,407,0
BLGR.US,60,20251223,160000,29.4204,29.43,29.42,29.43,967,0
BLGR.US,60,20251223,170000,29.41,29.41,29.37,29.37,507,0
BLGR.US,60,20251223,180000,29.5084,29.531,29.5084,29.53,3682,0
BLGR.US,60,20251223,190000,29.56,29.56,29.54,29.54,2705,0
BLGR.US,60,20251223,200000,29.5429,29.5716,29.5429,29.5716,1799,0
BLGR.US,60,20251223,220000,29.585,29.61,29.585,29.61,2660,0
BLGR.US,60,20251224,160000,29.5773,29.59,29.5773,29.59,734,0
BLGR.US,60,20251224,180000,29.603,29.603,29.603,29.603,355,0
BLGR.US,60,20251224,190000,29.67,29.68,29.6601,29.665,3495,0
BLGR.US,60,20251226,160000,29.68,29.6801,29.68,29.6801,200,0
BLGR.US,60,20251226,170000,29.67,29.71,29.67,29.71,476,0
BLGR.US,60,20251226,180000,29.72,29.72,29.72,29.72,3068,0
BLGR.US,60,20251226,190000,29.668,29.668,29.668,29.668,119,0
BLGR.US,60,20251226,200000,29.67,29.67,29.66,29.67,5120,0
BLGR.US,60,20251226,210000,29.6968,29.6968,29.69,29.69,1610,0
BLGR.US,60,20251226,220000,29.6812,29.6812,29.67,29.67,3373,0
