<TICKER>,<PER>,<DATE>,<TIME>,<OPEN>,<HIGH>,<LOW>,<CLOSE>,<VOL>,<OPENINT>
BPI.US,60,20250403,170000,34.005,34.005,33.92,33.92,200,0
BPI.US,60,20250403,180000,33.72,34.0346,33.72,34.0346,1572,0
BPI.US,60,20250403,190000,34,34.05,33.9843,33.9843,2933,0
BPI.US,60,20250403,220000,33.97,33.97,33.75,33.75,2056,0
BPI.US,60,20250404,160000,34.239,34.239,34.2373,34.2373,290,0
BPI.US,60,20250404,170000,34.14,34.14,34,34,1900,0
BPI.US,60,20250404,210000,34.4,34.4,34.4,34.4,100,0
BPI.US,60,20250407,180000,32.63,32.63,32.63,32.63,150,0
BPI.US,60,20250407,200000,32.63,32.63,32.63,32.63,141,0
BPI.US,60,20250407,210000,32.71,32.71,32.71,32.71,100,0
BPI.US,60,20250407,220000,32.52,32.52,32.52,32.52,200,0
BPI.US,60,20250408,160000,33.2399,33.2399,33.04,33.2,700,0
BPI.US,60,20250408,170000,33.17,33.17,33.1,33.1,350,0
BPI.US,60,20250408,190000,32.55,32.55,32.35,32.35,200,0
BPI.US,60,20250408,200000,32.1,32.1,32.1,32.1,100,0
BPI.US,60,20250408,220000,32.12,32.12,31.7,31.91,625,0
BPI.US,60,20250409,180000,32.05,32.05,32.05,32.05,100,0
BPI.US,60,20250409,200000,32.64,32.64,32.49,32.49,200,0
BPI.US,60,20250409,220000,34.1,34.1,34.1,34.1,100,0
BPI.US,60,20250410,180000,33.3,33.3,33.05,33.05,996,0
BPI.US,60,20250410,220000,32.99,33.03,32.99,33.03,500,0
BPI.US,60,20250411,190000,34.206,34.206,34.206,34.206,100,0
BPI.US,60,20250411,200000,34.56,34.57,34.55,34.57,1900,0
BPI.US,60,20250411,210000,34.36,34.36,34.36,34.36,500,0
BPI.US,60,20250414,160000,34.74,34.74,34.74,34.74,198,0
BPI.US,60,20250414,170000,34.8,35.19,34.8,35.19,2600,0
BPI.US,60,20250414,180000,35.08,35.08,35.08,35.08,200,0
BPI.US,60,20250414,210000,34.91,34.99,34.83,34.99,500,0
BPI.US,60,20250415,170000,35.4,35.4,35.25,35.25,1034,0
BPI.US,60,20250415,200000,35.14,35.17,35.0934,35.1,1155,0
BPI.US,60,20250415,220000,34.915,34.915,34.87,34.87,200,0
BPI.US,60,20250416,170000,34.85,34.95,34.85,34.95,600,0
BPI.US,60,20250416,180000,35.215,35.215,35.215,35.215,150,0
BPI.US,60,20250416,210000,34.77,34.79,34.77,34.79,900,0
BPI.US,60,20250416,220000,34.99,35.02,34.99,35.02,900,0
BPI.US,60,20250417,170000,34.89,34.89,34.86,34.86,930,0
BPI.US,60,20250417,180000,35.05,35.07,35.04,35.07,1500,0
BPI.US,60,20250417,220000,35.2176,35.2176,35.2176,35.2176,300,0
BPI.US,60,20250421,170000,36.14,36.41,36.14,36.3,1300,0
BPI.US,60,20250421,180000,36.22,36.22,36.22,36.22,275,0
BPI.US,60,20250421,190000,36.2,36.22,36.15,36.21,2600,0
BPI.US,60,20250421,200000,35.91,35.91,35.835,35.91,700,0
BPI.US,60,20250421,210000,35.8588,35.97,35.8588,35.9168,7488,0
BPI.US,60,20250421,220000,36.1,36.12,36.0824,36.086,12600,0
BPI.US,60,20250422,180000,37.38,37.38,37.2,37.2,1900,0
BPI.US,60,20250422,190000,37.325,37.325,37.19,37.24,6100,0
BPI.US,60,20250422,200000,37.3,37.3,37.25,37.26,1068,0
BPI.US,60,20250422,210000,37.39,37.42,37.39,37.42,500,0
BPI.US,60,20250422,220000,37.415,37.48,37.29,37.39,792,0
BPI.US,60,20250423,160000,37.97,37.97,37.97,37.97,100,0
BPI.US,60,20250423,170000,37.92,37.92,37.82,37.82,300,0
BPI.US,60,20250423,180000,37.55,37.77,37.5,37.77,2234,0
BPI.US,60,20250423,200000,38.08,38.08,38.08,38.08,2600,0
BPI.US,60,20250423,210000,38.14,38.14,38.1,38.1,500,0
BPI.US,60,20250423,220000,38.08,38.08,37.98,37.98,500,0
BPI.US,60,20250424,160000,37.9,37.9,37.9,37.9,925,0
BPI.US,60,20250424,170000,37.94,37.97,37.885,37.97,300,0
BPI.US,60,20250424,200000,38.09,38.09,37.99,37.99,300,0
BPI.US,60,20250424,210000,38.05,38.1,38.05,38.1,1500,0
BPI.US,60,20250424,220000,38.08,38.15,38.08,38.15,7174,0
BPI.US,60,20250425,210000,38.47,38.475,38.47,38.47,600,0
BPI.US,60,20250425,220000,38.6,38.64,38.511,38.64,1750,0
BPI.US,60,20250428,160000,38.5474,38.5474,38.3,38.3,400,0
BPI.US,60,20250428,170000,38.5,38.5,38.5,38.5,300,0
BPI.US,60,20250428,180000,38.38,38.38,38.38,38.38,100,0
BPI.US,60,20250428,190000,38.17,38.17,38.17,38.17,100,0
BPI.US,60,20250428,200000,38.21,38.21,38.21,38.21,100,0
BPI.US,60,20250429,170000,38.675,38.675,38.675,38.675,925,0
BPI.US,60,20250429,180000,38.7382,38.7382,38.7382,38.7382,300,0
BPI.US,60,20250429,200000,38.73,38.8,38.73,38.8,500,0
BPI.US,60,20250429,210000,38.795,38.795,38.795,38.795,500,0
BPI.US,60,20250429,220000,38.85,38.85,38.8,38.8,347,0
BPI.US,60,20250430,170000,37.7,37.7,37.7,37.7,1986,0
BPI.US,60,20250430,180000,38.05,38.05,37.95,37.95,207,0
BPI.US,60,20250430,190000,38,38.01,38,38.01,600,0
BPI.US,60,20250430,200000,38.04,38.04,38.04,38.04,413,0
BPI.US,60,20250430,210000,38.085,38.11,38,38.11,700,0
BPI.US,60,20250430,220000,38.02,38.0584,38.02,38.02,1850,0
BPI.US,60,20250501,160000,38.5512,38.5512,38.5512,38.5512,100,0
BPI.US,60,20250501,170000,38.49,38.79,38.49,38.79,878,0
BPI.US,60,20250501,180000,38.89,38.89,38.89,38.89,200,0
BPI.US,60,20250501,190000,38.98,38.98,38.98,38.98,100,0
BPI.US,60,20250501,200000,38.94,38.94,38.91,38.91,1100,0
BPI.US,60,20250501,220000,38.84,38.85,38.81,38.81,600,0
BPI.US,60,20250502,170000,38.98,38.98,38.881,38.881,516,0
BPI.US,60,20250502,180000,39,39.05,39,39.05,200,0
BPI.US,60,20250502,190000,39.05,39.05,38.95,38.95,300,0
BPI.US,60,20250502,220000,38.92,38.92,38.92,38.92,100,0
BPI.US,60,20250505,170000,38.23,38.23,38.23,38.23,356,0
BPI.US,60,20250505,180000,38.27,38.2849,38.11,38.11,349,0
BPI.US,60,20250505,190000,38.19,38.41,38.19,38.41,586,0
BPI.US,60,20250505,210000,38.441,38.62,38.441,38.62,405,0
BPI.US,60,20250505,220000,38.47,38.47,38.47,38.47,100,0
BPI.US,60,20250506,170000,38.41,38.41,38.41,38.41,100,0
BPI.US,60,20250506,190000,38.525,38.525,38.46,38.46,200,0
BPI.US,60,20250506,200000,38.42,38.42,38.42,38.42,231,0
BPI.US,60,20250506,220000,38.57,38.57,38.57,38.57,200,0
BPI.US,60,20250507,170000,39.29,39.29,39.29,39.29,100,0
BPI.US,60,20250507,210000,39.07,39.07,39.03,39.03,250,0
BPI.US,60,20250508,180000,39.702,39.92,39.702,39.92,355,0
BPI.US,60,20250508,190000,39.7612,39.7612,39.7612,39.7612,4183,0
BPI.US,60,20250508,210000,39.88,39.88,39.8799,39.8799,400,0
BPI.US,60,20250509,160000,40.13,40.14,40.13,40.14,850,0
BPI.US,60,20250509,170000,40.15,40.15,39.97,40.12,580,0
BPI.US,60,20250509,190000,40.09,40.09,40.0899,40.0899,2000,0
BPI.US,60,20250509,220000,40.1,40.1,40.1,40.1,100,0
BPI.US,60,20250512,170000,40.26,40.26,40.04,40.04,4950,0
BPI.US,60,20250512,180000,40.15,40.15,40.15,40.15,100,0
BPI.US,60,20250512,200000,40.19,40.19,40.19,40.19,200,0
BPI.US,60,20250512,220000,40.14,40.14,40.14,40.14,500,0
BPI.US,60,20250513,170000,40.12,40.27,40.12,40.27,5659,0
BPI.US,60,20250513,190000,40.28,40.28,40.205,40.2069,1100,0
BPI.US,60,20250513,220000,40.28,40.28,40.28,40.28,415,0
BPI.US,60,20250514,160000,40.32,40.33,40.2885,40.2885,1700,0
BPI.US,60,20250514,170000,40.2687,40.2687,40.2687,40.2687,100,0
BPI.US,60,20250514,190000,40.28,40.28,40.28,40.28,200,0
BPI.US,60,20250514,200000,40.2981,40.2981,40.2981,40.2981,235,0
BPI.US,60,20250514,220000,40.29,40.29,40.29,40.29,200,0
BPI.US,60,20250515,180000,39.895,39.895,39.88,39.895,1000,0
BPI.US,60,20250515,220000,39.86,39.995,39.86,39.97,301,0
BPI.US,60,20250516,170000,40.3211,40.3211,40.3211,40.3211,150,0
BPI.US,60,20250516,180000,40.29,40.45,40.29,40.45,1200,0
BPI.US,60,20250516,190000,40.5,40.5,40.5,40.5,100,0
BPI.US,60,20250516,220000,40.35,40.35,40.35,40.35,100,0
BPI.US,60,20250519,170000,40.1,40.4,40.09,40.39,1201,0
BPI.US,60,20250519,180000,40.64,40.64,40.64,40.64,100,0
BPI.US,60,20250519,190000,40.6302,40.64,40.555,40.64,1223,0
BPI.US,60,20250520,200000,40.6301,41.123,40.6301,41.123,700,0
BPI.US,60,20250520,210000,41.19,41.19,41.19,41.19,100,0
BPI.US,60,20250521,160000,40.9,40.9,40.9,40.9,125,0
BPI.US,60,20250521,170000,41.19,41.19,41.05,41.05,200,0
BPI.US,60,20250521,180000,41.425,41.425,41.425,41.425,303,0
BPI.US,60,20250521,190000,41.59,41.59,41.53,41.53,900,0
BPI.US,60,20250521,200000,41.55,41.55,40.91,40.91,800,0
BPI.US,60,20250521,210000,40.82,40.82,40.82,40.82,100,0
BPI.US,60,20250521,220000,40.85,40.85,40.85,40.85,200,0
BPI.US,60,20250522,160000,41.91,41.91,41.9,41.9,900,0
BPI.US,60,20250522,170000,42.2,42.2,42.06,42.06,2598,0
BPI.US,60,20250522,180000,42.15,42.15,42.075,42.12,1274,0
BPI.US,60,20250522,190000,42.1,42.1,42.1,42.1,593,0
BPI.US,60,20250522,200000,42.13,42.13,42.13,42.13,100,0
BPI.US,60,20250522,210000,42.13,42.13,42.13,42.13,138,0
BPI.US,60,20250522,220000,42.042,42.08,42,42.08,550,0
BPI.US,60,20250523,170000,41.74,41.83,41.5424,41.5424,660,0
BPI.US,60,20250523,200000,41.81,41.81,41.81,41.81,200,0
BPI.US,60,20250523,220000,41.64,41.64,41.38,41.38,900,0
BPI.US,60,20250527,170000,41.95,41.95,41.94,41.94,700,0
BPI.US,60,20250527,180000,42.02,42.02,41.88,41.98,7856,0
BPI.US,60,20250527,190000,42.15,42.21,42.15,42.21,3002,0
BPI.US,60,20250527,200000,42.12,42.12,42.12,42.12,100,0
BPI.US,60,20250527,210000,42.235,42.235,42.1,42.1,200,0
BPI.US,60,20250527,220000,42.075,42.075,42.075,42.075,500,0
BPI.US,60,20250528,170000,41.38,41.38,41.313,41.313,300,0
BPI.US,60,20250528,200000,41.39,41.39,41.39,41.39,300,0
BPI.US,60,20250528,210000,41.31,41.31,41.31,41.31,1000,0
BPI.US,60,20250528,220000,41.32,41.32,41.1317,41.18,520,0
BPI.US,60,20250529,160000,41.36,41.36,41.36,41.36,100,0
BPI.US,60,20250529,170000,41.21,41.21,41.21,41.21,100,0
BPI.US,60,20250529,180000,41.195,41.21,41.19,41.195,2400,0
BPI.US,60,20250529,190000,41.035,41.04,41.03,41.035,2800,0
BPI.US,60,20250529,200000,41.05,41.05,41.01,41.01,400,0
BPI.US,60,20250529,210000,40.95,40.95,40.8001,40.8001,210,0
BPI.US,60,20250529,220000,40.7947,40.7947,40.78,40.78,200,0
BPI.US,60,20250530,170000,40.71,40.71,40.71,40.71,100,0
BPI.US,60,20250530,180000,40.8,40.92,40.65,40.87,1215,0
BPI.US,60,20250530,190000,40.67,40.67,40.67,40.67,100,0
BPI.US,60,20250530,210000,40.465,40.465,40.465,40.465,200,0
BPI.US,60,20250530,220000,40.46,40.6,40.46,40.6,715,0
BPI.US,60,20250602,170000,40.2717,40.415,40.2717,40.415,946,0
BPI.US,60,20250602,180000,40.44,40.44,40.44,40.44,100,0
BPI.US,60,20250602,190000,40.35,40.35,40.35,40.35,100,0
BPI.US,60,20250602,210000,40.45,40.45,40.45,40.45,100,0
BPI.US,60,20250602,220000,40.34,40.34,40.34,40.34,100,0
BPI.US,60,20250603,160000,40.875,40.875,40.875,40.875,1014,0
BPI.US,60,20250603,170000,40.71,41.26,40.69,41.25,3000,0
BPI.US,60,20250603,180000,41.19,41.37,41.19,41.37,300,0
BPI.US,60,20250603,190000,41.08,41.08,41.01,41.015,2200,0
BPI.US,60,20250603,210000,40.88,40.96,40.88,40.96,3300,0
BPI.US,60,20250603,220000,41.1,41.155,41.1,41.155,2800,0
BPI.US,60,20250604,160000,40.715,40.715,40.57,40.57,522,0
BPI.US,60,20250604,170000,40.53,40.5687,40.37,40.5687,500,0
BPI.US,60,20250604,180000,40.67,40.68,40.66,40.665,1900,0
BPI.US,60,20250604,190000,40.64,40.865,40.635,40.865,5000,0
BPI.US,60,20250604,210000,40.645,40.7911,40.64,40.7911,4200,0
BPI.US,60,20250604,220000,40.565,40.75,40.55,40.75,4500,0
BPI.US,60,20250605,160000,40.77,40.81,40.65,40.65,752,0
BPI.US,60,20250605,170000,40.36,40.36,40.25,40.25,1000,0
BPI.US,60,20250605,180000,40.5501,40.6064,40.37,40.45,3555,0
BPI.US,60,20250605,190000,40.38,40.38,40.24,40.24,2000,0
BPI.US,60,20250605,200000,40,40.13,40,40.13,599,0
BPI.US,60,20250605,210000,39.88,40.06,39.88,39.96,3550,0
BPI.US,60,20250605,220000,39.39,39.45,39.39,39.41,4000,0
BPI.US,60,20250606,160000,40.177,40.41,40.177,40.41,600,0
BPI.US,60,20250606,180000,40.66,40.66,40.65,40.65,300,0
BPI.US,60,20250606,190000,40.69,40.69,40.55,40.55,1000,0
BPI.US,60,20250606,200000,40.49,40.49,40.41,40.41,818,0
BPI.US,60,20250606,210000,40.4999,40.4999,40.4999,40.4999,384,0
BPI.US,60,20250606,220000,40.41,40.41,40.37,40.37,623,0
BPI.US,60,20250609,160000,41.29,41.29,41.29,41.29,500,0
BPI.US,60,20250609,170000,41.5311,41.69,41.48,41.62,906,0
BPI.US,60,20250609,180000,41.61,41.66,41.56,41.66,1013,0
BPI.US,60,20250609,210000,41.88,41.905,41.88,41.905,1300,0
BPI.US,60,20250609,220000,41.8,41.89,41.8,41.89,1409,0
BPI.US,60,20250610,170000,41.78,41.78,41.78,41.78,500,0
BPI.US,60,20250610,180000,42.08,42.14,41.95,42,1404,0
BPI.US,60,20250610,200000,42.02,42.02,42.02,42.02,600,0
BPI.US,60,20250610,210000,42.07,42.07,42.07,42.07,113,0
BPI.US,60,20250610,220000,42.48,42.49,42.24,42.29,4000,0
BPI.US,60,20250611,160000,42.43,42.43,42.27,42.27,250,0
BPI.US,60,20250611,170000,42.28,42.67,42.28,42.67,3570,0
BPI.US,60,20250611,180000,42.37,42.39,42.28,42.28,1400,0
BPI.US,60,20250611,190000,42.42,42.42,42.2,42.34,850,0
BPI.US,60,20250611,210000,42.1,42.1,41.96,41.96,200,0
BPI.US,60,20250611,220000,42.005,42.005,42.005,42.005,700,0
BPI.US,60,20250612,160000,41.3,41.3001,41.3,41.3001,350,0
BPI.US,60,20250612,190000,41.54,41.54,41.54,41.54,500,0
BPI.US,60,20250613,170000,40.66,40.71,40.34,40.34,2050,0
BPI.US,60,20250613,190000,40.74,40.94,40.74,40.9,1500,0
BPI.US,60,20250613,200000,40.77,40.86,40.6,40.6,2300,0
BPI.US,60,20250613,210000,40.71,40.75,40.71,40.71,2000,0
BPI.US,60,20250613,220000,40.57,40.59,40.57,40.59,1100,0
BPI.US,60,20250616,170000,41.411,41.4646,41.41,41.4646,900,0
BPI.US,60,20250616,180000,41.68,41.68,41.68,41.68,100,0
BPI.US,60,20250616,190000,41.47,41.6328,41.47,41.6328,1200,0
BPI.US,60,20250616,200000,41.66,41.7536,41.65,41.7536,700,0
BPI.US,60,20250616,210000,41.68,41.9399,41.68,41.76,950,0
BPI.US,60,20250616,220000,42.1,42.1387,42.03,42.03,700,0
BPI.US,60,20250617,170000,40.79,40.79,40.6,40.72,1000,0
BPI.US,60,20250617,190000,40.3,40.3,40.3,40.3,100,0
BPI.US,60,20250617,200000,40.01,40.37,40.01,40.25,1725,0
BPI.US,60,20250617,220000,40.78,40.78,40.59,40.6,1800,0
BPI.US,60,20250618,180000,40.69,40.72,40.68,40.705,1600,0
BPI.US,60,20250618,190000,40.38,40.3901,40.36,40.36,1302,0
BPI.US,60,20250618,200000,40.31,40.31,40.3,40.3,723,0
BPI.US,60,20250618,210000,40.51,40.51,40.51,40.51,300,0
BPI.US,60,20250618,220000,40.32,40.32,40.32,40.32,700,0
BPI.US,60,20250620,190000,40.05,40.05,40.05,40.05,500,0
BPI.US,60,20250620,200000,39.79,39.8701,39.55,39.55,836,0
BPI.US,60,20250623,160000,38.91,39.51,38.91,39.42,2118,0
BPI.US,60,20250623,180000,39.2784,39.2784,39.2784,39.2784,300,0
BPI.US,60,20250623,190000,38.66,38.83,38.65,38.83,4876,0
BPI.US,60,20250623,200000,39.31,39.31,39.31,39.31,200,0
BPI.US,60,20250624,160000,40.5,40.5,40.4,40.4,998,0
BPI.US,60,20250624,170000,40.51,40.51,40.47,40.47,4100,0
BPI.US,60,20250624,210000,40.69,40.69,40.68,40.68,2000,0
BPI.US,60,20250625,160000,40.72,40.73,40.72,40.73,1000,0
BPI.US,60,20250625,180000,40.66,40.66,40.47,40.49,5345,0
BPI.US,60,20250625,200000,40.68,40.6993,40.68,40.6993,600,0
BPI.US,60,20250625,210000,40.63,40.64,40.63,40.64,400,0
BPI.US,60,20250625,220000,40.7,40.7,40.7,40.7,100,0
BPI.US,60,20250626,180000,40.45,40.45,40.45,40.45,100,0
BPI.US,60,20250626,190000,40.72,40.72,40.51,40.51,300,0
BPI.US,60,20250626,200000,40.5636,40.5886,40.49,40.49,710,0
BPI.US,60,20250626,210000,40.59,40.59,40.5328,40.5328,720,0
BPI.US,60,20250626,220000,40.7389,40.7389,40.7389,40.7389,400,0
BPI.US,60,20250627,160000,40.48,40.51,40.4505,40.4505,1427,0
BPI.US,60,20250627,170000,40.38,40.38,40.38,40.38,100,0
BPI.US,60,20250627,180000,40.4221,40.4221,40.4221,40.4221,499,0
BPI.US,60,20250627,210000,40.41,40.41,40.41,40.41,300,0
BPI.US,60,20250630,170000,40.48,40.48,40.48,40.48,500,0
BPI.US,60,20250630,180000,40.38,40.39,40.36,40.36,2600,0
BPI.US,60,20250630,190000,40.51,40.51,40.42,40.5084,1700,0
BPI.US,60,20250630,200000,40.36,40.43,40.36,40.43,600,0
BPI.US,60,20250630,210000,40.38,40.3802,40.38,40.38,300,0
BPI.US,60,20250630,220000,40.36,40.39,40.3393,40.3393,861,0
BPI.US,60,20250701,160000,40.38,40.38,40.18,40.18,1640,0
BPI.US,60,20250701,170000,40.31,40.31,40.31,40.31,100,0
BPI.US,60,20250701,180000,40.25,40.28,40.25,40.26,800,0
BPI.US,60,20250701,200000,40.25,40.26,40.13,40.26,600,0
BPI.US,60,20250701,210000,40.26,40.26,40.26,40.26,100,0
BPI.US,60,20250701,220000,40.0317,40.18,40.0317,40.18,1235,0
BPI.US,60,20250702,170000,41.01,41.01,40.85,40.85,6300,0
BPI.US,60,20250702,180000,41.17,41.22,41.095,41.22,400,0
BPI.US,60,20250702,200000,41.32,41.33,41.32,41.33,200,0
BPI.US,60,20250702,210000,41.41,41.41,41.41,41.41,100,0
BPI.US,60,20250703,170000,41.535,41.535,41.535,41.535,433,0
BPI.US,60,20250703,180000,41.5,41.5,41.5,41.5,140,0
BPI.US,60,20250703,190000,41.36,41.36,41.36,41.36,100,0
BPI.US,60,20250707,170000,41.01,41.01,41.01,41.01,100,0
BPI.US,60,20250707,220000,40.85,40.85,40.85,40.85,100,0
BPI.US,60,20250708,160000,41.225,41.4,41.225,41.37,1200,0
BPI.US,60,20250708,170000,41.22,41.26,41.02,41.02,3700,0
BPI.US,60,20250708,180000,41.08,41.12,41.08,41.12,1500,0
BPI.US,60,20250708,190000,41.05,41.09,41.05,41.09,1500,0
BPI.US,60,20250708,200000,41.1806,41.35,41.1806,41.2452,600,0
BPI.US,60,20250708,210000,41.4299,41.4299,41.4299,41.4299,500,0
BPI.US,60,20250708,220000,41.37,41.37,41.3,41.3,300,0
BPI.US,60,20250709,160000,41.59,41.59,41.59,41.59,150,0
BPI.US,60,20250709,170000,41.4206,41.4206,41.41,41.41,430,0
BPI.US,60,20250709,180000,41.31,41.31,41.31,41.31,100,0
BPI.US,60,20250709,190000,41.3984,41.55,41.3984,41.55,440,0
BPI.US,60,20250709,200000,41.5,41.5,41.42,41.42,431,0
BPI.US,60,20250709,210000,41.58,41.865,41.52,41.865,1396,0
BPI.US,60,20250709,220000,42.34,42.37,42.34,42.37,335,0
BPI.US,60,20250710,170000,42.14,42.18,42.1028,42.1028,792,0
BPI.US,60,20250710,190000,42.61,42.61,42.61,42.61,100,0
BPI.US,60,20250710,210000,42.77,42.79,42.77,42.79,600,0
BPI.US,60,20250710,220000,42.89,42.89,42.75,42.75,2600,0
BPI.US,60,20250711,180000,44,44,43.95,43.95,1500,0
BPI.US,60,20250711,200000,44.2,44.2,43.96,43.96,1150,0
BPI.US,60,20250714,160000,45.34,45.34,45.1043,45.1043,1150,0
BPI.US,60,20250714,170000,45.16,45.16,44.99,44.99,422,0
BPI.US,60,20250714,180000,44.95,44.95,44.95,44.95,100,0
BPI.US,60,20250714,190000,44.73,44.73,44.73,44.73,100,0
BPI.US,60,20250714,200000,44.85,44.85,44.7,44.7,200,0
BPI.US,60,20250714,210000,44.84,44.88,44.84,44.88,920,0
BPI.US,60,20250715,160000,44.3135,44.3135,44.3135,44.3135,134,0
BPI.US,60,20250715,170000,44.47,44.47,44.25,44.25,1200,0
BPI.US,60,20250715,180000,43.88,43.88,43.8113,43.8113,200,0
BPI.US,60,20250715,190000,44.09,44.09,44.09,44.09,100,0
BPI.US,60,20250715,210000,44.19,44.23,44.01,44.22,700,0
BPI.US,60,20250715,220000,44.18,44.18,44.1,44.1,817,0
BPI.US,60,20250716,160000,44.7699,44.7699,44.7699,44.7699,350,0
BPI.US,60,20250716,170000,44.77,44.77,44.77,44.77,100,0
BPI.US,60,20250716,180000,44.85,44.85,44.85,44.85,100,0
BPI.US,60,20250716,200000,44.78,44.88,44.78,44.88,814,0
BPI.US,60,20250716,210000,45,45.0387,44.93,44.93,400,0
BPI.US,60,20250716,220000,44.81,44.81,44.76,44.76,840,0
BPI.US,60,20250717,160000,44.54,44.55,44.52,44.53,2000,0
BPI.US,60,20250717,170000,44.8288,44.85,44.79,44.79,485,0
BPI.US,60,20250717,180000,44.83,44.83,44.79,44.81,9000,0
BPI.US,60,20250717,190000,44.865,44.865,44.73,44.73,2900,0
BPI.US,60,20250717,200000,45,45,45,45,100,0
BPI.US,60,20250717,220000,45.08,45.08,45.06,45.06,2000,0
BPI.US,60,20250718,170000,44.71,44.71,44.69,44.71,1300,0
BPI.US,60,20250718,190000,44.49,44.49,44.46,44.46,1000,0
BPI.US,60,20250718,220000,44.328,44.328,44.328,44.328,100,0
BPI.US,60,20250721,160000,44.84,44.93,44.825,44.93,400,0
BPI.US,60,20250721,170000,44.63,44.97,44.55,44.97,8200,0
BPI.US,60,20250721,180000,44.82,44.82,44.745,44.745,300,0
BPI.US,60,20250721,190000,44.51,44.51,44.51,44.51,1800,0
BPI.US,60,20250721,210000,44.53,44.53,44.53,44.53,150,0
BPI.US,60,20250721,220000,44.15,44.15,44.15,44.15,600,0
BPI.US,60,20250722,190000,44.8,44.8,44.8,44.8,100,0
BPI.US,60,20250722,210000,45.1114,45.1114,45.1114,45.1114,100,0
BPI.US,60,20250722,220000,44.8996,44.8996,44.8996,44.8996,550,0
BPI.US,60,20250723,170000,43.4,43.64,43.4,43.47,550,0
BPI.US,60,20250723,180000,43.62,43.62,43.62,43.62,100,0
BPI.US,60,20250723,190000,43.67,43.67,43.67,43.67,100,0
BPI.US,60,20250723,200000,43.46,43.46,43.46,43.46,100,0
BPI.US,60,20250723,210000,43.64,43.64,43.64,43.64,106,0
BPI.US,60,20250723,220000,43.6741,43.6741,43.6741,43.6741,100,0
BPI.US,60,20250724,170000,43.7,43.7,43.7,43.7,283,0
BPI.US,60,20250724,180000,43.98,43.98,43.93,43.93,200,0
BPI.US,60,20250724,190000,43.92,43.92,43.92,43.92,200,0
BPI.US,60,20250724,220000,43.99,43.99,43.99,43.99,100,0
BPI.US,60,20250725,170000,42.73,42.75,42.68,42.68,400,0
BPI.US,60,20250725,180000,42.6028,42.8699,42.6028,42.8699,350,0
BPI.US,60,20250725,190000,42.8,43.03,42.8,43.03,600,0
BPI.US,60,20250725,200000,42.95,42.95,42.95,42.95,100,0
BPI.US,60,20250725,210000,43,43.21,43,43.21,200,0
BPI.US,60,20250725,220000,43.15,43.1501,43.14,43.14,450,0
BPI.US,60,20250728,170000,43.66,43.66,43.66,43.66,100,0
BPI.US,60,20250728,200000,43.65,43.65,43.65,43.65,100,0
BPI.US,60,20250728,210000,43.51,43.51,43.435,43.435,400,0
BPI.US,60,20250729,170000,43.63,43.63,43.63,43.63,100,0
BPI.US,60,20250730,160000,43.442,43.442,43.442,43.442,116,0
BPI.US,60,20250730,170000,43.54,43.71,43.54,43.71,330,0
BPI.US,60,20250730,180000,43.92,43.97,43.73,43.73,1500,0
BPI.US,60,20250730,210000,43.5,43.61,43.44,43.44,3975,0
BPI.US,60,20250730,220000,42.9442,42.9442,42.9442,42.9442,100,0
BPI.US,60,20250731,190000,43.8341,43.8341,43.8341,43.8341,500,0
BPI.US,60,20250731,200000,43.78,43.82,43.78,43.82,700,0
BPI.US,60,20250801,160000,42.25,42.25,42.25,42.25,123,0
BPI.US,60,20250801,170000,42.69,42.7491,42.57,42.7491,500,0
BPI.US,60,20250801,180000,42.56,42.56,42.56,42.56,261,0
BPI.US,60,20250801,190000,42.61,42.61,42.61,42.61,100,0
BPI.US,60,20250801,200000,42.32,42.32,42.28,42.28,1400,0
BPI.US,60,20250801,210000,42.1413,42.1413,42.1413,42.1413,100,0
BPI.US,60,20250801,220000,42.14,42.14,41.9524,41.9524,1100,0
BPI.US,60,20250804,160000,42.4778,42.4778,42.415,42.415,250,0
BPI.US,60,20250804,170000,42.63,42.63,42.63,42.63,100,0
BPI.US,60,20250804,200000,42.8199,42.8199,42.6874,42.6874,559,0
BPI.US,60,20250804,220000,42.59,42.6187,42.57,42.57,400,0
BPI.US,60,20250805,170000,42.14,42.14,41.89,41.89,1104,0
BPI.US,60,20250805,190000,41.9805,41.9805,41.9,41.9,580,0
BPI.US,60,20250805,210000,41.97,41.97,41.97,41.97,100,0
BPI.US,60,20250805,220000,42.1669,42.1669,42.1669,42.1669,100,0
BPI.US,60,20250806,170000,42.27,42.35,42.27,42.34,340,0
BPI.US,60,20250806,180000,42.61,42.61,42.61,42.61,100,0
BPI.US,60,20250806,200000,42.78,42.87,42.78,42.87,1000,0
BPI.US,60,20250806,220000,42.773,42.823,42.69,42.77,800,0
BPI.US,60,20250807,160000,43.12,43.12,43.12,43.12,100,0
BPI.US,60,20250807,170000,43.13,43.18,43.1,43.1,800,0
BPI.US,60,20250807,190000,43.25,43.25,43.07,43.14,400,0
BPI.US,60,20250807,210000,43.16,43.2,43.16,43.2,200,0
BPI.US,60,20250807,220000,43.1,43.6,43.1,43.57,2329,0
BPI.US,60,20250808,170000,43.19,43.19,43.16,43.16,200,0
BPI.US,60,20250808,180000,43.13,43.13,43.13,43.13,100,0
BPI.US,60,20250808,210000,43.15,43.2489,43.15,43.21,5420,0
BPI.US,60,20250808,220000,43.14,43.14,43.14,43.14,200,0
BPI.US,60,20250811,160000,44.05,44.42,44.05,44.42,2602,0
BPI.US,60,20250811,170000,44.29,44.29,44.29,44.29,300,0
BPI.US,60,20250811,180000,44.47,44.48,44.41,44.48,1050,0
BPI.US,60,20250811,190000,44.5434,44.5434,44.4701,44.4701,350,0
BPI.US,60,20250811,200000,44.35,44.38,44.25,44.29,1100,0
BPI.US,60,20250811,220000,44.3193,44.3193,44.29,44.29,200,0
BPI.US,60,20250812,160000,44.3,44.3,44.3,44.3,100,0
BPI.US,60,20250812,170000,44.09,44.2,44.09,44.2,350,0
BPI.US,60,20250812,200000,44.2,44.2,44.2,44.2,100,0
BPI.US,60,20250812,210000,44.2334,44.2334,44.1783,44.1783,1544,0
BPI.US,60,20250812,220000,44.2,44.34,44.2,44.34,3729,0
BPI.US,60,20250813,160000,44.73,45.07,44.73,45.07,300,0
BPI.US,60,20250813,170000,45.14,45.14,45.04,45.06,300,0
BPI.US,60,20250813,180000,44.73,44.74,44.71,44.735,1348,0
BPI.US,60,20250813,190000,44.98,44.98,44.95,44.95,700,0
BPI.US,60,20250813,200000,45.015,45.015,44.92,44.92,200,0
BPI.US,60,20250813,210000,45.06,45.06,45.06,45.06,100,0
BPI.US,60,20250813,220000,45.17,45.32,45.17,45.32,1450,0
BPI.US,60,20250814,160000,43.68,43.68,43.68,43.68,100,0
BPI.US,60,20250814,170000,43.44,43.65,43.4108,43.45,2215,0
BPI.US,60,20250814,180000,43.77,43.77,43.49,43.49,200,0
BPI.US,60,20250814,190000,43.32,43.38,43.32,43.38,300,0
BPI.US,60,20250814,200000,43.3976,43.4,43.32,43.39,3164,0
BPI.US,60,20250814,210000,43.43,43.43,43.29,43.29,300,0
BPI.US,60,20250814,220000,43.5,43.5,43.5,43.5,100,0
BPI.US,60,20250815,160000,43.465,43.465,43.465,43.465,100,0
BPI.US,60,20250815,170000,43.51,43.51,43.43,43.43,225,0
BPI.US,60,20250815,180000,43.22,43.22,43.22,43.22,100,0
BPI.US,60,20250815,190000,43.21,43.21,43.21,43.21,300,0
BPI.US,60,20250815,210000,43.28,43.28,43.28,43.28,100,0
BPI.US,60,20250815,220000,43.16,43.16,43.16,43.16,100,0
BPI.US,60,20250818,160000,42.75,42.75,42.75,42.75,100,0
BPI.US,60,20250818,170000,42.495,42.6,42.495,42.6,200,0
BPI.US,60,20250818,190000,43.06,43.06,42.7222,42.7222,1106,0
BPI.US,60,20250818,200000,43.05,43.05,43.05,43.05,209,0
BPI.US,60,20250818,220000,42.99,42.99,42.99,42.99,800,0
BPI.US,60,20250819,160000,42.71,42.71,42.71,42.71,100,0
BPI.US,60,20250819,170000,42.38,42.38,42.38,42.38,100,0
BPI.US,60,20250819,180000,42.19,42.1908,42.17,42.19,2175,0
BPI.US,60,20250819,190000,42.065,42.065,42.065,42.065,100,0
BPI.US,60,20250820,180000,42.32,42.32,42.32,42.32,1000,0
BPI.US,60,20250821,160000,42.12,42.12,42.12,42.12,120,0
BPI.US,60,20250821,200000,41.7,41.7,41.7,41.7,200,0
BPI.US,60,20250821,210000,41.675,41.675,41.675,41.675,100,0
BPI.US,60,20250822,160000,41.497,41.497,41.497,41.497,100,0
BPI.US,60,20250822,170000,42.3397,42.8591,42.3397,42.8591,400,0
BPI.US,60,20250822,180000,43.1,43.15,43.1,43.15,634,0
BPI.US,60,20250822,210000,43.164,43.164,43.164,43.164,100,0
BPI.US,60,20250825,160000,41.3115,41.3115,41.2315,41.26,800,0
BPI.US,60,20250825,170000,41.49,41.49,41.49,41.49,100,0
BPI.US,60,20250825,180000,41.53,41.71,41.53,41.7,300,0
BPI.US,60,20250825,190000,41.81,41.81,41.81,41.81,162,0
BPI.US,60,20250825,200000,41.64,41.64,41.64,41.64,654,0
BPI.US,60,20250826,160000,40.9179,40.9179,40.7,40.7,300,0
BPI.US,60,20250826,170000,40.9678,40.9678,40.9678,40.9678,100,0
BPI.US,60,20250826,180000,40.89,40.89,40.89,40.89,286,0
BPI.US,60,20250826,210000,41.04,41.04,40.9834,40.9834,256,0
BPI.US,60,20250827,180000,41.61,41.61,41.61,41.61,150,0
BPI.US,60,20250827,190000,41.5,41.5,41.5,41.5,115,0
BPI.US,60,20250827,220000,41.58,41.58,41.58,41.58,400,0
BPI.US,60,20250828,170000,41.31,41.31,41.2,41.2,303,0
BPI.US,60,20250828,210000,41.12,41.1792,41.12,41.1792,450,0
BPI.US,60,20250828,220000,41,41,41,41,100,0
BPI.US,60,20250829,170000,39.94,39.94,39.44,39.44,6990,0
BPI.US,60,20250829,190000,39.6451,39.6451,39.6451,39.6451,136,0
BPI.US,60,20250829,210000,39.61,39.75,39.61,39.75,200,0
BPI.US,60,20250902,170000,40.51,40.79,40.51,40.69,1818,0
BPI.US,60,20250902,180000,40.63,40.63,40.63,40.63,100,0
BPI.US,60,20250902,200000,40.6,40.6,40.6,40.6,300,0
BPI.US,60,20250902,220000,40.57,40.57,40.415,40.415,950,0
BPI.US,60,20250903,160000,40.5923,40.7597,40.5923,40.7563,2085,0
BPI.US,60,20250903,170000,40.78,40.78,40.78,40.78,200,0
BPI.US,60,20250903,190000,41,41,41,41,125,0
BPI.US,60,20250903,210000,41.02,41.02,41.02,41.02,100,0
BPI.US,60,20250904,160000,40.38,40.38,40.38,40.38,131,0
BPI.US,60,20250904,170000,40.245,40.245,40.245,40.245,150,0
BPI.US,60,20250904,180000,40.19,40.19,40.05,40.05,200,0
BPI.US,60,20250904,190000,40.13,40.13,40.1,40.1,1471,0
BPI.US,60,20250904,200000,40.15,40.15,40.0596,40.0596,1105,0
BPI.US,60,20250904,210000,40.2,40.2,40.18,40.18,300,0
BPI.US,60,20250904,220000,40.1991,40.2909,40.1991,40.2909,275,0
BPI.US,60,20250905,160000,40.75,40.9992,39.13,40.9992,2852,0
BPI.US,60,20250905,170000,40.72,40.72,40.72,40.72,100,0
BPI.US,60,20250905,180000,40.15,40.15,40.15,40.15,268,0
BPI.US,60,20250905,190000,40.23,40.23,40.23,40.23,100,0
BPI.US,60,20250905,200000,40.245,40.245,40.18,40.18,600,0
BPI.US,60,20250905,220000,40.515,40.515,40.515,40.515,100,0
BPI.US,60,20250908,160000,40.84,40.84,40.84,40.84,158,0
BPI.US,60,20250908,180000,40.82,40.96,40.82,40.96,400,0
BPI.US,60,20250908,190000,40.7,40.7,40.6101,40.6101,5164,0
BPI.US,60,20250908,200000,40.7612,40.7612,40.7612,40.7612,369,0
BPI.US,60,20250908,220000,40.7592,40.7592,40.7592,40.7592,200,0
BPI.US,60,20250909,170000,40.88,40.88,40.86,40.86,200,0
BPI.US,60,20250909,180000,40.4611,40.4611,40.4611,40.4611,104,0
BPI.US,60,20250909,190000,40.4159,40.4159,40.4159,40.4159,100,0
BPI.US,60,20250909,220000,40.56,40.56,40.56,40.56,100,0
BPI.US,60,20250910,170000,41.38,41.38,41.3538,41.3538,250,0
BPI.US,60,20250911,180000,41.44,41.44,41.44,41.44,200,0
BPI.US,60,20250912,170000,41.33,41.33,41.3,41.3,200,0
BPI.US,60,20250912,180000,41.3699,41.3699,41.3699,41.3699,100,0
BPI.US,60,20250912,190000,41.4071,41.4071,41.4071,41.4071,101,0
BPI.US,60,20250912,200000,41.51,41.51,41.51,41.51,100,0
BPI.US,60,20250912,210000,41.625,41.625,41.625,41.625,224,0
BPI.US,60,20250912,220000,41.75,41.75,41.73,41.73,345,0
BPI.US,60,20250915,160000,41.12,41.1201,41.12,41.1201,369,0
BPI.US,60,20250915,180000,41.19,41.21,41.19,41.21,575,0
BPI.US,60,20250915,210000,41.305,41.305,41.305,41.305,100,0
BPI.US,60,20250916,160000,41.39,41.39,41.39,41.39,1241,0
BPI.US,60,20250916,170000,41.4235,41.4235,41.4235,41.4235,100,0
BPI.US,60,20250916,180000,41.4115,41.4115,41.4115,41.4115,237,0
BPI.US,60,20250916,190000,41.5729,41.5729,41.52,41.52,1300,0
BPI.US,60,20250916,210000,41.76,41.77,41.76,41.77,200,0
BPI.US,60,20250916,220000,41.78,41.78,41.78,41.78,100,0
BPI.US,60,20250917,160000,41.59,41.59,41.59,41.59,100,0
BPI.US,60,20250917,170000,41.59,41.59,41.59,41.59,420,0
BPI.US,60,20250917,180000,41.54,41.54,41.45,41.45,250,0
BPI.US,60,20250917,190000,41.5193,41.5193,41.5193,41.5193,125,0
BPI.US,60,20250917,200000,41.5094,41.51,41.5094,41.51,205,0
BPI.US,60,20250917,210000,41.56,41.56,41.45,41.45,530,0
BPI.US,60,20250918,170000,42.2429,42.2429,42.14,42.14,500,0
BPI.US,60,20250918,220000,42.17,42.17,42.17,42.17,100,0
BPI.US,60,20250919,170000,41.8698,41.8698,41.81,41.81,1200,0
BPI.US,60,20250919,200000,41.77,41.77,41.71,41.71,711,0
BPI.US,60,20250922,160000,40.74,40.84,40.66,40.76,937,0
BPI.US,60,20250922,170000,40.93,40.93,40.7721,40.7721,200,0
BPI.US,60,20250922,180000,40.77,40.77,40.77,40.77,100,0
BPI.US,60,20250922,200000,40.75,40.75,40.6,40.6987,1117,0
BPI.US,60,20250922,220000,40.76,40.76,40.64,40.64,300,0
BPI.US,60,20250923,170000,40.87,40.87,40.87,40.87,100,0
BPI.US,60,20250923,220000,40.41,40.41,40.36,40.36,300,0
BPI.US,60,20250924,180000,41.1554,41.1554,41.1554,41.1554,100,0
BPI.US,60,20250924,190000,41,41.1399,40.9817,41.1399,796,0
BPI.US,60,20250924,220000,41.09,41.11,41.09,41.09,468,0
BPI.US,60,20250925,160000,40.1187,40.1187,40.1187,40.1187,100,0
BPI.US,60,20250925,170000,40.3503,40.3503,40.3503,40.3503,124,0
BPI.US,60,20250925,200000,40.34,40.34,39.58,39.625,300,0
BPI.US,60,20250925,210000,39.72,39.7201,39.69,39.7201,800,0
BPI.US,60,20250926,200000,39.933,39.96,39.933,39.96,448,0
BPI.US,60,20250926,210000,39.91,39.91,39.91,39.91,100,0
BPI.US,60,20250926,220000,39.8179,39.8179,39.65,39.65,200,0
BPI.US,60,20250929,160000,40.19,40.1901,40.19,40.1901,1000,0
BPI.US,60,20250929,190000,40.99,40.99,40.99,40.99,100,0
BPI.US,60,20250929,220000,40.93,40.93,40.93,40.93,1000,0
BPI.US,60,20250930,180000,40.83,40.83,40.6213,40.6213,586,0
BPI.US,60,20250930,200000,40.6723,40.6723,40.6723,40.6723,100,0
BPI.US,60,20251001,160000,41.6681,41.67,41.6681,41.67,533,0
BPI.US,60,20251001,170000,41.93,41.93,41.875,41.875,945,0
BPI.US,60,20251001,180000,41.9413,41.9413,41.9413,41.9413,250,0
BPI.US,60,20251001,220000,41.77,41.87,41.77,41.8,3508,0
BPI.US,60,20251002,160000,42.4,42.4,42.4,42.4,405,0
BPI.US,60,20251002,170000,42.4341,42.4341,42.4341,42.4341,100,0
BPI.US,60,20251002,180000,42.47,42.5678,42.47,42.5678,206,0
BPI.US,60,20251002,210000,42.7599,42.7599,42.7599,42.7599,120,0
BPI.US,60,20251002,220000,42.76,43,42.76,43,622,0
BPI.US,60,20251003,160000,42.74,42.74,42.74,42.74,200,0
BPI.US,60,20251003,170000,42.76,42.78,42.76,42.78,330,0
BPI.US,60,20251003,180000,43,43,43,43,150,0
BPI.US,60,20251003,220000,43.2505,43.2505,43.2505,43.2505,266,0
BPI.US,60,20251006,160000,43.58,43.59,43.5613,43.5613,1157,0
BPI.US,60,20251006,190000,43.87,43.87,43.87,43.87,100,0
BPI.US,60,20251006,220000,44.01,44.01,43.99,43.99,200,0
BPI.US,60,20251007,170000,43.65,43.65,43.65,43.65,600,0
BPI.US,60,20251007,180000,43.55,43.55,43.55,43.55,2049,0
BPI.US,60,20251007,190000,43.2,43.2,43.2,43.2,200,0
BPI.US,60,20251007,210000,43.08,43.08,43.08,43.08,200,0
BPI.US,60,20251007,220000,43.185,43.185,43.185,43.185,461,0
BPI.US,60,20251008,170000,43.5556,43.5556,43.5556,43.5556,100,0
BPI.US,60,20251008,200000,43.65,43.6501,43.65,43.6501,200,0
BPI.US,60,20251009,160000,43.4463,43.4463,43.4463,43.4463,100,0
BPI.US,60,20251010,190000,42.41,42.41,42.41,42.41,100,0
BPI.US,60,20251010,200000,42.173,42.173,42.173,42.173,100,0
BPI.US,60,20251010,220000,41.55,41.5501,41.55,41.5501,200,0
BPI.US,60,20251013,160000,41.23,41.39,41.23,41.39,2071,0
BPI.US,60,20251013,170000,41.42,41.42,41.12,41.16,1106,0
BPI.US,60,20251013,190000,41.17,41.17,41.17,41.17,191,0
BPI.US,60,20251013,210000,41.3,41.3,41.3,41.3,957,0
BPI.US,60,20251014,170000,39.93,39.93,39.59,39.59,1339,0
BPI.US,60,20251014,180000,39.665,39.665,39.59,39.61,1080,0
BPI.US,60,20251015,170000,39.93,39.93,39.93,39.93,100,0
BPI.US,60,20251016,180000,39.45,39.45,38.92,38.92,1655,0
BPI.US,60,20251016,190000,38.6924,38.6924,38.6924,38.6924,121,0
BPI.US,60,20251016,200000,38.54,38.54,38.54,38.54,100,0
BPI.US,60,20251017,160000,37.56,37.56,37.35,37.38,9675,0
BPI.US,60,20251017,180000,37.2583,37.47,37.2583,37.47,13315,0
BPI.US,60,20251017,190000,37.86,37.86,37.74,37.76,1315,0
BPI.US,60,20251017,200000,37.66,37.66,37.66,37.66,150,0
BPI.US,60,20251017,210000,37.87,37.87,37.72,37.72,200,0
BPI.US,60,20251017,220000,37.69,37.755,37.68,37.75,824,0
BPI.US,60,20251020,180000,39.227,39.2535,39.15,39.23,441,0
BPI.US,60,20251020,190000,39,39,39,39,130,0
BPI.US,60,20251020,200000,39.04,39.04,38.99,38.99,239,0
BPI.US,60,20251020,220000,39.07,39.07,39.07,39.07,816,0
BPI.US,60,20251021,160000,38.28,38.28,38.28,38.28,931,0
BPI.US,60,20251021,180000,39.42,39.42,39.42,39.42,100,0
BPI.US,60,20251022,160000,38.1621,38.38,38.154,38.38,625,0
BPI.US,60,20251022,170000,38.27,38.27,38.27,38.27,100,0
BPI.US,60,20251022,200000,38.27,38.31,38.23,38.31,468,0
BPI.US,60,20251022,210000,38.38,38.38,38.38,38.38,364,0
BPI.US,60,20251022,220000,38.29,38.29,38.29,38.29,100,0
BPI.US,60,20251023,170000,38.78,38.78,38.78,38.78,100,0
BPI.US,60,20251023,210000,39.19,39.19,39.19,39.19,100,0
BPI.US,60,20251024,170000,39.12,39.12,39.12,39.12,100,0
BPI.US,60,20251024,220000,39.16,39.2987,39.16,39.2987,1171,0
BPI.US,60,20251027,150000,40.36,40.36,40.36,40.36,400,0
BPI.US,60,20251027,160000,40.4624,40.4624,40.4624,40.4624,123,0
BPI.US,60,20251027,210000,40.63,40.63,40.63,40.63,100,0
BPI.US,60,20251028,160000,40.79,40.79,40.79,40.79,100,0
BPI.US,60,20251028,180000,40.59,40.65,40.59,40.65,7415,0
BPI.US,60,20251028,200000,40.7699,40.7699,40.68,40.68,666,0
BPI.US,60,20251028,210000,40.52,40.52,40.46,40.46,300,0
BPI.US,60,20251029,160000,39.43,39.43,39.43,39.43,100,0
BPI.US,60,20251029,170000,39.22,39.2201,39.2,39.2,500,0
BPI.US,60,20251029,210000,39.05,39.05,38.92,38.92,400,0
BPI.US,60,20251030,160000,38.12,38.12,38.12,38.12,100,0
BPI.US,60,20251030,190000,38.05,38.05,38.05,38.05,100,0
BPI.US,60,20251030,210000,37.7,37.7,37.7,37.7,100,0
BPI.US,60,20251031,150000,38.65,38.65,38.65,38.65,650,0
BPI.US,60,20251031,160000,38.72,38.72,38.72,38.72,100,0
BPI.US,60,20251031,180000,38.65,38.65,38.65,38.65,300,0
BPI.US,60,20251031,190000,38.37,38.435,38.37,38.435,542,0
BPI.US,60,20251031,200000,38.5,38.5,38.5,38.5,100,0
BPI.US,60,20251103,170000,37.96,37.96,37.426,37.426,1100,0
BPI.US,60,20251103,180000,37.6141,37.6141,37.6141,37.6141,250,0
BPI.US,60,20251103,210000,37.73,37.7301,37.73,37.7301,400,0
BPI.US,60,20251104,160000,36.4,36.4,36.39,36.39,817,0
BPI.US,60,20251104,170000,36.755,36.755,36.755,36.755,125,0
BPI.US,60,20251104,180000,36.45,36.45,36.45,36.45,1000,0
BPI.US,60,20251104,200000,35.7281,35.83,35.71,35.82,5228,0
BPI.US,60,20251104,210000,35.86,35.86,35.86,35.86,100,0
BPI.US,60,20251104,220000,35.5,35.6298,35.5,35.6298,900,0
BPI.US,60,20251105,180000,36.7,36.7,36.7,36.7,100,0
BPI.US,60,20251105,190000,36.67,36.67,36.67,36.67,100,0
BPI.US,60,20251106,160000,36.375,36.375,36.27,36.27,200,0
BPI.US,60,20251106,170000,36.39,36.39,36.39,36.39,100,0
BPI.US,60,20251106,220000,35.86,35.86,35.86,35.86,300,0
BPI.US,60,20251107,170000,35.91,35.91,35.7481,35.7481,200,0
BPI.US,60,20251107,210000,36.4,36.4101,36.4,36.41,600,0
BPI.US,60,20251110,160000,37.56,37.56,37.56,37.56,100,0
BPI.US,60,20251111,180000,36.65,36.65,36.65,36.65,153,0
BPI.US,60,20251111,210000,36.57,36.57,36.57,36.57,140,0
BPI.US,60,20251113,190000,35,35,35,35,714,0
BPI.US,60,20251113,200000,34.68,34.68,34.68,34.68,100,0
BPI.US,60,20251113,220000,34.25,34.25,34.25,34.25,100,0
BPI.US,60,20251114,170000,34.1,34.1,34.1,34.1,130,0
BPI.US,60,20251114,180000,34,34,34,34,3748,0
BPI.US,60,20251114,190000,33.69,33.69,33.69,33.69,100,0
BPI.US,60,20251117,160000,33.39,33.39,33.39,33.39,139,0
BPI.US,60,20251117,200000,32.36,32.38,32.36,32.38,4419,0
BPI.US,60,20251117,210000,32.23,32.23,32.23,32.23,998,0
BPI.US,60,20251117,220000,32.0672,32.0672,32.0672,32.0672,675,0
BPI.US,60,20251118,160000,32.0895,32.0895,32.0895,32.0895,350,0
BPI.US,60,20251118,180000,32.8,32.8,32.8,32.8,100,0
BPI.US,60,20251118,190000,32.825,32.825,32.6784,32.6784,200,0
BPI.US,60,20251118,220000,32.47,32.47,32.47,32.47,200,0
BPI.US,60,20251119,180000,31.5,31.5,31.445,31.445,700,0
BPI.US,60,20251119,190000,31.3663,31.3663,31.3663,31.3663,985,0
BPI.US,60,20251119,210000,31.1582,31.1582,31.1582,31.1582,300,0
BPI.US,60,20251119,220000,31.0745,31.12,31.0745,31.12,200,0
BPI.US,60,20251120,170000,31.76,31.76,31.76,31.76,100,0
BPI.US,60,20251120,190000,30.52,30.605,30.52,30.605,200,0
BPI.US,60,20251120,220000,30.32,30.32,30.32,30.32,100,0
BPI.US,60,20251121,160000,29.63,29.63,29.63,29.63,800,0
BPI.US,60,20251121,170000,29.8283,29.8283,29.8283,29.8283,300,0
BPI.US,60,20251121,180000,29.3,29.3,29.3,29.3,100,0
BPI.US,60,20251121,220000,29.56,29.57,29.4,29.4,500,0
BPI.US,60,20251124,160000,30.2,30.2,30.2,30.2,100,0
BPI.US,60,20251124,170000,30.3,30.39,30.2529,30.39,950,0
BPI.US,60,20251124,180000,30.5528,30.5528,30.5528,30.5528,650,0
BPI.US,60,20251124,200000,30.96,30.96,30.96,30.96,125,0
BPI.US,60,20251128,180000,30.47,31.8511,30.43,31.8,8599,0
BPI.US,60,20251201,170000,30.05,30.08,30.05,30.08,266,0
BPI.US,60,20251201,180000,29.64,29.64,29.64,29.64,100,0
BPI.US,60,20251202,170000,31.47,31.47,31.32,31.32,700,0
BPI.US,60,20251202,180000,31.67,31.67,31.67,31.67,100,0
BPI.US,60,20251202,190000,31.83,31.83,31.83,31.83,100,0
BPI.US,60,20251203,180000,31.975,32.04,31.97,32.04,1080,0
BPI.US,60,20251203,200000,32.2941,32.2941,32.2941,32.2941,100,0
BPI.US,60,20251203,220000,32.3,32.3,32.3,32.3,421,0
BPI.US,60,20251204,200000,31.99,31.99,31.99,31.99,100,0
BPI.US,60,20251204,210000,31.77,31.7701,31.77,31.7701,200,0
BPI.US,60,20251210,170000,31.8064,32.0538,31.8064,32.0538,226,0
BPI.US,60,20251210,200000,32.22,32.22,32.22,32.22,1235,0
BPI.US,60,20251210,220000,32.7,32.7,32.7,32.7,207,0
BPI.US,60,20251211,160000,31.686,31.686,31.686,31.686,406,0
BPI.US,60,20251211,170000,31.54,31.5901,31.54,31.5701,3300,0
BPI.US,60,20251211,180000,31.44,31.51,31.44,31.51,300,0
BPI.US,60,20251211,190000,31.45,31.55,31.45,31.55,200,0
BPI.US,60,20251211,210000,31.75,31.75,31.75,31.75,100,0
BPI.US,60,20251211,220000,32.02,32.02,32.02,32.02,100,0
BPI.US,60,20251212,170000,31.53,31.53,31.53,31.53,100,0
BPI.US,60,20251212,180000,31.27,31.27,31.27,31.27,100,0
BPI.US,60,20251212,220000,31.41,31.41,31.41,31.41,100,0
BPI.US,60,20251215,160000,30.9796,30.9796,30.93,30.93,204,0
BPI.US,60,20251215,170000,30.32,30.32,30.32,30.32,100,0
BPI.US,60,20251215,210000,30.03,30.03,30.03,30.03,100,0
BPI.US,60,20251215,220000,29.94,29.97,29.94,29.97,1431,0
BPI.US,60,20251216,170000,30.44,30.44,30.44,30.44,100,0
BPI.US,60,20251216,180000,30.59,30.59,30.59,30.59,100,0
BPI.US,60,20251216,190000,30.48,30.48,30.48,30.48,100,0
BPI.US,60,20251216,220000,30.56,30.56,30.56,30.56,100,0
BPI.US,60,20251217,170000,31.32,31.32,31.32,31.32,100,0
BPI.US,60,20251217,180000,30.19,30.19,30.19,30.19,100,0
BPI.US,60,20251217,190000,30.18,30.1801,30.18,30.1801,200,0
BPI.US,60,20251217,210000,30.115,30.115,30.115,30.115,100,0
BPI.US,60,20251217,220000,29.96,29.96,29.96,29.96,100,0
BPI.US,60,20251218,180000,30.64,30.64,30.64,30.64,200,0
BPI.US,60,20251218,190000,30,30,30,30,155,0
BPI.US,60,20251219,170000,30.43,30.43,30.43,30.43,900,0
BPI.US,60,20251219,190000,30.16,30.16,30.16,30.16,100,0
BPI.US,60,20251219,220000,30.36,30.36,30.36,30.36,100,0
BPI.US,60,20251222,160000,31.04,31.09,31.0399,31.09,500,0
BPI.US,60,20251222,170000,30.87,30.87,30.87,30.87,100,0
BPI.US,60,20251222,210000,30.7,30.7,30.7,30.7,120,0
BPI.US,60,20251222,220000,30.5646,30.5646,30.51,30.51,800,0
BPI.US,60,20251223,160000,30.28,30.42,30.28,30.42,600,0
BPI.US,60,20251223,190000,30.51,30.51,30.51,30.51,100,0
BPI.US,60,20251223,220000,30.48,30.48,30.48,30.48,100,0
BPI.US,60,20251226,170000,30.18,30.25,30.18,30.25,700,0
BPI.US,60,20251226,180000,30.28,30.28,30.28,30.28,100,0
BPI.US,60,20251226,190000,30.2656,30.27,30.2656,30.27,1100,0
