<TICKER>,<PER>,<DATE>,<TIME>,<OPEN>,<HIGH>,<LOW>,<CLOSE>,<VOL>,<OPENINT>
CAS.US,60,20250123,180000,25.5,25.51,25.5,25.51,1000,0
CAS.US,60,20250124,220000,25.65,25.705,25.59,25.59,1100,0
CAS.US,60,20250127,210000,25.89,25.89,25.89,25.89,327,0
CAS.US,60,20250220,160000,27.1733,27.1733,27.1733,27.1733,100,0
CAS.US,60,20250220,220000,27.2157,27.2157,27.2157,27.2157,100,0
CAS.US,60,20250221,200000,27.65,27.65,27.65,27.65,300,0
CAS.US,60,20250224,170000,27.31,27.31,27.3,27.3,844,0
CAS.US,60,20250224,190000,27.28,27.28,27.17,27.17,200,0
CAS.US,60,20250305,160000,26.21,26.21,26.21,26.21,400,0
CAS.US,60,20250306,180000,27.1,27.1,26.9,26.9,200,0
CAS.US,60,20250311,160000,26.46,26.46,26.46,26.46,100,0
CAS.US,60,20250327,200000,26.31,26.36,26.31,26.36,2100,0
CAS.US,60,20250404,160000,25.93,25.93,23.41,23.41,1500,0
CAS.US,60,20250407,190000,22.51,22.51,22.51,22.51,500,0
CAS.US,60,20250408,220000,22.83,22.83,22.83,22.83,100,0
CAS.US,60,20250409,160000,23.08,23.08,23.08,23.08,450,0
CAS.US,60,20250409,170000,22.876,22.876,22.79,22.79,700,0
CAS.US,60,20250409,210000,24.8,24.8,24.7,24.7,200,0
CAS.US,60,20250409,220000,23.4,23.4,23.4,23.4,200,0
CAS.US,60,20250410,190000,24.82,24.82,24.82,24.82,100,0
CAS.US,60,20250416,210000,25.58,25.58,25.58,25.58,100,0
CAS.US,60,20250422,160000,26.16,26.16,26.16,26.16,297,0
CAS.US,60,20250428,180000,26.6,26.6,26.55,26.55,200,0
CAS.US,60,20250430,210000,26.7099,26.7099,26.7099,26.7099,187,0
CAS.US,60,20250501,170000,27.1,27.1,27.0778,27.0778,222,0
CAS.US,60,20250502,220000,27.7016,27.7016,27.7016,27.7016,100,0
CAS.US,60,20250508,200000,27.78,28,27.78,28,384,0
CAS.US,60,20250508,210000,28.1,28.1,28.1,28.1,178,0
CAS.US,60,20250509,190000,27.5476,27.5476,27.5476,27.5476,179,0
CAS.US,60,20250512,170000,28.65,28.65,28.65,28.65,200,0
CAS.US,60,20250512,190000,28.72,28.79,28.72,28.779,2005,0
CAS.US,60,20250512,210000,28.87,28.8701,28.87,28.8701,200,0
CAS.US,60,20250514,220000,29.3706,29.3706,29.3706,29.3706,339,0
CAS.US,60,20250515,180000,28.7822,28.7822,28.7822,28.7822,102,0
CAS.US,60,20250515,210000,28.99,28.99,28.99,28.99,100,0
CAS.US,60,20250515,220000,28.95,28.95,28.89,28.95,1500,0
CAS.US,60,20250516,180000,28.91,28.9101,28.81,28.81,1600,0
CAS.US,60,20250519,170000,29.31,29.4055,29.3025,29.315,1520,0
CAS.US,60,20250520,180000,29.28,29.28,29.28,29.28,100,0
CAS.US,60,20250521,160000,28.8576,28.8576,28.8576,28.8576,100,0
CAS.US,60,20250521,180000,28.87,28.92,28.85,28.85,1033,0
CAS.US,60,20250527,160000,28.32,28.34,28.32,28.34,300,0
CAS.US,60,20250527,180000,28.41,28.41,28.41,28.41,301,0
CAS.US,60,20250529,220000,28.565,28.565,28.565,28.565,100,0
CAS.US,60,20250602,210000,28.14,28.16,28.14,28.16,200,0
CAS.US,60,20250606,200000,28.81,28.81,28.81,28.81,100,0
CAS.US,60,20250606,210000,28.82,28.82,28.82,28.82,100,0
CAS.US,60,20250611,220000,28.95,28.95,28.91,28.91,1890,0
CAS.US,60,20250612,190000,29.03,29.03,29.03,29.03,100,0
CAS.US,60,20250630,220000,30.04,30.04,29.99,30.001,1482,0
CAS.US,60,20250703,170000,30.68,30.68,30.68,30.68,488,0
CAS.US,60,20250707,220000,30.02,30.1,29.9871,29.9871,1640,0
CAS.US,60,20250806,210000,31.3401,31.3401,31.3401,31.3401,101,0
CAS.US,60,20250808,170000,31.38,31.38,31.29,31.29,582,0
CAS.US,60,20250811,210000,31.5663,31.5663,29.45,29.45,1450,0
CAS.US,60,20250812,190000,32.1,32.13,32.0999,32.1299,3950,0
CAS.US,60,20250825,170000,33.04,34.43,33.04,34.43,628,0
CAS.US,60,20250827,220000,33.59,33.59,33.59,33.59,100,0
CAS.US,60,20250912,190000,35.1664,35.1664,35.1664,35.1664,284,0
CAS.US,60,20250924,200000,35.32,35.32,35.32,35.32,100,0
CAS.US,60,20250925,160000,34.5498,34.5498,34.5498,34.5498,100,0
CAS.US,60,20250926,210000,34.2573,34.2573,34.2573,34.2573,284,0
CAS.US,60,20251009,190000,35.4,35.4,35.4,35.4,250,0
CAS.US,60,20251009,220000,35.2334,35.2334,35.2334,35.2334,286,0
CAS.US,60,20251020,190000,34.3182,34.3182,34.3182,34.3182,275,0
CAS.US,60,20251028,150000,36.21,36.21,36.21,36.21,160,0
CAS.US,60,20251031,180000,35.62,35.63,35.616,35.616,616,0
CAS.US,60,20251106,200000,35.6,35.6455,35.6,35.6455,400,0
CAS.US,60,20251208,220000,33.78,34.28,33.7799,34.28,2050,0
CAS.US,60,20251210,180000,34.15,34.24,34.15,34.24,2024,0
CAS.US,60,20251211,190000,34.01,34.01,34.01,34.01,150,0
CAS.US,60,20251215,170000,33.83,33.83,33.83,33.83,1200,0
CAS.US,60,20251216,160000,33.33,33.33,33.33,33.33,200,0
CAS.US,60,20251216,190000,33.25,33.25,33.2499,33.2499,200,0
CAS.US,60,20251219,170000,34.1886,34.1886,34.15,34.15,1393,0
CAS.US,60,20251219,210000,34.31,34.31,34.3099,34.3099,372,0
CAS.US,60,20251219,220000,34.26,34.26,34.26,34.26,100,0
CAS.US,60,20251222,160000,34.619,34.619,34.619,34.619,140,0
CAS.US,60,20251222,170000,34.64,34.64,34.64,34.64,326,0
CAS.US,60,20251222,190000,34.683,34.683,34.683,34.683,256,0
CAS.US,60,20251222,200000,34.75,34.75,34.7499,34.7499,1000,0
CAS.US,60,20251222,220000,34.72,34.72,34.7199,34.7199,1600,0
CAS.US,60,20251223,160000,24.3,24.33,24.19,24.19,2217,0
CAS.US,60,20251223,190000,24.275,24.3,24.275,24.3,200,0
CAS.US,60,20251226,200000,25.25,25.25,25.2499,25.2499,200,0
CAS.US,60,20251226,210000,25.23,25.23,25.23,25.23,250,0
