<TICKER>,<PER>,<DATE>,<TIME>,<OPEN>,<HIGH>,<LOW>,<CLOSE>,<VOL>,<OPENINT>
CGIB.US,60,20240628,160000,25.03,25.03,25,25.02,4900,0
CGIB.US,60,20240628,170000,25.02,25.03,24.97,24.97,11500,0
CGIB.US,60,20240628,180000,24.98,24.98,24.96,24.97,5500,0
CGIB.US,60,20240628,190000,24.96,24.96,24.96,24.96,1000,0
CGIB.US,60,20240701,160000,24.91,24.92,24.91,24.91,2700,0
CGIB.US,60,20240701,170000,24.9,24.91,24.87,24.87,7000,0
CGIB.US,60,20240701,200000,24.87,24.87,24.87,24.87,1000,0
CGIB.US,60,20240701,210000,24.86,24.86,24.86,24.86,1000,0
CGIB.US,60,20240702,180000,24.91,24.91,24.9,24.9,2000,0
CGIB.US,60,20240703,170000,24.92,24.96,24.92,24.96,3000,0
CGIB.US,60,20240703,180000,24.96,24.96,24.96,24.96,200,0
CGIB.US,60,20240703,200000,24.97,24.97,24.97,24.97,1687,0
CGIB.US,60,20240705,160000,24.98,24.99,24.98,24.99,1200,0
CGIB.US,60,20240705,170000,24.99,24.99,24.99,24.99,800,0
CGIB.US,60,20240705,180000,25,25,25,25,1000,0
CGIB.US,60,20240708,160000,25.03,25.03,25.03,25.03,700,0
CGIB.US,60,20240710,170000,25.01,25.05,25,25.05,24599,0
CGIB.US,60,20240710,190000,25.06,25.06,25.06,25.06,1000,0
CGIB.US,60,20240711,160000,25.12,25.12,25.12,25.12,1000,0
CGIB.US,60,20240711,180000,25.13,25.13,25.13,25.13,700,0
CGIB.US,60,20240711,200000,25.13,25.13,25.13,25.13,1000,0
CGIB.US,60,20240712,170000,25.14,25.14,25.12,25.12,3200,0
CGIB.US,60,20240712,220000,25.13,25.13,25.13,25.13,1000,0
CGIB.US,60,20240715,170000,25.14,25.14,25.14,25.14,2000,0
CGIB.US,60,20240715,190000,25.15,25.1699,25.15,25.1699,470,0
CGIB.US,60,20240715,200000,25.15,25.15,25.14,25.14,3000,0
CGIB.US,60,20240715,220000,25.14,25.14,25.1399,25.1399,1590,0
CGIB.US,60,20240716,200000,25.22,25.22,25.22,25.22,1500,0
CGIB.US,60,20240716,210000,25.23,25.23,25.23,25.23,1000,0
CGIB.US,60,20240717,170000,25.21,25.21,25.21,25.21,1000,0
CGIB.US,60,20240717,190000,25.21,25.22,25.2099,25.2099,2238,0
CGIB.US,60,20240718,160000,25.2,25.21,25.2,25.21,2000,0
CGIB.US,60,20240718,220000,25.2,25.2,25.19,25.19,1300,0
CGIB.US,60,20240719,210000,25.179,25.179,25.1782,25.1782,1484,0
CGIB.US,60,20240723,160000,25.18,25.18,25.18,25.18,1200,0
CGIB.US,60,20240724,220000,25.16,25.16,25.14,25.14,1219,0
CGIB.US,60,20240726,160000,25.2,25.21,25.2,25.21,4000,0
CGIB.US,60,20240726,170000,25.2,25.21,25.2,25.21,6500,0
CGIB.US,60,20240726,220000,25.21,25.21,25.21,25.21,1956,0
CGIB.US,60,20240729,160000,25.27,25.27,25.27,25.27,300,0
CGIB.US,60,20240729,220000,25.27,25.27,25.27,25.27,525,0
CGIB.US,60,20240730,160000,25.3,25.3,25.3,25.3,2300,0
CGIB.US,60,20240730,200000,25.3011,25.3011,25.3011,25.3011,250,0
CGIB.US,60,20240731,220000,25.31,25.31,25.31,25.31,10400,0
CGIB.US,60,20240801,160000,25.34,25.34,25.34,25.34,300,0
CGIB.US,60,20240801,170000,25.34,25.34,25.34,25.34,700,0
CGIB.US,60,20240802,190000,25.36,25.48,25.36,25.48,2500,0
CGIB.US,60,20240802,210000,25.49,25.49,25.49,25.49,1000,0
CGIB.US,60,20240802,220000,25.49,25.5,25.49,25.5,1444,0
CGIB.US,60,20240806,170000,25.46,25.46,25.46,25.46,1000,0
CGIB.US,60,20240806,180000,25.45,25.45,25.45,25.45,1000,0
CGIB.US,60,20240806,210000,25.42,25.42,25.42,25.42,190,0
CGIB.US,60,20240806,220000,25.42,25.42,25.42,25.42,300,0
CGIB.US,60,20240807,210000,25.3983,25.3983,25.3983,25.3983,1258,0
CGIB.US,60,20240807,220000,25.39,25.39,25.39,25.39,600,0
CGIB.US,60,20240809,160000,25.5,25.5,25.5,25.5,309,0
CGIB.US,60,20240813,220000,25.55,25.55,25.55,25.55,150,0
CGIB.US,60,20240814,200000,25.59,25.6,25.59,25.59,600,0
CGIB.US,60,20240814,210000,25.57,25.57,25.57,25.57,300,0
CGIB.US,60,20240814,220000,25.57,25.57,25.57,25.57,351,0
CGIB.US,60,20240815,210000,25.4863,25.4863,25.4863,25.4863,1375,0
CGIB.US,60,20240815,220000,25.49,25.49,25.49,25.49,100,0
CGIB.US,60,20240816,170000,25.52,25.52,25.52,25.52,100,0
CGIB.US,60,20240816,190000,25.53,25.53,25.5299,25.5299,470,0
CGIB.US,60,20240819,170000,25.49,25.49,25.49,25.49,100,0
CGIB.US,60,20240819,220000,25.49,25.49,25.49,25.49,100,0
CGIB.US,60,20240820,180000,25.54,25.54,25.54,25.54,100,0
CGIB.US,60,20240820,220000,25.54,25.54,25.54,25.54,659,0
CGIB.US,60,20240821,200000,25.52,25.53,25.52,25.53,1795,0
CGIB.US,60,20240821,210000,25.53,25.56,25.53,25.56,605,0
CGIB.US,60,20240822,160000,25.59,25.59,25.54,25.54,3900,0
CGIB.US,60,20240822,180000,25.53,25.53,25.53,25.53,100,0
CGIB.US,60,20240822,220000,25.51,25.51,25.51,25.51,399,0
CGIB.US,60,20240823,160000,25.56,25.78,25.56,25.59,6800,0
CGIB.US,60,20240823,200000,25.56,25.56,25.56,25.56,100,0
CGIB.US,60,20240826,210000,25.5391,25.5391,25.5391,25.5391,1000,0
CGIB.US,60,20240827,160000,25.55,25.58,25.52,25.52,5300,0
CGIB.US,60,20240827,170000,25.52,25.52,25.52,25.52,100,0
CGIB.US,60,20240827,220000,25.51,25.51,25.51,25.51,337,0
CGIB.US,60,20240828,160000,25.5364,25.5364,25.5364,25.5364,250,0
CGIB.US,60,20240829,170000,25.55,25.56,25.55,25.56,200,0
CGIB.US,60,20240829,190000,25.56,25.56,25.56,25.56,100,0
CGIB.US,60,20240830,160000,25.47,25.68,25.47,25.56,6800,0
CGIB.US,60,20240830,170000,25.49,25.49,25.49,25.49,100,0
CGIB.US,60,20240830,190000,25.48,25.48,25.48,25.48,1000,0
CGIB.US,60,20240903,170000,25.46,25.46,25.46,25.46,100,0
CGIB.US,60,20240911,220000,25.45,25.65,25.45,25.65,1600,0
CGIB.US,60,20240916,210000,25.7439,25.7439,25.7439,25.7439,389,0
CGIB.US,60,20240916,220000,25.75,25.75,25.75,25.75,337,0
CGIB.US,60,20240917,210000,25.795,25.795,25.795,25.795,500,0
CGIB.US,60,20240917,220000,25.79,25.79,25.79,25.79,412,0
CGIB.US,60,20240918,160000,25.75,25.75,25.75,25.75,513,0
CGIB.US,60,20240918,220000,25.75,25.75,25.75,25.75,412,0
CGIB.US,60,20240919,160000,25.73,25.73,25.73,25.73,444,0
CGIB.US,60,20240919,220000,25.73,25.73,25.72,25.72,2556,0
CGIB.US,60,20240920,160000,25.75,25.75,25.75,25.75,600,0
CGIB.US,60,20240920,210000,25.72,25.72,25.72,25.72,1000,0
CGIB.US,60,20240924,160000,25.73,25.73,25.73,25.73,375,0
CGIB.US,60,20240924,190000,25.74,25.74,25.73,25.73,460,0
CGIB.US,60,20240925,160000,25.73,25.73,25.73,25.73,375,0
CGIB.US,60,20240925,220000,25.7367,25.74,25.735,25.74,2766,0
CGIB.US,60,20240926,160000,25.76,25.76,25.76,25.76,375,0
CGIB.US,60,20240926,190000,25.76,25.76,25.76,25.76,250,0
CGIB.US,60,20240927,220000,25.76,25.76,25.6952,25.6952,3976,0
CGIB.US,60,20240930,180000,25.7248,25.7248,25.7248,25.7248,621,0
CGIB.US,60,20240930,190000,25.72,25.72,25.72,25.72,500,0
CGIB.US,60,20240930,200000,25.7299,25.73,25.7205,25.7205,2408,0
CGIB.US,60,20240930,220000,25.7208,25.7208,25.71,25.71,553,0
CGIB.US,60,20241001,160000,25.735,25.735,25.735,25.735,115,0
CGIB.US,60,20241001,170000,25.735,25.7374,25.735,25.7374,667,0
CGIB.US,60,20241001,220000,25.75,25.76,25.75,25.76,1236,0
CGIB.US,60,20241002,160000,25.77,25.77,25.76,25.76,1455,0
CGIB.US,60,20241002,170000,25.75,25.75,25.74,25.75,1600,0
CGIB.US,60,20241002,220000,25.77,25.77,25.77,25.77,500,0
CGIB.US,60,20241004,160000,25.73,25.73,25.67,25.67,888,0
CGIB.US,60,20241004,200000,25.675,25.675,25.675,25.675,100,0
CGIB.US,60,20241007,220000,25.67,25.67,25.57,25.57,595,0
CGIB.US,60,20241009,160000,25.56,25.56,25.56,25.56,450,0
CGIB.US,60,20241009,220000,25.53,25.53,25.53,25.53,300,0
CGIB.US,60,20241011,190000,25.5458,25.5458,25.545,25.545,200,0
CGIB.US,60,20241011,220000,25.54,25.54,25.54,25.54,300,0
CGIB.US,60,20241015,160000,25.53,25.59,25.53,25.59,801,0
CGIB.US,60,20241015,180000,25.5752,25.5752,25.5752,25.5752,100,0
CGIB.US,60,20241017,220000,25.65,25.65,25.64,25.64,5827,0
CGIB.US,60,20241018,160000,25.66,25.66,25.66,25.66,2453,0
CGIB.US,60,20241023,210000,25.5352,25.5352,25.5352,25.5352,200,0
CGIB.US,60,20241023,220000,25.53,25.53,25.53,25.53,300,0
CGIB.US,60,20241024,160000,25.54,25.54,25.54,25.54,300,0
CGIB.US,60,20241025,220000,25.56,25.56,25.56,25.56,800,0
CGIB.US,60,20241028,210000,25.58,25.58,25.57,25.57,22801,0
CGIB.US,60,20241029,190000,25.53,25.53,25.53,25.53,2340,0
CGIB.US,60,20241029,210000,25.52,25.52,25.51,25.51,2000,0
CGIB.US,60,20241030,150000,25.53,25.53,25.53,25.53,300,0
CGIB.US,60,20241030,160000,25.53,25.53,25.52,25.52,1700,0
CGIB.US,60,20241030,170000,25.48,25.48,25.46,25.46,1600,0
CGIB.US,60,20241030,210000,25.46,25.46,25.46,25.46,2400,0
CGIB.US,60,20241031,150000,25.41,25.41,25.41,25.41,1000,0
CGIB.US,60,20241031,170000,25.39,25.39,25.3899,25.3899,1968,0
CGIB.US,60,20241101,210000,25.39,25.43,25.39,25.42,3639,0
CGIB.US,60,20241104,180000,25.44,25.44,25.43,25.43,2000,0
CGIB.US,60,20241105,160000,25.42,25.42,25.42,25.42,300,0
CGIB.US,60,20241107,220000,25.36,25.44,25.36,25.44,1463,0
CGIB.US,60,20241108,170000,25.4425,25.4425,25.4425,25.4425,158,0
CGIB.US,60,20241112,190000,25.47,25.47,25.47,25.47,1000,0
CGIB.US,60,20241112,220000,25.44,25.4472,25.44,25.44,1801,0
CGIB.US,60,20241118,190000,25.47,25.47,25.47,25.47,2300,0
CGIB.US,60,20241120,180000,25.495,25.495,25.495,25.495,100,0
CGIB.US,60,20241121,220000,25.5,25.51,25.49,25.51,4484,0
CGIB.US,60,20241122,160000,25.5301,25.5301,25.5301,25.5301,225,0
CGIB.US,60,20241125,220000,25.57,25.58,25.57,25.58,412,0
CGIB.US,60,20241126,190000,25.6,25.6,25.6,25.6,256,0
CGIB.US,60,20241127,220000,25.61,25.61,25.61,25.61,282,0
CGIB.US,60,20241129,180000,25.64,25.64,25.64,25.64,700,0
CGIB.US,60,20241129,200000,25.66,25.66,25.66,25.66,381,0
CGIB.US,60,20241203,170000,25.75,25.75,25.75,25.75,100,0
CGIB.US,60,20241204,220000,25.75,25.77,25.75,25.77,564,0
CGIB.US,60,20241205,170000,25.775,25.775,25.775,25.775,147,0
CGIB.US,60,20241209,220000,25.78,25.78,25.78,25.78,564,0
CGIB.US,60,20241210,170000,25.7641,25.7641,25.7641,25.7641,1950,0
CGIB.US,60,20241211,160000,25.77,25.77,25.77,25.77,183,0
CGIB.US,60,20241211,220000,25.76,25.76,25.76,25.76,282,0
CGIB.US,60,20241212,160000,25.76,25.76,25.76,25.76,700,0
CGIB.US,60,20241212,180000,25.75,25.75,25.74,25.74,2000,0
CGIB.US,60,20241212,220000,25.71,25.71,25.7,25.7,3006,0
CGIB.US,60,20241213,160000,25.73,25.73,25.73,25.73,1000,0
CGIB.US,60,20241213,180000,25.7,25.7,25.7,25.7,1000,0
CGIB.US,60,20241213,200000,25.69,25.69,25.69,25.69,2000,0
CGIB.US,60,20241213,220000,25.68,25.68,25.66,25.66,2834,0
CGIB.US,60,20241217,170000,25.62,25.62,25.62,25.62,500,0
CGIB.US,60,20241217,220000,25.62,25.62,25.62,25.62,107,0
CGIB.US,60,20241218,210000,25.61,25.61,25.59,25.59,8493,0
CGIB.US,60,20241218,220000,25.58,25.58,25.56,25.56,3173,0
CGIB.US,60,20241219,160000,25.62,25.62,25.6,25.6,4933,0
CGIB.US,60,20241219,170000,25.6,25.6,25.6,25.6,827,0
CGIB.US,60,20241219,220000,25.53,25.53,25.53,25.53,282,0
CGIB.US,60,20241223,180000,25.55,25.55,25.5499,25.5499,200,0
CGIB.US,60,20241227,170000,25.31,25.31,25.27,25.27,5100,0
CGIB.US,60,20241227,210000,25.2777,25.2777,25.27,25.2777,550,0
CGIB.US,60,20241230,190000,25.25,25.25,25.25,25.25,256,0
CGIB.US,60,20241230,220000,25.27,25.27,25.27,25.27,18680,0
CGIB.US,60,20241231,170000,25.27,25.27,25.27,25.27,330,0
CGIB.US,60,20241231,190000,25.26,25.26,25.26,25.26,2589,0
CGIB.US,60,20250102,220000,25.28,25.29,25.28,25.29,1569,0
CGIB.US,60,20250103,170000,25.28,25.28,25.28,25.28,100,0
CGIB.US,60,20250106,220000,25.28,25.28,25.26,25.26,1302,0
CGIB.US,60,20250107,210000,25.2462,25.2462,25.2462,25.2462,100,0
CGIB.US,60,20250107,220000,25.24,25.24,25.24,25.24,313,0
CGIB.US,60,20250108,160000,25.21,25.21,25.21,25.21,1000,0
CGIB.US,60,20250108,200000,25.2024,25.2024,25.2,25.2,1106,0
CGIB.US,60,20250108,220000,25.185,25.19,25.18,25.18,1826,0
CGIB.US,60,20250110,160000,25.18,25.18,25.17,25.17,1560,0
CGIB.US,60,20250110,220000,25.12,25.12,24.63,25.1,3202,0
CGIB.US,60,20250113,190000,24.98,24.98,24.98,24.98,300,0
CGIB.US,60,20250113,200000,24.96,25.01,24.88,25,4869,0
CGIB.US,60,20250113,210000,25.0301,25.0305,25.03,25.0305,995,0
CGIB.US,60,20250114,220000,25.03,25.05,24.77,24.895,24894,0
CGIB.US,60,20250115,160000,25.05,25.1,25.03,25.1,16872,0
CGIB.US,60,20250116,200000,25.16,25.1601,25.16,25.1601,230,0
CGIB.US,60,20250116,220000,25.1602,25.1602,25.1602,25.1602,235,0
CGIB.US,60,20250117,160000,25.14,25.155,25.14,25.155,200,0
CGIB.US,60,20250121,220000,25.25,25.25,25.25,25.25,643,0
CGIB.US,60,20250122,180000,25.31,25.31,25.31,25.31,100,0
CGIB.US,60,20250122,220000,25.2932,25.2932,25.28,25.28,1009,0
CGIB.US,60,20250124,190000,25.28,25.4,25.27,25.27,4500,0
CGIB.US,60,20250124,210000,25.3186,25.3199,25.3186,25.3199,207,0
CGIB.US,60,20250124,220000,25.3,25.3,25.3,25.3,286,0
CGIB.US,60,20250127,200000,25.33,25.33,25.33,25.33,719,0
CGIB.US,60,20250128,190000,25.36,25.36,25.3599,25.3599,600,0
CGIB.US,60,20250128,200000,25.37,25.37,25.37,25.37,265,0
CGIB.US,60,20250130,220000,25.3602,25.41,25.355,25.41,2154,0
CGIB.US,60,20250131,190000,25.4301,25.4301,25.4301,25.4301,300,0
CGIB.US,60,20250131,200000,25.44,25.44,25.44,25.44,152,0
CGIB.US,60,20250203,190000,25.49,25.49,25.49,25.49,100,0
CGIB.US,60,20250205,220000,25.47,25.4701,25.47,25.4701,238,0
CGIB.US,60,20250206,170000,25.5201,25.5201,25.5201,25.5201,1000,0
CGIB.US,60,20250207,160000,25.3813,25.3813,25.3813,25.3813,455,0
CGIB.US,60,20250207,170000,25.4,25.4,25.19,25.19,37200,0
CGIB.US,60,20250207,190000,25.3,25.3,25.29,25.29,11050,0
CGIB.US,60,20250207,200000,25.3,25.3,25.3,25.3,171,0
CGIB.US,60,20250207,220000,25.2923,25.3,25.28,25.3,808,0
CGIB.US,60,20250210,190000,25.514,25.514,25.514,25.514,396,0
CGIB.US,60,20250211,170000,25.4759,25.4759,25.4759,25.4759,100,0
CGIB.US,60,20250211,180000,25.478,25.478,25.478,25.478,234,0
CGIB.US,60,20250211,220000,25.47,25.47,25.47,25.47,282,0
CGIB.US,60,20250214,200000,25.4999,25.4999,25.4999,25.4999,150,0
CGIB.US,60,20250214,220000,25.48,25.48,25.48,25.48,141,0
CGIB.US,60,20250218,160000,25.48,25.48,25.48,25.48,862,0
CGIB.US,60,20250218,200000,25.4381,25.4381,25.4381,25.4381,110,0
CGIB.US,60,20250218,220000,25.43,25.43,25.43,25.43,282,0
CGIB.US,60,20250219,180000,25.41,25.42,25.41,25.42,65111,0
CGIB.US,60,20250221,200000,25.3903,25.45,25.3903,25.425,6164,0
CGIB.US,60,20250221,210000,25.43,25.43,25.425,25.425,636,0
CGIB.US,60,20250221,220000,25.4216,25.43,25.4216,25.43,439,0
CGIB.US,60,20250224,180000,25.5067,25.5067,25.5067,25.5067,932,0
CGIB.US,60,20250224,220000,25.51,25.51,25.51,25.51,600,0
CGIB.US,60,20250225,210000,25.54,25.54,25.54,25.54,100,0
CGIB.US,60,20250225,220000,25.5431,25.5431,25.54,25.54,2078,0
CGIB.US,60,20250226,200000,25.6,25.6,25.59,25.59,2710,0
CGIB.US,60,20250226,210000,25.59,25.59,25.58,25.59,1375,0
CGIB.US,60,20250226,220000,25.61,25.61,25.61,25.61,100,0
CGIB.US,60,20250228,190000,25.6,25.6,25.6,25.6,400,0
CGIB.US,60,20250228,200000,25.61,25.61,25.61,25.61,125,0
CGIB.US,60,20250228,210000,25.6009,25.6009,25.6009,25.6009,173,0
CGIB.US,60,20250303,160000,25.47,25.47,25.47,25.47,100,0
CGIB.US,60,20250303,220000,25.49,25.54,25.49,25.54,1319,0
CGIB.US,60,20250304,200000,25.59,25.59,25.52,25.52,2000,0
CGIB.US,60,20250304,210000,25.53,25.53,25.5,25.5,1300,0
CGIB.US,60,20250305,200000,25.35,25.35,25.35,25.35,100,0
CGIB.US,60,20250305,220000,25.3659,25.38,25.35,25.35,688,0
CGIB.US,60,20250306,200000,25.2819,25.2819,25.2819,25.2819,468,0
CGIB.US,60,20250307,190000,25.3999,25.3999,25.3999,25.3999,460,0
CGIB.US,60,20250307,210000,25.39,25.39,25.39,25.39,600,0
CGIB.US,60,20250307,220000,25.35,25.35,25.33,25.33,1457,0
CGIB.US,60,20250310,190000,25.337,25.337,25.337,25.337,116,0
CGIB.US,60,20250311,170000,25.34,25.34,25.34,25.34,3727,0
CGIB.US,60,20250311,180000,25.35,25.35,25.34,25.34,2800,0
CGIB.US,60,20250311,210000,25.3533,25.36,25.34,25.36,2932,0
CGIB.US,60,20250312,160000,25.27,25.27,25.27,25.27,1513,0
CGIB.US,60,20250312,210000,25.2998,25.3,25.29,25.29,1834,0
CGIB.US,60,20250313,160000,25.28,25.28,25.28,25.28,100,0
CGIB.US,60,20250314,150000,25.33,25.33,25.33,25.33,100,0
CGIB.US,60,20250314,190000,25.327,25.327,25.327,25.327,152,0
CGIB.US,60,20250314,210000,25.32,25.32,25.32,25.32,470,0
CGIB.US,60,20250317,160000,25.4,25.4,25.3999,25.4,518,0
CGIB.US,60,20250317,180000,25.4,25.4,25.4,25.4,100,0
CGIB.US,60,20250317,210000,25.38,25.38,25.38,25.38,282,0
CGIB.US,60,20250318,170000,25.3698,25.38,25.3698,25.38,3531,0
CGIB.US,60,20250318,190000,25.38,25.38,25.38,25.38,100,0
CGIB.US,60,20250318,200000,25.3766,25.3766,25.3766,25.3766,274,0
CGIB.US,60,20250319,160000,25.39,25.39,25.39,25.39,100,0
CGIB.US,60,20250319,170000,25.39,25.39,25.39,25.39,1220,0
CGIB.US,60,20250319,190000,25.4,25.4,25.4,25.4,100,0
CGIB.US,60,20250319,210000,25.41,25.41,25.395,25.41,1293,0
CGIB.US,60,20250320,150000,25.48,25.48,25.48,25.48,249,0
CGIB.US,60,20250320,170000,25.49,25.49,25.46,25.46,600,0
CGIB.US,60,20250320,180000,25.46,25.46,25.45,25.45,3410,0
CGIB.US,60,20250320,210000,25.44,25.44,25.43,25.43,395,0
CGIB.US,60,20250321,170000,25.41,25.41,25.41,25.41,389,0
CGIB.US,60,20250321,180000,25.4,25.4001,25.4,25.4001,427,0
CGIB.US,60,20250321,200000,25.39,25.39,25.39,25.39,203,0
CGIB.US,60,20250324,180000,25.37,25.37,25.37,25.37,249,0
CGIB.US,60,20250324,190000,25.37,25.37,25.37,25.37,476,0
CGIB.US,60,20250324,200000,25.38,25.38,25.38,25.38,344,0
CGIB.US,60,20250324,210000,25.36,25.36,25.36,25.36,142,0
CGIB.US,60,20250325,160000,25.3525,25.3525,25.35,25.35,415,0
CGIB.US,60,20250325,210000,25.36,25.36,25.34,25.34,434,0
CGIB.US,60,20250326,160000,25.33,25.33,25.33,25.33,143,0
CGIB.US,60,20250326,210000,25.33,25.33,25.33,25.33,282,0
CGIB.US,60,20250327,160000,25.34,25.34,25.34,25.34,384,0
CGIB.US,60,20250327,210000,25.34,25.34,25.33,25.33,1142,0
CGIB.US,60,20250328,180000,25.34,25.34,25.34,25.34,206,0
CGIB.US,60,20250328,190000,25.35,25.35,25.35,25.35,158,0
CGIB.US,60,20250328,200000,25.3443,25.3443,25.3443,25.3443,374,0
CGIB.US,60,20250328,210000,25.35,25.35,25.35,25.35,181,0
CGIB.US,60,20250331,160000,25.428,25.428,25.41,25.41,666,0
CGIB.US,60,20250331,170000,25.41,25.41,25.41,25.41,540,0
CGIB.US,60,20250331,180000,25.39,25.39,25.38,25.38,500,0
CGIB.US,60,20250331,200000,25.4,25.4,25.4,25.4,100,0
CGIB.US,60,20250401,170000,25.445,25.46,25.445,25.46,858,0
CGIB.US,60,20250401,200000,25.44,25.44,25.44,25.44,617,0
CGIB.US,60,20250401,210000,25.4201,25.4201,25.42,25.42,220,0
CGIB.US,60,20250401,220000,25.4599,25.4599,25.4599,25.4599,110,0
CGIB.US,60,20250402,160000,25.475,25.475,25.475,25.475,100,0
CGIB.US,60,20250402,190000,25.485,25.485,25.44,25.44,2823,0
CGIB.US,60,20250402,200000,25.45,25.45,25.45,25.45,100,0
CGIB.US,60,20250402,210000,25.45,25.45,25.45,25.45,900,0
CGIB.US,60,20250402,220000,25.47,25.48,25.47,25.48,734,0
CGIB.US,60,20250403,160000,25.57,25.57,25.54,25.54,941,0
CGIB.US,60,20250403,180000,25.58,25.58,25.58,25.58,119,0
CGIB.US,60,20250403,190000,25.58,25.58,25.58,25.58,469,0
CGIB.US,60,20250403,210000,25.5896,25.59,25.5896,25.59,323,0
CGIB.US,60,20250403,220000,25.59,25.7399,25.5899,25.73,9674,0
CGIB.US,60,20250404,170000,25.67,25.67,25.67,25.67,199,0
CGIB.US,60,20250404,210000,25.69,25.7,25.69,25.6999,650,0
CGIB.US,60,20250407,190000,25.6938,25.6938,25.67,25.67,2384,0
CGIB.US,60,20250407,220000,25.66,25.66,25.62,25.62,1036,0
CGIB.US,60,20250408,190000,25.51,25.51,25.5022,25.5099,2478,0
CGIB.US,60,20250408,220000,25.5,25.5499,25.5,25.5499,2998,0
CGIB.US,60,20250409,180000,25.42,25.42,25.42,25.42,788,0
CGIB.US,60,20250409,220000,25.41,25.41,25.41,25.41,1104,0
CGIB.US,60,20250410,160000,25.45,25.4999,25.427,25.475,1194,0
CGIB.US,60,20250410,180000,25.45,25.47,25.45,25.47,645,0
CGIB.US,60,20250410,190000,25.47,25.47,25.4627,25.4627,200,0
CGIB.US,60,20250410,210000,25.47,25.47,25.4699,25.47,1158,0
CGIB.US,60,20250410,220000,25.48,25.48,25.48,25.48,486,0
CGIB.US,60,20250411,200000,25.43,25.43,25.43,25.43,194,0
CGIB.US,60,20250411,210000,25.43,25.43,25.43,25.43,377,0
CGIB.US,60,20250414,190000,25.4613,25.47,25.4613,25.47,674,0
CGIB.US,60,20250414,210000,25.47,25.49,25.47,25.49,428,0
CGIB.US,60,20250415,160000,25.53,25.53,25.53,25.53,197,0
CGIB.US,60,20250415,170000,25.53,25.53,25.53,25.53,200,0
CGIB.US,60,20250415,180000,25.53,25.53,25.53,25.53,1456,0
CGIB.US,60,20250415,190000,25.5271,25.5271,25.5271,25.5271,285,0
CGIB.US,60,20250415,210000,25.54,25.54,25.54,25.54,238,0
CGIB.US,60,20250415,220000,25.5101,25.5101,25.51,25.51,220,0
CGIB.US,60,20250416,170000,25.57,25.57,25.57,25.57,446,0
CGIB.US,60,20250416,190000,25.5799,25.58,25.5799,25.58,390,0
CGIB.US,60,20250416,210000,25.575,25.59,25.575,25.59,1898,0
CGIB.US,60,20250416,220000,25.59,25.59,25.59,25.59,4278,0
CGIB.US,60,20250417,160000,25.6032,25.6032,25.6032,25.6032,632,0
CGIB.US,60,20250417,170000,25.6195,25.6195,25.6195,25.6195,780,0
CGIB.US,60,20250417,180000,25.62,25.62,25.57,25.6017,852,0
CGIB.US,60,20250417,200000,25.5885,25.5885,25.5885,25.5885,173,0
CGIB.US,60,20250417,210000,25.57,25.5701,25.57,25.5701,400,0
CGIB.US,60,20250417,220000,25.6,25.6,25.6,25.6,906,0
CGIB.US,60,20250421,170000,25.62,25.62,25.62,25.62,100,0
CGIB.US,60,20250421,180000,25.63,25.63,25.6201,25.6201,877,0
CGIB.US,60,20250421,190000,25.63,25.63,25.6299,25.6299,530,0
CGIB.US,60,20250421,200000,25.62,25.62,25.62,25.62,1858,0
CGIB.US,60,20250421,220000,25.6269,25.6269,25.62,25.62,884,0
CGIB.US,60,20250422,170000,25.67,25.67,25.6699,25.6699,328,0
CGIB.US,60,20250422,180000,25.67,25.67,25.647,25.6499,3414,0
CGIB.US,60,20250422,190000,25.65,25.67,25.65,25.6699,2214,0
CGIB.US,60,20250422,200000,25.71,25.7389,25.66,25.66,2955,0
CGIB.US,60,20250422,220000,25.68,25.68,25.65,25.65,3466,0
CGIB.US,60,20250423,210000,25.67,25.67,25.67,25.67,200,0
CGIB.US,60,20250423,220000,25.66,25.68,25.66,25.68,3372,0
CGIB.US,60,20250424,180000,25.7,25.7,25.7,25.7,1534,0
CGIB.US,60,20250424,190000,25.69,25.7,25.69,25.7,1577,0
CGIB.US,60,20250424,220000,25.7,25.7,25.7,25.7,1211,0
CGIB.US,60,20250425,170000,25.7306,25.74,25.7306,25.74,477,0
CGIB.US,60,20250425,200000,25.74,25.75,25.72,25.72,1680,0
CGIB.US,60,20250425,210000,25.75,25.75,25.75,25.75,503,0
CGIB.US,60,20250425,220000,25.75,25.76,25.73,25.76,7621,0
CGIB.US,60,20250428,170000,25.75,25.75,25.75,25.75,488,0
CGIB.US,60,20250428,200000,25.7499,25.7499,25.7499,25.7499,151,0
CGIB.US,60,20250428,210000,25.7411,25.75,25.7411,25.75,1650,0
CGIB.US,60,20250428,220000,25.75,25.75,25.75,25.75,819,0
CGIB.US,60,20250429,170000,25.78,25.78,25.7573,25.7573,459,0
CGIB.US,60,20250429,190000,25.78,25.78,25.7799,25.7799,930,0
CGIB.US,60,20250429,200000,25.78,25.78,25.7794,25.7794,263,0
CGIB.US,60,20250429,210000,25.78,25.79,25.76,25.78,5393,0
CGIB.US,60,20250429,220000,25.76,25.76,25.74,25.74,1996,0
CGIB.US,60,20250430,170000,25.78,25.78,25.77,25.77,1388,0
CGIB.US,60,20250430,180000,25.78,25.8,25.78,25.8,2906,0
CGIB.US,60,20250430,190000,25.81,25.81,25.81,25.81,245,0
CGIB.US,60,20250430,200000,25.79,25.79,25.79,25.79,3008,0
CGIB.US,60,20250430,210000,25.7926,25.7926,25.7926,25.7926,542,0
CGIB.US,60,20250430,220000,25.81,25.82,25.78,25.82,1955,0
CGIB.US,60,20250501,160000,25.77,25.77,25.77,25.77,117,0
CGIB.US,60,20250501,170000,25.77,25.91,25.76,25.81,25467,0
CGIB.US,60,20250501,180000,25.82,25.82,25.81,25.82,2422,0
CGIB.US,60,20250501,190000,25.81,25.8199,25.81,25.81,498,0
CGIB.US,60,20250501,200000,25.81,25.81,25.81,25.81,700,0
CGIB.US,60,20250501,210000,25.8156,25.8156,25.81,25.81,681,0
CGIB.US,60,20250501,220000,25.81,25.81,25.81,25.81,400,0
CGIB.US,60,20250502,170000,25.75,25.75,25.73,25.73,1608,0
CGIB.US,60,20250502,180000,25.74,25.74,25.74,25.74,100,0
CGIB.US,60,20250502,190000,25.735,25.735,25.72,25.72,2264,0
CGIB.US,60,20250502,200000,25.717,25.717,25.717,25.717,276,0
CGIB.US,60,20250502,220000,25.73,25.73,25.71,25.71,2024,0
CGIB.US,60,20250505,160000,25.74,25.74,25.74,25.74,100,0
CGIB.US,60,20250505,170000,25.74,25.74,25.73,25.74,534,0
CGIB.US,60,20250505,200000,25.74,25.74,25.74,25.74,100,0
CGIB.US,60,20250505,210000,25.7499,25.7499,25.7499,25.7499,393,0
CGIB.US,60,20250505,220000,25.74,25.77,25.73,25.73,2933,0
CGIB.US,60,20250506,160000,25.659,25.66,25.659,25.66,3511,0
CGIB.US,60,20250506,170000,25.66,25.67,25.66,25.67,400,0
CGIB.US,60,20250506,190000,25.659,25.659,25.659,25.659,506,0
CGIB.US,60,20250506,200000,25.68,25.68,25.669,25.669,528,0
CGIB.US,60,20250506,210000,25.675,25.675,25.675,25.675,244,0
CGIB.US,60,20250506,220000,25.7,25.7,25.7,25.7,234,0
CGIB.US,60,20250507,170000,25.72,25.73,25.7,25.73,2664,0
CGIB.US,60,20250507,200000,25.72,25.72,25.72,25.72,236,0
CGIB.US,60,20250507,210000,25.7092,25.72,25.7092,25.72,499,0
CGIB.US,60,20250508,170000,25.7395,25.7395,25.723,25.723,1289,0
CGIB.US,60,20250508,180000,25.83,25.83,25.69,25.69,200,0
CGIB.US,60,20250508,190000,25.745,25.745,25.745,25.745,116,0
CGIB.US,60,20250508,200000,25.68,25.69,25.67,25.67,2143,0
CGIB.US,60,20250508,210000,25.68,25.82,25.68,25.82,1900,0
CGIB.US,60,20250508,220000,25.81,25.81,25.66,25.66,520,0
CGIB.US,60,20250509,180000,25.7,25.7,25.7,25.7,476,0
CGIB.US,60,20250509,210000,25.69,25.69,25.6819,25.6819,248,0
CGIB.US,60,20250509,220000,25.69,25.69,25.67,25.67,474,0
CGIB.US,60,20250512,170000,25.593,25.593,25.593,25.593,1000,0
CGIB.US,60,20250512,190000,25.59,25.59,25.59,25.59,1253,0
CGIB.US,60,20250512,200000,25.6,25.6,25.6,25.6,100,0
CGIB.US,60,20250512,210000,25.58,25.58,25.58,25.58,109,0
CGIB.US,60,20250512,220000,25.59,25.6,25.58,25.58,2865,0
CGIB.US,60,20250513,170000,25.61,25.62,25.59,25.6099,1494,0
CGIB.US,60,20250513,190000,25.59,25.59,25.59,25.59,1183,0
CGIB.US,60,20250513,200000,25.6025,25.6025,25.6025,25.6025,373,0
CGIB.US,60,20250513,220000,25.6,25.61,25.59,25.59,2298,0
CGIB.US,60,20250514,180000,25.55,25.55,25.55,25.55,1200,0
CGIB.US,60,20250514,190000,25.55,25.55,25.5438,25.5438,503,0
CGIB.US,60,20250514,210000,25.55,25.55,25.54,25.54,3671,0
CGIB.US,60,20250514,220000,25.55,25.55,25.53,25.53,1377,0
CGIB.US,60,20250515,170000,25.5714,25.5714,25.5714,25.5714,374,0
CGIB.US,60,20250515,190000,25.5746,25.5766,25.5746,25.5766,1569,0
CGIB.US,60,20250515,210000,25.5763,25.5763,25.5763,25.5763,246,0
CGIB.US,60,20250515,220000,25.58,25.59,25.5763,25.5899,2753,0
CGIB.US,60,20250516,180000,25.6399,25.6399,25.6399,25.6399,216,0
CGIB.US,60,20250516,190000,25.63,25.6315,25.63,25.6315,444,0
CGIB.US,60,20250516,200000,25.6292,25.6292,25.6292,25.6292,480,0
CGIB.US,60,20250516,210000,25.6316,25.6316,25.6316,25.6316,107,0
CGIB.US,60,20250516,220000,25.63,25.63,25.63,25.63,3582,0
CGIB.US,60,20250519,170000,25.6,25.6,25.57,25.57,2714,0
CGIB.US,60,20250519,180000,25.57,25.6,25.57,25.6,545,0
CGIB.US,60,20250519,190000,25.5957,25.6,25.5892,25.5892,2756,0
CGIB.US,60,20250519,210000,25.5935,25.5935,25.5935,25.5935,244,0
CGIB.US,60,20250519,220000,25.58,25.61,25.58,25.61,706,0
CGIB.US,60,20250520,170000,25.56,25.57,25.56,25.5692,3882,0
CGIB.US,60,20250520,220000,25.58,25.58,25.56,25.56,988,0
CGIB.US,60,20250521,170000,25.53,25.53,25.53,25.53,100,0
CGIB.US,60,20250521,190000,25.53,25.53,25.53,25.53,100,0
CGIB.US,60,20250521,200000,25.53,25.53,25.53,25.53,100,0
CGIB.US,60,20250521,210000,25.525,25.525,25.51,25.51,1094,0
CGIB.US,60,20250521,220000,25.53,25.53,25.51,25.52,3400,0
CGIB.US,60,20250522,180000,25.51,25.51,25.4992,25.4992,1761,0
CGIB.US,60,20250522,190000,25.4992,25.4992,25.4992,25.4992,457,0
CGIB.US,60,20250522,200000,25.5099,25.5099,25.5,25.5,327,0
CGIB.US,60,20250522,210000,25.51,25.51,25.5,25.5,312,0
CGIB.US,60,20250522,220000,25.51,25.51,25.51,25.51,108,0
CGIB.US,60,20250523,160000,25.57,25.57,25.57,25.57,141,0
CGIB.US,60,20250523,170000,25.5889,25.59,25.55,25.58,923,0
CGIB.US,60,20250523,180000,25.59,25.59,25.59,25.59,135,0
CGIB.US,60,20250523,220000,25.59,25.59,25.57,25.59,466,0
CGIB.US,60,20250527,160000,25.6705,25.6705,25.6705,25.6705,111,0
CGIB.US,60,20250527,170000,25.68,25.69,25.6738,25.6738,5345,0
CGIB.US,60,20250527,180000,25.68,25.68,25.64,25.66,1916,0
CGIB.US,60,20250527,200000,25.67,25.67,25.67,25.67,290,0
CGIB.US,60,20250527,210000,25.69,25.69,25.69,25.69,667,0
CGIB.US,60,20250527,220000,25.687,25.72,25.687,25.72,8316,0
CGIB.US,60,20250528,170000,25.68,25.69,25.67,25.67,3808,0
CGIB.US,60,20250528,190000,25.69,25.69,25.69,25.69,652,0
CGIB.US,60,20250528,200000,25.69,25.69,25.69,25.69,254,0
CGIB.US,60,20250528,210000,25.7,25.7,25.7,25.7,993,0
CGIB.US,60,20250528,220000,25.71,25.71,25.7,25.7,4282,0
CGIB.US,60,20250529,170000,25.68,25.68,25.68,25.68,230,0
CGIB.US,60,20250529,180000,25.66,25.68,25.66,25.68,216,0
CGIB.US,60,20250529,190000,25.6638,25.6638,25.6638,25.6638,389,0
CGIB.US,60,20250529,200000,25.88,25.93,25.7076,25.93,2401,0
CGIB.US,60,20250529,210000,25.68,25.68,25.68,25.68,857,0
CGIB.US,60,20250529,220000,25.69,25.69,25.69,25.69,112,0
CGIB.US,60,20250530,170000,25.685,25.685,25.685,25.685,175,0
CGIB.US,60,20250530,180000,25.685,25.71,25.685,25.69,1399,0
CGIB.US,60,20250530,190000,25.6897,25.69,25.685,25.685,1099,0
CGIB.US,60,20250530,200000,25.69,25.69,25.68,25.69,711,0
CGIB.US,60,20250602,180000,25.72,25.73,25.72,25.72,1198,0
CGIB.US,60,20250602,190000,25.73,25.73,25.63,25.683,29193,0
CGIB.US,60,20250602,210000,25.69,25.69,25.69,25.69,372,0
CGIB.US,60,20250603,180000,25.75,25.75,25.73,25.75,1110,0
CGIB.US,60,20250603,210000,25.74,25.74,25.7399,25.7399,970,0
CGIB.US,60,20250603,220000,25.75,25.75,25.73,25.73,1139,0
CGIB.US,60,20250604,160000,25.71,25.71,25.71,25.71,133,0
CGIB.US,60,20250604,200000,25.73,25.74,25.73,25.74,360,0
CGIB.US,60,20250604,210000,25.74,25.74,25.72,25.74,2078,0
CGIB.US,60,20250605,160000,25.74,25.75,25.73,25.74,1715,0
CGIB.US,60,20250605,170000,25.73,25.73,25.73,25.73,289,0
CGIB.US,60,20250605,190000,25.73,25.73,25.72,25.72,2476,0
CGIB.US,60,20250605,200000,25.73,25.7391,25.73,25.73,553,0
CGIB.US,60,20250605,210000,25.7292,25.73,25.7292,25.73,519,0
CGIB.US,60,20250605,220000,25.72,25.72,25.7,25.7,1261,0
CGIB.US,60,20250606,160000,25.7224,25.7224,25.7224,25.7224,375,0
CGIB.US,60,20250606,170000,25.71,25.72,25.71,25.7199,2132,0
CGIB.US,60,20250606,190000,25.7092,25.71,25.7092,25.71,864,0
CGIB.US,60,20250606,200000,25.71,25.71,25.71,25.71,900,0
CGIB.US,60,20250606,210000,25.71,25.71,25.7,25.71,2284,0
CGIB.US,60,20250606,220000,25.71,25.71,25.7,25.7,1752,0
CGIB.US,60,20250609,160000,25.719,25.72,25.719,25.72,774,0
CGIB.US,60,20250609,170000,25.72,25.73,25.72,25.73,2092,0
CGIB.US,60,20250609,180000,25.74,25.74,25.73,25.74,1031,0
CGIB.US,60,20250609,200000,25.73,25.73,25.73,25.73,1981,0
CGIB.US,60,20250609,220000,25.74,25.74,25.72,25.72,1932,0
CGIB.US,60,20250610,170000,25.78,25.78,25.77,25.78,3946,0
CGIB.US,60,20250610,180000,25.78,25.78,25.7692,25.7692,604,0
CGIB.US,60,20250610,200000,25.77,25.78,25.77,25.78,1902,0
CGIB.US,60,20250610,210000,25.78,25.789,25.78,25.78,800,0
CGIB.US,60,20250610,220000,25.79,25.8,25.77,25.77,7635,0
CGIB.US,60,20250611,160000,25.78,25.78,25.77,25.77,348,0
CGIB.US,60,20250611,170000,25.79,25.79,25.7754,25.78,579,0
CGIB.US,60,20250611,180000,25.78,25.79,25.78,25.79,4418,0
CGIB.US,60,20250611,190000,25.78,25.79,25.78,25.79,418,0
CGIB.US,60,20250611,200000,25.79,25.8,25.77,25.79,3748,0
CGIB.US,60,20250611,210000,25.79,25.795,25.79,25.795,200,0
CGIB.US,60,20250611,220000,25.8,25.8,25.79,25.79,952,0
CGIB.US,60,20250612,170000,25.81,25.84,25.79,25.835,4793,0
CGIB.US,60,20250612,180000,25.84,25.84,25.82,25.8399,4674,0
CGIB.US,60,20250612,200000,25.827,25.84,25.82,25.84,812,0
CGIB.US,60,20250612,220000,25.8324,25.85,25.83,25.85,1656,0
CGIB.US,60,20250613,170000,25.81,25.81,25.777,25.78,2717,0
CGIB.US,60,20250613,180000,25.78,25.79,25.77,25.78,1642,0
CGIB.US,60,20250613,190000,25.78,25.78,25.77,25.77,1884,0
CGIB.US,60,20250613,200000,25.77,25.77,25.77,25.77,2455,0
CGIB.US,60,20250613,220000,25.77,25.77,25.76,25.76,666,0
CGIB.US,60,20250616,160000,25.76,25.76,25.76,25.76,604,0
CGIB.US,60,20250616,170000,25.77,25.77,25.7699,25.77,348,0
CGIB.US,60,20250616,190000,25.77,25.77,25.77,25.77,672,0
CGIB.US,60,20250616,200000,25.78,25.78,25.77,25.7746,2840,0
CGIB.US,60,20250616,210000,25.78,25.78,25.775,25.78,436,0
CGIB.US,60,20250616,220000,25.78,25.78,25.77,25.77,4633,0
CGIB.US,60,20250617,170000,25.8,25.8,25.7899,25.8,2078,0
CGIB.US,60,20250617,190000,25.79,25.8,25.79,25.8,500,0
CGIB.US,60,20250617,200000,25.79,25.79,25.79,25.79,352,0
CGIB.US,60,20250617,210000,25.8,25.8,25.78,25.78,1424,0
CGIB.US,60,20250617,220000,25.8,25.8,25.78,25.78,2353,0
CGIB.US,60,20250618,170000,25.8299,25.83,25.7995,25.81,3148,0
CGIB.US,60,20250618,180000,25.8005,25.8005,25.8005,25.8005,270,0
CGIB.US,60,20250618,200000,25.7992,25.81,25.7992,25.8,2389,0
CGIB.US,60,20250618,210000,25.79,25.83,25.79,25.83,766,0
CGIB.US,60,20250618,220000,25.8168,25.84,25.81,25.84,3241,0
CGIB.US,60,20250620,170000,25.83,25.83,25.815,25.8298,1721,0
CGIB.US,60,20250620,180000,25.8299,25.8299,25.82,25.82,437,0
CGIB.US,60,20250620,190000,25.83,25.83,25.83,25.83,1191,0
CGIB.US,60,20250620,200000,25.83,25.83,25.83,25.83,200,0
CGIB.US,60,20250620,210000,25.825,25.8251,25.825,25.8251,200,0
CGIB.US,60,20250620,220000,25.8244,25.84,25.8244,25.84,1712,0
CGIB.US,60,20250623,170000,25.8497,25.8497,25.8363,25.8481,1435,0
CGIB.US,60,20250623,180000,25.85,25.85,25.85,25.85,100,0
CGIB.US,60,20250623,190000,25.8392,25.8392,25.8392,25.8392,397,0
CGIB.US,60,20250623,210000,25.85,25.85,25.8427,25.8427,832,0
CGIB.US,60,20250623,220000,25.85,25.85,25.8499,25.8499,750,0
CGIB.US,60,20250624,170000,25.86,25.87,25.85,25.87,1992,0
CGIB.US,60,20250624,180000,25.87,25.87,25.8699,25.8699,536,0
CGIB.US,60,20250624,190000,25.87,25.87,25.865,25.87,1955,0
CGIB.US,60,20250624,200000,26.47,26.47,25.88,25.9,1155,0
CGIB.US,60,20250624,210000,26.33,26.33,26.09,26.09,200,0
CGIB.US,60,20250624,220000,25.8915,25.9,25.8915,25.9,2668,0
CGIB.US,60,20250625,160000,25.88,25.89,25.88,25.89,2577,0
CGIB.US,60,20250625,170000,25.885,25.885,25.85,25.87,3493,0
CGIB.US,60,20250625,200000,25.87,25.87,25.87,25.87,1074,0
CGIB.US,60,20250625,220000,25.8724,26.58,25.86,25.86,3045,0
CGIB.US,60,20250626,160000,25.9,25.9,25.8999,25.8999,1964,0
CGIB.US,60,20250626,170000,25.91,25.91,25.9035,25.9035,1395,0
CGIB.US,60,20250626,180000,25.9059,26.2,25.9059,26.2,2285,0
CGIB.US,60,20250626,190000,25.92,25.92,25.9092,25.9092,520,0
CGIB.US,60,20250626,200000,25.92,25.92,25.9199,25.92,300,0
CGIB.US,60,20250626,210000,25.92,25.93,25.9,25.93,3965,0
CGIB.US,60,20250626,220000,25.93,25.9327,25.93,25.93,3868,0
CGIB.US,60,20250627,160000,25.19,25.19,25.1735,25.1735,550,0
CGIB.US,60,20250627,170000,25.19,25.22,25.17,25.17,4000,0
CGIB.US,60,20250627,180000,25.2055,25.22,25.2055,25.2081,3073,0
CGIB.US,60,20250627,190000,25.2102,25.22,25.2102,25.22,884,0
CGIB.US,60,20250627,200000,25.22,25.23,25.17,25.22,6348,0
CGIB.US,60,20250627,210000,25.22,25.24,25.1792,25.18,17037,0
CGIB.US,60,20250627,220000,25.18,25.2,25.18,25.2,1100,0
CGIB.US,60,20250630,160000,25.189,25.189,25.189,25.189,247,0
CGIB.US,60,20250630,170000,25.2,25.21,25.1953,25.21,2100,0
CGIB.US,60,20250630,180000,25.21,25.22,25.21,25.22,777,0
CGIB.US,60,20250630,190000,25.21,25.22,25.21,25.2101,378,0
CGIB.US,60,20250630,200000,25.209,25.2282,25.19,25.22,5624,0
CGIB.US,60,20250630,210000,25.23,25.3,25.23,25.25,4069,0
CGIB.US,60,20250630,220000,25.245,25.25,25.24,25.25,1600,0
CGIB.US,60,20250701,160000,25.24,25.24,25.24,25.24,524,0
CGIB.US,60,20250701,170000,25.2268,25.24,25.22,25.24,1146,0
CGIB.US,60,20250701,180000,25.2399,25.2399,25.23,25.23,922,0
CGIB.US,60,20250701,190000,25.24,25.24,25.24,25.24,100,0
CGIB.US,60,20250701,200000,25.24,25.24,25.22,25.23,1524,0
CGIB.US,60,20250701,210000,25.23,25.24,25.22,25.22,953,0
CGIB.US,60,20250701,220000,25.235,25.25,25.235,25.25,901,0
CGIB.US,60,20250702,160000,25.15,25.15,25.15,25.15,300,0
CGIB.US,60,20250702,170000,25.12,25.12,25.12,25.12,200,0
CGIB.US,60,20250702,180000,25.12,25.14,25.12,25.14,279894,0
CGIB.US,60,20250702,190000,25.1376,25.16,25.1376,25.15,8307,0
CGIB.US,60,20250702,200000,25.153,25.16,25.14,25.16,4453,0
CGIB.US,60,20250702,210000,25.165,25.165,25.165,25.165,100,0
CGIB.US,60,20250702,220000,25.155,25.18,25.14,25.18,10488,0
CGIB.US,60,20250703,160000,25.18,25.18,25.18,25.18,100,0
CGIB.US,60,20250703,170000,25.18,25.2,25.18,25.19,9819,0
CGIB.US,60,20250703,180000,25.2,25.2,25.17,25.19,20460,0
CGIB.US,60,20250703,190000,25.2,25.2048,25.19,25.2048,989,0
CGIB.US,60,20250703,200000,25.18,25.18,25.18,25.18,282,0
CGIB.US,60,20250707,160000,25.19,25.19,25.18,25.18,1502,0
CGIB.US,60,20250707,170000,25.18,25.1834,25.144,25.17,2820,0
CGIB.US,60,20250707,180000,25.19,25.19,25.19,25.19,200,0
CGIB.US,60,20250707,190000,25.1856,25.2,25.14,25.2,4137,0
CGIB.US,60,20250707,200000,25.2,25.2,25.17,25.18,4391,0
CGIB.US,60,20250707,210000,25.18,25.18,25.18,25.18,500,0
CGIB.US,60,20250707,220000,25.18,25.19,25.13,25.13,9118,0
CGIB.US,60,20250708,170000,25.105,25.105,25.105,25.105,240,0
CGIB.US,60,20250708,180000,25.11,25.1199,25.11,25.11,2081,0
CGIB.US,60,20250708,190000,25.11,25.11,25.11,25.11,1900,0
CGIB.US,60,20250708,200000,25.1093,25.11,25.1093,25.11,1005,0
CGIB.US,60,20250708,210000,25.12,25.12,25.1,25.1,3254,0
CGIB.US,60,20250708,220000,25.0931,25.0931,25.08,25.08,2184,0
CGIB.US,60,20250709,170000,25.09,25.09,25.09,25.09,415,0
CGIB.US,60,20250709,180000,25.09,25.11,25.084,25.11,1579,0
CGIB.US,60,20250709,190000,25.0805,25.1,25.0805,25.09,2065,0
CGIB.US,60,20250709,200000,25.1097,25.1097,25.1001,25.1001,1012,0
CGIB.US,60,20250709,210000,25.109,25.11,25.09,25.09,1833,0
CGIB.US,60,20250709,220000,25.11,25.24,25.09,25.24,1310,0
CGIB.US,60,20250710,170000,25.1005,25.1028,25.09,25.09,976,0
CGIB.US,60,20250710,180000,25.1,25.1097,25.097,25.1,1299,0
CGIB.US,60,20250710,190000,25.1,25.1063,25.0993,25.103,3195,0
CGIB.US,60,20250710,200000,25.09,25.11,25.09,25.09,1570,0
CGIB.US,60,20250710,210000,25.11,25.11,25.09,25.1,3469,0
CGIB.US,60,20250710,220000,25.09,25.11,25.08,25.08,2116,0
CGIB.US,60,20250711,190000,25.1,25.1,25.08,25.08,1404,0
CGIB.US,60,20250711,200000,25.1,25.1,25.08,25.08,1516,0
CGIB.US,60,20250711,210000,25.0793,25.09,25.0793,25.09,753,0
CGIB.US,60,20250711,220000,25.09,25.09,25.07,25.07,1128,0
CGIB.US,60,20250714,160000,25.06,25.07,25.059,25.07,3367,0
CGIB.US,60,20250714,170000,25.07,25.08,25.07,25.08,1013,0
CGIB.US,60,20250714,180000,25.08,25.08,25.08,25.08,100,0
CGIB.US,60,20250714,200000,25.08,25.08,25.0693,25.0693,1436,0
CGIB.US,60,20250714,210000,25.07,25.08,25.07,25.08,489,0
CGIB.US,60,20250714,220000,25.08,25.14,25.06,25.06,1595,0
CGIB.US,60,20250715,160000,25.09,25.09,25.0895,25.09,700,0
CGIB.US,60,20250715,170000,25.08,25.09,25.07,25.09,1878,0
CGIB.US,60,20250715,180000,25.09,25.09,25.06,25.08,4795,0
CGIB.US,60,20250715,190000,25.07,25.07,25.05,25.06,4558,0
CGIB.US,60,20250715,200000,25.06,25.06,25.05,25.05,2998,0
CGIB.US,60,20250715,210000,25.0594,25.06,25.0527,25.06,1171,0
CGIB.US,60,20250715,220000,25.06,25.1,25.04,25.04,3980,0
CGIB.US,60,20250716,160000,25.0799,25.08,25.0799,25.08,1600,0
CGIB.US,60,20250716,170000,25.0899,25.09,25.0868,25.0868,1450,0
CGIB.US,60,20250716,180000,25.0785,25.0999,25.0785,25.0785,2467,0
CGIB.US,60,20250716,200000,25.099,25.0999,25.08,25.0999,453,0
CGIB.US,60,20250716,210000,25.099,25.1,25.099,25.1,784,0
CGIB.US,60,20250716,220000,25.0988,25.34,25.0988,25.34,2334,0
CGIB.US,60,20250717,170000,25.08,25.09,25.0605,25.09,2944,0
CGIB.US,60,20250717,180000,25.1,25.1,25.087,25.09,4193,0
CGIB.US,60,20250717,200000,25.09,25.0962,25.09,25.09,3069,0
CGIB.US,60,20250717,210000,25.09,25.0991,25.08,25.08,2879,0
CGIB.US,60,20250717,220000,25.0789,25.09,25.07,25.07,4901,0
CGIB.US,60,20250718,170000,25.09,25.1,25.08,25.1,2662,0
CGIB.US,60,20250718,180000,25.1,25.1,25.08,25.0843,1224,0
CGIB.US,60,20250718,190000,25.0785,25.1,25.0785,25.09,2481,0
CGIB.US,60,20250718,200000,25.1,25.1,25.08,25.1,1919,0
CGIB.US,60,20250718,210000,25.1,25.1,25.09,25.09,293,0
CGIB.US,60,20250718,220000,25.1,25.1,25.08,25.08,1238,0
CGIB.US,60,20250721,170000,25.08,25.09,25.07,25.09,3619,0
CGIB.US,60,20250721,180000,25.0878,25.1,25.0878,25.09,1392,0
CGIB.US,60,20250721,190000,25.1,25.1,25.1,25.1,100,0
CGIB.US,60,20250721,200000,25.1,25.1,25.0963,25.1,2158,0
CGIB.US,60,20250721,210000,25.11,25.13,25.11,25.11,4122,0
CGIB.US,60,20250721,220000,25.13,25.14,25.13,25.14,2372,0
CGIB.US,60,20250722,160000,25.1336,25.1336,25.1336,25.1336,132,0
CGIB.US,60,20250722,180000,25.1441,25.23,25.12,25.12,4492,0
CGIB.US,60,20250722,190000,25.1612,25.17,25.12,25.12,1244,0
CGIB.US,60,20250722,200000,25.1462,25.1462,25.1462,25.1462,131,0
CGIB.US,60,20250722,210000,25.1699,25.17,25.13,25.13,685,0
CGIB.US,60,20250722,220000,25.18,25.18,25.135,25.179,794,0
CGIB.US,60,20250723,170000,25.15,25.19,25.14,25.19,6351,0
CGIB.US,60,20250723,180000,25.16,25.16,25.1375,25.14,3052,0
CGIB.US,60,20250723,190000,25.13,25.13,25.12,25.13,3440,0
CGIB.US,60,20250723,200000,25.185,25.185,25.1201,25.13,672,0
CGIB.US,60,20250723,210000,25.139,25.14,25.11,25.1399,6584,0
CGIB.US,60,20250723,220000,25.13,25.13,25.11,25.11,1982,0
CGIB.US,60,20250724,170000,25.08,25.81,25.0511,25.064,712,0
CGIB.US,60,20250724,190000,25.09,25.92,25.0899,25.1,1500,0
CGIB.US,60,20250724,200000,25.2,25.82,25.09,25.0983,1131,0
CGIB.US,60,20250724,210000,25.09,25.1,25.05,25.1,3210,0
CGIB.US,60,20250724,220000,25.09,25.11,25.09,25.1,1800,0
CGIB.US,60,20250725,170000,25.1,25.12,25.1,25.12,604,0
CGIB.US,60,20250725,180000,25.127,25.13,25.1003,25.13,2038,0
CGIB.US,60,20250725,190000,25.121,25.1544,25.121,25.1323,1372,0
CGIB.US,60,20250725,200000,25.1333,25.1333,25.1333,25.1333,126,0
CGIB.US,60,20250725,210000,25.1312,25.14,25.1,25.1,7386,0
CGIB.US,60,20250725,220000,25.14,25.14,25.14,25.14,196,0
CGIB.US,60,20250728,160000,27.23,27.23,27.23,27.23,109,0
CGIB.US,60,20250728,170000,25.16,25.16,25.16,25.16,100,0
CGIB.US,60,20250728,180000,25.1586,25.17,25.1586,25.17,642,0
CGIB.US,60,20250728,190000,25.1687,25.1687,25.1687,25.1687,400,0
CGIB.US,60,20250728,200000,25.18,25.18,25.1401,25.18,3743,0
CGIB.US,60,20250728,210000,25.17,25.17,25.17,25.17,100,0
CGIB.US,60,20250728,220000,25.17,25.37,25.1586,25.37,5473,0
CGIB.US,60,20250729,170000,25.16,25.17,25.135,25.17,1166,0
CGIB.US,60,20250729,180000,25.17,25.17,25.1481,25.1481,218,0
CGIB.US,60,20250729,190000,25.16,25.16,25.1326,25.1326,1774,0
CGIB.US,60,20250729,200000,25.1279,25.1279,25.1279,25.1279,147,0
CGIB.US,60,20250729,210000,25.13,25.13,25.13,25.13,100,0
CGIB.US,60,20250729,220000,25.15,25.16,25.15,25.16,592,0
CGIB.US,60,20250730,160000,25.13,25.16,25.1295,25.1295,2322,0
CGIB.US,60,20250730,170000,25.1596,25.16,25.13,25.145,3954,0
CGIB.US,60,20250730,180000,25.16,25.16,25.1599,25.1599,3400,0
CGIB.US,60,20250730,190000,25.1498,25.15,25.1498,25.15,1700,0
CGIB.US,60,20250730,200000,25.15,25.15,25.1498,25.1498,347,0
CGIB.US,60,20250730,210000,25.71,25.71,25.1399,25.1399,215,0
CGIB.US,60,20250730,220000,25.16,25.55,25.13,25.13,6270,0
CGIB.US,60,20250731,170000,25.17,25.17,25.15,25.165,1555,0
CGIB.US,60,20250731,180000,25.1691,25.17,25.1691,25.17,20061,0
CGIB.US,60,20250731,190000,25.17,25.1725,25.169,25.169,1695,0
CGIB.US,60,20250731,200000,25.18,25.18,25.16,25.18,4839,0
CGIB.US,60,20250731,210000,25.18,25.19,25.175,25.19,5103,0
CGIB.US,60,20250731,220000,25.185,25.19,25.17,25.19,9592,0
CGIB.US,60,20250801,160000,25.19,25.26,25.19,25.24,1612,0
CGIB.US,60,20250801,170000,25.2198,25.63,25.2,25.23,4157,0
CGIB.US,60,20250801,180000,25.2235,25.23,25.2235,25.2298,750,0
CGIB.US,60,20250801,190000,25.23,25.24,25.22,25.23,2538,0
CGIB.US,60,20250801,200000,25.24,25.25,25.24,25.25,848,0
CGIB.US,60,20250801,210000,25.25,25.25,25.25,25.25,100,0
CGIB.US,60,20250801,220000,25.25,25.25,25.244,25.244,495,0
CGIB.US,60,20250804,160000,25.19,25.19,25.19,25.19,100,0
CGIB.US,60,20250804,170000,25.18,25.18,25.17,25.1766,1041,0
CGIB.US,60,20250804,180000,25.18,25.21,25.18,25.21,1270,0
CGIB.US,60,20250804,190000,25.22,25.3399,25.21,25.245,2318,0
CGIB.US,60,20250804,200000,25.21,25.21,25.21,25.21,233,0
CGIB.US,60,20250804,210000,25.22,25.22,25.22,25.22,100,0
CGIB.US,60,20250804,220000,25.215,25.23,25.2,25.23,1099,0
CGIB.US,60,20250805,160000,25.243,25.25,25.2354,25.24,2519,0
CGIB.US,60,20250805,170000,25.2337,25.26,25.2337,25.25,1100,0
CGIB.US,60,20250805,180000,25.23,25.27,25.23,25.2528,4365,0
CGIB.US,60,20250805,200000,25.26,25.26,25.24,25.26,1219,0
CGIB.US,60,20250805,210000,25.2503,25.26,25.2503,25.26,230,0
CGIB.US,60,20250805,220000,25.27,25.27,25.27,25.27,354,0
CGIB.US,60,20250806,160000,25.2498,25.25,25.2498,25.25,777,0
CGIB.US,60,20250806,170000,25.2578,25.26,25.2429,25.2429,1210,0
CGIB.US,60,20250806,180000,25.25,25.26,25.23,25.245,10622,0
CGIB.US,60,20250806,190000,25.2592,25.2592,25.25,25.25,501,0
CGIB.US,60,20250806,200000,25.26,25.26,25.25,25.25,800,0
CGIB.US,60,20250806,210000,25.25,25.2501,25.25,25.25,1121,0
CGIB.US,60,20250806,220000,25.2683,25.27,25.25,25.26,4181,0
CGIB.US,60,20250807,170000,25.25,25.27,25.2499,25.26,2723,0
CGIB.US,60,20250807,180000,25.27,25.27,25.25,25.2697,5474,0
CGIB.US,60,20250807,190000,25.2538,25.27,25.2538,25.27,1427,0
CGIB.US,60,20250807,200000,25.27,25.27,25.2592,25.2592,1114,0
CGIB.US,60,20250807,210000,25.26,25.2699,25.255,25.255,2811,0
CGIB.US,60,20250807,220000,25.26,25.27,25.24,25.24,1738,0
CGIB.US,60,20250808,160000,25.2312,25.2312,25.2312,25.2312,128,0
CGIB.US,60,20250808,170000,25.24,25.25,25.2387,25.25,1069,0
CGIB.US,60,20250808,180000,25.2483,25.2483,25.24,25.2483,2123,0
CGIB.US,60,20250808,190000,25.24,25.2416,25.24,25.24,1121,0
CGIB.US,60,20250808,200000,25.24,25.25,25.237,25.24,1750,0
CGIB.US,60,20250808,210000,25.24,25.2425,25.23,25.24,2393,0
CGIB.US,60,20250808,220000,25.24,25.25,25.22,25.22,1666,0
CGIB.US,60,20250811,170000,25.27,25.28,25.27,25.28,828,0
CGIB.US,60,20250811,180000,25.27,25.2843,25.27,25.2785,7051,0
CGIB.US,60,20250811,190000,25.28,25.28,25.28,25.28,100,0
CGIB.US,60,20250811,200000,25.264,25.28,25.264,25.28,229,0
CGIB.US,60,20250811,210000,25.2785,25.2896,25.27,25.27,3047,0
CGIB.US,60,20250811,220000,25.26,25.28,25.22,25.22,986,0
CGIB.US,60,20250812,160000,25.22,25.22,25.21,25.21,770,0
CGIB.US,60,20250812,170000,25.21,25.22,25.205,25.205,4596,0
CGIB.US,60,20250812,180000,25.2025,25.2296,25.2025,25.2257,1626,0
CGIB.US,60,20250812,190000,25.2079,25.2079,25.2079,25.2079,613,0
CGIB.US,60,20250812,200000,25.203,25.22,25.1837,25.22,968,0
CGIB.US,60,20250812,220000,25.23,25.23,25.21,25.21,3929,0
CGIB.US,60,20250813,170000,25.32,25.32,25.25,25.27,2069,0
CGIB.US,60,20250813,180000,25.255,25.28,25.24,25.2796,840,0
CGIB.US,60,20250813,190000,25.28,25.28,25.25,25.27,6430,0
CGIB.US,60,20250813,200000,25.266,25.27,25.26,25.27,3375,0
CGIB.US,60,20250813,210000,25.27,25.2799,25.26,25.269,5850,0
CGIB.US,60,20250813,220000,25.28,25.28,25.26,25.27,1919,0
CGIB.US,60,20250814,160000,25.2392,25.2392,25.2392,25.2392,106,0
CGIB.US,60,20250814,170000,25.2325,25.25,25.23,25.24,3925,0
CGIB.US,60,20250814,180000,25.24,25.2599,25.23,25.25,3143,0
CGIB.US,60,20250814,190000,25.24,25.25,25.23,25.25,2578,0
CGIB.US,60,20250814,200000,25.25,25.26,25.22,25.25,5502,0
CGIB.US,60,20250814,210000,25.2335,25.2508,25.22,25.23,2320,0
CGIB.US,60,20250814,220000,25.2275,25.25,25.21,25.21,7626,0
CGIB.US,60,20250815,160000,25.18,25.19,25.18,25.19,200,0
CGIB.US,60,20250815,170000,25.177,25.2099,25.17,25.2099,7003,0
CGIB.US,60,20250815,180000,25.2,25.2,25.17,25.185,6972,0
CGIB.US,60,20250815,190000,25.2,25.2,25.1775,25.19,1449,0
CGIB.US,60,20250815,200000,25.185,25.2,25.17,25.18,1729,0
CGIB.US,60,20250815,210000,25.1706,25.18,25.1694,25.18,3176,0
CGIB.US,60,20250815,220000,25.17,25.18,25.16,25.16,1008,0
CGIB.US,60,20250818,160000,25.185,25.19,25.185,25.19,210,0
CGIB.US,60,20250818,170000,25.2,25.21,25.18,25.21,2386,0
CGIB.US,60,20250818,180000,25.18,25.2196,25.18,25.205,4182,0
CGIB.US,60,20250818,190000,25.21,25.22,25.2,25.2,1600,0
CGIB.US,60,20250818,200000,25.19,25.2,25.19,25.19,1901,0
CGIB.US,60,20250818,210000,25.19,25.2,25.19,25.19,1132,0
CGIB.US,60,20250818,220000,25.19,25.2,25.17,25.17,8561,0
CGIB.US,60,20250819,160000,25.17,25.17,25.17,25.17,100,0
CGIB.US,60,20250819,170000,25.19,25.2,25.1798,25.19,4920,0
CGIB.US,60,20250819,180000,25.19,25.2,25.19,25.2,532,0
CGIB.US,60,20250819,190000,25.195,25.1983,25.1675,25.1983,2191,0
CGIB.US,60,20250819,200000,25.18,25.18,25.1675,25.1675,1898,0
CGIB.US,60,20250819,210000,25.175,25.19,25.15,25.19,1790,0
CGIB.US,60,20250819,220000,25.1725,25.2,25.1678,25.2,1994,0
CGIB.US,60,20250820,160000,25.18,25.2,25.18,25.2,2000,0
CGIB.US,60,20250820,170000,25.19,25.1985,25.18,25.1985,3251,0
CGIB.US,60,20250820,180000,25.185,25.2,25.1805,25.2,1492,0
CGIB.US,60,20250820,190000,25.18,25.2,25.18,25.19,2150,0
CGIB.US,60,20250820,200000,25.2,25.33,25.17,25.199,14644,0
CGIB.US,60,20250820,210000,25.2,25.2,25.2,25.2,100,0
CGIB.US,60,20250820,220000,25.2,25.2,25.19,25.19,905,0
CGIB.US,60,20250821,160000,25.19,25.19,25.16,25.1695,2940,0
CGIB.US,60,20250821,170000,25.16,25.16,25.12,25.16,11321,0
CGIB.US,60,20250821,180000,25.145,25.16,25.145,25.155,1650,0
CGIB.US,60,20250821,190000,25.155,25.16,25.14,25.15,7288,0
CGIB.US,60,20250821,200000,25.145,25.15,25.13,25.14,5820,0
CGIB.US,60,20250821,210000,25.15,25.155,25.14,25.155,2700,0
CGIB.US,60,20250821,220000,25.155,25.16,25.13,25.13,9346,0
CGIB.US,60,20250822,170000,25.1425,25.54,25.1425,25.22,1561,0
CGIB.US,60,20250822,180000,25.2222,25.23,25.22,25.22,1507,0
CGIB.US,60,20250822,190000,25.22,25.2223,25.22,25.22,2229,0
CGIB.US,60,20250822,200000,25.22,25.2299,25.21,25.21,4036,0
CGIB.US,60,20250822,210000,25.2114,25.2131,25.21,25.2131,3449,0
CGIB.US,60,20250822,220000,25.21,25.22,25.2,25.22,5041,0
CGIB.US,60,20250825,160000,25.1508,25.1508,25.1508,25.1508,186,0
CGIB.US,60,20250825,170000,25.16,25.16,25.14,25.14,3919,0
CGIB.US,60,20250825,180000,25.1597,25.16,25.1597,25.1597,2343,0
CGIB.US,60,20250825,190000,25.1571,25.1572,25.1321,25.1321,594,0
CGIB.US,60,20250825,200000,25.1597,25.17,25.13,25.17,2696,0
CGIB.US,60,20250825,210000,25.17,25.2999,25.1699,25.2863,3314,0
CGIB.US,60,20250825,220000,25.22,25.22,25.14,25.14,432,0
CGIB.US,60,20250826,160000,25.16,25.18,25.16,25.18,1728,0
CGIB.US,60,20250826,170000,25.1883,25.1883,25.177,25.18,3252,0
CGIB.US,60,20250826,180000,25.19,25.19,25.1899,25.1899,880,0
CGIB.US,60,20250826,190000,25.19,25.19,25.19,25.19,474,0
CGIB.US,60,20250826,200000,25.19,25.19,25.1894,25.1894,731,0
CGIB.US,60,20250826,210000,25.19,25.209,25.1884,25.1884,804,0
CGIB.US,60,20250826,220000,25.2051,25.21,25.17,25.17,5972,0
CGIB.US,60,20250827,160000,25.17,25.18,25.15,25.15,1300,0
CGIB.US,60,20250827,170000,25.17,25.1826,25.17,25.18,3387,0
CGIB.US,60,20250827,180000,25.1861,25.19,25.18,25.18,749,0
CGIB.US,60,20250827,190000,25.19,25.19,25.1765,25.1898,3658,0
CGIB.US,60,20250827,200000,25.1768,25.19,25.15,25.1866,2546,0
CGIB.US,60,20250827,210000,25.19,25.19,25.19,25.19,376,0
CGIB.US,60,20250827,220000,25.19,25.19,25.17,25.17,461,0
CGIB.US,60,20250828,170000,25.1896,25.22,25.185,25.2,8603,0
CGIB.US,60,20250828,180000,25.2,25.23,25.2,25.21,8115,0
CGIB.US,60,20250828,190000,25.21,25.21,25.2,25.21,6136,0
CGIB.US,60,20250828,200000,25.21,25.22,25.19,25.19,1434,0
CGIB.US,60,20250828,210000,25.22,25.22,25.22,25.22,300,0
CGIB.US,60,20250828,220000,25.22,25.35,25.19,25.19,21114,0
CGIB.US,60,20250829,160000,25.19,25.19,25.19,25.19,100,0
CGIB.US,60,20250829,170000,25.198,25.199,25.1892,25.1892,3988,0
CGIB.US,60,20250829,180000,25.19,25.2,25.18,25.18,1905,0
CGIB.US,60,20250829,190000,25.19,25.1963,25.18,25.19,9037,0
CGIB.US,60,20250829,200000,25.2,25.2,25.1906,25.2,1342,0
CGIB.US,60,20250829,210000,25.19,25.21,25.19,25.19,651,0
CGIB.US,60,20250829,220000,25.2,25.21,25.17,25.17,2693,0
CGIB.US,60,20250902,160000,25.12,25.12,25.12,25.12,100,0
CGIB.US,60,20250902,170000,25.13,25.1499,25.125,25.14,2991,0
CGIB.US,60,20250902,180000,25.1005,25.125,25.1005,25.125,1782,0
CGIB.US,60,20250902,190000,25.14,25.1499,25.1225,25.14,3995,0
CGIB.US,60,20250902,200000,25.125,25.1495,25.1005,25.125,3762,0
CGIB.US,60,20250902,210000,25.1484,25.1484,25.123,25.14,730,0
CGIB.US,60,20250902,220000,25.125,25.15,25.123,25.125,3596,0
CGIB.US,60,20250903,160000,25.13,25.15,25.13,25.15,728,0
CGIB.US,60,20250903,170000,25.15,25.15,25.1338,25.15,3860,0
CGIB.US,60,20250903,180000,25.14,25.16,25.14,25.15,5262,0
CGIB.US,60,20250903,190000,25.15,25.16,25.1405,25.1405,719,0
CGIB.US,60,20250903,200000,25.15,25.16,25.145,25.145,12751,0
CGIB.US,60,20250903,210000,25.16,25.19,25.157,25.19,37125,0
CGIB.US,60,20250903,220000,25.2,25.22,25.19,25.22,4116,0
CGIB.US,60,20250904,160000,25.2199,25.2199,25.165,25.18,443,0
CGIB.US,60,20250904,170000,25.1764,25.18,25.1692,25.1784,5508,0
CGIB.US,60,20250904,180000,25.18,25.1899,25.1783,25.1899,2074,0
CGIB.US,60,20250904,190000,25.19,25.22,25.16,25.2,5246,0
CGIB.US,60,20250904,200000,25.2,25.2,25.17,25.18,25837,0
CGIB.US,60,20250904,210000,25.19,25.19,25.19,25.19,250,0
CGIB.US,60,20250904,220000,25.19,25.25,25.18,25.25,359028,0
CGIB.US,60,20250905,160000,25.27,25.28,25.27,25.28,395,0
CGIB.US,60,20250905,170000,25.28,25.29,25.265,25.29,4575,0
CGIB.US,60,20250905,180000,25.2993,25.34,25.2993,25.33,3014,0
CGIB.US,60,20250905,190000,25.33,25.33,25.31,25.32,3277,0
CGIB.US,60,20250905,200000,25.32,25.33,25.32,25.33,2622,0
CGIB.US,60,20250905,210000,25.32,25.33,25.32,25.32,12573,0
CGIB.US,60,20250905,220000,25.33,25.34,25.3,25.3,24133,0
CGIB.US,60,20250908,170000,25.31,25.32,25.29,25.3,16982,0
CGIB.US,60,20250908,180000,25.31,25.31,25.3,25.31,3044,0
CGIB.US,60,20250908,190000,25.31,25.32,25.3,25.3,7791,0
CGIB.US,60,20250908,200000,25.31,25.31,25.29,25.3,5781,0
CGIB.US,60,20250908,210000,25.31,25.31,25.3,25.3,5676,0
CGIB.US,60,20250908,220000,25.3,25.31,25.29,25.29,6146,0
CGIB.US,60,20250909,160000,25.28,25.28,25.265,25.265,1112,0
CGIB.US,60,20250909,170000,25.28,25.3,25.28,25.28,21458,0
CGIB.US,60,20250909,180000,25.27,25.29,25.27,25.2826,34679,0
CGIB.US,60,20250909,190000,25.2792,25.29,25.27,25.272,4413,0
CGIB.US,60,20250909,200000,25.29,25.3,25.2805,25.2805,483,0
CGIB.US,60,20250909,210000,25.3,25.3,25.289,25.29,1083,0
CGIB.US,60,20250909,220000,25.3,25.3,25.27,25.27,1114,0
CGIB.US,60,20250910,170000,25.28,25.315,25.28,25.315,31557,0
CGIB.US,60,20250910,180000,25.3,25.32,25.3,25.3198,5349,0
CGIB.US,60,20250910,190000,25.315,25.4182,25.315,25.3299,6412,0
CGIB.US,60,20250910,200000,25.33,25.33,25.3246,25.33,1627,0
CGIB.US,60,20250910,210000,25.33,25.34,25.3235,25.34,456,0
CGIB.US,60,20250910,220000,25.34,25.34,25.32,25.32,1076,0
CGIB.US,60,20250911,170000,25.32,25.33,25.3198,25.33,6976,0
CGIB.US,60,20250911,180000,25.33,25.35,25.33,25.344,2220,0
CGIB.US,60,20250911,190000,25.35,25.36,25.3402,25.36,1708,0
CGIB.US,60,20250911,200000,25.36,25.37,25.3502,25.37,1978,0
CGIB.US,60,20250911,210000,25.35,25.37,25.35,25.36,5051,0
CGIB.US,60,20250911,220000,25.35,25.37,25.35,25.35,6581,0
CGIB.US,60,20250912,160000,25.28,25.28,25.28,25.28,972,0
CGIB.US,60,20250912,170000,25.3136,25.33,25.31,25.33,4555,0
CGIB.US,60,20250912,180000,25.3268,25.33,25.32,25.325,6607,0
CGIB.US,60,20250912,190000,25.325,25.34,25.32,25.33,5699,0
CGIB.US,60,20250912,200000,25.33,25.33,25.327,25.327,337,0
CGIB.US,60,20250912,210000,25.33,25.333,25.33,25.33,676,0
CGIB.US,60,20250912,220000,25.33,25.33,25.32,25.32,4861,0
CGIB.US,60,20250915,160000,25.315,25.34,25.315,25.3217,900,0
CGIB.US,60,20250915,170000,25.34,25.34,25.3217,25.34,852,0
CGIB.US,60,20250915,180000,25.3379,25.35,25.3379,25.35,3599,0
CGIB.US,60,20250915,190000,25.339,25.35,25.3301,25.3491,1715,0
CGIB.US,60,20250915,200000,25.35,25.36,25.347,25.36,1459,0
CGIB.US,60,20250915,210000,25.367,25.37,25.367,25.37,292,0
CGIB.US,60,20250915,220000,25.37,25.51,25.36,25.51,43019,0
CGIB.US,60,20250916,160000,25.34,25.3493,25.34,25.3493,528,0
CGIB.US,60,20250916,170000,25.35,25.36,25.34,25.34,5505,0
CGIB.US,60,20250916,180000,25.3435,25.3594,25.3435,25.3503,594,0
CGIB.US,60,20250916,190000,25.36,25.37,25.36,25.37,1783,0
CGIB.US,60,20250916,200000,25.37,25.37,25.36,25.365,6361,0
CGIB.US,60,20250916,210000,25.3668,25.37,25.35,25.36,11208,0
CGIB.US,60,20250916,220000,25.36,25.38,25.35,25.38,16474,0
CGIB.US,60,20250917,160000,25.37,25.37,25.37,25.37,100,0
CGIB.US,60,20250917,170000,25.3899,25.39,25.379,25.38,6504,0
CGIB.US,60,20250917,180000,25.38,25.39,25.38,25.38,8086,0
CGIB.US,60,20250917,190000,25.39,25.39,25.38,25.38,10402,0
CGIB.US,60,20250917,200000,25.379,25.39,25.379,25.39,1635,0
CGIB.US,60,20250917,210000,25.4,25.44,25.4,25.42,2172,0
CGIB.US,60,20250917,220000,25.43,25.44,25.35,25.35,5205,0
CGIB.US,60,20250918,160000,25.3583,25.3583,25.35,25.35,888,0
CGIB.US,60,20250918,170000,25.36,25.36,25.35,25.35,3444,0
CGIB.US,60,20250918,180000,25.35,25.36,25.35,25.35,5255,0
CGIB.US,60,20250918,190000,25.3524,25.3598,25.35,25.35,1851,0
CGIB.US,60,20250918,200000,25.3594,25.3598,25.35,25.35,1758,0
CGIB.US,60,20250918,210000,25.3591,25.3591,25.349,25.349,581,0
CGIB.US,60,20250918,220000,25.3592,25.37,25.34,25.36,3799,0
CGIB.US,60,20250919,170000,25.35,25.36,25.34,25.3583,3560,0
CGIB.US,60,20250919,180000,25.35,25.36,25.3481,25.3492,5911,0
CGIB.US,60,20250919,190000,25.3595,25.36,25.3492,25.3492,972,0
CGIB.US,60,20250919,200000,25.36,25.37,25.35,25.36,7110,0
CGIB.US,60,20250919,220000,25.37,25.37,25.35,25.35,13199,0
CGIB.US,60,20250922,160000,25.37,25.37,25.37,25.37,100,0
CGIB.US,60,20250922,170000,25.3531,25.39,25.3531,25.39,5511,0
CGIB.US,60,20250922,180000,25.4,25.4,25.38,25.38,6461,0
CGIB.US,60,20250922,190000,25.38,25.39,25.3701,25.38,5848,0
CGIB.US,60,20250922,200000,25.37,25.3899,25.37,25.38,947,0
CGIB.US,60,20250922,210000,25.38,25.38,25.38,25.38,1784,0
CGIB.US,60,20250922,220000,25.38,25.39,25.32,25.32,3286,0
CGIB.US,60,20250923,170000,25.36,25.38,25.34,25.355,8634,0
CGIB.US,60,20250923,190000,25.35,25.35,25.337,25.337,7575,0
CGIB.US,60,20250923,200000,25.34,25.35,25.3319,25.3394,2743,0
CGIB.US,60,20250923,210000,25.35,25.35,25.3394,25.3394,575,0
CGIB.US,60,20250923,220000,25.35,25.38,25.3499,25.3595,13280,0
CGIB.US,60,20250924,170000,25.36,25.36,25.345,25.35,7363,0
CGIB.US,60,20250924,180000,25.35,25.36,25.34,25.34,791,0
CGIB.US,60,20250924,190000,25.35,25.36,25.35,25.36,2449,0
CGIB.US,60,20250924,200000,25.3494,25.36,25.3494,25.36,712,0
CGIB.US,60,20250924,210000,25.36,25.36,25.35,25.36,1188,0
CGIB.US,60,20250924,220000,25.3588,25.38,25.34,25.34,1440,0
CGIB.US,60,20250925,160000,25.3534,25.3534,25.33,25.33,1587,0
CGIB.US,60,20250925,170000,25.35,25.35,25.3241,25.3397,7753,0
CGIB.US,60,20250925,180000,25.33,25.3391,25.32,25.3298,8340,0
CGIB.US,60,20250925,190000,25.32,25.33,25.32,25.32,2103,0
CGIB.US,60,20250925,200000,25.33,25.33,25.3119,25.32,1639,0
CGIB.US,60,20250925,210000,25.3294,25.33,25.3176,25.33,2944,0
CGIB.US,60,20250925,220000,25.33,25.34,25.31,25.31,4053,0
CGIB.US,60,20250926,160000,25.32,25.33,25.32,25.33,838,0
CGIB.US,60,20250926,170000,25.3288,25.3466,25.3288,25.3466,583,0
CGIB.US,60,20250926,180000,25.33,25.3498,25.33,25.34,5628,0
CGIB.US,60,20250926,190000,25.34,25.34,25.324,25.324,456,0
CGIB.US,60,20250926,200000,25.35,25.35,25.3379,25.3379,5218,0
CGIB.US,60,20250926,210000,25.34,25.3483,25.34,25.34,1120,0
CGIB.US,60,20250926,220000,25.35,25.35,25.33,25.35,3497,0
CGIB.US,60,20250929,170000,25.3399,25.34,25.315,25.34,2836,0
CGIB.US,60,20250929,180000,25.3497,25.35,25.34,25.3492,2728,0
CGIB.US,60,20250929,190000,25.34,25.35,25.337,25.34,7268,0
CGIB.US,60,20250929,200000,25.345,25.35,25.3406,25.3497,3334,0
CGIB.US,60,20250929,210000,25.3498,25.35,25.3498,25.3498,1736,0
CGIB.US,60,20250929,220000,25.3479,25.35,25.33,25.33,722,0
CGIB.US,60,20250930,160000,25.32,25.34,25.32,25.3254,724,0
CGIB.US,60,20250930,170000,25.34,25.34,25.3335,25.34,3308,0
CGIB.US,60,20250930,180000,25.34,25.35,25.3397,25.35,5379,0
CGIB.US,60,20250930,190000,25.35,25.35,25.34,25.35,4056,0
CGIB.US,60,20250930,200000,25.3498,25.35,25.34,25.35,818,0
CGIB.US,60,20250930,210000,25.34,25.4,25.34,25.37,7454,0
CGIB.US,60,20250930,220000,25.37,25.39,25.37,25.39,4073,0
CGIB.US,60,20251001,170000,25.369,25.38,25.36,25.36,2511,0
CGIB.US,60,20251001,180000,25.3672,25.3672,25.35,25.36,5401,0
CGIB.US,60,20251001,190000,25.3683,25.3683,25.3537,25.36,401,0
CGIB.US,60,20251001,200000,25.36,25.36,25.35,25.35,251221,0
CGIB.US,60,20251001,210000,25.36,25.37,25.345,25.364,43917,0
CGIB.US,60,20251001,220000,25.37,25.39,25.37,25.39,3693,0
CGIB.US,60,20251002,160000,25.337,25.337,25.337,25.337,477,0
CGIB.US,60,20251002,170000,25.35,25.35,25.35,25.35,7602,0
CGIB.US,60,20251002,180000,25.35,25.3699,25.348,25.348,3614,0
CGIB.US,60,20251002,190000,25.36,25.36,25.3488,25.3488,572,0
CGIB.US,60,20251002,200000,25.37,25.3797,25.36,25.3797,4667,0
CGIB.US,60,20251002,210000,25.3709,25.38,25.3605,25.37,1878,0
CGIB.US,60,20251002,220000,25.38,25.38,25.35,25.35,1186,0
CGIB.US,60,20251003,160000,25.38,25.38,25.3799,25.38,688,0
CGIB.US,60,20251003,170000,25.3699,25.38,25.3699,25.3795,5834,0
CGIB.US,60,20251003,180000,25.3724,25.389,25.37,25.375,6610,0
CGIB.US,60,20251003,190000,25.39,25.39,25.375,25.38,5976,0
CGIB.US,60,20251003,200000,25.38,25.39,25.377,25.38,2489,0
CGIB.US,60,20251003,210000,25.39,25.39,25.37,25.39,8209,0
CGIB.US,60,20251003,220000,25.38,25.38,25.36,25.36,3931,0
CGIB.US,60,20251006,160000,25.35,25.35,25.35,25.35,100,0
CGIB.US,60,20251006,170000,25.36,25.36,25.3352,25.34,7630,0
CGIB.US,60,20251006,180000,25.35,25.35,25.35,25.35,503,0
CGIB.US,60,20251006,190000,25.35,25.37,25.3493,25.353,9484,0
CGIB.US,60,20251006,200000,25.36,25.36,25.34,25.347,1688,0
CGIB.US,60,20251006,210000,25.36,25.37,25.3505,25.36,3820,0
CGIB.US,60,20251006,220000,25.3593,25.4,25.34,25.34,11444,0
CGIB.US,60,20251007,160000,25.31,25.32,25.31,25.32,1876,0
CGIB.US,60,20251007,170000,25.32,25.32,25.307,25.31,7185,0
CGIB.US,60,20251007,180000,25.32,25.32,25.315,25.32,4378,0
CGIB.US,60,20251007,190000,25.32,25.73,25.32,25.32,13745,0
CGIB.US,60,20251007,200000,25.32,25.33,25.319,25.33,2591,0
CGIB.US,60,20251007,210000,25.32,25.34,25.32,25.34,5012,0
CGIB.US,60,20251007,220000,25.31,25.34,25.31,25.31,2032,0
CGIB.US,60,20251008,160000,25.32,25.33,25.32,25.33,1647,0
CGIB.US,60,20251008,170000,25.355,25.401,25.34,25.35,12497,0
CGIB.US,60,20251008,180000,25.35,25.35,25.3476,25.3476,900,0
CGIB.US,60,20251008,190000,25.359,25.37,25.34,25.37,7365,0
CGIB.US,60,20251008,200000,25.37,25.37,25.35,25.36,3700,0
CGIB.US,60,20251008,210000,25.357,25.37,25.3519,25.357,1082,0
CGIB.US,60,20251008,220000,25.37,25.37,25.34,25.34,7313,0
CGIB.US,60,20251009,170000,25.35,25.36,25.33,25.35,14232,0
CGIB.US,60,20251009,180000,25.35,25.35,25.34,25.34,216,0
CGIB.US,60,20251009,190000,25.3599,25.3599,25.34,25.34,2089,0
CGIB.US,60,20251009,200000,25.348,25.3599,25.3446,25.35,2211,0
CGIB.US,60,20251009,210000,25.34,25.35,25.34,25.35,252,0
CGIB.US,60,20251009,220000,25.36,25.36,25.32,25.32,1830,0
CGIB.US,60,20251010,160000,25.3698,25.37,25.3698,25.3699,1282,0
CGIB.US,60,20251010,170000,25.37,25.37,25.3571,25.3571,4459,0
CGIB.US,60,20251010,180000,25.37,25.37,25.367,25.37,3595,0
CGIB.US,60,20251010,190000,25.37,25.3886,25.37,25.37,730,0
CGIB.US,60,20251010,200000,25.3896,25.39,25.364,25.3896,4176,0
CGIB.US,60,20251010,210000,25.39,25.39,25.3501,25.3899,4191,0
CGIB.US,60,20251010,220000,25.4,25.42,25.4,25.42,1867,0
CGIB.US,60,20251013,170000,25.36,25.36,25.3566,25.36,551,0
CGIB.US,60,20251013,180000,25.36,25.36,25.36,25.36,200,0
CGIB.US,60,20251013,190000,25.3599,25.37,25.3535,25.37,7735,0
CGIB.US,60,20251013,200000,25.3996,25.41,25.3917,25.3917,7388,0
CGIB.US,60,20251013,210000,25.41,25.43,25.41,25.43,3647,0
CGIB.US,60,20251013,220000,25.43,25.46,25.43,25.43,11669,0
CGIB.US,60,20251014,160000,25.46,25.46,25.46,25.46,100,0
CGIB.US,60,20251014,170000,25.42,25.42,25.4149,25.4149,1674,0
CGIB.US,60,20251014,180000,25.42,25.42,25.41,25.41,10623,0
CGIB.US,60,20251014,190000,25.42,25.46,25.42,25.45,9901,0
CGIB.US,60,20251014,200000,25.432,25.46,25.432,25.4557,852,0
CGIB.US,60,20251014,210000,25.4599,25.46,25.4417,25.46,600,0
CGIB.US,60,20251014,220000,25.435,25.46,25.41,25.4595,1553,0
CGIB.US,60,20251015,160000,25.47,25.48,25.47,25.48,200,0
CGIB.US,60,20251015,170000,25.4816,25.49,25.479,25.48,7106,0
CGIB.US,60,20251015,180000,25.48,25.52,25.4789,25.51,8056,0
CGIB.US,60,20251015,190000,25.505,25.5299,25.505,25.505,2215,0
CGIB.US,60,20251015,200000,25.52,25.52,25.48,25.5072,3054,0
CGIB.US,60,20251015,210000,25.491,25.491,25.491,25.491,211,0
CGIB.US,60,20251015,220000,25.52,25.52,25.46,25.46,17578,0
CGIB.US,60,20251016,170000,25.51,25.52,25.497,25.51,13350,0
CGIB.US,60,20251016,180000,25.5179,25.52,25.5,25.52,6669,0
CGIB.US,60,20251016,190000,25.5198,25.52,25.51,25.52,5146,0
CGIB.US,60,20251016,200000,25.52,25.65,25.507,25.56,8217,0
CGIB.US,60,20251016,210000,25.5515,25.6,25.55,25.57,15852,0
CGIB.US,60,20251016,220000,25.5651,25.58,25.56,25.56,6443,0
CGIB.US,60,20251017,160000,25.5126,25.5126,25.51,25.51,292,0
CGIB.US,60,20251017,170000,25.521,25.54,25.5,25.54,5350,0
CGIB.US,60,20251017,180000,25.54,25.549,25.52,25.54,10815,0
CGIB.US,60,20251017,190000,25.54,25.5499,25.52,25.52,5596,0
CGIB.US,60,20251017,200000,25.55,25.56,25.5,25.5264,4961,0
CGIB.US,60,20251017,210000,25.53,25.56,25.53,25.55,1346,0
CGIB.US,60,20251017,220000,25.56,25.56,25.5,25.55,20406,0
CGIB.US,60,20251020,160000,25.55,25.57,25.55,25.5665,2945,0
CGIB.US,60,20251020,170000,25.56,25.56,25.55,25.56,12495,0
CGIB.US,60,20251020,180000,25.5691,25.5691,25.5546,25.5546,652,0
CGIB.US,60,20251020,190000,25.56,25.56,25.55,25.55,913,0
CGIB.US,60,20251020,200000,25.56,25.56,25.56,25.56,200,0
CGIB.US,60,20251020,210000,25.5557,25.57,25.55,25.55,7720,0
CGIB.US,60,20251020,220000,25.57,25.57,25.53,25.53,1640,0
CGIB.US,60,20251021,170000,25.545,25.56,25.545,25.55,11665,0
CGIB.US,60,20251021,180000,25.55,25.56,25.5429,25.5592,3614,0
CGIB.US,60,20251021,190000,25.56,25.56,25.55,25.55,3513,0
CGIB.US,60,20251021,200000,25.5588,25.5655,25.5588,25.56,1532,0
CGIB.US,60,20251021,210000,25.5515,25.56,25.5515,25.56,3291,0
CGIB.US,60,20251021,220000,25.56,25.5675,25.53,25.53,5578,0
CGIB.US,60,20251022,160000,25.54,25.54,25.5216,25.54,4080,0
CGIB.US,60,20251022,170000,25.555,25.58,25.5302,25.5528,16284,0
CGIB.US,60,20251022,180000,25.5699,25.5798,25.56,25.5798,2743,0
CGIB.US,60,20251022,190000,25.578,25.58,25.56,25.56,2022,0
CGIB.US,60,20251022,200000,25.58,25.59,25.5705,25.5788,2923,0
CGIB.US,60,20251022,210000,25.5788,25.59,25.5778,25.5778,4656,0
CGIB.US,60,20251022,220000,25.5865,25.6,25.58,25.58,3637,0
CGIB.US,60,20251023,160000,25.59,25.59,25.59,25.59,100,0
CGIB.US,60,20251023,170000,25.5899,25.5999,25.56,25.5966,8318,0
CGIB.US,60,20251023,180000,25.58,25.6,25.58,25.6,2139,0
CGIB.US,60,20251023,190000,25.58,25.6,25.574,25.599,2559,0
CGIB.US,60,20251023,200000,25.58,25.5843,25.5782,25.5843,1221,0
CGIB.US,60,20251023,210000,25.5999,25.6,25.5999,25.6,1118,0
CGIB.US,60,20251023,220000,25.6,25.61,25.59,25.59,10951,0
CGIB.US,60,20251024,160000,25.58,25.58,25.58,25.58,289,0
CGIB.US,60,20251024,170000,25.58,25.6,25.56,25.56,5940,0
CGIB.US,60,20251024,180000,25.6,25.6,25.56,25.5862,998,0
CGIB.US,60,20251024,190000,25.574,25.6,25.574,25.596,3240,0
CGIB.US,60,20251024,200000,25.58,25.6,25.56,25.59,5036,0
CGIB.US,60,20251024,210000,25.59,25.6,25.574,25.5994,4277,0
CGIB.US,60,20251024,220000,25.5991,25.5991,25.56,25.56,1306,0
CGIB.US,60,20251027,150000,25.59,25.59,25.586571,25.586571,2548,0
CGIB.US,60,20251027,160000,25.58,25.6,25.58,25.59,13513,0
CGIB.US,60,20251027,170000,25.575,25.6,25.575,25.5995,36116,0
CGIB.US,60,20251027,180000,25.5999,25.6,25.572,25.572,6473,0
CGIB.US,60,20251027,190000,25.6,25.6,25.575,25.6,2671,0
CGIB.US,60,20251027,200000,25.6,25.6,25.6,25.6,222,0
CGIB.US,60,20251027,210000,25.575,25.91,25.575,25.75,10464,0
CGIB.US,60,20251028,150000,25.62,25.62,25.62,25.62,100,0
CGIB.US,60,20251028,160000,25.6273,25.6353,25.6075,25.615,2765,0
CGIB.US,60,20251028,170000,25.63,26.09,25.58,25.63,49449,0
CGIB.US,60,20251028,180000,25.64,25.64,25.63,25.64,5673,0
CGIB.US,60,20251028,190000,25.64,25.64,25.6079,25.62,7765,0
CGIB.US,60,20251028,200000,25.62,25.62,25.6195,25.6195,1868,0
CGIB.US,60,20251028,210000,25.6195,25.62,25.6046,25.62,18418,0
CGIB.US,60,20251029,150000,25.6,25.61,25.6,25.61,366,0
CGIB.US,60,20251029,160000,25.6,25.61,25.58,25.585,9917,0
CGIB.US,60,20251029,170000,25.59,25.6,25.5835,25.59,3228,0
CGIB.US,60,20251029,180000,25.6,25.61,25.58,25.59,24118,0
CGIB.US,60,20251029,190000,25.5968,25.63,25.588,25.62,51972,0
CGIB.US,60,20251029,200000,25.62,25.6286,25.6,25.6,1965,0
CGIB.US,60,20251029,210000,25.6,25.61,25.56,25.56,9809,0
CGIB.US,60,20251030,150000,25.57,25.57,25.57,25.57,100,0
CGIB.US,60,20251030,160000,25.57,25.58,25.56,25.57,13369,0
CGIB.US,60,20251030,170000,25.565,25.58,25.5644,25.5644,3689,0
CGIB.US,60,20251030,180000,25.5698,25.58,25.5642,25.58,11925,0
CGIB.US,60,20251030,190000,25.5895,25.59,25.5626,25.58,110961,0
CGIB.US,60,20251030,200000,25.58,25.58,25.57,25.5787,2917,0
CGIB.US,60,20251030,210000,25.59,25.6,25.56,25.585,4144,0
CGIB.US,60,20251031,150000,25.59,25.6099,25.59,25.59,2700,0
CGIB.US,60,20251031,160000,25.6,25.61,25.57,25.59,26547,0
CGIB.US,60,20251031,170000,25.585,25.6,25.57,25.59,8383,0
CGIB.US,60,20251031,180000,25.59,25.61,25.5767,25.595,11404,0
CGIB.US,60,20251031,190000,25.6,25.61,25.5895,25.61,7923,0
CGIB.US,60,20251031,200000,25.61,25.62,25.6088,25.62,3001,0
CGIB.US,60,20251031,210000,25.62,25.67,25.6,25.61,22505,0
CGIB.US,60,20251103,160000,25.5701,25.5701,25.5701,25.5701,410,0
CGIB.US,60,20251103,170000,25.59,25.603,25.57,25.59,13395,0
CGIB.US,60,20251103,180000,25.58,25.59,25.57,25.57,2371,0
CGIB.US,60,20251103,190000,25.59,25.59,25.58,25.58,600,0
CGIB.US,60,20251103,200000,25.59,25.59,25.53,25.57,4055,0
CGIB.US,60,20251103,210000,25.555,25.57,25.5301,25.5546,7334,0
CGIB.US,60,20251103,220000,25.58,25.63,25.57,25.59,5595,0
CGIB.US,60,20251104,160000,25.58,25.58,25.5785,25.5785,1023,0
CGIB.US,60,20251104,170000,25.575,25.6,25.5575,25.57,22128,0
CGIB.US,60,20251104,180000,25.565,25.58,25.5625,25.5625,874,0
CGIB.US,60,20251104,190000,25.5895,25.5895,25.5644,25.565,2991,0
CGIB.US,60,20251104,200000,25.56,25.57,25.558,25.56,4385,0
CGIB.US,60,20251104,210000,25.57,25.57,25.56,25.57,589,0
CGIB.US,60,20251104,220000,25.57,25.59,25.57,25.58,2952,0
CGIB.US,60,20251105,160000,25.5575,25.57,25.5575,25.57,996,0
CGIB.US,60,20251105,170000,25.58,25.5888,25.54,25.56,10000,0
CGIB.US,60,20251105,180000,25.55,25.5695,25.55,25.56,2531,0
CGIB.US,60,20251105,190000,25.55,25.57,25.54,25.55,8037,0
CGIB.US,60,20251105,200000,25.55,25.5699,25.55,25.55,1959,0
CGIB.US,60,20251105,210000,25.556,25.56,25.548,25.55,1966,0
CGIB.US,60,20251105,220000,25.56,25.57,25.54,25.54,8289,0
CGIB.US,60,20251106,160000,25.5809,25.585,25.5809,25.585,362,0
CGIB.US,60,20251106,170000,25.5869,25.5982,25.57,25.58,12294,0
CGIB.US,60,20251106,180000,25.57,25.59,25.57,25.58,10996,0
CGIB.US,60,20251106,190000,25.58,25.59,25.579,25.579,1378653,0
CGIB.US,60,20251106,200000,25.58,25.58,25.5722,25.58,2119,0
CGIB.US,60,20251106,210000,25.5899,25.5899,25.57,25.58,3571,0
CGIB.US,60,20251106,220000,25.58,25.59,25.55,25.55,11823,0
CGIB.US,60,20251107,160000,25.52,25.52,25.5128,25.5128,1468,0
CGIB.US,60,20251107,170000,25.52,25.54,25.52,25.5385,19394,0
CGIB.US,60,20251107,180000,25.5,25.5499,25.5,25.51,8551,0
CGIB.US,60,20251107,190000,25.54,25.54,25.525,25.53,4366,0
CGIB.US,60,20251107,200000,25.5205,25.58,25.5205,25.58,2439,0
CGIB.US,60,20251107,210000,25.6,25.6,25.6,25.6,800,0
CGIB.US,60,20251107,220000,25.5834,25.585,25.5107,25.56,5354,0
CGIB.US,60,20251110,160000,25.53,25.55,25.53,25.539838,915,0
CGIB.US,60,20251110,170000,25.5495,25.55,25.5494,25.55,1123,0
CGIB.US,60,20251110,180000,25.54,25.55,25.53,25.54,14102,0
CGIB.US,60,20251110,190000,25.549,25.549,25.53,25.53,1636,0
CGIB.US,60,20251110,200000,25.53,25.54,25.53,25.54,5517,0
CGIB.US,60,20251110,210000,25.5395,25.54,25.5395,25.54,725,0
CGIB.US,60,20251110,220000,25.5395,25.61,25.51,25.51,14112,0
CGIB.US,60,20251111,160000,25.5677,25.579,25.5677,25.579,2003,0
CGIB.US,60,20251111,170000,25.57,25.6,25.56,25.6,1513,0
CGIB.US,60,20251111,180000,25.6,25.6,25.55,25.577,10508,0
CGIB.US,60,20251111,190000,25.55,25.59,25.541,25.5717,9935,0
CGIB.US,60,20251111,200000,25.59,25.59,25.57,25.5784,7462,0
CGIB.US,60,20251111,210000,25.59,25.59,25.571,25.577,767,0
CGIB.US,60,20251111,220000,25.5899,25.62,25.571,25.58,11589,0
CGIB.US,60,20251112,160000,25.58,25.58,25.561,25.561,2575,0
CGIB.US,60,20251112,170000,25.561,25.595,25.54,25.551,14367,0
CGIB.US,60,20251112,180000,25.551,25.551,25.551,25.551,100,0
CGIB.US,60,20251112,190000,25.5825,25.6,25.58,25.5841,7825,0
CGIB.US,60,20251112,200000,25.6,25.707,25.581,25.61,16953,0
CGIB.US,60,20251112,210000,25.625,25.64,25.61,25.64,93297,0
CGIB.US,60,20251112,220000,25.639,25.64,25.611,25.64,3274,0
CGIB.US,60,20251113,160000,25.53,25.53,25.5264,25.5264,614,0
CGIB.US,60,20251113,170000,25.549,25.55,25.51,25.52,21057,0
CGIB.US,60,20251113,180000,25.52,25.54,25.52,25.54,1275,0
CGIB.US,60,20251113,190000,25.53,25.5393,25.521,25.529,1817,0
CGIB.US,60,20251113,200000,25.53,25.54,25.521,25.54,2106,0
CGIB.US,60,20251113,210000,25.54,25.54,25.527,25.53,1241,0
CGIB.US,60,20251113,220000,25.53,25.54,25.511,25.53,9439,0
CGIB.US,60,20251114,170000,25.5,25.5,25.49,25.4999,7436,0
CGIB.US,60,20251114,180000,25.49,25.49,25.461,25.4843,18091,0
CGIB.US,60,20251114,190000,25.48,25.4891,25.461,25.4786,6846,0
CGIB.US,60,20251114,200000,25.475,25.475,25.461,25.461,1165,0
CGIB.US,60,20251114,210000,25.4893,25.49,25.461,25.48,4109,0
CGIB.US,60,20251114,220000,25.48,25.49,25.47,25.475,7016,0
CGIB.US,60,20251117,160000,25.52,25.52,25.52,25.52,113,0
CGIB.US,60,20251117,170000,25.5,25.5,25.47,25.47,16453,0
CGIB.US,60,20251117,180000,25.481,25.4828,25.471,25.4828,406,0
CGIB.US,60,20251117,190000,25.483,25.49,25.48,25.48,3671,0
CGIB.US,60,20251117,200000,25.48,25.49,25.471,25.471,7257,0
CGIB.US,60,20251117,210000,25.48,25.49,25.471,25.48,4817,0
CGIB.US,60,20251117,220000,25.4804,25.5,25.47,25.47,4264,0
CGIB.US,60,20251118,170000,25.5,25.5,25.48,25.4848,9945,0
CGIB.US,60,20251118,180000,25.48,25.5,25.461,25.5,3651,0
CGIB.US,60,20251118,190000,25.49,25.5,25.49,25.5,200,0
CGIB.US,60,20251118,200000,25.48,25.5,25.461,25.49,4598,0
CGIB.US,60,20251118,210000,25.4601,25.482662,25.4601,25.461,2005,0
CGIB.US,60,20251118,220000,25.49,25.5,25.461,25.49,3102,0
CGIB.US,60,20251119,160000,25.48,25.48,25.48,25.48,100,0
CGIB.US,60,20251119,170000,25.4918,25.4918,25.45,25.461,7524,0
CGIB.US,60,20251119,180000,25.47,25.47,25.44,25.441,18207,0
CGIB.US,60,20251119,190000,25.45,25.46,25.44,25.46,7985,0
CGIB.US,60,20251119,200000,25.46,25.46,25.4594,25.4594,660,0
CGIB.US,60,20251119,210000,25.46,25.46,25.45,25.46,868,0
CGIB.US,60,20251119,220000,25.46,25.46,25.411,25.43,40565,0
CGIB.US,60,20251120,160000,25.465,25.4735,25.465,25.4735,347,0
CGIB.US,60,20251120,170000,25.49,25.49,25.461,25.47,8196,0
CGIB.US,60,20251120,180000,25.4602,25.487,25.45,25.459,15764,0
CGIB.US,60,20251120,190000,25.46,25.47,25.451,25.451,2917,0
CGIB.US,60,20251120,200000,25.4683,25.47,25.451,25.47,4127,0
CGIB.US,60,20251120,210000,25.46,25.48,25.451,25.461,4888,0
CGIB.US,60,20251120,220000,25.48,25.49,25.46,25.47,9907,0
CGIB.US,60,20251121,160000,25.5011,25.5011,25.5011,25.5011,600,0
CGIB.US,60,20251121,170000,25.51,25.53,25.5,25.511,3683,0
CGIB.US,60,20251121,180000,25.52,25.522,25.49,25.511,13668,0
CGIB.US,60,20251121,190000,25.51,25.5283,25.491,25.5283,92262,0
CGIB.US,60,20251121,200000,25.52,25.55,25.491,25.5494,6039,0
CGIB.US,60,20251121,210000,25.532,25.55,25.53,25.55,539,0
CGIB.US,60,20251121,220000,25.55,25.55,25.52,25.521,5705,0
CGIB.US,60,20251124,160000,25.5135,25.5135,25.51,25.51,274,0
CGIB.US,60,20251124,170000,25.5004,25.53,25.49,25.51,16539,0
CGIB.US,60,20251124,180000,25.52,25.53,25.505,25.53,3147,0
CGIB.US,60,20251124,190000,25.5161,25.53,25.511,25.53,5189,0
CGIB.US,60,20251124,200000,25.5218,25.54,25.51,25.54,2093,0
CGIB.US,60,20251124,210000,25.5274,25.55,25.525,25.54,2856,0
CGIB.US,60,20251124,220000,25.56,25.64,25.52,25.52,21495,0
CGIB.US,60,20251125,160000,25.5411,25.56,25.5411,25.56,512,0
CGIB.US,60,20251125,170000,25.5536,25.57,25.52,25.56,8779,0
CGIB.US,60,20251125,180000,25.56,25.5657,25.521,25.545,2415,0
CGIB.US,60,20251125,190000,25.55,25.56,25.541,25.55,3382,0
CGIB.US,60,20251125,200000,25.5523,25.56,25.54,25.55,4728,0
CGIB.US,60,20251125,210000,25.55,25.56,25.54,25.541,10420,0
CGIB.US,60,20251125,220000,25.5583,25.56,25.521,25.54,7649,0
CGIB.US,60,20251126,170000,25.5485,25.58,25.52,25.52,20356,0
CGIB.US,60,20251126,180000,25.53,25.54,25.511,25.521,6243,0
CGIB.US,60,20251126,190000,25.53,25.54,25.52,25.54,3902,0
CGIB.US,60,20251126,200000,25.538,25.54,25.52,25.5392,3434,0
CGIB.US,60,20251126,210000,25.54,25.55,25.521,25.5401,4693,0
CGIB.US,60,20251126,220000,25.54,25.54,25.5225,25.54,3516,0
CGIB.US,60,20251128,160000,25.53,25.53,25.53,25.53,100,0
CGIB.US,60,20251128,170000,25.5282,25.54,25.45,25.51,19870,0
CGIB.US,60,20251128,180000,25.5087,25.5199,25.461,25.49,3474,0
CGIB.US,60,20251128,190000,25.51,25.53,25.481,25.53,1898,0
CGIB.US,60,20251128,200000,25.54,25.54,25.54,25.54,626,0
CGIB.US,60,20251201,160000,25.49,25.5,25.49,25.5,200,0
CGIB.US,60,20251201,170000,25.5083,25.5088,25.44,25.44,18234,0
CGIB.US,60,20251201,180000,25.455,25.47,25.441,25.47,1600,0
CGIB.US,60,20251201,190000,25.47,25.47,25.441,25.46,3645,0
CGIB.US,60,20251201,200000,25.47,25.47,25.4535,25.46,1611,0
CGIB.US,60,20251201,210000,25.4551,25.46,25.44,25.46,1827,0
CGIB.US,60,20251201,220000,25.45,25.47,25.44,25.46,12429,0
CGIB.US,60,20251202,170000,25.47,25.48,25.45,25.47,9573,0
CGIB.US,60,20251202,180000,25.4645,25.475,25.46,25.46,6831,0
CGIB.US,60,20251202,190000,25.48,25.49,25.48,25.49,1862,0
CGIB.US,60,20251202,200000,25.4899,25.49,25.48,25.49,729,0
CGIB.US,60,20251202,210000,25.48,25.49,25.475,25.48,2201,0
CGIB.US,60,20251202,220000,25.49,25.5,25.471,25.5,9163,0
CGIB.US,60,20251203,170000,25.4891,25.5399,25.47,25.51,54369,0
CGIB.US,60,20251203,180000,25.5199,25.52,25.48,25.51,45654,0
CGIB.US,60,20251203,190000,25.5074,25.63,25.491,25.52,247150,0
CGIB.US,60,20251203,200000,25.5295,25.55,25.511,25.519,9110,0
CGIB.US,60,20251203,210000,25.519,25.53,25.519,25.53,1724,0
CGIB.US,60,20251203,220000,25.52,25.56,25.5053,25.55,37740,0
CGIB.US,60,20251204,160000,25.49,25.49,25.49,25.49,200,0
CGIB.US,60,20251204,170000,25.5065,25.5183,25.4723,25.49,10563,0
CGIB.US,60,20251204,180000,25.489,25.5,25.487,25.5,2683,0
CGIB.US,60,20251204,190000,25.4924,25.5,25.487,25.49,4424,0
CGIB.US,60,20251204,200000,25.5,25.5,25.4838,25.49,3295,0
CGIB.US,60,20251204,210000,25.5,25.5,25.49,25.4903,2783,0
CGIB.US,60,20251204,220000,25.4897,25.51,25.48,25.51,7252,0
CGIB.US,60,20251205,160000,25.52,25.52,25.48,25.48,1738,0
CGIB.US,60,20251205,170000,25.48,25.49,25.45,25.47,14441,0
CGIB.US,60,20251205,180000,25.47,25.47,25.45,25.45,7381,0
CGIB.US,60,20251205,190000,25.46,25.4774,25.46,25.4774,2233,0
CGIB.US,60,20251205,200000,25.4635,25.475,25.45,25.46,4514,0
CGIB.US,60,20251205,210000,25.46,25.47,25.46,25.4682,50473,0
CGIB.US,60,20251205,220000,25.4635,25.48,25.4,25.4,14080,0
CGIB.US,60,20251208,160000,25.42,25.45,25.4199,25.4199,3788,0
CGIB.US,60,20251208,170000,25.44,25.45,25.4,25.41,9523,0
CGIB.US,60,20251208,180000,25.42,25.42,25.405,25.42,14025,0
CGIB.US,60,20251208,190000,25.415,25.4209,25.41,25.42,100500,0
CGIB.US,60,20251208,200000,25.42,25.43,25.41,25.425,4632,0
CGIB.US,60,20251208,210000,25.4299,25.43,25.425,25.43,1994,0
CGIB.US,60,20251208,220000,25.4252,25.4252,25.41,25.41,6179,0
CGIB.US,60,20251209,160000,25.43,25.43,25.4,25.4,300,0
CGIB.US,60,20251209,170000,25.4,25.44,25.38,25.43,20099,0
CGIB.US,60,20251209,180000,25.43,25.43,25.38,25.4,9336,0
CGIB.US,60,20251209,190000,25.4,25.41,25.38,25.3935,7257,0
CGIB.US,60,20251209,200000,25.4,25.43,25.38,25.39,91262,0
CGIB.US,60,20251209,210000,25.38,25.4,25.38,25.39,3175,0
CGIB.US,60,20251209,220000,25.3845,25.4,25.38,25.395,2110,0
CGIB.US,60,20251210,160000,25.37,25.37,25.35,25.36,400,0
CGIB.US,60,20251210,170000,25.36,25.36,25.34,25.34,11744,0
CGIB.US,60,20251210,180000,25.34,25.38,25.34,25.37,14598,0
CGIB.US,60,20251210,190000,25.38,25.38,25.36,25.36,2553,0
CGIB.US,60,20251210,200000,25.38,25.385,25.361,25.375,12864,0
CGIB.US,60,20251210,210000,25.3695,25.38,25.351,25.38,1141,0
CGIB.US,60,20251210,220000,25.38,25.39,25.371,25.38,6154,0
CGIB.US,60,20251211,160000,25.42,25.42,25.37,25.4,772,0
CGIB.US,60,20251211,170000,25.3925,25.41,25.37,25.4,20449,0
CGIB.US,60,20251211,180000,25.4,25.41,25.39,25.4,5898,0
CGIB.US,60,20251211,190000,25.399,25.4176,25.39,25.41,2646,0
CGIB.US,60,20251211,200000,25.4197,25.42,25.39,25.41,4298,0
CGIB.US,60,20251211,210000,25.39,25.41,25.39,25.41,3879,0
CGIB.US,60,20251211,220000,25.4044,25.41,25.37,25.37,4788,0
CGIB.US,60,20251212,160000,25.4,25.41,25.36,25.36,2628,0
CGIB.US,60,20251212,170000,25.385,25.4084,25.36,25.38,19789,0
CGIB.US,60,20251212,180000,25.38,25.39,25.38,25.39,2217,0
CGIB.US,60,20251212,190000,25.388,25.4,25.38,25.39,99165,0
CGIB.US,60,20251212,200000,25.39,25.408,25.39,25.4,3508,0
CGIB.US,60,20251212,210000,25.4,25.41,25.38,25.38,8720,0
CGIB.US,60,20251212,220000,25.36,25.39,25.36,25.39,2303,0
CGIB.US,60,20251215,160000,25.43,25.44,25.4217,25.43,4878,0
CGIB.US,60,20251215,170000,25.43,25.45,25.43,25.44,8462,0
CGIB.US,60,20251215,180000,25.44,25.45,25.44,25.45,5572,0
CGIB.US,60,20251215,190000,25.445,25.445,25.41,25.41,11542,0
CGIB.US,60,20251215,200000,25.42,25.43,25.4,25.4,19662,0
CGIB.US,60,20251215,210000,25.41,25.41,25.4,25.4,2870,0
CGIB.US,60,20251215,220000,25.41,25.415,25.405,25.41,3181,0
CGIB.US,60,20251216,170000,25.42,25.42,25.4089,25.42,4790,0
CGIB.US,60,20251216,180000,25.41,25.42,25.41,25.42,17958,0
CGIB.US,60,20251216,190000,25.413,25.43,25.4,25.425,39302,0
CGIB.US,60,20251216,200000,25.425,25.43,25.4,25.415,3636,0
CGIB.US,60,20251216,210000,25.4201,25.4201,25.39,25.39,1135,0
CGIB.US,60,20251216,220000,25.3905,25.44,25.39,25.44,5414,0
CGIB.US,60,20251217,160000,25.4,25.4261,25.4,25.4261,227,0
CGIB.US,60,20251217,170000,25.419,25.4499,25.41,25.43,15476,0
CGIB.US,60,20251217,180000,25.42,25.435,25.42,25.43,3247,0
CGIB.US,60,20251217,190000,25.42,25.43,25.41,25.42,6615,0
CGIB.US,60,20251217,200000,25.42,25.42,25.41,25.42,1917,0
CGIB.US,60,20251217,210000,25.4198,25.42,25.41,25.41,1509,0
CGIB.US,60,20251217,220000,25.43,25.43,25.41,25.425,1304,0
CGIB.US,60,20251218,160000,25.43,25.44,25.43,25.44,987,0
CGIB.US,60,20251218,170000,25.43,25.46,25.43,25.4599,23787,0
CGIB.US,60,20251218,180000,25.4591,25.4599,25.442,25.442,5531,0
CGIB.US,60,20251218,190000,25.445,25.45,25.44,25.445,5721,0
CGIB.US,60,20251218,200000,25.45,25.451,25.445,25.451,3450,0
CGIB.US,60,20251218,210000,25.45,25.46,25.44,25.45,8380,0
CGIB.US,60,20251218,220000,25.45,25.46,25.43,25.43,10270,0
CGIB.US,60,20251219,160000,25.42,25.42,25.42,25.42,216,0
CGIB.US,60,20251219,170000,25.4228,25.43,25.41,25.41,24542,0
CGIB.US,60,20251219,180000,25.41,25.43,25.4,25.41,8934,0
CGIB.US,60,20251219,190000,25.4135,25.42,25.4001,25.4087,5189,0
CGIB.US,60,20251219,200000,25.41,25.42,25.41,25.414,2020,0
CGIB.US,60,20251219,210000,25.41,25.41,25.41,25.41,436,0
CGIB.US,60,20251219,220000,25.41,25.4199,25.37,25.37,6488,0
CGIB.US,60,20251222,160000,25.4062,25.4062,25.4062,25.4062,200,0
CGIB.US,60,20251222,170000,25.4099,25.4282,25.398679,25.42,11093,0
CGIB.US,60,20251222,180000,25.42,25.42,25.4144,25.42,5813,0
CGIB.US,60,20251222,190000,25.42,25.42,25.4,25.42,6780,0
CGIB.US,60,20251222,200000,25.405,25.41,25.4,25.4087,5452,0
CGIB.US,60,20251222,210000,25.41,25.42,25.41,25.41,2878,0
CGIB.US,60,20251222,220000,25.419,25.419,25.395,25.395,7702,0
CGIB.US,60,20251223,160000,25.42,25.42,25.42,25.42,733,0
CGIB.US,60,20251223,170000,25.42,25.42,25.4,25.4022,10909,0
CGIB.US,60,20251223,180000,25.41,25.42,25.4067,25.42,2690,0
CGIB.US,60,20251223,190000,25.42,25.44,25.4,25.4,6669,0
CGIB.US,60,20251223,200000,25.42,25.43,25.41,25.42,3952,0
CGIB.US,60,20251223,210000,25.41,25.42,25.41,25.42,2994,0
CGIB.US,60,20251223,220000,25.4,25.43,25.4,25.43,7168,0
CGIB.US,60,20251224,160000,25.37,25.37,25.33,25.355,1378,0
CGIB.US,60,20251224,170000,25.37,25.38,25.36,25.37,17627,0
CGIB.US,60,20251224,180000,25.41,25.41,25.37,25.385,9537,0
CGIB.US,60,20251224,190000,25.385,25.39,25.375,25.375,5007,0
CGIB.US,60,20251226,160000,25.34,25.34,25.34,25.34,313,0
CGIB.US,60,20251226,170000,25.3367,25.37,25.3367,25.37,16624,0
CGIB.US,60,20251226,180000,25.39,25.39,25.365,25.37,8905,0
CGIB.US,60,20251226,190000,25.37,25.38,25.365,25.38,2383,0
CGIB.US,60,20251226,200000,25.37,25.38,25.3601,25.37,12730,0
CGIB.US,60,20251226,210000,25.38,25.38,25.37,25.378,4526,0
CGIB.US,60,20251226,220000,25.38,25.39,25.37,25.37,7266,0
