<TICKER>,<PER>,<DATE>,<TIME>,<OPEN>,<HIGH>,<LOW>,<CLOSE>,<VOL>,<OPENINT>
FTW.US,60,20241001,160000,9.92,9.92,9.92,9.92,100,0
FTW.US,60,20241001,180000,9.91,9.915,9.91,9.91,13300,0
FTW.US,60,20241001,200000,9.915,9.915,9.915,9.915,500,0
FTW.US,60,20241001,220000,9.91,9.915,9.91,9.91,24900,0
FTW.US,60,20241003,160000,9.92,9.92,9.91,9.91,35700,0
FTW.US,60,20241003,200000,9.91,9.915,9.9,9.915,200563,0
FTW.US,60,20241003,220000,9.915,9.915,9.91,9.91,300,0
FTW.US,60,20241004,160000,9.91,9.91,9.91,9.91,300000,0
FTW.US,60,20241004,170000,9.915,9.915,9.9,9.9,97880,0
FTW.US,60,20241004,180000,9.9,9.9,9.9,9.9,20700,0
FTW.US,60,20241004,190000,9.9,9.9,9.9,9.9,100,0
FTW.US,60,20241007,160000,9.89,9.89,9.89,9.89,100,0
FTW.US,60,20241007,190000,9.91,9.91,9.91,9.91,200,0
FTW.US,60,20241008,160000,9.91,9.91,9.91,9.91,100,0
FTW.US,60,20241008,180000,9.905,9.905,9.905,9.905,1000,0
FTW.US,60,20241008,190000,9.905,9.905,9.905,9.905,100,0
FTW.US,60,20241009,160000,9.905,9.905,9.9,9.9,17857,0
FTW.US,60,20241009,170000,9.9,9.9,9.9,9.9,900,0
FTW.US,60,20241009,180000,9.9,9.91,9.9,9.91,1400,0
FTW.US,60,20241010,160000,9.91,9.91,9.91,9.91,100,0
FTW.US,60,20241010,200000,9.905,9.91,9.905,9.91,537492,0
FTW.US,60,20241014,220000,9.91,9.92,9.91,9.92,100100,0
FTW.US,60,20241015,160000,9.92,9.92,9.92,9.92,100,0
FTW.US,60,20241015,170000,9.91,9.91,9.905,9.905,200,0
FTW.US,60,20241015,200000,9.91,9.91,9.91,9.91,5500,0
FTW.US,60,20241015,210000,9.92,9.92,9.92,9.92,78408,0
FTW.US,60,20241016,160000,9.92,9.92,9.92,9.92,100,0
FTW.US,60,20241016,190000,9.9,9.9,9.9,9.9,9000,0
FTW.US,60,20241017,170000,9.9,9.9,9.9,9.9,500,0
FTW.US,60,20241018,180000,9.905,9.905,9.89,9.89,43541,0
FTW.US,60,20241022,160000,9.89,9.89,9.89,9.89,1419,0
FTW.US,60,20241022,210000,9.891,9.9,9.891,9.9,200,0
FTW.US,60,20241022,220000,9.89,9.895,9.88,9.89,34584,0
FTW.US,60,20241023,160000,9.9,9.9,9.9,9.9,100,0
FTW.US,60,20241023,170000,9.89,9.895,9.89,9.89,11800,0
FTW.US,60,20241024,160000,9.9,9.9,9.9,9.9,10724,0
FTW.US,60,20241024,170000,9.8957,9.8957,9.8957,9.8957,1278,0
FTW.US,60,20241024,220000,9.9,9.9,9.89,9.89,121360,0
FTW.US,60,20241028,190000,9.91,9.91,9.91,9.91,379018,0
FTW.US,60,20241028,210000,9.91,9.91,9.91,9.91,800,0
FTW.US,60,20241029,150000,9.91,9.91,9.91,9.91,2600,0
FTW.US,60,20241030,160000,9.92,9.93,9.92,9.93,508800,0
FTW.US,60,20241030,180000,9.92,9.9263,9.92,9.9263,1098,0
FTW.US,60,20241030,190000,9.92,9.92,9.92,9.92,40000,0
FTW.US,60,20241031,150000,9.93,9.93,9.93,9.93,500,0
FTW.US,60,20241031,160000,9.925,9.925,9.92,9.92,1387,0
FTW.US,60,20241031,170000,9.9203,9.9203,9.9203,9.9203,201,0
FTW.US,60,20241101,160000,9.93,9.93,9.92,9.92,32400,0
FTW.US,60,20241101,170000,9.92,9.92,9.92,9.92,50495,0
FTW.US,60,20241101,210000,9.92,9.92,9.92,9.92,36172,0
FTW.US,60,20241104,200000,9.93,9.93,9.93,9.93,16576,0
FTW.US,60,20241105,170000,9.93,9.93,9.93,9.93,100,0
FTW.US,60,20241105,190000,9.94,9.94,9.93,9.93,9543,0
FTW.US,60,20241105,220000,9.93,9.93,9.93,9.93,358600,0
FTW.US,60,20241106,170000,9.94,9.94,9.94,9.94,200,0
FTW.US,60,20241106,210000,9.93,9.93,9.93,9.93,57643,0
FTW.US,60,20241107,170000,9.9264,9.9264,9.9264,9.9264,570,0
FTW.US,60,20241107,210000,9.92,9.92,9.92,9.92,6082,0
FTW.US,60,20241108,170000,9.9279,9.9296,9.9267,9.9281,1600,0
FTW.US,60,20241108,210000,9.92,9.92,9.92,9.92,5982,0
FTW.US,60,20241111,200000,9.93,9.93,9.93,9.93,200,0
FTW.US,60,20241112,180000,9.93,9.93,9.925,9.925,500,0
FTW.US,60,20241112,190000,9.92,9.92,9.92,9.92,100,0
FTW.US,60,20241112,210000,9.9287,9.93,9.9264,9.9287,800,0
FTW.US,60,20241112,220000,9.925,9.925,9.92,9.92,12617,0
FTW.US,60,20241113,170000,9.93,9.93,9.93,9.93,25000,0
FTW.US,60,20241113,190000,9.93,9.93,9.93,9.93,30854,0
FTW.US,60,20241113,200000,9.9305,9.9305,9.9305,9.9305,100,0
FTW.US,60,20241113,220000,9.93,9.93,9.92,9.92,12813,0
FTW.US,60,20241114,160000,9.93,9.93,9.93,9.93,300,0
FTW.US,60,20241114,170000,9.93,9.93,9.92,9.926661,3890,0
FTW.US,60,20241114,220000,9.92,9.93,9.92,9.93,12356,0
FTW.US,60,20241118,160000,9.93,9.93,9.9253,9.9281,1100,0
FTW.US,60,20241118,170000,9.93,9.93,9.925,9.925,400,0
FTW.US,60,20241118,180000,9.92,9.93,9.92,9.93,1252,0
FTW.US,60,20241118,220000,9.93,9.93,9.92,9.92,19393,0
FTW.US,60,20241119,160000,9.93,9.93,9.925,9.9274,500,0
FTW.US,60,20241119,170000,9.93,9.93,9.93,9.93,100,0
FTW.US,60,20241119,180000,9.92,9.921,9.92,9.92,3371,0
FTW.US,60,20241119,190000,9.93,9.93,9.93,9.93,100,0
FTW.US,60,20241119,200000,9.93,9.9333,9.925,9.9321,45561,0
FTW.US,60,20241119,210000,9.94,9.94,9.94,9.94,100,0
FTW.US,60,20241119,220000,9.93,9.93,9.93,9.93,106,0
FTW.US,60,20241120,170000,9.935,9.94,9.935,9.94,5400,0
FTW.US,60,20241120,190000,9.94,9.94,9.93,9.93,49096,0
FTW.US,60,20241120,200000,9.94,9.94,9.94,9.94,100,0
FTW.US,60,20241120,210000,9.9349,9.9379,9.9349,9.9379,200,0
FTW.US,60,20241121,190000,9.9382,9.94,9.9382,9.9382,600,0
FTW.US,60,20241121,200000,9.93,9.935,9.93,9.93,125498,0
FTW.US,60,20241122,210000,9.93,9.94,9.93,9.93,255602,0
FTW.US,60,20241122,220000,9.93,9.94,9.93,9.94,143223,0
FTW.US,60,20241125,170000,9.94,9.94,9.93,9.93,300,0
FTW.US,60,20241125,180000,9.94,9.94,9.94,9.94,100,0
FTW.US,60,20241125,220000,9.94,9.94,9.94,9.94,2000,0
FTW.US,60,20241126,170000,9.94,9.94,9.94,9.94,100,0
FTW.US,60,20241126,200000,9.94,9.94,9.94,9.94,100,0
FTW.US,60,20241126,220000,9.94,9.94,9.94,9.94,5000,0
FTW.US,60,20241127,170000,9.9357,9.9357,9.9357,9.9357,1029,0
FTW.US,60,20241127,180000,9.93,9.9321,9.93,9.9321,200,0
FTW.US,60,20241127,190000,9.93,9.93,9.93,9.93,100,0
FTW.US,60,20241127,220000,9.94,9.94,9.94,9.94,6000,0
FTW.US,60,20241129,160000,9.935,9.94,9.935,9.9371,1600,0
FTW.US,60,20241129,180000,9.935,9.94,9.935,9.94,200,0
FTW.US,60,20241202,170000,9.9394,9.94,9.9379,9.9399,700,0
FTW.US,60,20241202,180000,9.9347,9.9347,9.9347,9.9347,3018,0
FTW.US,60,20241202,220000,9.9351,9.94,9.9249,9.925,38421,0
FTW.US,60,20241203,160000,9.9289,9.93,9.92,9.92,1200,0
FTW.US,60,20241203,170000,9.9214,9.9214,9.9214,9.9214,604,0
FTW.US,60,20241204,220000,9.93,9.93,9.93,9.93,1000,0
FTW.US,60,20241205,160000,9.9295,9.93,9.929,9.929,600,0
FTW.US,60,20241205,180000,9.93,9.93,9.9249,9.9299,3200,0
FTW.US,60,20241205,190000,9.93,9.93,9.9277,9.9294,700,0
FTW.US,60,20241205,200000,9.9294,9.93,9.9294,9.9294,300,0
FTW.US,60,20241205,220000,9.93,9.93,9.93,9.93,500,0
FTW.US,60,20241206,160000,9.92,9.93,9.92,9.93,17151,0
FTW.US,60,20241209,180000,9.935,9.935,9.935,9.935,400,0
FTW.US,60,20241210,210000,9.94,9.94,9.94,9.94,100,0
FTW.US,60,20241210,220000,9.92,9.93,9.92,9.93,4000,0
FTW.US,60,20241211,170000,9.94,9.94,9.94,9.94,153100,0
FTW.US,60,20241211,190000,9.9389,9.94,9.9389,9.94,200,0
FTW.US,60,20241211,200000,9.94,9.94,9.94,9.94,1962,0
FTW.US,60,20241211,210000,9.95,9.95,9.94,9.94,400,0
FTW.US,60,20241211,220000,9.95,9.95,9.95,9.95,2153,0
FTW.US,60,20241212,170000,9.94,9.94,9.94,9.94,300,0
FTW.US,60,20241212,190000,9.95,9.95,9.945,9.945,7000,0
FTW.US,60,20241212,200000,9.96,9.96,9.96,9.96,1100,0
FTW.US,60,20241213,160000,9.9569,9.9652,9.95,9.96,1900,0
FTW.US,60,20241213,170000,9.9519,9.96,9.95,9.9545,2300,0
FTW.US,60,20241213,180000,9.96,9.96,9.96,9.96,100,0
FTW.US,60,20241213,190000,9.96,9.96,9.96,9.96,100,0
FTW.US,60,20241213,200000,9.9521,9.955,9.9521,9.9521,400,0
FTW.US,60,20241213,210000,9.96,9.96,9.96,9.96,100,0
FTW.US,60,20241216,160000,9.9568,9.9652,9.95,9.9567,6800,0
FTW.US,60,20241216,170000,9.9567,9.96,9.95,9.95,251800,0
FTW.US,60,20241216,190000,9.95,9.95,9.9499,9.95,10100,0
FTW.US,60,20241216,200000,9.95,9.95,9.95,9.95,100,0
FTW.US,60,20241216,220000,9.94,9.94,9.93,9.94,500,0
FTW.US,60,20241217,180000,9.94,9.95,9.94,9.94,137133,0
FTW.US,60,20241217,210000,9.94,9.94,9.94,9.94,400,0
FTW.US,60,20241218,160000,9.94,9.94,9.94,9.94,98305,0
FTW.US,60,20241218,170000,9.94,9.94,9.94,9.94,213300,0
FTW.US,60,20241218,180000,9.935,9.94,9.935,9.94,300000,0
FTW.US,60,20241218,220000,9.94,9.94,9.93,9.935,4490,0
FTW.US,60,20241219,160000,9.94,9.94,9.939,9.939,903,0
FTW.US,60,20241219,170000,9.94,9.94,9.93,9.935,50500,0
FTW.US,60,20241219,180000,9.94,9.94,9.935,9.94,586317,0
FTW.US,60,20241219,190000,9.945,9.945,9.93,9.94,300,0
FTW.US,60,20241219,200000,9.95,9.95,9.94,9.94,26000,0
FTW.US,60,20241219,210000,9.94,9.94,9.9345,9.9383,2638,0
FTW.US,60,20241219,220000,9.94,9.94,9.9399,9.9399,200,0
FTW.US,60,20241220,160000,9.935,9.94,9.935,9.94,818,0
FTW.US,60,20241220,170000,9.94,9.94,9.93,9.94,6241,0
FTW.US,60,20241220,180000,9.9386,9.9386,9.9386,9.9386,3000,0
FTW.US,60,20241220,190000,9.94,9.94,9.9399,9.9399,200,0
FTW.US,60,20241220,200000,9.935,9.935,9.93,9.935,25083,0
FTW.US,60,20241220,210000,9.94,9.94,9.93,9.94,1000,0
FTW.US,60,20241220,220000,9.94,9.94,9.935,9.94,1175,0
FTW.US,60,20241223,160000,9.94,9.94,9.9383,9.9383,200,0
FTW.US,60,20241223,170000,9.94,9.94,9.94,9.94,94105,0
FTW.US,60,20241223,180000,9.93,9.93,9.93,9.93,50000,0
FTW.US,60,20241223,190000,9.94,9.94,9.93,9.93,9601,0
FTW.US,60,20241223,200000,9.93,9.935,9.93,9.93,33947,0
FTW.US,60,20241223,210000,9.93,9.93,9.93,9.93,51200,0
FTW.US,60,20241223,220000,9.9399,9.94,9.9399,9.94,6237,0
FTW.US,60,20241224,180000,9.92,9.92,9.92,9.92,100,0
FTW.US,60,20241224,190000,9.94,9.94,9.93,9.94,1600,0
FTW.US,60,20241226,160000,9.98,9.98,9.94,9.95,73895,0
FTW.US,60,20241226,170000,9.96,9.975,9.95,9.965,35086,0
FTW.US,60,20241226,180000,9.965,9.97,9.9501,9.9599,30881,0
FTW.US,60,20241226,190000,9.96,9.98,9.9549,9.975,69316,0
FTW.US,60,20241226,200000,9.975,9.98,9.96,9.97,39133,0
FTW.US,60,20241226,210000,9.975,9.98,9.95,9.964,30189,0
FTW.US,60,20241226,220000,9.969,9.97,9.96,9.97,13441,0
FTW.US,60,20241227,160000,9.98,9.99,9.97,9.98,72126,0
FTW.US,60,20241227,170000,9.9736,9.99,9.9736,9.985,22312,0
FTW.US,60,20241227,180000,9.99,9.99,9.98,9.985,37292,0
FTW.US,60,20241227,190000,9.985,9.99,9.98,9.9864,18056,0
FTW.US,60,20241227,200000,9.985,9.99,9.98,9.9852,8466,0
FTW.US,60,20241227,210000,9.985,9.99,9.98,9.985,38217,0
FTW.US,60,20241227,220000,9.985,9.99,9.98,9.98,46505,0
FTW.US,60,20241230,160000,9.99,9.99,9.98,9.99,24446,0
FTW.US,60,20241230,170000,9.9899,9.99,9.98,9.9899,11877,0
FTW.US,60,20241230,180000,9.985,9.99,9.96,9.9676,59677,0
FTW.US,60,20241230,190000,9.965,9.98,9.96,9.9799,41647,0
FTW.US,60,20241230,200000,9.98,9.98,9.97,9.97,7608,0
FTW.US,60,20241230,210000,9.9725,9.98,9.97,9.9765,9904,0
FTW.US,60,20241230,220000,9.9743,9.98,9.97,9.97,24702,0
FTW.US,60,20241231,160000,10,10,9.98,9.9843,9123,0
FTW.US,60,20241231,170000,9.98,9.99,9.98,9.98,11199,0
FTW.US,60,20241231,180000,9.9853,10,9.98,9.985,18521,0
FTW.US,60,20241231,190000,9.98,10,9.98,9.99,17539,0
FTW.US,60,20241231,200000,9.9922,10,9.98,9.98,6100,0
FTW.US,60,20241231,210000,9.985,9.99,9.98,9.98,1883,0
FTW.US,60,20241231,220000,9.98,9.99,9.98,9.98,27579,0
FTW.US,60,20250102,160000,9.9921,10,9.99,9.9901,20095,0
FTW.US,60,20250102,170000,9.9913,10,9.98,9.99,23742,0
FTW.US,60,20250102,180000,9.9849,9.99,9.98,9.989,18512,0
FTW.US,60,20250102,190000,9.985,9.99,9.98,9.9898,4742,0
FTW.US,60,20250102,200000,9.9899,9.99,9.9899,9.99,3160,0
FTW.US,60,20250102,210000,9.98,9.99,9.97,9.98,115089,0
FTW.US,60,20250102,220000,9.98,9.98,9.97,9.97,3674,0
FTW.US,60,20250103,160000,9.98,9.98,9.97,9.975,5407,0
FTW.US,60,20250103,170000,9.9797,9.98,9.97,9.98,18811,0
FTW.US,60,20250103,180000,9.979,9.98,9.97,9.98,12605,0
FTW.US,60,20250103,190000,9.98,9.98,9.97,9.979,49346,0
FTW.US,60,20250103,200000,9.976,9.98,9.9719,9.98,2142,0
FTW.US,60,20250103,210000,9.979,9.98,9.97,9.9799,5200,0
FTW.US,60,20250103,220000,9.975,9.98,9.97,9.98,8341,0
FTW.US,60,20250106,160000,10,10,9.99,9.995,7572,0
FTW.US,60,20250106,170000,9.99,10,9.99,9.9998,34667,0
FTW.US,60,20250106,180000,10,10.01,9.9911,10.01,21644,0
FTW.US,60,20250106,190000,10.005,10.01,9.99,9.9999,25672,0
FTW.US,60,20250106,200000,10,10,9.99,9.99,4100,0
FTW.US,60,20250106,210000,10,10,9.995,10,1560,0
FTW.US,60,20250106,220000,10,10.01,9.99,9.99,17563,0
FTW.US,60,20250107,160000,10.015,10.0452,10.01,10.0106,1970,0
FTW.US,60,20250107,170000,10.01,10.01,10,10.0001,1546,0
FTW.US,60,20250107,180000,10.001,10.01,9.99,9.9901,6828,0
FTW.US,60,20250107,190000,10,10,10,10,250,0
FTW.US,60,20250107,200000,10.0001,10.0052,10,10.001,1200,0
FTW.US,60,20250107,210000,10,10.005,10,10.005,600,0
FTW.US,60,20250107,220000,10.005,10.01,10,10,5543,0
FTW.US,60,20250108,160000,10.0462,10.0499,9.99,10.02,8673,0
FTW.US,60,20250108,170000,10.0298,10.0298,10,10.0099,2790,0
FTW.US,60,20250108,180000,10.0019,10.005,10,10,1885,0
FTW.US,60,20250108,190000,10,10.0001,9.992,9.992,1950,0
FTW.US,60,20250108,200000,9.99,10,9.99,9.99,1008,0
FTW.US,60,20250108,210000,9.99,10.0099,9.99,10.0099,1400,0
FTW.US,60,20250108,220000,9.99,10.01,9.99,10.01,2341,0
FTW.US,60,20250110,160000,10.0116,10.015,9.99,9.99,2236,0
FTW.US,60,20250110,170000,9.99,9.9999,9.99,9.9997,2200,0
FTW.US,60,20250110,180000,9.9958,9.9972,9.99,9.99,1350,0
FTW.US,60,20250110,190000,9.99,10,9.99,9.99,7550,0
FTW.US,60,20250110,200000,9.99,10,9.99,9.99,1699,0
FTW.US,60,20250110,210000,9.995,9.9997,9.99,9.99,4065,0
FTW.US,60,20250110,220000,9.99,9.9999,9.99,9.99,6976,0
FTW.US,60,20250113,160000,9.99,9.99,9.9807,9.99,2589,0
FTW.US,60,20250113,170000,9.98,9.9944,9.98,9.9944,2399,0
FTW.US,60,20250113,180000,9.9825,10.008,9.98,9.9894,4581,0
FTW.US,60,20250113,190000,9.98,10.01,9.98,10.01,1534,0
FTW.US,60,20250113,200000,10,10.01,10,10,625,0
FTW.US,60,20250113,210000,10.01,10.01,10.0092,10.01,852,0
FTW.US,60,20250113,220000,10.0093,10.01,10,10,6330,0
FTW.US,60,20250114,160000,10.02,10.02,9.98,10.0001,3080,0
FTW.US,60,20250114,170000,9.9803,9.99,9.9803,9.9896,2755,0
FTW.US,60,20250114,180000,9.99,10,9.98,10,4223,0
FTW.US,60,20250114,190000,10,10,9.9904,10,2143,0
FTW.US,60,20250114,200000,9.995,10,9.99,10,1424,0
FTW.US,60,20250114,210000,9.9999,10,9.992,10,550,0
FTW.US,60,20250114,220000,10,10,9.99,9.99,2793,0
FTW.US,60,20250115,160000,10,10.005,10,10.0001,2600,0
FTW.US,60,20250115,170000,10,10,9.98,9.9843,6290,0
FTW.US,60,20250115,180000,9.9856,9.99,9.985,9.99,2451,0
FTW.US,60,20250115,190000,9.985,9.985,9.9811,9.982,410,0
FTW.US,60,20250115,200000,9.9898,9.9898,9.98,9.985,1700,0
FTW.US,60,20250115,210000,9.9898,9.9898,9.985,9.985,200,0
FTW.US,60,20250115,220000,9.99,9.99,9.982,9.99,1462,0
FTW.US,60,20250116,160000,9.9897,9.9897,9.985,9.985,375,0
FTW.US,60,20250116,170000,9.99,9.99,9.98,9.99,1902,0
FTW.US,60,20250116,180000,9.9843,9.99,9.98,9.98,8273,0
FTW.US,60,20250116,190000,9.99,9.99,9.98,9.9887,4105,0
FTW.US,60,20250116,200000,9.9899,9.99,9.9799,9.98,5550,0
FTW.US,60,20250116,210000,9.9714,9.9799,9.97,9.975,2932,0
FTW.US,60,20250116,220000,9.9708,9.988,9.97,9.98,3497,0
FTW.US,60,20250117,160000,9.98,9.98,9.9711,9.975,1301,0
FTW.US,60,20250117,170000,9.9777,9.99,9.97,9.99,1668,0
FTW.US,60,20250117,180000,9.9896,10,9.98,10,1630,0
FTW.US,60,20250117,190000,10,10,9.98,9.9864,1706,0
FTW.US,60,20250117,200000,9.985,10,9.985,9.99,1215,0
FTW.US,60,20250117,210000,9.99,10,9.99,10,550,0
FTW.US,60,20250117,220000,9.9901,10,9.99,10,1775,0
FTW.US,60,20250121,160000,10.03,10.03,10.0101,10.0101,2663,0
FTW.US,60,20250121,170000,10,10.02,10,10.02,3230,0
FTW.US,60,20250121,180000,10.01,10.02,10,10.02,4030,0
FTW.US,60,20250121,190000,10.0004,10.02,10.0002,10.0006,2120,0
FTW.US,60,20250121,200000,10.02,10.02,10,10.01,1738,0
FTW.US,60,20250121,210000,10.01,10.02,10.01,10.01,4214,0
FTW.US,60,20250121,220000,10.015,10.02,9.98,9.99,35960,0
FTW.US,60,20250122,160000,9.97,9.9896,9.97,9.985,1808,0
FTW.US,60,20250122,170000,9.9802,10,9.98,9.9803,5771,0
FTW.US,60,20250122,180000,9.9813,10,9.98,9.9915,693,0
FTW.US,60,20250122,190000,9.99,10,9.98,9.9802,4850,0
FTW.US,60,20250122,200000,9.99,10,9.98,9.9989,1323,0
FTW.US,60,20250122,210000,9.9901,10,9.99,10,2747,0
FTW.US,60,20250122,220000,10,10,9.98,9.99,5437,0
FTW.US,60,20250123,160000,10.02,10.02,9.98,9.9898,6214,0
FTW.US,60,20250123,170000,9.98,10.01,9.98,10.0054,7836,0
FTW.US,60,20250123,180000,10,10.02,10,10.02,11967,0
FTW.US,60,20250123,190000,10.01,10.02,10,10.01,2809,0
FTW.US,60,20250123,200000,10.02,10.02,10.0008,10.015,4705,0
FTW.US,60,20250123,210000,10.02,10.02,10.0101,10.02,1099,0
FTW.US,60,20250123,220000,10.016,10.02,10,10.01,11983,0
FTW.US,60,20250124,160000,10.0013,10.01,10.0013,10.0073,1217,0
FTW.US,60,20250124,170000,10.0078,10.02,10.0007,10.0198,2247,0
FTW.US,60,20250124,180000,10.0019,10.02,10,10,1900,0
FTW.US,60,20250124,190000,10.0006,10.0099,10.0006,10.0099,1300,0
FTW.US,60,20250124,200000,10.01,10.01,10.0097,10.01,300,0
FTW.US,60,20250124,210000,10.0001,10.01,10.0001,10.0097,560,0
FTW.US,60,20250124,220000,10.005,10.01,10,10,1700,0
FTW.US,60,20250127,160000,10.01,10.01,10,10.0099,1417,0
FTW.US,60,20250127,170000,10.0006,10.01,9.99,10,5178,0
FTW.US,60,20250127,180000,9.99,10.02,9.99,10,7862,0
FTW.US,60,20250127,190000,9.9906,10.02,9.99,10.0081,5667,0
FTW.US,60,20250127,200000,10.005,10.02,10,10.005,1609,0
FTW.US,60,20250127,210000,9.9901,10.02,9.99,10.01,4341,0
FTW.US,60,20250127,220000,10.01,10.02,9.99,10.02,10014,0
FTW.US,60,20250128,160000,10.005,10.01,9.9949,10.0066,1550,0
FTW.US,60,20250128,170000,10.02,10.02,10,10.0026,1777,0
FTW.US,60,20250128,180000,10.01,10.02,10.01,10.02,1600,0
FTW.US,60,20250128,190000,10.015,10.02,10.0002,10.0002,3074,0
FTW.US,60,20250128,200000,10.005,10.01,10,10.004,9350,0
FTW.US,60,20250128,210000,10.0099,10.01,10.0007,10.01,1500,0
FTW.US,60,20250128,220000,10.01,10.01,10,10,831,0
FTW.US,60,20250129,170000,10.02,10.02,9.9901,9.9901,6944,0
FTW.US,60,20250129,180000,10.001,10.02,9.99,9.99,80190,0
FTW.US,60,20250129,190000,9.9923,10.01,9.99,10.01,1370,0
FTW.US,60,20250129,200000,10.01,10.01,10.0087,10.0087,350,0
FTW.US,60,20250129,210000,10,10.01,10,10,2112,0
FTW.US,60,20250129,220000,9.9986,10,9.99,10,2118,0
FTW.US,60,20250130,160000,10.0099,10.01,9.99,9.99,4016,0
FTW.US,60,20250130,170000,9.9993,10,9.99,9.9951,2008,0
FTW.US,60,20250130,180000,10,10,9.99,10,300,0
FTW.US,60,20250130,190000,9.9944,10,9.99,9.9901,2623,0
FTW.US,60,20250130,200000,9.9901,10,9.9901,9.995,900,0
FTW.US,60,20250130,210000,9.99,9.99,9.99,9.99,300,0
FTW.US,60,20250130,220000,9.9999,10,9.99,9.99,987,0
FTW.US,60,20250131,160000,9.995,9.995,9.9943,9.9943,315,0
FTW.US,60,20250131,170000,9.9901,10,9.99,10,850,0
FTW.US,60,20250131,180000,9.9956,10,9.99,9.995,1251,0
FTW.US,60,20250131,190000,9.9925,10,9.99,10,1111,0
FTW.US,60,20250131,200000,9.9943,10,9.9913,10,6357,0
FTW.US,60,20250131,210000,10.01,10.02,10.002,10.01,2810,0
FTW.US,60,20250131,220000,10.01,10.01,10,10.01,4336,0
FTW.US,60,20250203,160000,10.01,10.015,10.01,10.01,635,0
FTW.US,60,20250203,170000,10.015,10.02,10.01,10.0151,1800,0
FTW.US,60,20250203,180000,10.01,10.0151,10.01,10.01,3800,0
FTW.US,60,20250203,190000,10.015,10.03,10.01,10.0249,26788,0
FTW.US,60,20250203,200000,10.02,10.02,10.02,10.02,200,0
FTW.US,60,20250203,210000,10.02,10.03,10.02,10.03,1800,0
FTW.US,60,20250203,220000,10.025,10.03,10.02,10.03,4600,0
FTW.US,60,20250204,160000,10.0001,10.0243,10.0001,10.0225,748,0
FTW.US,60,20250204,170000,10.0131,10.022,10.01,10.0199,3700,0
FTW.US,60,20250204,180000,10.0118,10.0282,10.0118,10.02,1656,0
FTW.US,60,20250204,190000,10.0209,10.025,10.02,10.02,4000,0
FTW.US,60,20250204,200000,10.02,10.02,10.02,10.02,200,0
FTW.US,60,20250204,210000,10.03,10.03,10.02,10.02,15180,0
FTW.US,60,20250204,220000,10.03,10.03,10,10.01,29108,0
FTW.US,60,20250205,160000,10.015,10.015,10.015,10.015,200,0
FTW.US,60,20250205,170000,10.02,10.02,10,10.01,700,0
FTW.US,60,20250205,180000,10.01,10.01,10,10.01,1336,0
FTW.US,60,20250205,190000,10.01,10.01,10,10.0097,1307,0
FTW.US,60,20250205,200000,10.0089,10.0099,10.005,10.0099,300,0
FTW.US,60,20250205,210000,10,10,9.9962,9.9962,1890,0
FTW.US,60,20250205,220000,9.9997,10,9.99,9.99,1420,0
FTW.US,60,20250206,160000,10.0007,10.0101,10.0007,10.01,610,0
FTW.US,60,20250206,170000,10.01,10.01,10.0002,10.0002,299,0
FTW.US,60,20250206,190000,10.0183,10.0183,10.0183,10.0183,100,0
FTW.US,60,20250206,200000,10.01,10.0198,10,10.0052,1238,0
FTW.US,60,20250206,210000,10.01,10.01,10.01,10.01,100,0
FTW.US,60,20250206,220000,10.0008,10.02,10.0008,10.02,2717,0
FTW.US,60,20250207,160000,10.0001,10.0001,10,10,450,0
FTW.US,60,20250207,170000,10.0099,10.0198,10.0099,10.01,915,0
FTW.US,60,20250207,180000,10.0168,10.0168,10.01,10.01,429,0
FTW.US,60,20250207,190000,10.01,10.02,10.0016,10.0106,2127,0
FTW.US,60,20250207,200000,10.02,10.02,10,10,151850,0
FTW.US,60,20250207,210000,10.0199,10.0199,10,10.0092,1650,0
FTW.US,60,20250207,220000,10.01,10.01,10,10,2387,0
FTW.US,60,20250210,160000,10,10.0175,10,10.0007,2300,0
FTW.US,60,20250210,170000,10.01,10.01,10,10,5000,0
FTW.US,60,20250210,180000,10,10.01,10,10,65076,0
FTW.US,60,20250210,190000,10,10.01,10,10,4535,0
FTW.US,60,20250210,200000,10,10.017,10,10.008,1099,0
FTW.US,60,20250210,210000,10,10.0001,10,10,800,0
FTW.US,60,20250210,220000,10.0082,10.02,10,10.01,4119,0
FTW.US,60,20250211,160000,10.02,10.02,10.0001,10.0001,1444,0
FTW.US,60,20250211,170000,10,10.005,10,10.005,500,0
FTW.US,60,20250211,180000,10,10.005,10,10.005,600,0
FTW.US,60,20250211,190000,10,10.0094,10,10.0094,497,0
FTW.US,60,20250211,200000,10,10.0064,10,10.0064,450,0
FTW.US,60,20250211,210000,10.01,10.01,10,10,1100,0
FTW.US,60,20250211,220000,10.01,10.03,10.01,10.03,1416,0
FTW.US,60,20250212,160000,10.039,10.04,10.01,10.04,650,0
FTW.US,60,20250212,170000,10.0101,10.02,10.01,10.02,1492,0
FTW.US,60,20250212,180000,10.01,10.02,10.01,10.02,700,0
FTW.US,60,20250212,190000,10.01,10.0154,10.01,10.0106,1000,0
FTW.US,60,20250212,200000,10.01,10.01,10.01,10.01,50200,0
FTW.US,60,20250212,210000,10,10.02,10,10.02,100662,0
FTW.US,60,20250212,220000,10,10.04,10,10.04,251469,0
FTW.US,60,20250213,160000,10.02,10.02,10.0099,10.02,3771,0
FTW.US,60,20250213,170000,10.0191,10.02,10.01,10.01,101798,0
FTW.US,60,20250213,180000,10.015,10.0197,10.01,10.0197,510,0
FTW.US,60,20250213,190000,10.0192,10.02,10.01,10.0101,530,0
FTW.US,60,20250213,200000,10.0199,10.02,10.01,10.0102,4549,0
FTW.US,60,20250213,210000,10.02,10.02,10.02,10.02,100,0
FTW.US,60,20250213,220000,10.011,10.02,10.01,10.01,2030,0
FTW.US,60,20250214,160000,10.02,10.02,10.01,10.0108,1026,0
FTW.US,60,20250214,170000,10.01,10.02,10.01,10.0191,7280,0
FTW.US,60,20250214,180000,10.01,10.02,10.01,10.02,4106,0
FTW.US,60,20250214,190000,10.01,10.02,10.01,10.01,2700,0
FTW.US,60,20250214,200000,10.0195,10.02,10.01,10.015,2200,0
FTW.US,60,20250214,210000,10.015,10.015,10.01,10.01,200,0
FTW.US,60,20250214,220000,10.0102,10.02,10.01,10.02,1906,0
FTW.US,60,20250218,160000,10.03,10.03,10.01,10.015,39605,0
FTW.US,60,20250218,170000,10.01,10.02,10.01,10.01,3718,0
FTW.US,60,20250218,180000,10.0165,10.0165,10.01,10.01,21220,0
FTW.US,60,20250218,200000,10.0112,10.02,10.01,10.01,1585,0
FTW.US,60,20250218,210000,10.016,10.02,10.01,10.0151,2138,0
FTW.US,60,20250218,220000,10.02,10.02,10.01,10.02,2830,0
FTW.US,60,20250219,160000,10.015,10.02,10.01,10.0188,4611,0
FTW.US,60,20250219,170000,10.02,10.02,10.02,10.02,1706,0
FTW.US,60,20250219,180000,10.01,10.02,10.01,10.02,6454,0
FTW.US,60,20250219,190000,10.015,10.02,10.01,10.011,2301,0
FTW.US,60,20250219,200000,10.0189,10.0199,10.0101,10.015,1093,0
FTW.US,60,20250219,210000,10.02,10.02,10.015,10.015,900,0
FTW.US,60,20250219,220000,10.0151,10.02,10.0135,10.02,989,0
FTW.US,60,20250220,160000,10.03,10.03,10.025,10.03,23881,0
FTW.US,60,20250220,170000,10.03,10.03,10.02,10.03,1498,0
FTW.US,60,20250220,180000,10.03,10.03,10.0201,10.03,2227,0
FTW.US,60,20250220,190000,10.03,10.03,10.0203,10.03,507,0
FTW.US,60,20250220,200000,10.03,10.03,10.02,10.03,13706,0
FTW.US,60,20250220,210000,10.0251,10.0251,10.0201,10.0201,400,0
FTW.US,60,20250220,220000,10.0206,10.03,10.02,10.02,3619,0
FTW.US,60,20250221,160000,10.0201,10.03,10.02,10.03,950,0
FTW.US,60,20250221,170000,10.02,10.0275,10.02,10.02,300,0
FTW.US,60,20250221,180000,10.0206,10.03,10.02,10.03,3888,0
FTW.US,60,20250221,190000,10.03,10.03,10.02,10.03,2443,0
FTW.US,60,20250221,210000,10.0205,10.03,10.02,10.025,2876,0
FTW.US,60,20250221,220000,10.0206,10.03,10.01,10.01,4934,0
FTW.US,60,20250224,160000,10.02,10.04,10.02,10.03,6803,0
FTW.US,60,20250224,170000,10.03,10.035,10.03,10.03,2042,0
FTW.US,60,20250224,180000,10.03,10.04,10.01,10.0351,27950,0
FTW.US,60,20250224,190000,10.04,10.04,10.0301,10.035,1200,0
FTW.US,60,20250224,200000,10.039,10.04,10.03,10.0301,49929,0
FTW.US,60,20250224,210000,10.03,10.0361,10.03,10.035,52098,0
FTW.US,60,20250224,220000,10.03,10.04,10.03,10.03,83811,0
FTW.US,60,20250225,160000,10.023,10.04,10.01,10.04,3078,0
FTW.US,60,20250225,170000,10.035,10.04,10.03,10.0312,3976,0
FTW.US,60,20250225,180000,10.035,10.04,10.03,10.03,106483,0
FTW.US,60,20250225,190000,10.0301,10.04,10.03,10.0381,1800,0
FTW.US,60,20250225,200000,10.03,10.04,10.03,10.03,685,0
FTW.US,60,20250225,210000,10.035,10.04,10.0334,10.04,2200,0
FTW.US,60,20250225,220000,10.035,10.035,10.02,10.02,170226,0
FTW.US,60,20250226,160000,10.0245,10.0245,10.02,10.02,1400,0
FTW.US,60,20250226,170000,10.025,10.03,10.02,10.0204,5794,0
FTW.US,60,20250226,180000,10.025,10.03,10.025,10.03,300,0
FTW.US,60,20250226,190000,10.0288,10.03,10.0288,10.03,700,0
FTW.US,60,20250226,200000,10.025,10.03,10.025,10.03,331,0
FTW.US,60,20250226,210000,10.025,10.025,10.02,10.02,1625,0
FTW.US,60,20250226,220000,10.03,10.03,10.02,10.02,2072,0
FTW.US,60,20250227,160000,10.0213,10.0213,10.0213,10.0213,100,0
FTW.US,60,20250227,170000,10.011,10.02,10.011,10.02,271,0
FTW.US,60,20250227,180000,10.02,10.02,10.0112,10.015,303,0
FTW.US,60,20250227,190000,10.02,10.025,10.02,10.02,24483,0
FTW.US,60,20250227,200000,10.0199,10.0199,10.0199,10.0199,800,0
FTW.US,60,20250227,210000,10.015,10.0181,10.015,10.0181,300,0
FTW.US,60,20250227,220000,10.0117,10.02,10.0117,10.02,14289,0
FTW.US,60,20250228,160000,10.015,10.02,10.01,10.0101,2950,0
FTW.US,60,20250228,170000,10.01,10.02,10.01,10.0165,10200,0
FTW.US,60,20250228,180000,10.01,10.02,10.01,10.0113,2316,0
FTW.US,60,20250228,190000,10.015,10.015,10.0132,10.015,1800,0
FTW.US,60,20250228,200000,10.0112,10.015,10.0109,10.0109,2527,0
FTW.US,60,20250228,210000,10.015,10.015,10.01,10.01,600,0
FTW.US,60,20250228,220000,10.015,10.03,10.01,10.03,4219,0
FTW.US,60,20250303,160000,10.0195,10.0195,10.01,10.01,499,0
FTW.US,60,20250303,170000,10.01,10.0203,10.01,10.0203,5624,0
FTW.US,60,20250303,180000,10.02,10.0266,10.02,10.0266,500,0
FTW.US,60,20250303,190000,10.0211,10.0214,10.02,10.02,25387,0
FTW.US,60,20250303,200000,10.02,10.025,10.02,10.025,5543,0
FTW.US,60,20250303,210000,10.02,10.03,10.02,10.025,3165,0
FTW.US,60,20250303,220000,10.03,10.04,10.02,10.04,12489,0
FTW.US,60,20250304,160000,10.0374,10.0374,10.03,10.03,2209,0
FTW.US,60,20250304,170000,10.04,10.04,10.03,10.03,2821,0
FTW.US,60,20250304,180000,10.03,10.04,10.03,10.03,5450,0
FTW.US,60,20250304,190000,10.02,10.04,10.02,10.03,2886,0
FTW.US,60,20250304,200000,10.0325,10.035,10.03,10.03,30690,0
FTW.US,60,20250304,210000,10.035,10.04,10.03,10.035,1334,0
FTW.US,60,20250304,220000,10.035,10.04,10.03,10.03,1458,0
FTW.US,60,20250305,160000,10.035,10.035,10.03,10.03,2574,0
FTW.US,60,20250305,170000,10.0383,10.04,10.03,10.04,550,0
FTW.US,60,20250305,180000,10.0335,10.0335,10.03,10.03,1556,0
FTW.US,60,20250305,190000,10.03,10.04,10.03,10.03,767,0
FTW.US,60,20250305,200000,10.04,10.04,10.0302,10.0302,700,0
FTW.US,60,20250305,210000,10.04,10.04,10.04,10.04,100,0
FTW.US,60,20250305,220000,10.03,10.03,10.03,10.03,1664,0
FTW.US,60,20250306,170000,10.0345,10.0345,10.0345,10.0345,2000,0
FTW.US,60,20250306,190000,10.03,10.04,10.03,10.04,3012,0
FTW.US,60,20250306,200000,10.03,10.035,10.03,10.035,200,0
FTW.US,60,20250306,210000,10.03,10.035,10.03,10.035,1300,0
FTW.US,60,20250306,220000,10.0303,10.0303,10.03,10.03,914,0
FTW.US,60,20250307,160000,10.0384,10.0384,10.0384,10.0384,996,0
FTW.US,60,20250307,170000,10.03,10.035,10.03,10.03,2092,0
FTW.US,60,20250307,180000,10.0397,10.0397,10.03,10.03,9131,0
FTW.US,60,20250307,190000,10.03,10.0303,10.03,10.0303,3414,0
FTW.US,60,20250307,210000,10.0365,10.04,10.0365,10.04,375,0
FTW.US,60,20250307,220000,10.0399,10.04,10.0399,10.04,570,0
FTW.US,60,20250310,150000,10.03,10.04,10.03,10.0376,966,0
FTW.US,60,20250310,160000,10.03,10.04,10.03,10.03,1700,0
FTW.US,60,20250310,170000,10.0201,10.0201,10.0201,10.0201,300,0
FTW.US,60,20250310,180000,10.03,10.0351,10.03,10.0349,3500,0
FTW.US,60,20250310,190000,10.0346,10.0346,10.03,10.03,755,0
FTW.US,60,20250310,200000,10.03,10.0389,10.03,10.0389,4725,0
FTW.US,60,20250310,210000,10.0336,10.035,10.03,10.03,3702,0
FTW.US,60,20250311,150000,10.03,10.04,10.03,10.04,625,0
FTW.US,60,20250311,160000,10.035,10.04,10.035,10.04,1650,0
FTW.US,60,20250311,170000,10.04,10.04,10.0397,10.0397,501,0
FTW.US,60,20250311,180000,10.04,10.04,10.03,10.04,829,0
FTW.US,60,20250311,190000,10.0319,10.04,10.03,10.04,6597,0
FTW.US,60,20250311,200000,10.04,10.04,10.0313,10.04,5109,0
FTW.US,60,20250311,210000,10.04,10.05,10.03,10.03,5620,0
FTW.US,60,20250312,170000,10.0366,10.04,10.0366,10.04,2974,0
FTW.US,60,20250312,180000,10.03602,10.04,10.03602,10.04,350,0
FTW.US,60,20250312,190000,10.0451,10.0451,10.0432,10.0432,200,0
FTW.US,60,20250312,200000,10.05,10.05,10.04,10.04,3400,0
FTW.US,60,20250312,210000,10.04,10.05,10.04,10.05,3219,0
FTW.US,60,20250313,150000,10.03,10.03,10.03,10.03,300,0
FTW.US,60,20250313,160000,10.0366,10.0366,10.0366,10.0366,100,0
FTW.US,60,20250313,170000,10.0349,10.04,10.0311,10.0311,1118,0
FTW.US,60,20250313,190000,10.04,10.04,10.04,10.04,525,0
FTW.US,60,20250313,200000,10.04,10.04,10.04,10.04,316,0
FTW.US,60,20250313,210000,10.05,10.05,10.04,10.05,915,0
FTW.US,60,20250314,150000,10.04,10.04,10.04,10.04,100,0
FTW.US,60,20250314,160000,10.0405,10.0405,10.0405,10.0405,500,0
FTW.US,60,20250314,180000,10.0407,10.05,10.04,10.04,30387,0
FTW.US,60,20250314,200000,10.04,10.0401,10.04,10.0401,19760,0
FTW.US,60,20250314,210000,10.045,10.0453,10.04,10.04,450,0
FTW.US,60,20250317,150000,10.05,10.05,10.0355,10.0355,401,0
FTW.US,60,20250317,160000,10.0321,10.04,10.0321,10.04,300,0
FTW.US,60,20250317,170000,10.04,10.047699,10.04,10.047699,5400,0
FTW.US,60,20250317,180000,10.04,10.04,10.04,10.04,100,0
FTW.US,60,20250317,200000,10.04,10.04,10.04,10.04,500,0
FTW.US,60,20250317,210000,10.04,10.04,10.04,10.04,122,0
FTW.US,60,20250318,160000,10.05,10.05,10.0475,10.05,17671,0
FTW.US,60,20250318,170000,10.05,10.06,10.05,10.05,4950,0
FTW.US,60,20250318,180000,10.055,10.055,10.05,10.05,500,0
FTW.US,60,20250318,190000,10.0501,10.06,10.0501,10.055,300,0
FTW.US,60,20250318,200000,10.05,10.055,10.05,10.055,695,0
FTW.US,60,20250318,210000,10.05,10.055,10.05,10.05,544,0
FTW.US,60,20250319,160000,10.0429,10.05,10.0429,10.05,400,0
FTW.US,60,20250319,170000,10.07,10.07,10.07,10.07,100,0
FTW.US,60,20250319,180000,10.05,10.05,10.05,10.05,797,0
FTW.US,60,20250319,200000,10.0589,10.0589,10.055,10.055,1600,0
FTW.US,60,20250319,210000,10.0589,10.06,10.052808,10.0599,2050,0
FTW.US,60,20250320,160000,10.05,10.05,10.05,10.05,800,0
FTW.US,60,20250320,170000,10.0558,10.06,10.05,10.0511,3995,0
FTW.US,60,20250320,180000,10.07,10.07,10.07,10.07,100,0
FTW.US,60,20250320,200000,10.0507,10.0507,10.0507,10.0507,100,0
FTW.US,60,20250320,210000,10.06,10.06,10.06,10.06,338,0
FTW.US,60,20250321,150000,10.0548,10.0548,10.0548,10.0548,250,0
FTW.US,60,20250321,160000,10.06,10.06,10.06,10.06,100,0
FTW.US,60,20250321,170000,10.06,10.06,10.06,10.06,300,0
FTW.US,60,20250321,200000,10.06,10.06,10.06,10.06,300,0
FTW.US,60,20250321,210000,10.07,10.07,10.06,10.06,850,0
FTW.US,60,20250324,150000,10.06,10.06,10.06,10.06,300,0
FTW.US,60,20250324,160000,10.06,10.07,10.06,10.07,1000,0
FTW.US,60,20250324,170000,10.0632,10.07,10.0602,10.065,1448,0
FTW.US,60,20250324,180000,10.06,10.07,10.06,10.07,200,0
FTW.US,60,20250324,200000,10.07,10.07,10.065,10.07,9161,0
FTW.US,60,20250324,210000,10.08,10.08,10.06,10.07,989,0
FTW.US,60,20250325,150000,10.07,10.07,10.07,10.07,5200,0
FTW.US,60,20250325,160000,10.07,10.0738,10.07,10.0708,1700,0
FTW.US,60,20250325,170000,10.07,10.08,10.07,10.075,591,0
FTW.US,60,20250325,180000,10.07,10.079,10.07,10.079,200,0
FTW.US,60,20250325,190000,10.07,10.07,10.07,10.07,100,0
FTW.US,60,20250325,200000,10.07,10.07,10.07,10.07,100,0
FTW.US,60,20250325,210000,10.079,10.08,10.07,10.08,1129,0
FTW.US,60,20250326,150000,10.0773,10.0773,10.0773,10.0773,125,0
FTW.US,60,20250326,160000,10.068,10.08,10.06,10.07,12848,0
FTW.US,60,20250326,170000,10.08,10.0876,10.07,10.07,607,0
FTW.US,60,20250326,180000,10.073,10.08,10.07,10.08,1300,0
FTW.US,60,20250326,190000,10.07,10.08,10.07,10.08,2278,0
FTW.US,60,20250326,200000,10.08,10.08,10.08,10.08,100,0
FTW.US,60,20250326,210000,10.085,10.11,10.085,10.11,17732,0
FTW.US,60,20250327,150000,10.11,10.13,10.11,10.1263,2815,0
FTW.US,60,20250327,160000,10.118,10.118,10.118,10.118,106,0
FTW.US,60,20250327,170000,10.12,10.12,10.12,10.12,100,0
FTW.US,60,20250327,180000,10.12,10.13,10.1126,10.13,1186,0
FTW.US,60,20250327,190000,10.117,10.117,10.117,10.117,200,0
FTW.US,60,20250327,210000,10.13,10.13,10.13,10.13,277,0
FTW.US,60,20250328,150000,10.095,10.1208,10.095,10.1,1714,0
FTW.US,60,20250328,170000,10.0791,10.1,10.0727,10.09,2050,0
FTW.US,60,20250328,180000,10.0704,10.1028,10.07,10.1028,700,0
FTW.US,60,20250328,200000,10.11,10.11,10.11,10.11,200,0
FTW.US,60,20250328,210000,10.09,10.09,10.09,10.09,262,0
FTW.US,60,20250331,170000,10.1464,10.1599,10.06,10.06,3611,0
FTW.US,60,20250331,180000,10.0923,10.11,10.07,10.11,1025,0
FTW.US,60,20250331,190000,10.1,10.11,10.09,10.11,351,0
FTW.US,60,20250331,200000,10.11,10.11,10.095966,10.1099,754,0
FTW.US,60,20250331,220000,10.12,10.12,10.12,10.12,106,0
FTW.US,60,20250401,160000,10.145,10.145,10.145,10.145,500,0
FTW.US,60,20250401,170000,10.14,10.14,10.1104,10.1104,1322,0
FTW.US,60,20250401,180000,10.1343,10.1343,10.1343,10.1343,150,0
FTW.US,60,20250401,190000,10.12,10.14,10.12,10.12,20775,0
FTW.US,60,20250401,200000,10.1,10.1,10.0922,10.0922,652,0
FTW.US,60,20250401,210000,10.0932,10.0932,10.09,10.09,300,0
FTW.US,60,20250402,160000,10.13,10.13,10.1114,10.1114,950,0
FTW.US,60,20250402,170000,10.11,10.1279,10.11,10.12,1350,0
FTW.US,60,20250402,180000,10.115,10.115,10.115,10.115,110,0
FTW.US,60,20250402,190000,10.1043,10.1043,10.1001,10.1005,1450,0
FTW.US,60,20250402,200000,10.1271,10.1272,10.1271,10.1272,250,0
FTW.US,60,20250402,210000,10.12,10.12,10.12,10.12,100,0
FTW.US,60,20250402,220000,10.11,10.13,10.11,10.11,3952,0
FTW.US,60,20250403,160000,10.0901,10.0901,10.0901,10.0901,100,0
FTW.US,60,20250403,170000,10.0907,10.1,10.0907,10.1,426,0
FTW.US,60,20250403,180000,10.1067,10.1067,10.1,10.1,400,0
FTW.US,60,20250403,190000,10.1,10.11,10.1,10.11,600,0
FTW.US,60,20250403,200000,10.1,10.1,10.1,10.1,172,0
FTW.US,60,20250403,210000,10.105,10.105,10.1002,10.1002,2800,0
FTW.US,60,20250403,220000,10.1065,10.11,10.09,10.11,2267,0
FTW.US,60,20250404,160000,10.0601,10.12,10.06,10.0647,2100,0
FTW.US,60,20250404,170000,10.0863,10.09,10.06,10.08,4080,0
FTW.US,60,20250404,180000,10.075,10.075,10.07,10.07,328,0
FTW.US,60,20250404,190000,10.06,10.09,10.06,10.09,2800,0
FTW.US,60,20250404,200000,10.0772,10.0772,10.0713,10.0713,200,0
FTW.US,60,20250404,210000,10.0885,10.09,10.0885,10.09,200,0
FTW.US,60,20250404,220000,10.07,10.09,10.06,10.09,11172,0
FTW.US,60,20250407,160000,10.06,10.085,10.06,10.08,2145,0
FTW.US,60,20250407,170000,10.06,10.09,10.06,10.0775,2079,0
FTW.US,60,20250407,180000,10.09,10.09,10.06,10.06,2037,0
FTW.US,60,20250407,190000,10.11,10.11,10.06,10.103,911,0
FTW.US,60,20250407,200000,10.06,10.1,10.06,10.0951,520,0
FTW.US,60,20250407,210000,10.08,10.08,10.08,10.08,200,0
FTW.US,60,20250407,220000,10.075,10.09,10.075,10.08,5914,0
FTW.US,60,20250408,160000,10.0603,10.0603,10.0603,10.0603,300,0
FTW.US,60,20250408,170000,10.07,10.1,10.07,10.1,898,0
FTW.US,60,20250408,180000,10.1,10.1,10.0957,10.1,750,0
FTW.US,60,20250408,190000,10.0747,10.08,10.0747,10.08,802,0
FTW.US,60,20250408,210000,10.08,10.08,10.07,10.075,2096,0
FTW.US,60,20250408,220000,10.075,10.0757,10.07,10.07,1818,0
FTW.US,60,20250409,160000,10.07,10.07,10.07,10.07,1000,0
FTW.US,60,20250409,170000,10.07,10.07,10.07,10.07,200,0
FTW.US,60,20250409,190000,10.083,10.083,10.083,10.083,125,0
FTW.US,60,20250409,200000,10.0778,10.08,10.07,10.07,100640,0
FTW.US,60,20250409,210000,10.07,10.0815,10.07,10.08,1550,0
FTW.US,60,20250409,220000,10.08,10.09,10.08,10.09,557,0
FTW.US,60,20250410,160000,10.07,10.08,10.07,10.08,800,0
FTW.US,60,20250410,170000,10.08,10.08,10.0799,10.08,753,0
FTW.US,60,20250410,180000,10.08,10.08,10.08,10.08,400,0
FTW.US,60,20250410,190000,10.0899,10.0899,10.07,10.07,200,0
FTW.US,60,20250410,200000,10.08,10.09,10.08,10.08,1292,0
FTW.US,60,20250410,210000,10.0801,10.0801,10.0801,10.0801,100,0
FTW.US,60,20250410,220000,10.08,10.0815,10.08,10.0815,600,0
FTW.US,60,20250411,160000,10.07,10.07,10.07,10.07,471,0
FTW.US,60,20250411,170000,10.07,10.0702,10.07,10.0702,1500,0
FTW.US,60,20250411,180000,10.09,10.09,10.09,10.09,213,0
FTW.US,60,20250411,190000,10.0901,10.0901,10.09,10.09,599,0
FTW.US,60,20250411,200000,10.09,10.102,10.09,10.102,1500,0
FTW.US,60,20250411,210000,10.095,10.095,10.0901,10.0901,400,0
FTW.US,60,20250411,220000,10.09,10.11,10.09,10.1,3289,0
FTW.US,60,20250414,160000,10.08,10.08,10.0702,10.0702,1200,0
FTW.US,60,20250414,170000,10.07,10.11,10.07,10.11,3200,0
FTW.US,60,20250414,210000,10.08,10.08,10.08,10.08,400,0
FTW.US,60,20250414,220000,10.1,10.11,10.1,10.11,1900,0
FTW.US,60,20250415,170000,10.0804,10.108,10.08,10.108,1300,0
FTW.US,60,20250415,180000,10.0864,10.1185,10.0864,10.1185,620,0
FTW.US,60,20250415,190000,10.1199,10.1199,10.0862,10.0862,800,0
FTW.US,60,20250415,210000,10.1,10.1,10.1,10.1,913,0
FTW.US,60,20250415,220000,10.08,10.08,10.08,10.08,101,0
FTW.US,60,20250416,160000,10.0813,10.0813,10.0813,10.0813,100,0
FTW.US,60,20250416,170000,10.0978,10.0978,10.09,10.0912,500,0
FTW.US,60,20250416,180000,10.09,10.1,10.06,10.09,12797,0
FTW.US,60,20250416,190000,10.09,10.09,10.09,10.09,590,0
FTW.US,60,20250416,200000,10.09,10.09,10.09,10.09,100,0
FTW.US,60,20250416,210000,10.0902,10.0902,10.0902,10.0902,100,0
FTW.US,60,20250416,220000,10.0822,10.1,10.08,10.09,1290,0
FTW.US,60,20250417,170000,10.0846,10.0846,10.0846,10.0846,229,0
FTW.US,60,20250417,180000,10.08,10.09,10.08,10.09,896,0
FTW.US,60,20250421,160000,10.09,10.09,10.0801,10.09,2194,0
FTW.US,60,20250421,170000,10.08,10.0912,10.08,10.09,1200,0
FTW.US,60,20250421,180000,10.0908,10.0951,10.09,10.09,1258,0
FTW.US,60,20250421,200000,10.09,10.09,10.09,10.09,2200,0
FTW.US,60,20250421,220000,10.09,10.09,10.09,10.09,25600,0
FTW.US,60,20250422,170000,10.08,10.08,10.08,10.08,100,0
FTW.US,60,20250422,180000,10.0803,10.09,10.08,10.08,700,0
FTW.US,60,20250422,190000,10.0822,10.0822,10.0822,10.0822,100,0
FTW.US,60,20250422,200000,10.08,10.0852,10.08,10.0852,1284,0
FTW.US,60,20250422,220000,10.09,10.09,10.09,10.09,349,0
FTW.US,60,20250423,170000,10.09,10.09,10.09,10.09,100,0
FTW.US,60,20250423,180000,10.09,10.1,10.09,10.1,26267,0
FTW.US,60,20250423,200000,10.1,10.12,10.1,10.11,1131,0
FTW.US,60,20250423,210000,10.11,10.12,10.11,10.12,2007,0
FTW.US,60,20250423,220000,10.11,10.1199,10.11,10.11,1900,0
FTW.US,60,20250424,170000,10.11,10.1111,10.11,10.1111,200,0
FTW.US,60,20250424,180000,10.1192,10.12,10.1192,10.12,12100,0
FTW.US,60,20250424,190000,10.1202,10.1202,10.1202,10.1202,500,0
FTW.US,60,20250424,200000,10.12,10.13,10.12,10.13,18788,0
FTW.US,60,20250424,210000,10.15,10.15,10.15,10.15,900,0
FTW.US,60,20250424,220000,10.15,10.15,10.12,10.15,2201,0
FTW.US,60,20250425,170000,10.12,10.12,10.12,10.12,184,0
FTW.US,60,20250425,180000,10.1248,10.1248,10.1248,10.1248,100,0
FTW.US,60,20250425,190000,10.1395,10.1395,10.1395,10.1395,201,0
FTW.US,60,20250425,200000,10.135,10.135,10.135,10.135,100,0
FTW.US,60,20250425,220000,10.13,10.13,10.1274,10.13,100700,0
FTW.US,60,20250428,170000,10.1161,10.125,10.11,10.125,600,0
FTW.US,60,20250428,180000,10.11,10.11,10.11,10.11,100,0
FTW.US,60,20250428,210000,10.14,10.15,10.14,10.15,160953,0
FTW.US,60,20250428,220000,10.16,10.17,10.13,10.17,900469,0
FTW.US,60,20250429,160000,10.17,10.2,10.17,10.175,5272,0
FTW.US,60,20250429,180000,10.1686,10.169,10.165,10.165,4173,0
FTW.US,60,20250429,190000,10.16,10.16,10.16,10.16,12444,0
FTW.US,60,20250429,200000,10.1563,10.1563,10.1563,10.1563,250,0
FTW.US,60,20250429,220000,10.16,10.175,10.16,10.175,53275,0
FTW.US,60,20250430,160000,10.2,10.2,10.19,10.19,328,0
FTW.US,60,20250430,170000,10.1722,10.187,10.17,10.17,600,0
FTW.US,60,20250430,180000,10.19,10.19,10.19,10.19,100,0
FTW.US,60,20250430,200000,10.17,10.17,10.17,10.17,10100,0
FTW.US,60,20250430,210000,10.18,10.19,10.18,10.19,1500,0
FTW.US,60,20250430,220000,10.18,10.19,10.177,10.18,1000,0
FTW.US,60,20250501,160000,10.17,10.185,10.1603,10.185,8304,0
FTW.US,60,20250501,170000,10.17,10.2,10.17,10.1959,2082,0
FTW.US,60,20250501,180000,10.1997,10.2,10.1997,10.2,40701,0
FTW.US,60,20250501,190000,10.22,10.25,10.22,10.22,128006,0
FTW.US,60,20250501,200000,10.21,10.21,10.19,10.19,46707,0
FTW.US,60,20250501,210000,10.19,10.19,10.19,10.19,10000,0
FTW.US,60,20250501,220000,10.1892,10.2,10.18,10.2,2944,0
FTW.US,60,20250502,160000,10.204,10.204,10.204,10.204,100,0
FTW.US,60,20250502,170000,10.2047,10.2047,10.2047,10.2047,100,0
FTW.US,60,20250502,180000,10.2011,10.211,10.2,10.2,9893,0
FTW.US,60,20250502,190000,10.19,10.19,10.19,10.19,1000,0
FTW.US,60,20250502,200000,10.19,10.191,10.19,10.19,7992,0
FTW.US,60,20250502,210000,10.2,10.21,10.2,10.21,9109,0
FTW.US,60,20250502,220000,10.21,10.215,10.21,10.21,23523,0
FTW.US,60,20250505,170000,10.19,10.192,10.19,10.192,200,0
FTW.US,60,20250505,180000,10.19,10.19,10.19,10.19,100,0
FTW.US,60,20250505,190000,10.21,10.2101,10.21,10.21,20196,0
FTW.US,60,20250505,210000,10.2155,10.2155,10.2155,10.2155,650,0
FTW.US,60,20250505,220000,10.205,10.21,10.2,10.2,1060,0
FTW.US,60,20250506,160000,10.2,10.22,10.2,10.22,900,0
FTW.US,60,20250506,170000,10.22,10.22,10.215,10.2182,1132,0
FTW.US,60,20250506,180000,10.215,10.215,10.215,10.215,800,0
FTW.US,60,20250506,200000,10.2109,10.215,10.2101,10.2101,800,0
FTW.US,60,20250506,220000,10.22,10.22,10.21,10.21,502731,0
FTW.US,60,20250507,160000,10.2173,10.2173,10.2028,10.2108,800,0
FTW.US,60,20250507,190000,10.219,10.219,10.219,10.219,900,0
FTW.US,60,20250507,210000,10.2106,10.22,10.2106,10.22,200,0
FTW.US,60,20250507,220000,10.215,10.215,10.21,10.21,300,0
FTW.US,60,20250508,160000,10.2103,10.2103,10.2103,10.2103,786,0
FTW.US,60,20250508,170000,10.22,10.22,10.22,10.22,100,0
FTW.US,60,20250508,200000,10.215,10.25,10.215,10.24,295400,0
FTW.US,60,20250508,210000,10.24,10.24,10.23,10.24,500,0
FTW.US,60,20250508,220000,10.25,10.25,10.23,10.24,114368,0
FTW.US,60,20250509,160000,10.2468,10.2468,10.2468,10.2468,500,0
FTW.US,60,20250509,170000,10.25,10.25,10.2301,10.2301,207154,0
FTW.US,60,20250509,180000,10.2388,10.2388,10.2301,10.2301,588,0
FTW.US,60,20250509,210000,10.235,10.24,10.2304,10.24,2400,0
FTW.US,60,20250509,220000,10.235,10.24,10.23,10.23,1097,0
FTW.US,60,20250512,170000,10.25,10.25,10.2322,10.2322,850,0
FTW.US,60,20250512,180000,10.25,10.25,10.23,10.25,1649,0
FTW.US,60,20250512,190000,10.25,10.25,10.23,10.25,887,0
FTW.US,60,20250512,200000,10.25,10.25,10.24,10.24,314598,0
FTW.US,60,20250512,210000,10.25,10.25,10.24,10.24,11922,0
FTW.US,60,20250512,220000,10.24,10.24,10.23,10.23,7162,0
FTW.US,60,20250513,160000,10.2579,10.2579,10.2511,10.2511,1487,0
FTW.US,60,20250513,170000,10.2596,10.26,10.25,10.25,1500,0
FTW.US,60,20250513,180000,10.24,10.26,10.24,10.26,14762,0
FTW.US,60,20250513,190000,10.24,10.25,10.24,10.25,561,0
FTW.US,60,20250513,200000,10.2508,10.2508,10.24,10.24,2200,0
FTW.US,60,20250513,210000,10.2354,10.2354,10.2354,10.2354,100,0
FTW.US,60,20250513,220000,10.2349,10.25,10.2349,10.24,178823,0
FTW.US,60,20250514,170000,10.2599,10.2599,10.2573,10.2573,600,0
FTW.US,60,20250514,180000,10.24,10.245,10.24,10.245,1942,0
FTW.US,60,20250514,190000,10.2427,10.2427,10.2427,10.2427,133,0
FTW.US,60,20250514,200000,10.25,10.25,10.25,10.25,350,0
FTW.US,60,20250514,210000,10.2486,10.2486,10.2486,10.2486,4000,0
FTW.US,60,20250514,220000,10.245,10.25,10.24,10.24,9314,0
FTW.US,60,20250515,160000,10.24,10.26,10.24,10.26,34800,0
FTW.US,60,20250515,170000,10.25,10.25,10.25,10.25,100,0
FTW.US,60,20250515,190000,10.26,10.26,10.26,10.26,100,0
FTW.US,60,20250515,200000,10.27,10.29,10.27,10.28,283297,0
FTW.US,60,20250515,210000,10.2896,10.29,10.27,10.27,2585,0
FTW.US,60,20250515,220000,10.27,10.3,10.27,10.28,385333,0
FTW.US,60,20250516,160000,10.275,10.275,10.275,10.275,101,0
FTW.US,60,20250516,170000,10.28,10.28,10.28,10.28,2500,0
FTW.US,60,20250516,180000,10.28,10.3,10.27,10.28,578866,0
FTW.US,60,20250516,190000,10.3,10.31,10.2817,10.31,50780,0
FTW.US,60,20250516,200000,10.32,10.32,10.32,10.32,9700,0
FTW.US,60,20250516,210000,10.32,10.325,10.3,10.32,141352,0
FTW.US,60,20250516,220000,10.32,10.34,10.32,10.33,270288,0
FTW.US,60,20250519,160000,10.35,10.35,10.35,10.35,210,0
FTW.US,60,20250519,170000,10.32,10.32,10.32,10.32,332,0
FTW.US,60,20250519,180000,10.34,10.35,10.3254,10.35,2200,0
FTW.US,60,20250519,190000,10.35,10.35,10.34,10.34,575,0
FTW.US,60,20250519,200000,10.3486,10.3486,10.3486,10.3486,100,0
FTW.US,60,20250519,210000,10.34,10.37,10.34,10.36,307150,0
FTW.US,60,20250519,220000,10.37,10.38,10.37,10.37,18016,0
FTW.US,60,20250520,170000,10.38,10.39,10.36,10.38,94663,0
FTW.US,60,20250520,180000,10.38,10.4,10.38,10.4,328720,0
FTW.US,60,20250520,190000,10.4,10.43,10.4,10.43,12500,0
FTW.US,60,20250520,200000,10.42,10.42,10.394,10.394,7500,0
FTW.US,60,20250520,210000,10.4,10.4,10.4,10.4,200,0
FTW.US,60,20250520,220000,10.38,10.38,10.3708,10.3708,1000,0
FTW.US,60,20250521,160000,10.42,10.43,10.38,10.38,250200,0
FTW.US,60,20250521,170000,10.4125,10.43,10.405,10.43,800,0
FTW.US,60,20250521,180000,10.4,10.4,10.39,10.39,300200,0
FTW.US,60,20250521,190000,10.405,10.42,10.405,10.409,1800,0
FTW.US,60,20250521,200000,10.42,10.42,10.3801,10.41,18650,0
FTW.US,60,20250521,210000,10.41,10.41,10.41,10.41,600,0
FTW.US,60,20250521,220000,10.41,10.41,10.399,10.4,3208,0
FTW.US,60,20250522,160000,10.4,10.4,10.39,10.39,2800,0
FTW.US,60,20250522,170000,10.4,10.4,10.395,10.4,29294,0
FTW.US,60,20250522,180000,10.4001,10.4015,10.39,10.4015,9286,0
FTW.US,60,20250522,190000,10.41,10.41,10.4,10.4,2400,0
FTW.US,60,20250522,200000,10.4013,10.4013,10.4,10.4,300,0
FTW.US,60,20250522,210000,10.4001,10.402,10.4001,10.4006,4800,0
FTW.US,60,20250522,220000,10.41,10.42,10.4,10.41,402003,0
FTW.US,60,20250523,160000,10.4165,10.42,10.4165,10.42,5901,0
FTW.US,60,20250523,170000,10.41,10.41,10.41,10.41,500,0
FTW.US,60,20250523,180000,10.415,10.44,10.415,10.44,19398,0
FTW.US,60,20250523,190000,10.45,10.45,10.45,10.45,100,0
FTW.US,60,20250523,200000,10.445,10.45,10.4406,10.445,18716,0
FTW.US,60,20250523,210000,10.44,10.45,10.4322,10.44,13995,0
FTW.US,60,20250523,220000,10.425,10.44,10.422,10.43,4999,0
FTW.US,60,20250527,160000,10.46,10.463,10.4501,10.4501,1586,0
FTW.US,60,20250527,170000,10.46,10.46,10.4593,10.46,390,0
FTW.US,60,20250527,180000,10.45,10.45,10.423,10.45,8556,0
FTW.US,60,20250527,190000,10.425,10.4495,10.425,10.4495,978,0
FTW.US,60,20250527,200000,10.45,10.45,10.45,10.45,100,0
FTW.US,60,20250527,210000,10.45,10.45,10.45,10.45,100,0
FTW.US,60,20250527,220000,10.45,10.45,10.45,10.45,300,0
FTW.US,60,20250528,170000,10.42,10.45,10.42,10.45,550,0
FTW.US,60,20250528,210000,10.44,10.44,10.44,10.44,750,0
FTW.US,60,20250528,220000,10.45,10.45,10.43,10.44,10942,0
FTW.US,60,20250529,160000,10.4376,10.4376,10.4376,10.4376,300,0
FTW.US,60,20250529,170000,10.45,10.45,10.4222,10.4222,1000,0
FTW.US,60,20250529,180000,10.45,10.45,10.45,10.45,100,0
FTW.US,60,20250529,190000,10.4463,10.45,10.4463,10.45,204,0
FTW.US,60,20250529,210000,10.45,10.45,10.44,10.4473,1246,0
FTW.US,60,20250529,220000,10.4274,10.44,10.42,10.42,611,0
FTW.US,60,20250530,160000,10.4344,10.4344,10.4344,10.4344,200,0
FTW.US,60,20250530,170000,10.43,10.43,10.4206,10.4206,208,0
FTW.US,60,20250530,180000,10.43,10.43,10.43,10.43,100,0
FTW.US,60,20250530,200000,10.42,10.42,10.42,10.42,779,0
FTW.US,60,20250530,210000,10.402,10.42,10.402,10.42,601,0
FTW.US,60,20250530,220000,10.4021,10.42,10.4,10.42,1670,0
FTW.US,60,20250602,160000,10.41,10.41,10.41,10.41,200,0
FTW.US,60,20250602,180000,10.45,10.45,10.4,10.45,6597,0
FTW.US,60,20250602,190000,10.45,10.45,10.45,10.45,100,0
FTW.US,60,20250602,220000,10.425,10.45,10.41,10.44,2250,0
FTW.US,60,20250603,160000,10.4074,10.4074,10.4073,10.4073,850,0
FTW.US,60,20250603,170000,10.41,10.45,10.41,10.45,10100,0
FTW.US,60,20250603,180000,10.43,10.43,10.43,10.43,200,0
FTW.US,60,20250603,190000,10.4152,10.4496,10.4152,10.4496,2750,0
FTW.US,60,20250603,200000,10.4112,10.45,10.41,10.45,3091,0
FTW.US,60,20250603,210000,10.4499,10.45,10.4446,10.45,786,0
FTW.US,60,20250603,220000,10.44,10.44,10.41,10.44,604,0
FTW.US,60,20250604,160000,10.4,10.45,10.4,10.45,187890,0
FTW.US,60,20250604,170000,10.43,10.63,10.43,10.63,760582,0
FTW.US,60,20250604,180000,10.58,10.69,10.42,10.6664,14925,0
FTW.US,60,20250604,190000,10.55,10.59,10.502,10.55,3552,0
FTW.US,60,20250604,200000,10.5,10.54,10.5,10.54,8291,0
FTW.US,60,20250604,210000,10.5363,10.54,10.4944,10.54,639,0
FTW.US,60,20250604,220000,10.5344,10.54,10.4961,10.53,2683,0
FTW.US,60,20250605,160000,10.45,10.5392,10.45,10.5328,1998,0
FTW.US,60,20250605,170000,10.5,10.53,10.46,10.5291,2638,0
FTW.US,60,20250605,180000,10.54,10.54,10.5381,10.54,470,0
FTW.US,60,20250605,190000,10.52,10.5364,10.5,10.515,3000,0
FTW.US,60,20250605,220000,10.4913,10.6,10.4913,10.51,624,0
FTW.US,60,20250606,160000,10.54,10.55,10.532,10.55,3230,0
FTW.US,60,20250606,170000,10.57,10.57,10.5483,10.5483,1489,0
FTW.US,60,20250606,180000,10.55,10.55,10.55,10.55,100,0
FTW.US,60,20250606,190000,10.546,10.55,10.49,10.49,5350,0
FTW.US,60,20250606,200000,10.52,10.52,10.4954,10.52,1300,0
FTW.US,60,20250606,210000,10.506,10.506,10.49,10.495,865,0
FTW.US,60,20250606,220000,10.5,10.56,10.49,10.53,5401,0
FTW.US,60,20250609,160000,10.5551,10.56,10.5551,10.56,1110,0
FTW.US,60,20250609,170000,10.59,10.59,10.5882,10.5882,1100,0
FTW.US,60,20250609,180000,10.5881,10.5881,10.58,10.58,798,0
FTW.US,60,20250609,190000,10.58,10.58,10.58,10.58,409,0
FTW.US,60,20250609,200000,10.58,10.58,10.58,10.58,1000,0
FTW.US,60,20250609,210000,10.58,10.59,10.58,10.585,12087,0
FTW.US,60,20250609,220000,10.58,10.6,10.57,10.59,10719,0
FTW.US,60,20250610,160000,10.5843,10.6,10.5843,10.5932,7446,0
FTW.US,60,20250610,180000,10.59,10.59,10.59,10.59,1000,0
FTW.US,60,20250610,190000,10.55,10.58,10.55,10.58,6646,0
FTW.US,60,20250610,200000,10.5769,10.5769,10.5769,10.5769,1000,0
FTW.US,60,20250610,210000,10.55,10.57,10.55,10.57,11820,0
FTW.US,60,20250610,220000,10.57,10.57,10.52,10.52,1033,0
FTW.US,60,20250611,160000,10.58,10.59,10.55,10.5709,1800,0
FTW.US,60,20250611,170000,10.59,10.6,10.58,10.59,9345,0
FTW.US,60,20250611,180000,10.6,10.6,10.5835,10.5865,7430,0
FTW.US,60,20250611,190000,10.585,10.585,10.58,10.58,1999,0
FTW.US,60,20250611,200000,10.58,10.6,10.58,10.6,44983,0
FTW.US,60,20250611,210000,10.57,10.57,10.57,10.57,600,0
FTW.US,60,20250611,220000,10.57,10.57,10.55,10.56,26259,0
FTW.US,60,20250612,160000,10.55,10.55,10.55,10.55,2500,0
FTW.US,60,20250612,170000,10.5779,10.58,10.5622,10.5622,800,0
FTW.US,60,20250612,180000,10.5612,10.58,10.56,10.56,5960,0
FTW.US,60,20250612,190000,10.5443,10.58,10.5443,10.58,430,0
FTW.US,60,20250612,200000,10.58,10.58,10.58,10.58,100,0
FTW.US,60,20250612,210000,10.5762,10.5762,10.55,10.55,778,0
FTW.US,60,20250612,220000,10.56,10.6,10.56,10.6,828,0
FTW.US,60,20250613,160000,10.62,10.62,10.57,10.57,800,0
FTW.US,60,20250613,170000,10.5531,10.6,10.5531,10.6,450,0
FTW.US,60,20250613,180000,10.6,10.6,10.6,10.6,100,0
FTW.US,60,20250613,190000,10.58,10.58,10.58,10.58,500,0
FTW.US,60,20250613,220000,10.55,10.57,10.55,10.57,446,0
FTW.US,60,20250616,160000,10.5377,10.63,10.5377,10.61,1156,0
FTW.US,60,20250616,170000,10.62,10.63,10.61,10.62,19291,0
FTW.US,60,20250616,180000,10.62,10.62,10.62,10.62,10300,0
FTW.US,60,20250616,190000,10.61,10.63,10.57,10.6201,1325083,0
FTW.US,60,20250616,200000,10.62,10.62,10.61,10.61,500,0
FTW.US,60,20250616,220000,10.6142,10.7412,10.58,10.62,275982,0
FTW.US,60,20250617,170000,10.62,10.635,10.62,10.62,109226,0
FTW.US,60,20250617,180000,10.6292,10.635,10.62,10.635,36378,0
FTW.US,60,20250617,190000,10.65,10.65,10.62,10.6219,57119,0
FTW.US,60,20250617,200000,10.6216,10.63,10.62,10.62,58115,0
FTW.US,60,20250617,210000,10.6201,10.63,10.62,10.62,188838,0
FTW.US,60,20250617,220000,10.62,10.65,10.61,10.65,106269,0
FTW.US,60,20250618,160000,10.6149,10.6149,10.6149,10.6149,1824,0
FTW.US,60,20250618,170000,10.6101,10.65,10.61,10.65,82475,0
FTW.US,60,20250618,180000,10.65,10.65,10.6396,10.6396,8100,0
FTW.US,60,20250618,190000,10.64,10.64,10.64,10.64,1100,0
FTW.US,60,20250618,200000,10.6432,10.65,10.6432,10.65,1242,0
FTW.US,60,20250618,220000,10.6408,10.645,10.62,10.63,74305,0
FTW.US,60,20250620,160000,10.63,10.63,10.6285,10.6285,200,0
FTW.US,60,20250620,170000,10.6,10.62,10.6,10.61,2049,0
FTW.US,60,20250620,180000,10.62,10.62,10.6,10.62,10501,0
FTW.US,60,20250620,200000,10.6299,10.6299,10.6299,10.6299,1000,0
FTW.US,60,20250620,210000,10.629,10.629,10.62,10.6219,1376,0
FTW.US,60,20250620,220000,10.62,10.63,10.6,10.6,24355,0
FTW.US,60,20250623,160000,10.63,10.6399,10.5601,10.58,73464,0
FTW.US,60,20250623,170000,10.5853,10.5853,10.5853,10.5853,300,0
FTW.US,60,20250623,180000,10.59,10.6,10.59,10.6,688,0
FTW.US,60,20250623,190000,10.61,10.61,10.59,10.6,277834,0
FTW.US,60,20250623,200000,10.59,10.6,10.59,10.6,600,0
FTW.US,60,20250623,210000,10.6,10.6,10.59,10.59,10772,0
FTW.US,60,20250623,220000,10.59,10.6,10.59,10.6,8861,0
FTW.US,60,20250624,160000,10.62,10.62,10.59,10.59,5700,0
FTW.US,60,20250624,170000,10.599,10.6,10.5901,10.6,10297,0
FTW.US,60,20250624,180000,10.59,10.5992,10.59,10.5992,5100,0
FTW.US,60,20250624,190000,10.59,10.595,10.59,10.59,640,0
FTW.US,60,20250624,200000,10.6,10.6,10.58,10.58,205440,0
FTW.US,60,20250624,210000,10.595,10.6,10.58,10.6,65150,0
FTW.US,60,20250624,220000,10.59,10.6,10.59,10.59,23445,0
FTW.US,60,20250625,160000,10.5803,10.59,10.58,10.58,25492,0
FTW.US,60,20250625,170000,10.58,10.58,10.58,10.58,5793,0
FTW.US,60,20250625,180000,10.58,10.58,10.57,10.575,8714,0
FTW.US,60,20250625,190000,10.58,10.58,10.555,10.555,54605,0
FTW.US,60,20250625,200000,10.55,10.5595,10.54,10.54,69000,0
FTW.US,60,20250625,210000,10.515,10.52,10.515,10.52,1300,0
FTW.US,60,20250625,220000,10.53,10.55,10.5,10.5,4586,0
FTW.US,60,20250626,160000,10.57,10.57,10.54,10.56,3194,0
FTW.US,60,20250626,170000,10.5559,10.5559,10.5304,10.5304,1078,0
FTW.US,60,20250626,180000,10.52,10.528,10.5,10.5,286400,0
FTW.US,60,20250626,190000,10.52,10.52,10.52,10.52,300,0
FTW.US,60,20250626,210000,10.5,10.5173,10.5,10.5173,700,0
FTW.US,60,20250626,220000,10.5,10.5,10.5,10.5,2236,0
FTW.US,60,20250627,170000,10.56,10.56,10.5,10.51,2536,0
FTW.US,60,20250627,180000,10.52,10.52,10.52,10.52,100,0
FTW.US,60,20250627,190000,10.5,10.5,10.5,10.5,555,0
FTW.US,60,20250627,200000,10.5301,10.5301,10.5301,10.5301,100,0
FTW.US,60,20250627,210000,10.52,10.52,10.51,10.51,101188,0
FTW.US,60,20250627,220000,10.51,10.51,10.51,10.51,2252,0
FTW.US,60,20250630,160000,10.55,10.56,10.481,10.55,3359,0
FTW.US,60,20250630,170000,10.55,10.55,10.55,10.55,184,0
FTW.US,60,20250630,180000,10.52,10.52,10.4801,10.52,400,0
FTW.US,60,20250630,190000,10.55,10.55,10.55,10.55,200,0
FTW.US,60,20250630,200000,10.49,10.52,10.49,10.52,2269,0
FTW.US,60,20250630,210000,10.52,10.52,10.48,10.52,955,0
FTW.US,60,20250630,220000,10.52,10.55,10.49,10.51,6437,0
FTW.US,60,20250701,160000,10.56,10.56,10.53,10.53,407,0
FTW.US,60,20250701,170000,10.5,10.5,10.5,10.5,100,0
FTW.US,60,20250701,180000,10.55,10.55,10.5039,10.5039,1227,0
FTW.US,60,20250701,200000,10.54,10.54,10.5,10.5,800,0
FTW.US,60,20250701,210000,10.5,10.5,10.5,10.5,100,0
FTW.US,60,20250701,220000,10.54,10.56,10.5,10.53,2214,0
FTW.US,60,20250702,160000,10.495,10.54,10.495,10.5,600,0
FTW.US,60,20250702,170000,10.544,10.55,10.53,10.53,399,0
FTW.US,60,20250702,180000,10.5479,10.5479,10.52,10.5291,1250,0
FTW.US,60,20250702,190000,10.52,10.55,10.52,10.55,20200,0
FTW.US,60,20250702,200000,10.5,10.55,10.5,10.55,35688,0
FTW.US,60,20250702,210000,10.53,10.53,10.49,10.51,495989,0
FTW.US,60,20250702,220000,10.5,10.54,10.5,10.52,7301,0
FTW.US,60,20250703,160000,10.5,10.53,10.431,10.53,600,0
FTW.US,60,20250703,170000,10.4711,10.53,10.4711,10.53,1132,0
FTW.US,60,20250703,190000,10.5297,10.5297,10.5297,10.5297,1000,0
FTW.US,60,20250707,160000,10.52,10.53,10.4387,10.53,400,0
FTW.US,60,20250707,170000,10.53,10.53,10.52,10.53,19891,0
FTW.US,60,20250707,180000,10.54,10.54,10.52,10.52,1420,0
FTW.US,60,20250707,190000,10.52,10.52,10.52,10.52,806,0
FTW.US,60,20250707,200000,10.52,10.52,10.52,10.52,100,0
FTW.US,60,20250707,210000,10.52,10.52,10.48,10.4899,10400,0
FTW.US,60,20250707,220000,10.495,10.51,10.48,10.48,2113,0
FTW.US,60,20250708,160000,10.5,10.52,10.5,10.5069,300,0
FTW.US,60,20250708,170000,10.51,10.51,10.49,10.49,9159,0
FTW.US,60,20250708,180000,10.48,10.48,10.46,10.46,2407,0
FTW.US,60,20250708,190000,10.474,10.474,10.46,10.46,200,0
FTW.US,60,20250708,200000,10.48,10.48,10.48,10.48,1000,0
FTW.US,60,20250708,220000,10.48,10.48,10.47,10.48,2061,0
FTW.US,60,20250709,170000,10.53,10.53,10.46,10.5,900,0
FTW.US,60,20250709,190000,10.465,10.465,10.46,10.46,934,0
FTW.US,60,20250709,210000,10.4765,10.4765,10.45,10.4558,912,0
FTW.US,60,20250709,220000,10.4558,10.4558,10.45,10.45,1589,0
FTW.US,60,20250710,160000,10.51,10.51,10.47,10.47,782,0
FTW.US,60,20250710,170000,10.5081,10.5081,10.5081,10.5081,100,0
FTW.US,60,20250710,180000,10.4997,10.4997,10.4997,10.4997,100,0
FTW.US,60,20250710,200000,10.479069,10.479069,10.47,10.47,1436,0
FTW.US,60,20250710,220000,10.48,10.49,10.47,10.49,50795,0
FTW.US,60,20250711,190000,10.4428,10.4697,10.4428,10.4501,3905,0
FTW.US,60,20250711,220000,10.475,10.49,10.45,10.47,3110,0
FTW.US,60,20250714,160000,10.53,10.53,10.5076,10.5076,300,0
FTW.US,60,20250714,170000,10.453,10.51,10.453,10.51,789,0
FTW.US,60,20250714,180000,10.51,10.51,10.47,10.47,2118,0
FTW.US,60,20250714,190000,10.49,10.49,10.4692,10.49,1652,0
FTW.US,60,20250714,200000,10.467,10.467,10.467,10.467,259,0
FTW.US,60,20250714,210000,10.46,10.46,10.45,10.45,720,0
FTW.US,60,20250714,220000,10.46,10.46,10.45,10.46,13594,0
FTW.US,60,20250715,160000,10.42,10.43,10.42,10.43,1100,0
FTW.US,60,20250715,170000,10.5,10.5,10.5,10.5,200,0
FTW.US,60,20250715,180000,10.4995,10.5,10.45,10.5,950,0
FTW.US,60,20250715,190000,10.4661,10.4661,10.4661,10.4661,486,0
FTW.US,60,20250715,200000,10.45,10.48,10.45,10.4564,300,0
FTW.US,60,20250715,210000,10.46,10.48,10.46,10.4601,2133,0
FTW.US,60,20250715,220000,10.46,10.47,10.46,10.47,1744,0
FTW.US,60,20250716,160000,10.46,10.53,10.46,10.53,400,0
FTW.US,60,20250716,170000,10.5147,10.5147,10.5147,10.5147,300,0
FTW.US,60,20250716,180000,10.492,10.492,10.45,10.45,369,0
FTW.US,60,20250716,190000,10.5104,10.5195,10.44,10.48,10500,0
FTW.US,60,20250716,200000,10.48,10.48,10.48,10.48,2500,0
FTW.US,60,20250716,210000,10.52,10.52,10.48,10.48,600,0
FTW.US,60,20250716,220000,10.47,10.48,10.42,10.43,2494,0
FTW.US,60,20250717,160000,10.435,10.48,10.435,10.48,500,0
FTW.US,60,20250717,180000,10.48,10.48,10.48,10.48,83626,0
FTW.US,60,20250717,190000,10.48,10.48,10.4665,10.4665,200,0
FTW.US,60,20250717,200000,10.48,10.48,10.48,10.48,350,0
FTW.US,60,20250717,210000,10.49,10.5,10.485,10.5,7501,0
FTW.US,60,20250717,220000,10.5,10.5,10.48,10.49,55132,0
FTW.US,60,20250718,160000,10.55,10.55,10.54,10.54,320,0
FTW.US,60,20250718,170000,10.48,10.48,10.48,10.48,200,0
FTW.US,60,20250718,190000,10.46,10.46,10.46,10.46,100,0
FTW.US,60,20250718,200000,10.5,10.5,10.5,10.5,300,0
FTW.US,60,20250718,210000,10.48,10.5,10.4648,10.5,931,0
FTW.US,60,20250718,220000,10.48,10.5,10.48,10.48,3641,0
FTW.US,60,20250721,160000,10.4,10.4509,10.4,10.4509,3500,0
FTW.US,60,20250721,170000,10.4848,10.52,10.42,10.52,827,0
FTW.US,60,20250721,180000,10.54,10.54,10.4473,10.4473,850,0
FTW.US,60,20250721,190000,10.5058,10.5058,10.5058,10.5058,295,0
FTW.US,60,20250721,220000,10.45,10.5,10.45,10.5,698,0
FTW.US,60,20250722,160000,10.5,10.5,10.45,10.4505,1126,0
FTW.US,60,20250722,170000,10.475,10.475,10.45,10.45,200,0
FTW.US,60,20250722,180000,10.475,10.475,10.475,10.475,100,0
FTW.US,60,20250722,200000,10.45,10.5,10.41,10.5,10460,0
FTW.US,60,20250722,210000,10.44,10.4431,10.44,10.4431,12459,0
FTW.US,60,20250722,220000,10.47,10.49,10.45,10.45,1089,0
FTW.US,60,20250723,170000,10.51,10.51,10.51,10.51,400,0
FTW.US,60,20250723,200000,10.48,10.51,10.48,10.51,600,0
FTW.US,60,20250723,210000,10.51,10.51,10.4327,10.4327,1000,0
FTW.US,60,20250723,220000,10.52,10.52,10.44,10.45,1261,0
FTW.US,60,20250724,160000,10.519,10.519,10.519,10.519,100,0
FTW.US,60,20250724,210000,10.4473,10.4473,10.4473,10.4473,200,0
FTW.US,60,20250724,220000,10.5011,10.5011,10.448,10.48,478,0
FTW.US,60,20250725,170000,10.4562,10.495,10.4562,10.495,450,0
FTW.US,60,20250725,200000,10.46,10.4601,10.4418,10.46,11945,0
FTW.US,60,20250725,210000,10.5,10.5,10.46,10.48,5690,0
FTW.US,60,20250725,220000,10.49,10.49,10.45,10.45,711,0
FTW.US,60,20250728,160000,10.445,10.5,10.445,10.5,312,0
FTW.US,60,20250728,170000,10.4004,10.4501,10.4004,10.4501,1300,0
FTW.US,60,20250728,180000,10.479,10.479,10.47,10.47,391,0
FTW.US,60,20250728,210000,10.45,10.479,10.44,10.4401,2775,0
FTW.US,60,20250728,220000,10.45,10.45,10.44,10.44,224,0
FTW.US,60,20250729,160000,10.38,10.48,10.37,10.445,1100,0
FTW.US,60,20250729,170000,10.445,10.46,10.4113,10.46,1700,0
FTW.US,60,20250729,180000,10.45,10.46,10.41,10.41,2799,0
FTW.US,60,20250729,190000,10.44,10.44,10.41,10.4101,624,0
FTW.US,60,20250729,200000,10.44,10.44,10.41,10.41,550,0
FTW.US,60,20250729,220000,10.41,10.44,10.41,10.43,4163,0
FTW.US,60,20250730,160000,10.45,10.45,10.45,10.45,200,0
FTW.US,60,20250730,170000,10.42,10.43,10.41,10.41,5366,0
FTW.US,60,20250730,180000,10.4154,10.4344,10.4,10.4,105419,0
FTW.US,60,20250730,200000,10.41,10.41,10.4,10.4,2641,0
FTW.US,60,20250730,210000,10.4,10.42,10.4,10.4,6591,0
FTW.US,60,20250730,220000,10.41,10.4176,10.4,10.4,2889,0
FTW.US,60,20250731,160000,10.42,10.42,10.41,10.41,748,0
FTW.US,60,20250731,170000,10.425,10.45,10.4,10.4,700,0
FTW.US,60,20250731,180000,10.425,10.425,10.425,10.425,100,0
FTW.US,60,20250731,190000,10.41,10.44,10.41,10.44,2237,0
FTW.US,60,20250731,200000,10.41,10.41,10.41,10.41,100,0
FTW.US,60,20250731,210000,10.41,10.41,10.41,10.41,100,0
FTW.US,60,20250731,220000,10.425,10.425,10.41,10.42,500,0
FTW.US,60,20250801,160000,10.4108,10.4108,10.41,10.41,600,0
FTW.US,60,20250801,170000,10.41,10.41,10.4,10.4,2144,0
FTW.US,60,20250801,180000,10.47,10.47,10.4,10.4,480,0
FTW.US,60,20250801,200000,10.4,10.4,10.4,10.4,200,0
FTW.US,60,20250801,210000,10.47,10.47,10.47,10.47,300,0
FTW.US,60,20250801,220000,10.4,10.4107,10.4,10.4,1200,0
FTW.US,60,20250804,160000,10.4,10.4,10.4,10.4,760,0
FTW.US,60,20250804,170000,10.4,10.45,10.4,10.41,574,0
FTW.US,60,20250804,180000,10.45,10.45,10.4,10.4,200,0
FTW.US,60,20250804,200000,10.4001,10.4001,10.4,10.4,275,0
FTW.US,60,20250804,210000,10.4,10.4,10.4,10.4,220,0
FTW.US,60,20250804,220000,10.41,10.43,10.41,10.43,200,0
FTW.US,60,20250805,160000,10.5,10.6281,10.45,10.48,87803,0
FTW.US,60,20250805,170000,10.5,10.5,10.48,10.48,59124,0
FTW.US,60,20250805,180000,10.49,10.49,10.432,10.445,121938,0
FTW.US,60,20250805,190000,10.4581,10.48,10.45,10.47,188592,0
FTW.US,60,20250805,200000,10.45,10.47,10.43,10.47,6662,0
FTW.US,60,20250805,210000,10.47,10.48,10.465,10.47,22277,0
FTW.US,60,20250805,220000,10.47,10.48,10.45,10.48,18457,0
FTW.US,60,20250806,160000,10.49,10.49,10.475,10.48,4762,0
FTW.US,60,20250806,170000,10.45,10.49,10.41,10.48,920,0
FTW.US,60,20250806,180000,10.49,10.49,10.43,10.48,1300,0
FTW.US,60,20250806,190000,10.453,10.48,10.445,10.48,152325,0
FTW.US,60,20250806,210000,10.45,10.45,10.43,10.4301,70621,0
FTW.US,60,20250806,220000,10.4348,10.45,10.39,10.39,3127,0
FTW.US,60,20250807,160000,10.44,10.44,10.44,10.44,100,0
FTW.US,60,20250807,170000,10.41,10.4102,10.35,10.4,5910,0
FTW.US,60,20250807,180000,10.3899,10.39,10.38,10.39,10850,0
FTW.US,60,20250807,190000,10.39,10.39,10.39,10.39,300,0
FTW.US,60,20250807,200000,10.38,10.4,10.38,10.4,37100,0
FTW.US,60,20250807,210000,10.3983,10.4,10.3983,10.4,800,0
FTW.US,60,20250807,220000,10.4,10.4,10.39,10.39,5309,0
FTW.US,60,20250808,160000,10.4,10.4183,10.39,10.39,2868,0
FTW.US,60,20250808,170000,10.39,10.4,10.3861,10.3981,2805,0
FTW.US,60,20250808,180000,10.387,10.4,10.38,10.39,2220,0
FTW.US,60,20250808,190000,10.385,10.39,10.38,10.39,4348,0
FTW.US,60,20250808,200000,10.38,10.385,10.38,10.385,700,0
FTW.US,60,20250808,210000,10.39,10.4,10.3801,10.395,4943,0
FTW.US,60,20250808,220000,10.395,10.4,10.38,10.4,9933,0
FTW.US,60,20250811,160000,10.4,10.4,10.3782,10.3833,500,0
FTW.US,60,20250811,170000,10.4,10.4,10.39,10.4,1750,0
FTW.US,60,20250811,180000,10.4,10.4,10.4,10.4,1000,0
FTW.US,60,20250811,190000,10.39,10.4,10.3801,10.4,1826,0
FTW.US,60,20250811,200000,10.39,10.4,10.38,10.39,47300,0
FTW.US,60,20250811,210000,10.38,10.4,10.38,10.38,170674,0
FTW.US,60,20250811,220000,10.3772,10.3772,10.37,10.37,501,0
FTW.US,60,20250812,160000,10.38,10.38,10.38,10.38,1200,0
FTW.US,60,20250812,170000,10.38,10.39,10.37,10.38,57304,0
FTW.US,60,20250812,180000,10.37,10.38,10.37,10.3719,2726,0
FTW.US,60,20250812,190000,10.37,10.4,10.37,10.3825,121809,0
FTW.US,60,20250812,200000,10.385,10.385,10.375,10.375,22700,0
FTW.US,60,20250812,210000,10.375,10.38,10.375,10.38,222000,0
FTW.US,60,20250812,220000,10.375,10.39,10.37,10.38,47953,0
FTW.US,60,20250813,160000,10.37,10.37,10.35,10.36,2685,0
FTW.US,60,20250813,170000,10.3795,10.3795,10.3625,10.3625,300,0
FTW.US,60,20250813,180000,10.36,10.37,10.36,10.37,25800,0
FTW.US,60,20250813,190000,10.3773,10.3773,10.36,10.3688,786,0
FTW.US,60,20250813,200000,10.37,10.37,10.37,10.37,5500,0
FTW.US,60,20250813,210000,10.3613,10.3613,10.36,10.3606,52409,0
FTW.US,60,20250813,220000,10.3608,10.365,10.36,10.36,9059,0
FTW.US,60,20250814,170000,10.3678,10.3678,10.3556,10.3556,2200,0
FTW.US,60,20250814,180000,10.355,10.355,10.35,10.3503,84600,0
FTW.US,60,20250814,200000,10.35,10.3501,10.35,10.3501,3000,0
FTW.US,60,20250814,220000,10.35,10.36,10.345,10.35,109910,0
FTW.US,60,20250815,160000,10.34,10.3599,10.34,10.35,5695,0
FTW.US,60,20250815,170000,10.34,10.35,10.34,10.3401,9468,0
FTW.US,60,20250815,180000,10.34,10.34,10.34,10.34,100,0
FTW.US,60,20250815,200000,10.35,10.36,10.35,10.36,1000,0
FTW.US,60,20250815,220000,10.36,10.36,10.33,10.33,766,0
FTW.US,60,20250818,160000,10.37,10.37,10.34,10.34,400,0
FTW.US,60,20250818,170000,10.33,10.34,10.33,10.34,1400,0
FTW.US,60,20250818,180000,10.34,10.37,10.34,10.34,1300,0
FTW.US,60,20250818,190000,10.3617,10.3617,10.34,10.34,3050,0
FTW.US,60,20250818,200000,10.34,10.34,10.34,10.34,200,0
FTW.US,60,20250818,210000,10.34,10.34,10.34,10.34,100,0
FTW.US,60,20250818,220000,10.34,10.35,10.34,10.35,1328,0
FTW.US,60,20250819,160000,10.35,10.3716,10.341,10.35,2169,0
FTW.US,60,20250819,170000,10.35,10.38,10.3437,10.35,800,0
FTW.US,60,20250819,180000,10.35,10.35,10.35,10.35,100,0
FTW.US,60,20250819,190000,10.35,10.35,10.34,10.35,1456,0
FTW.US,60,20250819,200000,10.35,10.3652,10.34,10.35,524,0
FTW.US,60,20250819,220000,10.35,10.355,10.35,10.35,4843,0
FTW.US,60,20250820,160000,10.34,10.3402,10.34,10.3402,300,0
FTW.US,60,20250820,180000,10.3538,10.355,10.34,10.34,2906,0
FTW.US,60,20250820,190000,10.34,10.34,10.34,10.34,1064,0
FTW.US,60,20250820,200000,10.34,10.34,10.34,10.34,100,0
FTW.US,60,20250820,210000,10.34,10.34,10.34,10.34,100,0
FTW.US,60,20250820,220000,10.3505,10.36,10.34,10.34,2003,0
FTW.US,60,20250821,160000,10.38,10.38,10.38,10.38,3100,0
FTW.US,60,20250821,170000,10.38,10.38,10.38,10.38,200,0
FTW.US,60,20250821,180000,10.4,10.4,10.37,10.375,8021,0
FTW.US,60,20250821,190000,10.38,10.38,10.38,10.38,800,0
FTW.US,60,20250821,200000,10.38,10.38,10.38,10.38,1950,0
FTW.US,60,20250821,210000,10.36,10.38,10.36,10.38,500,0
FTW.US,60,20250821,220000,10.38,10.39,10.34,10.34,92435,0
FTW.US,60,20250822,160000,10.34,10.34,10.34,10.34,100,0
FTW.US,60,20250822,170000,10.37,10.37,10.37,10.37,100,0
FTW.US,60,20250822,180000,10.383,10.383,10.3476,10.3476,300,0
FTW.US,60,20250822,200000,10.37,10.37,10.34,10.34,300,0
FTW.US,60,20250822,210000,10.34,10.34,10.34,10.34,100,0
FTW.US,60,20250822,220000,10.34,10.36,10.33,10.33,1062,0
FTW.US,60,20250825,160000,10.35,10.35,10.35,10.35,2782,0
FTW.US,60,20250825,170000,10.35,10.35,10.35,10.35,100,0
FTW.US,60,20250825,180000,10.36,10.36,10.35,10.35,1500,0
FTW.US,60,20250825,190000,10.35,10.3502,10.35,10.35,1700,0
FTW.US,60,20250825,200000,10.35,10.363,10.35,10.363,1100,0
FTW.US,60,20250825,220000,10.35,10.4,10.35,10.36,1191,0
FTW.US,60,20250826,160000,10.3757,10.3757,10.35,10.35,200,0
FTW.US,60,20250826,170000,10.35,10.37,10.35,10.37,3300,0
FTW.US,60,20250826,190000,10.37,10.37,10.36,10.36,300,0
FTW.US,60,20250826,200000,10.36,10.3636,10.36,10.3636,5300,0
FTW.US,60,20250826,220000,10.36,10.37,10.36,10.37,9599,0
FTW.US,60,20250827,160000,10.3777,10.3777,10.3777,10.3777,1000,0
FTW.US,60,20250827,170000,10.36,10.36,10.36,10.36,100,0
FTW.US,60,20250827,190000,10.36,10.36,10.36,10.36,500,0
FTW.US,60,20250827,200000,10.36,10.3849,10.36,10.3849,12345,0
FTW.US,60,20250827,220000,10.37,10.38,10.36,10.37,4630,0
FTW.US,60,20250828,160000,10.38,10.38,10.3743,10.3743,200,0
FTW.US,60,20250828,170000,10.36,10.36,10.36,10.36,200,0
FTW.US,60,20250828,210000,10.37,10.37,10.37,10.37,200,0
FTW.US,60,20250828,220000,10.36,10.37,10.36,10.37,508,0
FTW.US,60,20250829,160000,10.33,10.3746,10.33,10.3601,1100,0
FTW.US,60,20250829,180000,10.376,10.376,10.376,10.376,500,0
FTW.US,60,20250829,190000,10.385,10.385,10.3786,10.3786,600,0
FTW.US,60,20250829,220000,10.4,10.4,10.4,10.4,621,0
FTW.US,60,20250902,160000,10.38,10.38,10.38,10.38,200,0
FTW.US,60,20250902,170000,10.3772,10.39,10.37,10.3716,4350,0
FTW.US,60,20250902,180000,10.37,10.37,10.37,10.37,200,0
FTW.US,60,20250902,190000,10.37,10.38,10.37,10.37,1300,0
FTW.US,60,20250902,200000,10.39,10.39,10.39,10.39,400,0
FTW.US,60,20250902,210000,10.3746,10.3746,10.3746,10.3746,100,0
FTW.US,60,20250902,220000,10.385,10.39,10.385,10.39,2100,0
FTW.US,60,20250903,160000,10.37,10.38,10.37,10.37,1252,0
FTW.US,60,20250903,170000,10.38,10.3801,10.37,10.37,1000,0
FTW.US,60,20250903,180000,10.38,10.3801,10.37,10.37,10100,0
FTW.US,60,20250903,190000,10.37,10.3701,10.37,10.3701,200,0
FTW.US,60,20250903,200000,10.371,10.381,10.37,10.381,770,0
FTW.US,60,20250903,220000,10.38,10.38,10.38,10.38,1170,0
FTW.US,60,20250904,160000,10.36,10.37,10.36,10.37,526,0
FTW.US,60,20250904,170000,10.37,10.37,10.36,10.36,6050,0
FTW.US,60,20250904,200000,10.3696,10.3696,10.3696,10.3696,400,0
FTW.US,60,20250904,220000,10.37,10.37,10.36,10.365,3100,0
FTW.US,60,20250905,160000,10.3846,10.3846,10.36,10.3601,6100,0
FTW.US,60,20250905,170000,10.35,10.35,10.35,10.35,500,0
FTW.US,60,20250905,180000,10.361,10.361,10.35,10.35,500,0
FTW.US,60,20250905,190000,10.36,10.36,10.36,10.36,600,0
FTW.US,60,20250905,200000,10.36,10.36,10.35,10.35,300,0
FTW.US,60,20250905,220000,10.3686,10.37,10.3678,10.37,713,0
FTW.US,60,20250908,160000,10.365,10.365,10.36,10.36,300,0
FTW.US,60,20250908,170000,10.36,10.36,10.36,10.36,100,0
FTW.US,60,20250908,180000,10.36,10.36,10.36,10.36,2179,0
FTW.US,60,20250908,190000,10.36,10.36,10.36,10.36,100,0
FTW.US,60,20250908,200000,10.36,10.36,10.36,10.36,337,0
FTW.US,60,20250908,210000,10.3601,10.3601,10.36,10.3601,400,0
FTW.US,60,20250908,220000,10.36,10.37,10.36,10.36,3316,0
FTW.US,60,20250909,160000,10.35,10.3501,10.35,10.35,1398,0
FTW.US,60,20250909,180000,10.35,10.3501,10.35,10.3501,300,0
FTW.US,60,20250909,200000,10.36,10.36,10.36,10.36,2100,0
FTW.US,60,20250909,220000,10.37,10.37,10.365,10.37,3201,0
FTW.US,60,20250910,160000,10.375,10.375,10.36,10.3602,300,0
FTW.US,60,20250910,170000,10.375,10.375,10.375,10.375,415,0
FTW.US,60,20250910,180000,10.36,10.3762,10.36,10.3762,392,0
FTW.US,60,20250910,220000,10.3795,10.39,10.3696,10.39,590,0
FTW.US,60,20250911,180000,10.39,10.4,10.375,10.4,14883,0
FTW.US,60,20250911,200000,10.403,10.403,10.403,10.403,100,0
FTW.US,60,20250911,220000,10.4,10.41,10.4,10.4,967,0
FTW.US,60,20250912,170000,10.4,10.4,10.4,10.4,400,0
FTW.US,60,20250912,190000,10.41,10.41,10.41,10.41,1000,0
FTW.US,60,20250912,210000,10.4099,10.4099,10.4099,10.4099,100,0
FTW.US,60,20250912,220000,10.4,10.4,10.4,10.4,381,0
FTW.US,60,20250915,160000,10.38,10.38,10.38,10.38,100,0
FTW.US,60,20250915,180000,10.39,10.39,10.38,10.38,300437,0
FTW.US,60,20250915,190000,10.38,10.38,10.38,10.38,100,0
FTW.US,60,20250915,200000,10.3881,10.39,10.38,10.39,4100,0
FTW.US,60,20250915,210000,10.39,10.39,10.38,10.38,300,0
FTW.US,60,20250915,220000,10.39,10.39,10.38,10.39,1998,0
FTW.US,60,20250916,160000,10.37,10.3973,10.37,10.3973,1800,0
FTW.US,60,20250916,170000,10.3906,10.3999,10.38,10.38,600,0
FTW.US,60,20250916,180000,10.393,10.393,10.393,10.393,501,0
FTW.US,60,20250916,190000,10.4,10.4,10.38,10.38,600,0
FTW.US,60,20250916,210000,10.39,10.39,10.39,10.39,100,0
FTW.US,60,20250916,220000,10.38,10.38,10.38,10.38,100,0
FTW.US,60,20250917,160000,10.39,10.39,10.38,10.38,5402,0
FTW.US,60,20250917,170000,10.38,10.3801,10.38,10.3801,9000,0
FTW.US,60,20250917,180000,10.38,10.38,10.38,10.38,250,0
FTW.US,60,20250917,210000,10.3876,10.3876,10.3876,10.3876,5000,0
FTW.US,60,20250917,220000,10.38,10.4,10.38,10.4,1403,0
FTW.US,60,20250918,160000,10.4099,10.4099,10.4099,10.4099,100,0
FTW.US,60,20250918,170000,10.39,10.39,10.39,10.39,100,0
FTW.US,60,20250918,180000,10.39,10.39,10.39,10.39,1765,0
FTW.US,60,20250918,190000,10.3981,10.4,10.3902,10.3902,1683,0
FTW.US,60,20250918,200000,10.39,10.39,10.39,10.39,100,0
FTW.US,60,20250918,210000,10.39,10.3901,10.38,10.3901,4000,0
FTW.US,60,20250918,220000,10.39,10.39,10.39,10.39,368,0
FTW.US,60,20250919,160000,10.403,10.403,10.403,10.403,100,0
FTW.US,60,20250919,180000,10.3921,10.3921,10.3921,10.3921,1416,0
FTW.US,60,20250919,190000,10.3973,10.41,10.39,10.4,5395,0
FTW.US,60,20250919,200000,10.4,10.4001,10.4,10.4001,11600,0
FTW.US,60,20250919,210000,10.4,10.4048,10.4,10.4048,20301,0
FTW.US,60,20250919,220000,10.4,10.4,10.4,10.4,427,0
FTW.US,60,20250922,160000,10.4,10.4,10.4,10.4,11300,0
FTW.US,60,20250922,170000,10.4,10.4,10.39,10.39,30412,0
FTW.US,60,20250922,180000,10.3926,10.3926,10.3926,10.3926,100,0
FTW.US,60,20250922,200000,10.3902,10.4,10.39,10.39,75400,0
FTW.US,60,20250922,210000,10.39,10.39,10.39,10.39,100,0
FTW.US,60,20250922,220000,10.3901,10.3901,10.39,10.39,797,0
FTW.US,60,20250923,160000,10.4088,10.4088,10.4088,10.4088,428,0
FTW.US,60,20250923,170000,10.4,10.4089,10.4,10.4089,1563,0
FTW.US,60,20250923,180000,10.4091,10.4091,10.4053,10.4053,3099,0
FTW.US,60,20250923,190000,10.4001,10.4001,10.3987,10.3987,605,0
FTW.US,60,20250923,220000,10.4,10.4,10.4,10.4,1000,0
FTW.US,60,20250924,160000,10.37,10.4059,10.37,10.4059,723,0
FTW.US,60,20250924,170000,10.4099,10.4099,10.39,10.4,2657,0
FTW.US,60,20250924,180000,10.4,10.4,10.4,10.4,600,0
FTW.US,60,20250924,200000,10.4,10.4,10.3997,10.4,9500,0
FTW.US,60,20250924,210000,10.4,10.4,10.39,10.395,10454,0
FTW.US,60,20250924,220000,10.395,10.4,10.39,10.4,4800,0
FTW.US,60,20250925,170000,10.4,10.4,10.4,10.4,900,0
FTW.US,60,20250925,180000,10.39,10.39,10.39,10.39,393,0
FTW.US,60,20250925,190000,10.39,10.39,10.39,10.39,200,0
FTW.US,60,20250925,220000,10.39,10.39,10.39,10.39,725,0
FTW.US,60,20250926,160000,10.4,10.4,10.4,10.4,100,0
FTW.US,60,20250926,170000,10.3917,10.3917,10.3917,10.3917,126,0
FTW.US,60,20250926,180000,10.39,10.39,10.38,10.39,3538,0
FTW.US,60,20250926,190000,10.4,10.4,10.4,10.4,7250,0
FTW.US,60,20250926,210000,10.41,10.41,10.41,10.41,340,0
FTW.US,60,20250926,220000,10.3926,10.3926,10.39,10.39,400,0
FTW.US,60,20250929,170000,10.39,10.4006,10.39,10.4006,1440,0
FTW.US,60,20250929,180000,10.4,10.4,10.39,10.39,100576,0
FTW.US,60,20250929,200000,10.3908,10.3908,10.3908,10.3908,122,0
FTW.US,60,20250929,210000,10.41,10.41,10.41,10.41,300,0
FTW.US,60,20250929,220000,10.4,10.4,10.39,10.39,4200,0
FTW.US,60,20250930,160000,10.4,10.4,10.4,10.4,100,0
FTW.US,60,20250930,190000,10.4,10.4,10.3999,10.4,159100,0
FTW.US,60,20250930,200000,10.39,10.39,10.39,10.39,200,0
FTW.US,60,20250930,210000,10.39,10.39,10.39,10.39,1017,0
FTW.US,60,20250930,220000,10.39,10.39,10.38,10.38,645,0
FTW.US,60,20251001,160000,10.405,10.405,10.405,10.405,100,0
FTW.US,60,20251001,170000,10.405,10.41,10.405,10.41,3386,0
FTW.US,60,20251001,180000,10.405,10.405,10.405,10.405,100,0
FTW.US,60,20251001,190000,10.4092,10.4092,10.4092,10.4092,192,0
FTW.US,60,20251001,210000,10.4,10.405,10.4,10.4001,8221,0
FTW.US,60,20251001,220000,10.39,10.4,10.39,10.4,16420,0
FTW.US,60,20251002,160000,10.4,10.4,10.4,10.4,100,0
FTW.US,60,20251002,170000,10.39,10.395,10.39,10.395,5285,0
FTW.US,60,20251002,190000,10.39,10.39,10.39,10.39,202200,0
FTW.US,60,20251002,210000,10.3915,10.395,10.39,10.39,1780,0
FTW.US,60,20251002,220000,10.39,10.39,10.39,10.39,548,0
FTW.US,60,20251003,160000,10.4,10.4,10.4,10.4,100,0
FTW.US,60,20251003,180000,10.3939,10.3953,10.3939,10.3953,2000,0
FTW.US,60,20251003,200000,10.3949,10.3949,10.3949,10.3949,100,0
FTW.US,60,20251003,210000,10.3914,10.3914,10.3914,10.3914,100,0
FTW.US,60,20251003,220000,10.39,10.39,10.39,10.39,101,0
FTW.US,60,20251006,160000,10.39,10.4,10.3899,10.3901,22298,0
FTW.US,60,20251006,170000,10.395,10.395,10.39,10.39,50500,0
FTW.US,60,20251006,200000,10.3901,10.3901,10.3901,10.3901,100,0
FTW.US,60,20251006,220000,10.37,10.37,10.37,10.37,279,0
FTW.US,60,20251007,200000,10.39,10.39,10.39,10.39,100,0
FTW.US,60,20251007,220000,10.39,10.39,10.39,10.39,151,0
FTW.US,60,20251008,160000,10.3952,10.4,10.395,10.4,4582,0
FTW.US,60,20251008,170000,10.4,10.4,10.4,10.4,2750,0
FTW.US,60,20251008,180000,10.41,10.41,10.405,10.4063,4000,0
FTW.US,60,20251008,190000,10.41,10.41,10.4007,10.4007,967,0
FTW.US,60,20251008,200000,10.41,10.41,10.41,10.41,200,0
FTW.US,60,20251008,210000,10.405,10.4052,10.4,10.4018,11050,0
FTW.US,60,20251008,220000,10.41,10.41,10.4,10.4,302,0
FTW.US,60,20251009,180000,10.41,10.41,10.41,10.41,137545,0
FTW.US,60,20251009,220000,10.4108,10.4108,10.4108,10.4108,124,0
FTW.US,60,20251010,180000,10.41,10.4128,10.41,10.4108,2960,0
FTW.US,60,20251010,190000,10.4191,10.4191,10.4191,10.4191,5000,0
FTW.US,60,20251010,210000,10.4185,10.42,10.415,10.4181,2100,0
FTW.US,60,20251010,220000,10.415,10.45,10.41,10.41,11505,0
FTW.US,60,20251013,160000,10.44,10.44,10.44,10.44,900,0
FTW.US,60,20251013,170000,10.4295,10.4295,10.4295,10.4295,320,0
FTW.US,60,20251013,200000,10.41,10.41,10.41,10.41,347,0
FTW.US,60,20251014,160000,10.425,10.425,10.425,10.425,100,0
FTW.US,60,20251014,170000,10.43,10.43,10.43,10.43,25000,0
FTW.US,60,20251014,180000,10.4103,10.4103,10.4103,10.4103,780,0
FTW.US,60,20251015,160000,10.4139,10.415,10.4139,10.415,1008,0
FTW.US,60,20251015,170000,10.4144,10.415,10.4144,10.415,550,0
FTW.US,60,20251015,190000,10.42,10.42,10.415,10.415,400,0
FTW.US,60,20251015,210000,10.42,10.42,10.41,10.41,3444,0
FTW.US,60,20251015,220000,10.41,10.44,10.41,10.43,5050,0
FTW.US,60,20251016,160000,10.44,10.44,10.41,10.42,43540,0
FTW.US,60,20251016,170000,10.42,10.42,10.42,10.42,910,0
FTW.US,60,20251016,180000,10.42,10.42,10.41,10.42,1120,0
FTW.US,60,20251016,190000,10.4231,10.4231,10.42,10.42,1104,0
FTW.US,60,20251016,200000,10.42,10.42,10.42,10.42,900,0
FTW.US,60,20251016,210000,10.42,10.42,10.42,10.42,700,0
FTW.US,60,20251016,220000,10.42,10.425,10.42,10.42,1050,0
FTW.US,60,20251017,160000,10.421,10.421,10.42,10.42,200,0
FTW.US,60,20251017,170000,10.42,10.4265,10.42,10.4265,6255,0
FTW.US,60,20251017,180000,10.42,10.4235,10.42,10.4235,1986,0
FTW.US,60,20251017,190000,10.4244,10.425,10.42,10.425,9834,0
FTW.US,60,20251017,200000,10.42,10.42,10.42,10.42,1538,0
FTW.US,60,20251017,220000,10.42,10.43,10.42,10.42,2380,0
FTW.US,60,20251020,160000,10.42,10.42,10.42,10.42,200,0
FTW.US,60,20251020,170000,10.42,10.42,10.42,10.42,200,0
FTW.US,60,20251020,180000,10.4248,10.4248,10.42,10.42,12957,0
FTW.US,60,20251020,190000,10.42,10.42,10.42,10.42,667,0
FTW.US,60,20251020,200000,10.42,10.4201,10.42,10.42,5400,0
FTW.US,60,20251020,210000,10.42,10.423,10.42,10.42,2240,0
FTW.US,60,20251020,220000,10.42,10.425,10.42,10.42,976,0
FTW.US,60,20251021,200000,10.4265,10.4265,10.42,10.42,79660,0
FTW.US,60,20251021,210000,10.42,10.42,10.42,10.42,400,0
FTW.US,60,20251021,220000,10.42,10.42,10.42,10.42,320,0
FTW.US,60,20251022,180000,10.42,10.42,10.42,10.42,150,0
FTW.US,60,20251022,200000,10.42,10.42,10.42,10.42,100,0
FTW.US,60,20251022,220000,10.42,10.42,10.42,10.42,230,0
FTW.US,60,20251023,160000,10.43,10.43,10.42,10.42,1278,0
FTW.US,60,20251023,170000,10.42,10.44,10.42,10.43,13800,0
FTW.US,60,20251023,180000,10.43,10.44,10.43,10.435,2991,0
FTW.US,60,20251023,190000,10.435,10.44,10.43,10.43,5785,0
FTW.US,60,20251023,200000,10.43,10.44,10.43,10.44,5500,0
FTW.US,60,20251023,210000,10.43,10.44,10.43,10.435,800,0
FTW.US,60,20251023,220000,10.44,10.44,10.435,10.435,3303,0
FTW.US,60,20251024,160000,10.43,10.4307,10.4223,10.43,7590,0
FTW.US,60,20251024,170000,10.43,10.44,10.43,10.4372,5237,0
FTW.US,60,20251024,180000,10.43,10.43,10.43,10.43,1000,0
FTW.US,60,20251024,190000,10.43,10.44,10.43,10.43,1300,0
FTW.US,60,20251024,200000,10.43,10.44,10.43,10.44,970,0
FTW.US,60,20251024,210000,10.44,10.44,10.44,10.44,590,0
FTW.US,60,20251024,220000,10.44,10.44,10.435,10.435,430,0
FTW.US,60,20251027,150000,10.43,10.45,10.43,10.44,1429,0
FTW.US,60,20251027,160000,10.43,10.44,10.43,10.44,300,0
FTW.US,60,20251027,170000,10.445,10.445,10.44,10.445,700,0
FTW.US,60,20251027,200000,10.445,10.445,10.445,10.445,294,0
FTW.US,60,20251027,210000,10.45,10.455,10.44,10.45,16846,0
FTW.US,60,20251028,150000,10.455,10.455,10.44,10.44,328,0
FTW.US,60,20251028,160000,10.44,10.44,10.44,10.44,900,0
FTW.US,60,20251028,170000,10.44,10.45,10.44,10.44,3396,0
FTW.US,60,20251028,180000,10.44,10.449,10.44,10.44,1600,0
FTW.US,60,20251028,190000,10.44,10.46,10.44,10.45,1300,0
FTW.US,60,20251028,200000,10.45,10.45,10.45,10.45,1900,0
FTW.US,60,20251028,210000,10.45,10.46,10.45,10.45,5705,0
FTW.US,60,20251029,150000,10.45,10.45,10.43,10.44,22674,0
FTW.US,60,20251029,160000,10.45,10.455,10.445,10.45,6710,0
FTW.US,60,20251029,170000,10.45,10.45,10.44,10.45,1800,0
FTW.US,60,20251029,180000,10.45,10.45,10.44,10.45,1100,0
FTW.US,60,20251029,190000,10.45,10.45,10.45,10.45,1300,0
FTW.US,60,20251029,200000,10.45,10.45,10.45,10.45,600,0
FTW.US,60,20251029,210000,10.45,10.46,10.45,10.45,1689,0
FTW.US,60,20251030,150000,10.45,10.45,10.43,10.44,18461,0
FTW.US,60,20251030,160000,10.44,10.45,10.44,10.45,800,0
FTW.US,60,20251030,170000,10.45,10.48,10.45,10.45,142656,0
FTW.US,60,20251030,180000,10.45,10.4574,10.45,10.45,800,0
FTW.US,60,20251030,190000,10.45,10.45,10.45,10.45,600,0
FTW.US,60,20251030,200000,10.45,10.455,10.45,10.45,28019,0
FTW.US,60,20251030,210000,10.45,10.4528,10.45,10.45,1622,0
FTW.US,60,20251031,150000,10.45,10.45,10.45,10.45,13779,0
FTW.US,60,20251031,160000,10.45,10.45,10.45,10.45,700,0
FTW.US,60,20251031,170000,10.45,10.45,10.45,10.45,1881,0
FTW.US,60,20251031,180000,10.45,10.45,10.45,10.45,800,0
FTW.US,60,20251031,190000,10.45,10.455,10.45,10.455,225969,0
FTW.US,60,20251031,200000,10.45,10.455,10.45,10.455,12002,0
FTW.US,60,20251031,210000,10.455,10.455,10.455,10.455,250,0
FTW.US,60,20251113,160000,10.46,10.46,10.45,10.45,17870,0
FTW.US,60,20251113,170000,10.45,10.45,10.45,10.45,100,0
FTW.US,60,20251113,180000,10.45,10.45,10.45,10.45,1600,0
FTW.US,60,20251113,190000,10.45,10.45,10.45,10.45,150,0
FTW.US,60,20251113,210000,10.45,10.45,10.45,10.45,18300,0
FTW.US,60,20251113,220000,10.45,10.45,10.45,10.45,7445,0
FTW.US,60,20251114,160000,10.45,10.45,10.45,10.45,14461,0
FTW.US,60,20251114,170000,10.45,10.4555,10.45,10.45,1250,0
FTW.US,60,20251114,180000,10.45,10.46,10.45,10.45,54489,0
FTW.US,60,20251114,190000,10.45,10.45,10.45,10.45,1000,0
FTW.US,60,20251114,200000,10.45,10.45,10.45,10.45,1000,0
FTW.US,60,20251114,210000,10.45,10.45,10.45,10.45,1000,0
FTW.US,60,20251114,220000,10.45,10.4518,10.45,10.45,4897,0
FTW.US,60,20251117,160000,10.45,10.4505,10.45,10.45,15418,0
FTW.US,60,20251117,170000,10.45,10.4587,10.45,10.45,1919,0
FTW.US,60,20251117,180000,10.45,10.455,10.44,10.44,63756,0
FTW.US,60,20251117,200000,10.4415,10.4415,10.4415,10.4415,1000,0
FTW.US,60,20251117,210000,10.44,10.455,10.44,10.45,20063,0
FTW.US,60,20251117,220000,10.45,10.45,10.45,10.45,1429,0
FTW.US,60,20251118,160000,10.45,10.45,10.45,10.45,16432,0
FTW.US,60,20251118,170000,10.45,10.46,10.43,10.43,56540,0
FTW.US,60,20251118,180000,10.4,10.435,10.4,10.42,3049,0
FTW.US,60,20251118,190000,10.42,10.44,10.42,10.44,263426,0
FTW.US,60,20251118,200000,10.435,10.435,10.435,10.435,1000,0
FTW.US,60,20251118,210000,10.435,10.435,10.435,10.435,900,0
FTW.US,60,20251118,220000,10.435,10.44,10.42,10.44,1400,0
FTW.US,60,20251119,160000,10.43,10.46,10.43,10.46,33517,0
FTW.US,60,20251119,170000,10.4546,10.4546,10.433,10.45,1750,0
FTW.US,60,20251119,210000,10.46,10.46,10.46,10.46,100,0
FTW.US,60,20251119,220000,10.43,10.43,10.43,10.43,5855,0
FTW.US,60,20251120,160000,10.462,10.462,10.43,10.43,23368,0
FTW.US,60,20251120,170000,10.44,10.44,10.435,10.44,2300,0
FTW.US,60,20251120,180000,10.435,10.44,10.435,10.435,1000,0
FTW.US,60,20251120,190000,10.44,10.44,10.435,10.435,200,0
FTW.US,60,20251120,200000,10.435,10.445,10.435,10.445,19600,0
FTW.US,60,20251120,210000,10.44,10.45,10.44,10.44,2914,0
FTW.US,60,20251120,220000,10.45,10.45,10.4,10.4,1757,0
FTW.US,60,20251121,160000,10.43,10.43,10.43,10.43,21232,0
FTW.US,60,20251121,180000,10.43,10.44,10.43,10.44,14800,0
FTW.US,60,20251121,190000,10.44,10.46,10.44,10.44,1200,0
FTW.US,60,20251121,200000,10.44,10.44,10.44,10.44,900,0
FTW.US,60,20251121,210000,10.44,10.44,10.44,10.44,900,0
FTW.US,60,20251121,220000,10.44,10.45,10.43,10.45,1814,0
FTW.US,60,20251124,160000,10.43,10.435,10.43,10.43,21173,0
FTW.US,60,20251124,170000,10.43,10.4301,10.43,10.43,1300,0
FTW.US,60,20251124,180000,10.43,10.44,10.43,10.44,11360,0
FTW.US,60,20251124,190000,10.44,10.44,10.44,10.44,600,0
FTW.US,60,20251124,200000,10.44,10.44,10.44,10.44,698,0
FTW.US,60,20251124,210000,10.44,10.44,10.44,10.44,700,0
FTW.US,60,20251124,220000,10.44,10.47,10.44,10.47,2013,0
FTW.US,60,20251125,160000,10.45,10.45,10.44,10.44,29004,0
FTW.US,60,20251125,170000,10.45,10.45,10.44,10.445,16668,0
FTW.US,60,20251125,180000,10.445,10.445,10.445,10.445,600,0
FTW.US,60,20251125,190000,10.45,10.45,10.44,10.44,16468,0
FTW.US,60,20251125,200000,10.4505,10.4505,10.4505,10.4505,800,0
FTW.US,60,20251125,210000,10.44,10.44,10.44,10.44,800,0
FTW.US,60,20251125,220000,10.44,10.47,10.44,10.47,1611,0
FTW.US,60,20251126,160000,10.44,10.44,10.44,10.44,19152,0
FTW.US,60,20251126,170000,10.44,10.44,10.44,10.44,900,0
FTW.US,60,20251126,180000,10.44,10.453,10.44,10.45,1442,0
FTW.US,60,20251126,190000,10.45,10.46,10.45,10.45,813,0
FTW.US,60,20251126,200000,10.45,10.4534,10.45,10.4534,900,0
FTW.US,60,20251126,210000,10.45,10.45,10.45,10.45,800,0
FTW.US,60,20251126,220000,10.45,10.46,10.445,10.46,4762,0
FTW.US,60,20251128,160000,10.44,10.44,10.44,10.44,17780,0
FTW.US,60,20251128,170000,10.44,10.44,10.44,10.44,2100,0
FTW.US,60,20251128,180000,10.44,10.44,10.44,10.44,1300,0
FTW.US,60,20251128,190000,10.44,10.44,10.44,10.44,2300,0
FTW.US,60,20251128,200000,10.44,10.44,10.44,10.44,486,0
FTW.US,60,20251201,160000,10.45,10.45,10.44,10.44,37969,0
FTW.US,60,20251201,170000,10.44,10.44,10.44,10.44,1300,0
FTW.US,60,20251201,180000,10.44,10.44,10.44,10.44,1000,0
FTW.US,60,20251201,190000,10.44,10.4401,10.44,10.44,39231,0
FTW.US,60,20251201,200000,10.44,10.445,10.44,10.445,96842,0
FTW.US,60,20251201,210000,10.445,10.445,10.445,10.445,1300,0
FTW.US,60,20251201,220000,10.445,10.47,10.44,10.47,5599,0
FTW.US,60,20251202,170000,10.44,10.44,10.44,10.44,1060,0
FTW.US,60,20251202,180000,10.44,10.44,10.44,10.44,980,0
FTW.US,60,20251202,190000,10.44,10.44,10.44,10.44,620,0
FTW.US,60,20251202,200000,10.44,10.44,10.44,10.44,56140,0
FTW.US,60,20251202,210000,10.44,10.44,10.44,10.44,930,0
FTW.US,60,20251202,220000,10.44,10.47,10.44,10.47,2425,0
FTW.US,60,20251203,160000,10.47,10.47,10.44,10.44,20482,0
FTW.US,60,20251203,170000,10.44,10.44,10.44,10.44,1300,0
FTW.US,60,20251203,180000,10.44,10.4484,10.44,10.4484,1800,0
FTW.US,60,20251203,190000,10.44,10.44,10.44,10.44,600,0
FTW.US,60,20251203,200000,10.44,10.45,10.44,10.44,600,0
FTW.US,60,20251203,210000,10.44,10.44,10.44,10.44,910,0
FTW.US,60,20251203,220000,10.44,10.44,10.44,10.44,1735,0
FTW.US,60,20251204,160000,10.44,10.44,10.44,10.44,43433,0
FTW.US,60,20251204,170000,10.44,10.4443,10.44,10.44,2100,0
FTW.US,60,20251204,180000,10.44,10.44,10.44,10.44,1000,0
FTW.US,60,20251204,190000,10.44,10.44,10.44,10.44,20700,0
FTW.US,60,20251204,200000,10.44,10.44,10.44,10.44,8700,0
FTW.US,60,20251204,210000,10.44,10.44,10.44,10.44,1000,0
FTW.US,60,20251204,220000,10.44,10.44,10.44,10.44,2063,0
FTW.US,60,20251205,160000,10.44,10.44,10.44,10.44,29085,0
FTW.US,60,20251205,170000,10.44,10.44,10.44,10.44,1200,0
FTW.US,60,20251205,180000,10.44,10.445,10.44,10.44,1508,0
FTW.US,60,20251205,190000,10.44,10.44,10.44,10.44,770,0
FTW.US,60,20251205,200000,10.44,10.4449,10.44,10.4449,5680,0
FTW.US,60,20251205,210000,10.44,10.44,10.44,10.44,870,0
FTW.US,60,20251205,220000,10.44,10.44,10.44,10.44,1870,0
FTW.US,60,20251208,160000,10.4587,10.4587,10.44,10.44,22816,0
FTW.US,60,20251208,170000,10.44,10.44,10.44,10.44,1118,0
FTW.US,60,20251208,180000,10.4412,10.4412,10.44,10.44,16266,0
FTW.US,60,20251208,190000,10.44,10.4467,10.44,10.4467,3933,0
FTW.US,60,20251208,200000,10.44,10.44,10.44,10.44,891,0
FTW.US,60,20251208,210000,10.44,10.44,10.44,10.44,1134,0
FTW.US,60,20251208,220000,10.44,10.46,10.44,10.46,4220,0
FTW.US,60,20251209,160000,10.44,10.44,10.44,10.44,18072,0
FTW.US,60,20251209,170000,10.44,10.44,10.44,10.44,2120,0
FTW.US,60,20251209,180000,10.44,10.45,10.44,10.44,4050,0
FTW.US,60,20251209,190000,10.44,10.45,10.44,10.44,6180,0
FTW.US,60,20251209,200000,10.44,10.45,10.44,10.44,18900,0
FTW.US,60,20251209,210000,10.44,10.45,10.44,10.45,5908,0
FTW.US,60,20251209,220000,10.44,10.45,10.44,10.45,14113,0
FTW.US,60,20251210,160000,10.44,10.44,10.44,10.44,17487,0
FTW.US,60,20251210,170000,10.44,10.44,10.44,10.44,100,0
FTW.US,60,20251210,180000,10.45,10.45,10.45,10.45,200,0
FTW.US,60,20251210,190000,10.45,10.45,10.45,10.45,100,0
FTW.US,60,20251210,200000,10.48,10.49,10.45,10.46,24014,0
FTW.US,60,20251210,220000,10.46,10.46,10.46,10.46,550,0
FTW.US,60,20251211,160000,10.46,10.46,10.46,10.46,3900,0
FTW.US,60,20251211,170000,10.46,10.4601,10.45,10.46,14773,0
FTW.US,60,20251211,180000,10.46,10.48,10.46,10.46,900,0
FTW.US,60,20251211,190000,10.46,10.46,10.46,10.46,600,0
FTW.US,60,20251211,200000,10.46,10.46,10.46,10.46,600,0
FTW.US,60,20251211,210000,10.46,10.46,10.46,10.46,700,0
FTW.US,60,20251211,220000,10.46,10.46,10.46,10.46,2864,0
FTW.US,60,20251212,160000,10.46,10.46,10.46,10.46,16049,0
FTW.US,60,20251212,170000,10.46,10.46,10.46,10.46,800,0
FTW.US,60,20251212,180000,10.46,10.46,10.46,10.46,600,0
FTW.US,60,20251212,190000,10.46,10.4651,10.46,10.46,1600,0
FTW.US,60,20251212,200000,10.46,10.46,10.46,10.46,500,0
FTW.US,60,20251212,210000,10.46,10.46,10.46,10.46,600,0
FTW.US,60,20251212,220000,10.46,10.46,10.46,10.46,1400,0
FTW.US,60,20251215,160000,10.48,10.48,10.46,10.46,18100,0
FTW.US,60,20251215,170000,10.46,10.46,10.46,10.46,900,0
FTW.US,60,20251215,180000,10.46,10.46,10.46,10.46,500,0
FTW.US,60,20251215,190000,10.46,10.4825,10.46,10.4825,2300,0
FTW.US,60,20251215,200000,10.46,10.46,10.46,10.46,827,0
FTW.US,60,20251215,210000,10.46,10.46,10.46,10.46,700,0
FTW.US,60,20251215,220000,10.46,10.46,10.46,10.46,3892,0
FTW.US,60,20251216,160000,10.46,10.46,10.46,10.46,16055,0
FTW.US,60,20251216,170000,10.46,10.5,10.46,10.46,1160,0
FTW.US,60,20251216,180000,10.46,10.46,10.46,10.46,500,0
FTW.US,60,20251216,190000,10.46,10.46,10.46,10.46,400,0
FTW.US,60,20251216,200000,10.46,10.46,10.46,10.46,300,0
FTW.US,60,20251216,210000,10.46,10.46,10.46,10.46,300,0
FTW.US,60,20251216,220000,10.4667,10.4667,10.46,10.465,400,0
FTW.US,60,20251217,160000,10.46,10.47,10.46,10.47,13167,0
FTW.US,60,20251217,170000,10.46,10.47,10.46,10.47,900,0
FTW.US,60,20251217,180000,10.47,10.5,10.47,10.48,99990,0
FTW.US,60,20251217,190000,10.48,10.48,10.48,10.48,998,0
FTW.US,60,20251217,200000,10.49,10.49,10.48,10.48,600,0
FTW.US,60,20251217,210000,10.48,10.48,10.48,10.48,800,0
FTW.US,60,20251217,220000,10.48,10.49,10.48,10.48,2570,0
FTW.US,60,20251218,160000,10.48,10.48,10.48,10.48,10200,0
FTW.US,60,20251218,170000,10.48,10.49,10.48,10.48,5686,0
FTW.US,60,20251218,180000,10.48,10.48,10.48,10.48,800,0
FTW.US,60,20251218,190000,10.48,10.48,10.48,10.48,700,0
FTW.US,60,20251218,200000,10.48,10.491,10.48,10.485,3185,0
FTW.US,60,20251218,210000,10.48,10.48,10.48,10.48,700,0
FTW.US,60,20251218,220000,10.48,10.48,10.48,10.48,1428,0
FTW.US,60,20251219,160000,10.49,10.49,10.47,10.48,15135,0
FTW.US,60,20251219,190000,10.48,10.48,10.48,10.48,100,0
FTW.US,60,20251219,210000,10.48,10.4803,10.48,10.4803,2728,0
FTW.US,60,20251219,220000,10.48,10.492,10.48,10.48,800,0
FTW.US,60,20251222,160000,10.48,10.48,10.48,10.48,13386,0
FTW.US,60,20251222,170000,10.48,10.48,10.48,10.48,880,0
FTW.US,60,20251222,180000,10.48,10.4804,10.48,10.48,3300,0
FTW.US,60,20251222,190000,10.48,10.5299,10.48,10.48,2710,0
FTW.US,60,20251222,200000,10.48,10.48,10.48,10.48,400,0
FTW.US,60,20251222,210000,10.48,10.48,10.48,10.48,11400,0
FTW.US,60,20251222,220000,10.48,10.48,10.48,10.48,3838,0
FTW.US,60,20251223,160000,10.48,10.48,10.48,10.48,13097,0
FTW.US,60,20251223,170000,10.48,10.48,10.48,10.48,10600,0
FTW.US,60,20251223,180000,10.48,10.485,10.48,10.48,1800,0
FTW.US,60,20251223,190000,10.48,10.485,10.48,10.48,830,0
FTW.US,60,20251223,200000,10.48,10.4803,10.48,10.48,2700,0
FTW.US,60,20251223,210000,10.48,10.48,10.48,10.48,5800,0
FTW.US,60,20251223,220000,10.48,10.4888,10.48,10.48,3028,0
FTW.US,60,20251224,160000,10.48,10.48,10.48,10.48,12979,0
FTW.US,60,20251224,170000,10.48,10.48,10.48,10.48,5684,0
FTW.US,60,20251224,180000,10.48,10.48,10.48,10.48,900,0
FTW.US,60,20251224,190000,10.48,10.48,10.48,10.48,1400,0
FTW.US,60,20251226,160000,10.48,10.48,10.48,10.48,12143,0
FTW.US,60,20251226,170000,10.48,10.485,10.48,10.48,993,0
FTW.US,60,20251226,180000,10.48,10.48,10.48,10.48,800,0
FTW.US,60,20251226,190000,10.48,10.4813,10.48,10.48,5710,0
FTW.US,60,20251226,200000,10.48,10.4899,10.48,10.48,1220,0
FTW.US,60,20251226,210000,10.48,10.48,10.48,10.48,800,0
FTW.US,60,20251226,220000,10.48,10.48,10.48,10.48,2174,0
