<TICKER>,<PER>,<DATE>,<TIME>,<OPEN>,<HIGH>,<LOW>,<CLOSE>,<VOL>,<OPENINT>
GUT_C.US,60,20240411,160000,23.8,23.8,23.8,23.8,200,0
GUT_C.US,60,20240411,170000,23.65,23.65,23.65,23.65,100,0
GUT_C.US,60,20240411,180000,23.41,23.41,23.41,23.41,100,0
GUT_C.US,60,20240411,210000,23.4,23.7999,23.4,23.7999,2477,0
GUT_C.US,60,20240411,220000,23.4865,23.5,23.27,23.5,625,0
GUT_C.US,60,20240412,160000,23.75,23.8,23.7,23.7,992,0
GUT_C.US,60,20240412,180000,24.0908,24.0908,24.0908,24.0908,100,0
GUT_C.US,60,20240412,220000,22.9407,23.7,22.9407,23.65,1796,0
GUT_C.US,60,20240415,180000,23.75,23.75,23.75,23.75,100,0
GUT_C.US,60,20240415,220000,23.795,23.795,23.35,23.35,500,0
GUT_C.US,60,20240416,170000,24.03,24.03,24.03,24.03,100,0
GUT_C.US,60,20240416,180000,23.692,23.692,23.692,23.692,189,0
GUT_C.US,60,20240416,190000,23.86,23.86,23.86,23.86,100,0
GUT_C.US,60,20240416,200000,23.88,23.88,23.88,23.88,100,0
GUT_C.US,60,20240416,210000,23.88,23.88,23.85,23.85,200,0
GUT_C.US,60,20240417,170000,23.9326,23.9326,23.91,23.91,200,0
GUT_C.US,60,20240418,160000,23.8999,23.8999,23.8999,23.8999,100,0
GUT_C.US,60,20240418,170000,23.97,23.97,23.97,23.97,100,0
GUT_C.US,60,20240418,200000,23.9899,23.9899,23.9899,23.9899,150,0
GUT_C.US,60,20240418,220000,23.9455,23.9455,23.7,23.7,300,0
GUT_C.US,60,20240419,160000,23.78,23.78,23.78,23.78,100,0
GUT_C.US,60,20240419,180000,23.825,23.825,23.825,23.825,100,0
GUT_C.US,60,20240419,220000,23.93,23.93,23.93,23.93,100,0
GUT_C.US,60,20240422,160000,23.8441,23.9095,23.8441,23.9095,600,0
GUT_C.US,60,20240422,170000,23.75,23.8,23.75,23.8,300,0
GUT_C.US,60,20240423,160000,24.105,24.105,24.0808,24.0808,200,0
GUT_C.US,60,20240424,210000,23.8369,23.8369,23.755,23.8,520,0
GUT_C.US,60,20240425,170000,23.9575,24.0472,23.9575,24.0472,200,0
GUT_C.US,60,20240425,180000,23.7445,23.7445,23.7445,23.7445,100,0
GUT_C.US,60,20240425,210000,23.88,23.88,23.85,23.85,225,0
GUT_C.US,60,20240426,180000,24.02,24.35,24.02,24.1,400,0
GUT_C.US,60,20240426,200000,23.9,23.9,23.9,23.9,100,0
GUT_C.US,60,20240426,210000,23.8774,23.8774,23.8774,23.8774,195,0
GUT_C.US,60,20240426,220000,24.3499,24.3499,24.3499,24.3499,600,0
GUT_C.US,60,20240429,180000,24.41,24.41,24.03,24.03,900,0
GUT_C.US,60,20240429,220000,24.35,24.35,24.35,24.35,205,0
GUT_C.US,60,20240430,180000,23.9115,24.05,23.9115,24.05,300,0
GUT_C.US,60,20240430,200000,24.05,24.05,24.05,24.05,200,0
GUT_C.US,60,20240501,180000,24.0417,24.0417,24.0417,24.0417,294,0
GUT_C.US,60,20240501,220000,24.19,24.2,24.19,24.19,471,0
GUT_C.US,60,20240506,160000,24.22,24.22,24.105,24.105,300,0
GUT_C.US,60,20240506,170000,24.01,24.115,24.01,24.115,400,0
GUT_C.US,60,20240506,180000,24.12,24.12,24.12,24.12,100,0
GUT_C.US,60,20240506,210000,24.1999,24.2,24.1999,24.2,316,0
GUT_C.US,60,20240507,220000,24,24,24,24,666,0
GUT_C.US,60,20240509,160000,24.2,24.2,24.2,24.2,100,0
GUT_C.US,60,20240509,210000,24.22,24.22,24.2,24.2,500,0
GUT_C.US,60,20240513,190000,23.8152,23.8152,23.8152,23.8152,772,0
GUT_C.US,60,20240513,200000,23.945,23.945,23.9017,23.9017,200,0
GUT_C.US,60,20240513,220000,24.095,24.095,24.045,24.045,500,0
GUT_C.US,60,20240514,180000,23.91,23.91,23.4701,23.4701,970,0
GUT_C.US,60,20240514,200000,24.03,24.0399,23.755,23.905,1050,0
GUT_C.US,60,20240514,210000,23.975,24.05,23.975,24.05,373,0
GUT_C.US,60,20240514,220000,23.96,23.96,23.473,23.77,1000,0
GUT_C.US,60,20240515,170000,23.8986,24.1,23.4768,23.4768,1900,0
GUT_C.US,60,20240515,180000,24.15,24.15,24.15,24.15,200,0
GUT_C.US,60,20240515,210000,23.5102,23.5102,23.5102,23.5102,515,0
GUT_C.US,60,20240516,160000,23.61,23.61,23.61,23.61,135,0
GUT_C.US,60,20240516,170000,23.62,23.62,23.62,23.62,100,0
GUT_C.US,60,20240516,200000,24.0681,24.0681,24.0681,24.0681,918,0
GUT_C.US,60,20240516,210000,23.9,23.9,23.9,23.9,1016,0
GUT_C.US,60,20240517,190000,23.6005,23.6005,23.6005,23.6005,815,0
GUT_C.US,60,20240517,200000,23.69,23.7,23.69,23.7,200,0
GUT_C.US,60,20240520,180000,23.7313,23.8716,23.7313,23.75,600,0
GUT_C.US,60,20240520,190000,23.89,24.052,23.89,24.052,1368,0
GUT_C.US,60,20240521,160000,24.05,24.05,24.05,24.05,100,0
GUT_C.US,60,20240521,170000,23.83,23.8485,23.83,23.8485,818,0
GUT_C.US,60,20240521,190000,23.85,23.85,23.82,23.82,400,0
GUT_C.US,60,20240521,210000,23.82,23.82,23.81,23.81,200,0
GUT_C.US,60,20240522,200000,23.75,23.76,23.75,23.75,700,0
GUT_C.US,60,20240522,210000,23.8,23.8,23.8,23.8,450,0
GUT_C.US,60,20240522,220000,23.73,23.73,23.73,23.73,100,0
GUT_C.US,60,20240523,160000,23.99,24.04,23.7999,24.04,3700,0
GUT_C.US,60,20240523,180000,23.6901,23.845,23.6901,23.75,450,0
GUT_C.US,60,20240524,170000,23.7899,23.7899,23.6867,23.6867,300,0
GUT_C.US,60,20240524,180000,23.95,23.98,23.95,23.98,300,0
GUT_C.US,60,20240524,190000,23.84,23.84,23.84,23.84,100,0
GUT_C.US,60,20240528,160000,24.03,24.03,24.03,24.03,100,0
GUT_C.US,60,20240528,170000,23.8364,24.03,23.8364,24.03,220,0
GUT_C.US,60,20240529,190000,23.68,23.7136,23.5923,23.7136,1573,0
GUT_C.US,60,20240529,220000,23.8519,23.8519,23.8519,23.8519,1866,0
GUT_C.US,60,20240530,160000,23.7,23.7,23.7,23.7,600,0
GUT_C.US,60,20240530,170000,23.85,23.9,23.85,23.9,1152,0
GUT_C.US,60,20240531,220000,23.865,23.87,23.865,23.87,200,0
GUT_C.US,60,20240603,160000,23.83,23.83,23.83,23.83,200,0
GUT_C.US,60,20240603,170000,23.915,23.915,23.915,23.915,411,0
GUT_C.US,60,20240604,180000,23.97,24.03,23.8336,23.85,1600,0
GUT_C.US,60,20240604,220000,23.83,23.83,23.8,23.8,700,0
GUT_C.US,60,20240605,160000,23.96,23.96,23.96,23.96,225,0
GUT_C.US,60,20240605,170000,23.8317,23.8317,23.83,23.83,200,0
GUT_C.US,60,20240605,200000,23.95,24,23.95,24,500,0
GUT_C.US,60,20240605,220000,23.97,24.04,23.97,24.04,200,0
GUT_C.US,60,20240606,170000,23.85,23.85,23.85,23.85,100,0
GUT_C.US,60,20240606,210000,23.99,24.49,23.986,24.4,4078,0
GUT_C.US,60,20240606,220000,24.49,24.49,24.49,24.49,131,0
GUT_C.US,60,20240607,160000,24.24,24.24,24.24,24.24,100,0
GUT_C.US,60,20240607,170000,24.24,24.2501,24.0101,24.122,11200,0
GUT_C.US,60,20240607,180000,24.08,24.0801,24.07,24.0701,800,0
GUT_C.US,60,20240607,200000,24.2499,24.2499,24.2499,24.2499,100,0
GUT_C.US,60,20240607,210000,24.24,24.2727,24.24,24.25,5300,0
GUT_C.US,60,20240610,190000,24.2042,24.24,24.01,24.0101,10350,0
GUT_C.US,60,20240610,200000,24.01,24.01,24.01,24.01,100,0
GUT_C.US,60,20240610,210000,24.03,24.03,24.03,24.03,200,0
GUT_C.US,60,20240611,190000,24.1521,24.1521,24.1521,24.1521,326,0
GUT_C.US,60,20240611,210000,24.1521,24.1521,24.1521,24.1521,200,0
GUT_C.US,60,20240612,170000,24.35,24.4452,24.35,24.35,518,0
GUT_C.US,60,20240613,160000,24.4899,24.4899,24.4899,24.4899,100,0
GUT_C.US,60,20240613,220000,23.91,24.366,23.87,24.366,2136,0
GUT_C.US,60,20240614,160000,24.45,24.45,24.45,24.45,100,0
GUT_C.US,60,20240614,190000,24.4899,24.4899,24.4899,24.4899,600,0
GUT_C.US,60,20240614,200000,24.0456,24.0456,24.0456,24.0456,100,0
GUT_C.US,60,20240614,220000,24.24,24.24,24.02,24.02,400,0
GUT_C.US,60,20240617,160000,24,24,24,24,100,0
GUT_C.US,60,20240617,170000,24,24.1,23.9,24.1,2223,0
GUT_C.US,60,20240617,220000,24.2,24.2,24.2,24.2,304,0
GUT_C.US,60,20240620,160000,23.69,23.69,23.69,23.69,852,0
GUT_C.US,60,20240620,170000,23.89,23.89,23.89,23.89,100,0
GUT_C.US,60,20240620,200000,23.67,23.67,23.63,23.63,400,0
GUT_C.US,60,20240620,210000,23.64,23.64,23.46,23.5,9595,0
GUT_C.US,60,20240620,220000,23.58,23.58,23.58,23.58,300,0
GUT_C.US,60,20240624,170000,23.64,23.76,23.6,23.68,3601,0
GUT_C.US,60,20240625,160000,23.58,23.58,23.58,23.58,500,0
GUT_C.US,60,20240625,170000,23.5,23.56,23.47,23.55,3049,0
GUT_C.US,60,20240625,200000,23.746,23.746,23.746,23.746,100,0
GUT_C.US,60,20240625,220000,23.7,23.7,23.7,23.7,100,0
GUT_C.US,60,20240626,160000,23.7,23.7,23.7,23.7,485,0
GUT_C.US,60,20240626,170000,24.041,24.041,24.041,24.041,265,0
GUT_C.US,60,20240626,210000,23.47,23.77,23.47,23.76,1200,0
GUT_C.US,60,20240627,160000,23.71,23.71,23.71,23.71,102,0
GUT_C.US,60,20240627,210000,23.71,23.8,23.71,23.8,381,0
GUT_C.US,60,20240628,170000,23.775,23.775,23.775,23.775,263,0
GUT_C.US,60,20240628,180000,23.61,23.9799,23.58,23.78,2765,0
GUT_C.US,60,20240628,210000,23.9758,23.9758,23.9758,23.9758,200,0
GUT_C.US,60,20240701,160000,23.87,23.87,23.87,23.87,100,0
GUT_C.US,60,20240701,220000,23.755,23.755,23.74,23.74,584,0
GUT_C.US,60,20240702,180000,23.74,23.76,23.74,23.74,600,0
GUT_C.US,60,20240702,190000,23.73,23.73,23.73,23.73,200,0
GUT_C.US,60,20240703,160000,23.74,23.74,23.74,23.74,200,0
GUT_C.US,60,20240703,180000,23.55,23.84,23.55,23.83,512,0
GUT_C.US,60,20240705,190000,23.73,23.73,23.73,23.73,148,0
GUT_C.US,60,20240708,200000,23.64,23.7938,23.6,23.7938,3238,0
GUT_C.US,60,20240708,210000,23.82,23.82,23.7106,23.7106,283,0
GUT_C.US,60,20240709,170000,23.78,23.78,23.78,23.78,104,0
GUT_C.US,60,20240709,180000,23.76,23.76,23.76,23.76,250,0
GUT_C.US,60,20240709,190000,23.67,23.67,23.67,23.67,100,0
GUT_C.US,60,20240709,200000,23.57,23.57,23.56,23.56,500,0
GUT_C.US,60,20240709,220000,23.57,23.71,23.57,23.71,1150,0
GUT_C.US,60,20240712,170000,23.66,23.84,23.66,23.84,1100,0
GUT_C.US,60,20240712,190000,23.7529,23.7529,23.7529,23.7529,100,0
GUT_C.US,60,20240716,160000,23.53,23.62,23.53,23.62,260,0
GUT_C.US,60,20240716,200000,23.728,23.728,23.58,23.6,2159,0
GUT_C.US,60,20240716,220000,23.72,23.72,23.72,23.72,1000,0
GUT_C.US,60,20240717,160000,23.75,23.84,23.745,23.84,1662,0
GUT_C.US,60,20240717,170000,23.755,23.83,23.755,23.755,300,0
GUT_C.US,60,20240717,180000,23.9,23.93,23.745,23.745,900,0
GUT_C.US,60,20240717,190000,23.94,23.9419,23.87,23.9,589,0
GUT_C.US,60,20240717,200000,23.745,23.745,23.51,23.51,816,0
GUT_C.US,60,20240717,210000,23.86,23.86,23.86,23.86,200,0
GUT_C.US,60,20240718,180000,23.745,23.745,23.745,23.745,400,0
GUT_C.US,60,20240718,220000,23.59,23.6,23.5246,23.53,2185,0
GUT_C.US,60,20240719,180000,23.7199,23.7199,23.7199,23.7199,1000,0
GUT_C.US,60,20240722,160000,23.65,23.7,23.61,23.6399,1900,0
GUT_C.US,60,20240722,170000,23.72,23.72,23.7,23.72,1400,0
GUT_C.US,60,20240722,180000,23.97,23.97,23.97,23.97,100,0
GUT_C.US,60,20240722,200000,23.9699,23.9699,23.76,23.77,700,0
GUT_C.US,60,20240722,220000,23.93,23.93,23.93,23.93,100,0
GUT_C.US,60,20240723,160000,23.99,23.99,23.97,23.97,200,0
GUT_C.US,60,20240723,220000,23.97,23.97,23.97,23.97,100,0
GUT_C.US,60,20240724,170000,23.98,23.98,23.98,23.98,200,0
GUT_C.US,60,20240724,180000,23.97,23.97,23.97,23.97,100,0
GUT_C.US,60,20240724,190000,23.97,23.97,23.97,23.97,100,0
GUT_C.US,60,20240724,200000,23.99,23.99,23.6341,23.7125,1416,0
GUT_C.US,60,20240724,210000,23.97,23.97,23.97,23.97,100,0
GUT_C.US,60,20240725,170000,23.9998,23.9998,23.9998,23.9998,100,0
GUT_C.US,60,20240726,160000,23.98,23.98,23.98,23.98,100,0
GUT_C.US,60,20240729,190000,23.9604,23.9604,23.6775,23.6775,960,0
GUT_C.US,60,20240729,220000,23.8962,23.8962,23.8962,23.8962,300,0
GUT_C.US,60,20240731,190000,24.26,24.26,24.26,24.26,100,0
GUT_C.US,60,20240731,200000,23.64,23.64,23.64,23.64,500,0
GUT_C.US,60,20240801,190000,23.87,23.87,23.87,23.87,200,0
GUT_C.US,60,20240801,220000,23.68,23.68,23.65,23.68,600,0
GUT_C.US,60,20240802,160000,23.74,23.85,23.74,23.85,500,0
GUT_C.US,60,20240802,170000,23.85,23.85,23.85,23.85,100,0
GUT_C.US,60,20240802,180000,23.87,23.87,23.87,23.87,200,0
GUT_C.US,60,20240805,200000,23.85,23.85,23.85,23.85,628,0
GUT_C.US,60,20240806,220000,23.85,23.95,23.85,23.95,455,0
GUT_C.US,60,20240807,180000,23.915,24,23.915,24,1975,0
GUT_C.US,60,20240807,200000,24.1182,24.1182,24.1182,24.1182,243,0
GUT_C.US,60,20240809,210000,23.96,23.995,23.92,23.92,1600,0
GUT_C.US,60,20240809,220000,24.055,24.055,24,24,200,0
GUT_C.US,60,20240812,160000,24.09,24.09,24.09,24.09,100,0
GUT_C.US,60,20240812,220000,24.07,24.07,24.07,24.07,100,0
GUT_C.US,60,20240813,160000,24.1,24.1,24.1,24.1,100,0
GUT_C.US,60,20240813,170000,23.9,23.9,23.9,23.9,100,0
GUT_C.US,60,20240813,210000,23.9742,23.9742,23.9742,23.9742,676,0
GUT_C.US,60,20240813,220000,24.035,24.035,24.035,24.035,100,0
GUT_C.US,60,20240814,170000,24.24,24.24,24.24,24.24,200,0
GUT_C.US,60,20240814,180000,24.06,24.06,24.06,24.06,200,0
GUT_C.US,60,20240815,210000,24.41,24.41,24.311,24.311,1000,0
GUT_C.US,60,20240819,160000,24.45,24.57,24.365,24.365,2455,0
GUT_C.US,60,20240819,180000,24.15,24.56,24.15,24.56,600,0
GUT_C.US,60,20240819,220000,24.5899,24.59,24.5,24.59,800,0
GUT_C.US,60,20240820,160000,24.34,24.34,24.34,24.34,100,0
GUT_C.US,60,20240820,170000,24.34,24.34,24.34,24.34,126,0
GUT_C.US,60,20240820,190000,24.35,24.35,24.35,24.35,200,0
GUT_C.US,60,20240820,220000,24.4,24.41,24.3,24.3,1401,0
GUT_C.US,60,20240821,160000,24.27,24.3,24.27,24.3,400,0
GUT_C.US,60,20240821,190000,24.2101,24.2101,24.2101,24.2101,144,0
GUT_C.US,60,20240821,220000,24.25,24.4551,24.25,24.4551,2080,0
GUT_C.US,60,20240822,170000,24.41,24.41,24.41,24.41,380,0
GUT_C.US,60,20240822,200000,24.7,24.7,24.7,24.7,300,0
GUT_C.US,60,20240823,160000,24.12,24.5543,24.12,24.5543,1619,0
GUT_C.US,60,20240823,170000,24.74,24.74,24.74,24.74,100,0
GUT_C.US,60,20240823,180000,24.29,24.29,24.29,24.29,375,0
GUT_C.US,60,20240826,170000,24.4856,24.4856,24.4856,24.4856,100,0
GUT_C.US,60,20240826,200000,24.59,24.5993,24.579,24.579,300,0
GUT_C.US,60,20240828,170000,24.5502,24.5502,24.5502,24.5502,100,0
GUT_C.US,60,20240828,200000,24.64,24.64,24.64,24.64,100,0
GUT_C.US,60,20240828,220000,24.5914,24.5914,24.5914,24.5914,200,0
GUT_C.US,60,20240829,170000,24.7,24.7,24.7,24.7,100,0
GUT_C.US,60,20240829,190000,24.625,24.625,24.625,24.625,400,0
GUT_C.US,60,20240829,220000,24.671,24.671,24.64,24.64,2020,0
GUT_C.US,60,20240830,180000,24.6699,24.7,24.64,24.6819,1604,0
GUT_C.US,60,20240830,210000,24.805,24.805,24.7,24.7997,2229,0
GUT_C.US,60,20240830,220000,24.85,24.85,24.85,24.85,2496,0
GUT_C.US,60,20240903,190000,24.7086,24.8,24.7086,24.8,200,0
GUT_C.US,60,20240904,160000,24.8,24.8,24.8,24.8,120,0
GUT_C.US,60,20240904,170000,24.68,24.68,24.66,24.66,600,0
GUT_C.US,60,20240904,200000,24.77,24.77,24.77,24.77,100,0
GUT_C.US,60,20240906,160000,24.8,24.8,24.8,24.8,100,0
GUT_C.US,60,20240906,200000,24.9,24.9,24.9,24.9,100,0
GUT_C.US,60,20240906,210000,24.85,24.89,24.85,24.89,300,0
GUT_C.US,60,20240909,170000,24.9,24.96,24.9,24.96,684,0
GUT_C.US,60,20240909,210000,25,25.06,25,25.06,1400,0
GUT_C.US,60,20240909,220000,25.22,25.22,25.22,25.22,100,0
GUT_C.US,60,20240910,180000,24.93,24.93,24.92,24.93,387,0
GUT_C.US,60,20240910,190000,24.94,25.0254,24.92,24.9825,1334,0
GUT_C.US,60,20240910,220000,24.91,25,24.91,24.9301,3300,0
GUT_C.US,60,20240911,160000,24.95,24.95,24.95,24.95,200,0
GUT_C.US,60,20240911,220000,25.2,25.2,25.2,25.2,100,0
GUT_C.US,60,20240912,160000,25.2,25.2,25.2,25.2,100,0
GUT_C.US,60,20240912,180000,24.98,24.98,24.97,24.97,500,0
GUT_C.US,60,20240912,220000,25,25,24.99,24.99,971,0
GUT_C.US,60,20240913,160000,24.97,24.98,24.97,24.98,400,0
GUT_C.US,60,20240913,180000,25.145,25.145,25.145,25.145,200,0
GUT_C.US,60,20240913,190000,25.0912,25.0912,25.0912,25.0912,100,0
GUT_C.US,60,20240916,160000,25.01,25.01,25.01,25.01,100,0
GUT_C.US,60,20240916,170000,25.052,25.052,25,25,1200,0
GUT_C.US,60,20240917,160000,25,25,25,25,100,0
GUT_C.US,60,20240917,170000,25.1,25.1,25.1,25.1,150,0
GUT_C.US,60,20240917,180000,25.1,25.1,25.1,25.1,100,0
GUT_C.US,60,20240917,220000,24.97,24.97,24.94,24.94,404,0
GUT_C.US,60,20240918,160000,25.1,25.1,25.1,25.1,200,0
GUT_C.US,60,20240918,190000,25.1,25.17,24.92,24.92,532,0
GUT_C.US,60,20240918,200000,25.06,25.06,25.06,25.06,400,0
GUT_C.US,60,20240918,220000,25.1899,25.1899,25.112,25.112,901,0
GUT_C.US,60,20240919,160000,24.91,24.91,24.91,24.91,1529,0
GUT_C.US,60,20240919,190000,24.98,24.98,24.98,24.98,100,0
GUT_C.US,60,20240919,200000,24.98,24.98,24.98,24.98,300,0
GUT_C.US,60,20240919,220000,24.885,24.885,24.885,24.885,320,0
GUT_C.US,60,20240920,170000,24.94,24.998,24.94,24.98,981,0
GUT_C.US,60,20240920,180000,24.8001,24.8025,24.8,24.8025,600,0
GUT_C.US,60,20240920,200000,24.8,24.8,24.8,24.8,200,0
GUT_C.US,60,20240920,220000,24.85,24.85,24.85,24.85,100,0
GUT_C.US,60,20240923,160000,24.68,24.68,24.68,24.68,3890,0
GUT_C.US,60,20240923,180000,24.795,24.795,24.795,24.795,500,0
GUT_C.US,60,20240923,190000,24.75,24.75,24.75,24.75,100,0
GUT_C.US,60,20240923,210000,24.71,24.7146,24.71,24.7146,200,0
GUT_C.US,60,20240923,220000,24.66,24.6602,24.66,24.66,462,0
GUT_C.US,60,20240924,180000,24.7,24.7,24.7,24.7,200,0
GUT_C.US,60,20240925,160000,24.77,24.77,24.77,24.77,100,0
GUT_C.US,60,20240925,170000,24.87,24.88,24.87,24.88,200,0
GUT_C.US,60,20240925,180000,24.62,24.62,24.62,24.62,100,0
GUT_C.US,60,20240925,210000,24.88,24.9,24.88,24.9,471,0
GUT_C.US,60,20240925,220000,24.88,24.9,24.87,24.87,600,0
GUT_C.US,60,20240926,160000,24.9,24.9,24.89,24.89,627,0
GUT_C.US,60,20240926,170000,24.795,24.795,24.795,24.795,259,0
GUT_C.US,60,20240926,190000,24.89,24.89,24.89,24.89,200,0
GUT_C.US,60,20240926,200000,24.73,24.73,24.73,24.73,100,0
GUT_C.US,60,20240927,160000,24.98,24.98,24.98,24.98,121,0
GUT_C.US,60,20240927,170000,24.98,24.98,24.98,24.98,400,0
GUT_C.US,60,20240927,220000,24.98,24.98,24.98,24.98,100,0
GUT_C.US,60,20240930,160000,24.9,24.9,24.9,24.9,300,0
GUT_C.US,60,20240930,170000,24.765,24.9,24.765,24.7996,2500,0
GUT_C.US,60,20240930,200000,24.89,24.89,24.89,24.89,1600,0
GUT_C.US,60,20240930,210000,24.8609,24.8609,24.8609,24.8609,480,0
GUT_C.US,60,20241001,170000,24.8457,24.95,24.8457,24.95,900,0
GUT_C.US,60,20241001,180000,24.95,24.95,24.95,24.95,200,0
GUT_C.US,60,20241001,200000,24.91,24.91,24.91,24.91,450,0
GUT_C.US,60,20241001,210000,24.91,24.91,24.91,24.91,268,0
GUT_C.US,60,20241001,220000,24.87219,24.91,24.87219,24.91,373,0
GUT_C.US,60,20241002,170000,24.83,24.83,24.83,24.83,100,0
GUT_C.US,60,20241002,180000,24.87,24.87,24.87,24.87,100,0
GUT_C.US,60,20241002,210000,24.9,24.9,24.9,24.9,600,0
GUT_C.US,60,20241002,220000,24.9,24.9,24.9,24.9,100,0
GUT_C.US,60,20241003,160000,24.87,24.8893,24.85,24.8893,900,0
GUT_C.US,60,20241003,170000,24.875,24.9,24.875,24.9,681,0
GUT_C.US,60,20241003,210000,24.89,24.89,24.89,24.89,100,0
GUT_C.US,60,20241003,220000,24.889,24.89,24.889,24.8899,1150,0
GUT_C.US,60,20241004,180000,24.9,24.9,24.9,24.9,548,0
GUT_C.US,60,20241004,220000,24.95,24.95,24.95,24.95,100,0
GUT_C.US,60,20241007,160000,24.89,24.89,24.89,24.89,1100,0
GUT_C.US,60,20241007,170000,24.85,24.8501,24.8,24.8075,1391,0
GUT_C.US,60,20241007,190000,24.81,24.81,24.8,24.8,893,0
GUT_C.US,60,20241008,210000,24.79,24.79,24.78,24.79,900,0
GUT_C.US,60,20241009,200000,24.73,24.73,24.72,24.73,600,0
GUT_C.US,60,20241010,160000,24.72,24.72,24.72,24.72,100,0
GUT_C.US,60,20241014,220000,24.9,24.9,24.9,24.9,100,0
GUT_C.US,60,20241021,180000,25,25,24.91,24.91,1388,0
GUT_C.US,60,20241021,200000,24.87,24.87,24.87,24.87,396,0
GUT_C.US,60,20241021,220000,24.92,24.92,24.92,24.92,400,0
GUT_C.US,60,20241025,190000,24.98,24.98,24.68,24.88,1178,0
GUT_C.US,60,20241028,160000,24.68,24.68,24.66,24.66,500,0
GUT_C.US,60,20241029,170000,24.67,24.67,24.64,24.64,428,0
GUT_C.US,60,20241030,210000,24.63,24.63,24.3,24.3,482,0
GUT_C.US,60,20241101,160000,24.76,24.797,24.3,24.3,650,0
GUT_C.US,60,20241101,170000,24.6329,24.6329,24.6329,24.6329,500,0
GUT_C.US,60,20241104,200000,24.58,24.58,24.58,24.58,309,0
GUT_C.US,60,20241105,210000,24.78,24.7899,24.78,24.7899,605,0
GUT_C.US,60,20241107,180000,24.4,24.4,24.4,24.4,154,0
GUT_C.US,60,20241108,220000,24.8,24.8,24.7715,24.7715,300,0
GUT_C.US,60,20241111,210000,24.7,24.7,24.7,24.7,960,0
GUT_C.US,60,20241112,170000,24.6,24.6,24.41,24.41,398,0
GUT_C.US,60,20241112,180000,24.75,24.75,24.75,24.75,233,0
GUT_C.US,60,20241112,200000,24.5,24.5,24.5,24.5,100,0
GUT_C.US,60,20241112,210000,24.4576,24.4576,24.4576,24.4576,250,0
GUT_C.US,60,20241112,220000,24.5,24.5,24.4999,24.4999,200,0
GUT_C.US,60,20241113,210000,24.6952,24.75,24.6952,24.75,200,0
GUT_C.US,60,20241115,190000,24.42,24.69,24.4,24.4,3074,0
GUT_C.US,60,20241115,220000,24.4269,24.4269,24.4269,24.4269,500,0
GUT_C.US,60,20241118,210000,24.6495,24.6495,24.6495,24.6495,212,0
GUT_C.US,60,20241119,170000,24.33,24.33,24.33,24.33,200,0
GUT_C.US,60,20241119,180000,24.33,24.33,24.07,24.07,1274,0
GUT_C.US,60,20241119,200000,24.25,24.25,24.23,24.25,673,0
GUT_C.US,60,20241119,220000,24.55,24.55,24.55,24.55,100,0
GUT_C.US,60,20241120,180000,24.44,24.44,24.44,24.44,206,0
GUT_C.US,60,20241120,200000,24.33,24.33,24.11,24.11,200,0
GUT_C.US,60,20241120,220000,24.18,24.3364,24.15,24.3122,450,0
GUT_C.US,60,20241121,180000,24.25,24.77,24.14,24.3,900,0
GUT_C.US,60,20241121,210000,24.65,24.69,24.65,24.69,200,0
GUT_C.US,60,20241125,170000,24.5,24.635,24.5,24.635,585,0
GUT_C.US,60,20241126,180000,24.65,24.6501,24.65,24.6501,599,0
GUT_C.US,60,20241126,190000,24.65,24.65,24.6,24.6,2099,0
GUT_C.US,60,20241126,200000,24.25,24.25,24.25,24.25,100,0
GUT_C.US,60,20241126,210000,24.5,24.51,24.45,24.51,1700,0
GUT_C.US,60,20241129,170000,24.77,24.77,24.77,24.77,100,0
GUT_C.US,60,20241202,190000,24.79,24.8,24.7899,24.7899,1600,0
GUT_C.US,60,20241202,220000,24.78,24.78,24.78,24.78,144,0
GUT_C.US,60,20241203,200000,24.7448,24.7448,24.7448,24.7448,400,0
GUT_C.US,60,20241204,160000,24.74,24.7401,24.65,24.7401,1146,0
GUT_C.US,60,20241205,190000,24.66,24.66,24.66,24.66,100,0
GUT_C.US,60,20241205,220000,24.685,24.685,24.685,24.685,100,0
GUT_C.US,60,20241209,200000,24.775,24.775,24.72,24.72,1300,0
GUT_C.US,60,20241209,220000,24.72,24.72,24.72,24.72,2300,0
GUT_C.US,60,20241210,180000,24.63,24.63,24.63,24.63,350,0
GUT_C.US,60,20241210,190000,24.6446,24.6446,24.6446,24.6446,950,0
GUT_C.US,60,20241213,170000,24.68,24.7918,24.68,24.7918,399,0
GUT_C.US,60,20241213,180000,24.7,24.7,24.7,24.7,100,0
GUT_C.US,60,20241216,160000,24.63,24.63,24.61,24.61,300,0
GUT_C.US,60,20241217,170000,24.6,24.6242,24.6,24.6242,400,0
GUT_C.US,60,20241217,200000,24.6,24.6001,24.6,24.6001,1020,0
GUT_C.US,60,20241218,170000,24.4607,24.4607,24.45,24.45,312,0
GUT_C.US,60,20241219,190000,24.2729,24.2729,24.2729,24.2729,200,0
GUT_C.US,60,20241220,180000,24.4,24.4,24.4,24.4,240,0
GUT_C.US,60,20241223,160000,24.4098,24.4098,24.4098,24.4098,225,0
GUT_C.US,60,20241226,170000,24.4399,24.4399,24.4399,24.4399,262,0
GUT_C.US,60,20241227,220000,24.2943,24.2943,24.2943,24.2943,240,0
GUT_C.US,60,20241231,180000,24.2762,24.2762,24.2762,24.2762,159,0
GUT_C.US,60,20250102,170000,24.3,24.3,24.3,24.3,147,0
GUT_C.US,60,20250102,190000,24.38,24.43,24.3799,24.3799,2864,0
GUT_C.US,60,20250102,210000,24.2924,24.4,24.2924,24.4,567,0
GUT_C.US,60,20250103,160000,24.2501,24.2501,24.2501,24.2501,247,0
GUT_C.US,60,20250103,170000,24.325,24.325,24.325,24.325,400,0
GUT_C.US,60,20250103,180000,24.27,24.27,24.24,24.25,2879,0
GUT_C.US,60,20250103,200000,24.372,24.372,24.372,24.372,100,0
GUT_C.US,60,20250106,160000,24.2689,24.2689,24.2689,24.2689,200,0
GUT_C.US,60,20250106,170000,24.22,24.305,24.22,24.2216,1817,0
GUT_C.US,60,20250106,210000,24.2201,24.2201,24.2201,24.2201,1550,0
GUT_C.US,60,20250110,190000,24.25,24.28,24.21,24.28,300,0
GUT_C.US,60,20250110,210000,24.3,24.3,24.3,24.3,100,0
GUT_C.US,60,20250113,180000,24.2,24.2,24.2,24.2,100,0
GUT_C.US,60,20250113,190000,24.2,24.2,24.2,24.2,100,0
GUT_C.US,60,20250113,200000,24.25,24.25,24.2,24.2,350,0
GUT_C.US,60,20250114,170000,24.2,24.2,24.2,24.2,100,0
GUT_C.US,60,20250114,200000,24.2001,24.2665,24.2,24.2665,830,0
GUT_C.US,60,20250115,160000,24.286,24.3,24.286,24.3,694,0
GUT_C.US,60,20250115,180000,24.39,24.4,24.38,24.4,1791,0
GUT_C.US,60,20250117,220000,24.53,24.64,24.15,24.64,9253,0
GUT_C.US,60,20250121,170000,24.21,24.24,24.21,24.22,400,0
GUT_C.US,60,20250121,180000,24.46,24.46,24.46,24.46,200,0
GUT_C.US,60,20250121,210000,24.27,24.425,24.27,24.425,500,0
GUT_C.US,60,20250122,170000,24.52,24.65,24.52,24.65,200,0
GUT_C.US,60,20250124,210000,24.33,24.38,24.33,24.38,320,0
GUT_C.US,60,20250130,190000,24.5,24.5,24.5,24.5,150,0
GUT_C.US,60,20250131,160000,24.55,24.55,24.4,24.4,300,0
GUT_C.US,60,20250131,170000,24.37,24.37,24.37,24.37,500,0
GUT_C.US,60,20250131,180000,24.37,24.37,24.37,24.37,100,0
GUT_C.US,60,20250206,200000,24.4,24.41,24.37,24.4,2000,0
GUT_C.US,60,20250206,220000,24.6,24.6,24.6,24.6,100,0
GUT_C.US,60,20250207,160000,24.84,24.84,24.84,24.84,100,0
GUT_C.US,60,20250210,170000,24.61,24.87,24.2,24.87,1972,0
GUT_C.US,60,20250211,180000,24.89,24.89,24.84,24.84,400,0
GUT_C.US,60,20250212,190000,24.496,24.55,24.496,24.55,756,0
GUT_C.US,60,20250212,210000,24.66,24.66,24.66,24.66,100,0
GUT_C.US,60,20250212,220000,24.35,24.35,24.25,24.25,1000,0
GUT_C.US,60,20250213,210000,24.31,24.89,24.31,24.89,300,0
GUT_C.US,60,20250213,220000,24.31,24.31,24.31,24.31,100,0
GUT_C.US,60,20250218,180000,24.663,24.7234,24.663,24.7234,700,0
GUT_C.US,60,20250219,220000,24.55,24.55,24.55,24.55,100,0
GUT_C.US,60,20250220,190000,24.35,24.35,24.33,24.35,300,0
GUT_C.US,60,20250220,220000,24.35,24.87,24.26,24.86,3355,0
GUT_C.US,60,20250224,170000,24.36,24.36,24.36,24.36,400,0
GUT_C.US,60,20250224,200000,24.56,24.56,24.56,24.56,300,0
GUT_C.US,60,20250224,210000,24.4974,24.4974,24.4974,24.4974,102,0
GUT_C.US,60,20250226,180000,24.708,24.708,24.708,24.708,200,0
GUT_C.US,60,20250227,190000,24.3115,24.3115,24.3115,24.3115,160,0
GUT_C.US,60,20250227,200000,24.28,24.28,24.28,24.28,173,0
GUT_C.US,60,20250228,160000,24.31,24.31,24.3,24.3,200,0
GUT_C.US,60,20250228,200000,24.8939,24.8939,24.8939,24.8939,300,0
GUT_C.US,60,20250228,210000,24.35,24.35,24.35,24.35,285,0
GUT_C.US,60,20250304,220000,24.35,24.35,24.35,24.35,100,0
GUT_C.US,60,20250305,190000,24.33,24.33,24.3,24.3,1000,0
GUT_C.US,60,20250306,160000,24.15,24.15,24.1,24.1,1705,0
GUT_C.US,60,20250306,180000,24.13,24.15,24.13,24.15,830,0
GUT_C.US,60,20250307,200000,24.29,24.29,24.2666,24.2666,500,0
GUT_C.US,60,20250310,210000,24.37,24.37,24.37,24.37,100,0
GUT_C.US,60,20250311,190000,24.4166,24.4166,24.4166,24.4166,400,0
GUT_C.US,60,20250312,200000,24.42,24.42,24.2915,24.2915,691,0
GUT_C.US,60,20250313,160000,24.4,24.4,24.4,24.4,326,0
GUT_C.US,60,20250314,170000,24.35,24.4393,24.26,24.26,2500,0
GUT_C.US,60,20250314,180000,24.26,24.44,24.26,24.44,2300,0
GUT_C.US,60,20250314,190000,24.64,24.64,24.64,24.64,110,0
GUT_C.US,60,20250317,150000,24.62,24.62,24.62,24.62,100,0
GUT_C.US,60,20250320,180000,24.1534,24.1534,24.01,24.01,1979,0
GUT_C.US,60,20250320,200000,24.3479,24.3479,24.3479,24.3479,285,0
GUT_C.US,60,20250321,180000,23.91,24.27,23.89,24.27,700,0
GUT_C.US,60,20250321,190000,23.8978,23.8978,23.8978,23.8978,295,0
GUT_C.US,60,20250324,170000,23.92,23.92,23.92,23.92,500,0
GUT_C.US,60,20250324,180000,24.2107,24.285,23.94,23.94,808,0
GUT_C.US,60,20250324,190000,23.95,23.95,23.93,23.93,400,0
GUT_C.US,60,20250324,210000,23.99,23.99,23.91,23.91,900,0
GUT_C.US,60,20250325,150000,24,24,24,24,200,0
GUT_C.US,60,20250325,160000,23.99,24,23.99,24,300,0
GUT_C.US,60,20250325,190000,23.9561,23.9561,23.9561,23.9561,100,0
GUT_C.US,60,20250326,170000,23.91,23.91,23.7,23.7,3825,0
GUT_C.US,60,20250326,180000,23.8249,23.89,23.75,23.7999,1100,0
GUT_C.US,60,20250326,200000,23.78,23.78,23.75,23.75,200,0
GUT_C.US,60,20250326,210000,23.81,23.81,23.81,23.81,100,0
GUT_C.US,60,20250327,180000,23.88,23.88,23.88,23.88,300,0
GUT_C.US,60,20250327,200000,23.88,24.1152,23.88,24.1152,610,0
GUT_C.US,60,20250328,160000,23.95,23.95,23.95,23.95,500,0
GUT_C.US,60,20250328,170000,24.315,24.5715,24.315,24.5715,300,0
GUT_C.US,60,20250328,180000,24.2055,24.2055,24.2055,24.2055,1512,0
GUT_C.US,60,20250328,210000,24.228,24.228,24.228,24.228,100,0
GUT_C.US,60,20250331,220000,24,24,24,24,100,0
GUT_C.US,60,20250403,190000,24.19,24.2862,24.08,24.08,1200,0
GUT_C.US,60,20250404,170000,23.86,23.86,23.86,23.86,100,0
GUT_C.US,60,20250409,220000,24.8593,24.8593,24.7866,24.7866,528,0
GUT_C.US,60,20250411,200000,24.2958,24.2958,24.25,24.25,790,0
GUT_C.US,60,20250411,210000,24.78,24.78,24.76,24.76,200,0
GUT_C.US,60,20250411,220000,24.78,24.78,24.78,24.78,285,0
GUT_C.US,60,20250414,160000,24.6956,24.6956,24.6956,24.6956,200,0
GUT_C.US,60,20250415,170000,23.46,24.71,23.46,24.71,4397,0
GUT_C.US,60,20250416,190000,24.13,24.17,24.13,24.16,800,0
GUT_C.US,60,20250416,220000,24.09,24.09,24.09,24.09,100,0
GUT_C.US,60,20250417,210000,24.09,24.09,24.09,24.09,258,0
GUT_C.US,60,20250421,170000,23.67,23.67,23.67,23.67,100,0
GUT_C.US,60,20250421,180000,24.26,24.31,24.26,24.31,550,0
GUT_C.US,60,20250421,190000,24.07,24.07,23.87,23.87,400,0
GUT_C.US,60,20250421,200000,24.04,24.04,24.04,24.04,100,0
GUT_C.US,60,20250421,210000,24.1962,24.1962,24.1962,24.1962,200,0
GUT_C.US,60,20250421,220000,24.022,24.1676,23.72,24.1676,1550,0
GUT_C.US,60,20250422,200000,24.18,24.18,24.18,24.18,100,0
GUT_C.US,60,20250423,170000,24.0209,24.0209,24.0209,24.0209,200,0
GUT_C.US,60,20250423,190000,24.11,24.11,23.85,23.85,1003,0
GUT_C.US,60,20250424,160000,23.72,23.72,23.72,23.72,387,0
GUT_C.US,60,20250424,180000,23.74,23.8024,23.74,23.8024,200,0
GUT_C.US,60,20250424,200000,23.8,23.8,23.76,23.8,1349,0
GUT_C.US,60,20250424,220000,24.15,24.15,24.15,24.15,105,0
GUT_C.US,60,20250428,170000,24.05,24.05,23.85,23.85,1000,0
GUT_C.US,60,20250428,180000,23.73,24.03,23.73,24.03,260,0
GUT_C.US,60,20250428,200000,23.7301,23.7301,23.7301,23.7301,300,0
GUT_C.US,60,20250429,210000,23.74,23.7855,23.63,23.63,899,0
GUT_C.US,60,20250429,220000,24,24,24,24,100,0
GUT_C.US,60,20250430,180000,24,24,24,24,641,0
GUT_C.US,60,20250501,220000,23.7997,23.98,23.5951,23.7999,2295,0
GUT_C.US,60,20250502,190000,23.6,23.6,23.6,23.6,100,0
GUT_C.US,60,20250505,210000,23.83,23.83,23.83,23.83,100,0
GUT_C.US,60,20250506,170000,23.45,23.61,23.45,23.61,300,0
GUT_C.US,60,20250506,180000,23.61,23.705,23.55,23.55,1500,0
GUT_C.US,60,20250506,190000,23.55,23.68,23.55,23.68,800,0
GUT_C.US,60,20250506,200000,23.51,23.5101,23.51,23.5101,300,0
GUT_C.US,60,20250506,220000,23.65,23.65,23.65,23.65,100,0
GUT_C.US,60,20250507,210000,23.48,23.48,23.48,23.48,1035,0
GUT_C.US,60,20250507,220000,23.45,23.58,23.45,23.58,1346,0
GUT_C.US,60,20250508,190000,23.49,23.51,23.45,23.45,1500,0
GUT_C.US,60,20250508,200000,23.45,23.45,23.32,23.35,7810,0
GUT_C.US,60,20250508,210000,23.32,23.32,23.15,23.15,5143,0
GUT_C.US,60,20250508,220000,23.18,23.31,23.15,23.31,2880,0
GUT_C.US,60,20250509,200000,23.5974,23.5974,23.5974,23.5974,100,0
GUT_C.US,60,20250512,220000,23.3324,23.55,23.3324,23.55,200,0
GUT_C.US,60,20250513,200000,23.52,23.52,23.52,23.52,500,0
GUT_C.US,60,20250514,180000,23.3388,23.3388,23.3388,23.3388,243,0
GUT_C.US,60,20250514,210000,23.4795,23.4795,23.4795,23.4795,200,0
GUT_C.US,60,20250515,180000,23.51,23.51,23.51,23.51,100,0
GUT_C.US,60,20250515,200000,23.49,23.49,23.49,23.49,100,0
GUT_C.US,60,20250516,220000,23.3666,23.3666,23.3666,23.3666,500,0
GUT_C.US,60,20250519,180000,23.285,23.285,23.21,23.21,200,0
GUT_C.US,60,20250519,200000,23.285,23.285,23.285,23.285,200,0
GUT_C.US,60,20250520,160000,23.3,23.3,23.3,23.3,200,0
GUT_C.US,60,20250520,170000,23.21,23.21,23.21,23.21,100,0
GUT_C.US,60,20250520,190000,23.23,23.27,23.2,23.2,2100,0
GUT_C.US,60,20250520,200000,23.2,23.2,23.2,23.2,200,0
GUT_C.US,60,20250520,210000,23.2,23.2,23.2,23.2,500,0
GUT_C.US,60,20250520,220000,23.2,23.21,23.2,23.21,1975,0
GUT_C.US,60,20250521,160000,23.43,23.43,23.43,23.43,116,0
GUT_C.US,60,20250521,190000,23.311,23.311,23.311,23.311,200,0
GUT_C.US,60,20250521,200000,23.2006,23.2006,23.2,23.2,900,0
GUT_C.US,60,20250521,210000,23.2,23.2,23.2,23.2,600,0
GUT_C.US,60,20250522,200000,23.2,23.2,23.2,23.2,299,0
GUT_C.US,60,20250522,220000,23.2,23.2365,23.2,23.2,1004,0
GUT_C.US,60,20250527,180000,23.2,23.2,22.5,23.08,7480,0
GUT_C.US,60,20250527,220000,22.93,23.0203,22.92,23.0203,1400,0
GUT_C.US,60,20250528,170000,23.3624,23.46,23.3624,23.46,300,0
GUT_C.US,60,20250528,180000,23.3,23.3,23.2444,23.2444,300,0
GUT_C.US,60,20250528,190000,22.93,22.972,22.73,22.8,5500,0
GUT_C.US,60,20250528,200000,22.8,22.8,22.8,22.8,100,0
GUT_C.US,60,20250528,220000,22.8,22.8,22.8,22.8,200,0
GUT_C.US,60,20250529,160000,22.8,22.8,22.8,22.8,100,0
GUT_C.US,60,20250529,170000,22.8,22.8,22.8,22.8,1100,0
GUT_C.US,60,20250529,180000,22.8,22.8,22.8,22.8,400,0
GUT_C.US,60,20250530,160000,22.9,22.9,22.9,22.9,300,0
GUT_C.US,60,20250530,170000,22.9,22.9,22.9,22.9,400,0
GUT_C.US,60,20250530,180000,22.8796,22.8796,22.8796,22.8796,120,0
GUT_C.US,60,20250530,190000,22.81,22.99,22.55,22.7,7298,0
GUT_C.US,60,20250530,210000,22.85,22.85,22.78,22.78,200,0
GUT_C.US,60,20250530,220000,23.5,23.5,23.5,23.5,100,0
GUT_C.US,60,20250603,180000,22.9789,22.9789,22.9,22.9,400,0
GUT_C.US,60,20250604,220000,22.8,22.875,22.8,22.875,1831,0
GUT_C.US,60,20250605,160000,22.893,22.893,22.893,22.893,300,0
GUT_C.US,60,20250605,200000,22.82,22.82,22.81,22.81,250,0
GUT_C.US,60,20250605,210000,22.87,22.87,22.74,22.74,2650,0
GUT_C.US,60,20250606,190000,22.86,22.86,22.86,22.86,300,0
GUT_C.US,60,20250606,200000,22.8,22.8101,22.4401,22.65,7499,0
GUT_C.US,60,20250609,220000,22.7,22.81,22.7,22.81,395,0
GUT_C.US,60,20250610,170000,23.1015,23.2994,23.1015,23.2994,902,0
GUT_C.US,60,20250610,200000,23.0087,23.0087,23.0087,23.0087,200,0
GUT_C.US,60,20250611,180000,23.0263,23.0263,23.0263,23.0263,100,0
GUT_C.US,60,20250611,200000,22.9,22.935,22.82,22.908775,3200,0
GUT_C.US,60,20250611,220000,22.81,22.9111,22.81,22.9111,604,0
GUT_C.US,60,20250612,180000,22.925,22.925,22.925,22.925,500,0
GUT_C.US,60,20250612,190000,22.85,22.9037,22.85,22.9037,300,0
GUT_C.US,60,20250612,200000,22.9385,22.9385,22.85,22.8875,3500,0
GUT_C.US,60,20250613,220000,23.0224,23.0224,22.94,22.94,350,0
GUT_C.US,60,20250616,160000,22.9,22.9,22.9,22.9,100,0
GUT_C.US,60,20250616,190000,22.8001,22.8001,22.8001,22.8001,400,0
GUT_C.US,60,20250616,220000,22.9345,22.9345,22.9345,22.9345,440,0
GUT_C.US,60,20250617,160000,23.12,23.12,23.12,23.12,100,0
GUT_C.US,60,20250617,170000,22.94,22.94,22.94,22.94,100,0
GUT_C.US,60,20250617,180000,22.98,22.98,22.98,22.98,100,0
GUT_C.US,60,20250617,190000,22.83,22.83,22.7,22.8001,4057,0
GUT_C.US,60,20250617,200000,22.76,22.76,22.76,22.76,100,0
GUT_C.US,60,20250617,220000,23.07,23.07,23.07,23.07,100,0
GUT_C.US,60,20250618,160000,22.664,22.664,22.664,22.664,100,0
GUT_C.US,60,20250618,170000,22.53,22.53,22.53,22.53,100,0
GUT_C.US,60,20250618,180000,22.57,22.58,22.54,22.58,1412,0
GUT_C.US,60,20250618,190000,22.55,22.655,22.53,22.6312,2988,0
GUT_C.US,60,20250618,210000,22.53,22.65,22.53,22.54,400,0
GUT_C.US,60,20250618,220000,22.54,22.6649,22.53,22.53,570,0
GUT_C.US,60,20250620,170000,22.56,22.6688,22.56,22.6688,205,0
GUT_C.US,60,20250620,190000,22.68,22.68,22.6,22.6,300,0
GUT_C.US,60,20250623,160000,22.48,22.48,22.46,22.48,1271,0
GUT_C.US,60,20250623,170000,22.6556,22.6556,22.6556,22.6556,2200,0
GUT_C.US,60,20250623,180000,22.49,22.49,22.49,22.49,100,0
GUT_C.US,60,20250623,220000,22.62,22.62,22.62,22.62,100,0
GUT_C.US,60,20250624,170000,22.7175,22.7175,22.7175,22.7175,100,0
GUT_C.US,60,20250624,210000,22.5,22.51,22.4,22.4,8923,0
GUT_C.US,60,20250624,220000,22.49,22.513,22.4,22.42,2262,0
GUT_C.US,60,20250625,170000,22.46,22.49,22.46,22.49,1313,0
GUT_C.US,60,20250625,180000,22.5634,22.5634,22.5634,22.5634,100,0
GUT_C.US,60,20250625,190000,22.49,22.49,22.49,22.49,100,0
GUT_C.US,60,20250626,170000,22.7499,22.75,22.7499,22.75,486,0
GUT_C.US,60,20250626,180000,22.46,22.54,22.46,22.46,1737,0
GUT_C.US,60,20250626,210000,22.45,22.45,22.45,22.45,100,0
GUT_C.US,60,20250626,220000,22.4,22.42,22.36,22.42,4525,0
GUT_C.US,60,20250627,160000,22.42,22.42,22.42,22.42,246,0
GUT_C.US,60,20250627,170000,22.4927,22.4927,22.4927,22.4927,200,0
GUT_C.US,60,20250627,190000,22.45,22.45,22.4,22.45,3181,0
GUT_C.US,60,20250627,210000,22.4,22.4093,22.4,22.4,1500,0
GUT_C.US,60,20250627,220000,22.4,22.4,22.4,22.4,136,0
GUT_C.US,60,20250630,170000,22.41,22.41,22.41,22.41,100,0
GUT_C.US,60,20250630,210000,22.45,22.45,22.45,22.45,400,0
GUT_C.US,60,20250630,220000,22.455,22.455,22.455,22.455,240,0
GUT_C.US,60,20250701,160000,22.45,22.45,22.45,22.45,100,0
GUT_C.US,60,20250701,170000,22.43,22.43,22.43,22.43,100,0
GUT_C.US,60,20250701,190000,22.45,22.45,22.4,22.4,2338,0
GUT_C.US,60,20250701,200000,22.43,22.43,22.43,22.43,300,0
GUT_C.US,60,20250701,210000,22.45,22.7,22.45,22.6971,3994,0
GUT_C.US,60,20250702,170000,22.57,22.6,22.57,22.6,598,0
GUT_C.US,60,20250702,200000,22.66,22.66,22.66,22.66,100,0
GUT_C.US,60,20250703,170000,22.5,22.74,22.49,22.73,635,0
GUT_C.US,60,20250703,190000,22.47,22.59,22.47,22.59,340,0
GUT_C.US,60,20250707,200000,22.6409,22.6409,22.6409,22.6409,500,0
GUT_C.US,60,20250708,160000,22.4501,22.4501,22.4501,22.4501,100,0
GUT_C.US,60,20250708,180000,22.7274,22.7274,22.7274,22.7274,100,0
GUT_C.US,60,20250708,200000,22.5001,22.5001,22.5001,22.5001,100,0
GUT_C.US,60,20250708,220000,22.52,22.52,22.52,22.52,100,0
GUT_C.US,60,20250709,180000,22.56,22.56,22.56,22.56,125,0
GUT_C.US,60,20250709,200000,22.5452,22.55,22.4,22.4875,4988,0
GUT_C.US,60,20250709,220000,22.58,22.58,22.58,22.58,100,0
GUT_C.US,60,20250710,180000,22.64,22.64,22.64,22.64,200,0
GUT_C.US,60,20250710,200000,22.71,22.71,22.71,22.71,100,0
GUT_C.US,60,20250710,210000,22.75,22.75,22.57,22.57,396,0
GUT_C.US,60,20250710,220000,22.66,22.71,22.66,22.71,1209,0
GUT_C.US,60,20250711,190000,22.7429,22.7429,22.7429,22.7429,1000,0
GUT_C.US,60,20250711,200000,22.6,22.6,22.6,22.6,600,0
GUT_C.US,60,20250714,160000,22.6013,22.6013,22.6013,22.6013,100,0
GUT_C.US,60,20250714,170000,22.6504,22.6504,22.6504,22.6504,219,0
GUT_C.US,60,20250714,190000,22.63,22.63,22.63,22.63,1000,0
GUT_C.US,60,20250715,160000,22.6164,22.64,22.6164,22.64,200,0
GUT_C.US,60,20250715,180000,22.6336,22.6336,22.6336,22.6336,126,0
GUT_C.US,60,20250715,190000,22.525,22.525,22.525,22.525,125,0
GUT_C.US,60,20250715,220000,22.52,22.52,22.52,22.52,100,0
GUT_C.US,60,20250716,160000,22.4,22.44,22.4,22.42,1400,0
GUT_C.US,60,20250716,170000,22.42,22.43,22.41,22.43,400,0
GUT_C.US,60,20250716,180000,22.37,22.37,22.3,22.3,1947,0
GUT_C.US,60,20250716,190000,22.36,22.36,22.36,22.36,100,0
GUT_C.US,60,20250716,200000,22.45,22.5399,22.31,22.42,3443,0
GUT_C.US,60,20250716,210000,22.43,22.43,22.3337,22.4,500,0
GUT_C.US,60,20250716,220000,22.475,22.5499,22.45,22.45,310,0
GUT_C.US,60,20250717,160000,22.48,22.49,22.45,22.45,541,0
GUT_C.US,60,20250717,180000,22.515,22.515,22.35,22.35,4870,0
GUT_C.US,60,20250717,210000,22.45,22.45,22.45,22.45,100,0
GUT_C.US,60,20250717,220000,22.35,22.3999,22.35,22.3999,300,0
GUT_C.US,60,20250718,180000,22.4192,22.4192,22.41,22.41,560,0
GUT_C.US,60,20250718,190000,22.41,22.42,22.41,22.42,300,0
GUT_C.US,60,20250718,200000,22.42,22.42,22.41,22.41,200,0
GUT_C.US,60,20250718,220000,22.42,22.42,22.42,22.42,100,0
GUT_C.US,60,20250721,170000,22.47,22.47,22.47,22.47,100,0
GUT_C.US,60,20250721,190000,22.51,22.51,22.5,22.51,355,0
GUT_C.US,60,20250721,210000,22.51,22.51,22.47,22.47,376,0
GUT_C.US,60,20250721,220000,22.4908,22.4908,22.4908,22.4908,1000,0
GUT_C.US,60,20250722,190000,22.47,22.47,22.42,22.44,351,0
GUT_C.US,60,20250723,220000,22.4045,22.44,22.4045,22.44,200,0
GUT_C.US,60,20250724,190000,22.393,22.393,22.393,22.393,245,0
GUT_C.US,60,20250724,200000,22.4238,22.4238,22.3,22.3501,4631,0
GUT_C.US,60,20250724,220000,22.4,22.4,22.4,22.4,450,0
GUT_C.US,60,20250725,160000,22.41,22.41,22.41,22.41,100,0
GUT_C.US,60,20250725,170000,22.3802,22.3802,22.3802,22.3802,500,0
GUT_C.US,60,20250725,190000,22.42,22.42,22.38,22.38,350,0
GUT_C.US,60,20250725,200000,22.37,22.38,22.3664,22.37,4304,0
GUT_C.US,60,20250725,210000,22.38,22.38,22.38,22.38,100,0
GUT_C.US,60,20250725,220000,22.42,22.44,22.42,22.44,400,0
GUT_C.US,60,20250728,160000,22.53,22.53,22.53,22.53,100,0
GUT_C.US,60,20250728,200000,22.5303,22.5303,22.5303,22.5303,200,0
GUT_C.US,60,20250729,210000,22.495,22.5449,22.495,22.5449,620,0
GUT_C.US,60,20250730,170000,22.45,22.45,22.45,22.45,574,0
GUT_C.US,60,20250730,180000,22.45,22.45,22.45,22.45,100,0
GUT_C.US,60,20250731,160000,22.35,22.35,22.35,22.35,300,0
GUT_C.US,60,20250731,180000,22.39,22.46,22.36,22.46,800,0
GUT_C.US,60,20250731,190000,22.4932,22.4932,22.4932,22.4932,730,0
GUT_C.US,60,20250731,220000,22.42,22.42,22.3,22.3,200,0
GUT_C.US,60,20250801,170000,22.44,22.44,22.44,22.44,400,0
GUT_C.US,60,20250801,180000,22.37,22.43,22.37,22.43,200,0
GUT_C.US,60,20250801,190000,22.4571,22.4571,22.4571,22.4571,400,0
GUT_C.US,60,20250801,210000,22.3713,22.41,22.35,22.35,1670,0
GUT_C.US,60,20250801,220000,22.42,22.42,22.42,22.42,100,0
GUT_C.US,60,20250804,160000,22.52,22.52,22.52,22.52,100,0
GUT_C.US,60,20250804,170000,22.4663,22.49,22.4663,22.49,400,0
GUT_C.US,60,20250804,180000,22.48,22.48,22.45,22.45,1500,0
GUT_C.US,60,20250804,190000,22.47,22.47,22.47,22.47,300,0
GUT_C.US,60,20250804,200000,22.48,22.5,22.48,22.5,595,0
GUT_C.US,60,20250804,220000,22.47,22.47,22.47,22.47,100,0
GUT_C.US,60,20250805,170000,22.48,22.48,22.48,22.48,200,0
GUT_C.US,60,20250805,180000,22.61,22.61,22.61,22.61,100,0
GUT_C.US,60,20250805,210000,22.6199,22.6199,22.6199,22.6199,200,0
GUT_C.US,60,20250805,220000,22.53,22.53,22.53,22.53,200,0
GUT_C.US,60,20250806,160000,22.53,22.59,22.53,22.59,200,0
GUT_C.US,60,20250806,170000,22.535,22.564,22.535,22.564,400,0
GUT_C.US,60,20250806,210000,22.43,22.49,22.42,22.49,1800,0
GUT_C.US,60,20250806,220000,22.51,22.51,22.51,22.51,100,0
GUT_C.US,60,20250807,170000,22.48,22.48,22.48,22.48,100,0
GUT_C.US,60,20250807,180000,22.48,22.515,22.48,22.515,200,0
GUT_C.US,60,20250807,200000,22.5235,22.5235,22.5235,22.5235,160,0
GUT_C.US,60,20250808,160000,22.485,22.485,22.485,22.485,1000,0
GUT_C.US,60,20250808,170000,22.475,22.475,22.475,22.475,150,0
GUT_C.US,60,20250808,180000,22.5,22.5,22.5,22.5,500,0
GUT_C.US,60,20250808,190000,22.47,22.47,22.47,22.47,340,0
GUT_C.US,60,20250808,210000,22.49,22.49,22.47,22.47,620,0
GUT_C.US,60,20250808,220000,22.49,22.49,22.49,22.49,120,0
GUT_C.US,60,20250811,180000,22.57,22.57,22.45,22.45,240,0
GUT_C.US,60,20250811,190000,22.45,22.45,22.45,22.45,100,0
GUT_C.US,60,20250811,200000,22.45,22.5599,22.43,22.5599,520,0
GUT_C.US,60,20250812,170000,22.5778,22.5778,22.56,22.56,200,0
GUT_C.US,60,20250812,190000,22.5,22.51,22.45,22.51,1095,0
GUT_C.US,60,20250812,210000,22.59,22.59,22.59,22.59,100,0
GUT_C.US,60,20250812,220000,22.525,22.525,22.525,22.525,100,0
GUT_C.US,60,20250813,160000,22.57,22.5999,22.54,22.54,400,0
GUT_C.US,60,20250813,170000,22.58,22.6,22.57,22.6,2600,0
GUT_C.US,60,20250813,190000,22.61,22.79,22.6,22.77,3935,0
GUT_C.US,60,20250813,200000,22.7,22.71,22.7,22.7,300,0
GUT_C.US,60,20250813,210000,22.77,22.77,22.77,22.77,100,0
GUT_C.US,60,20250813,220000,22.76,22.8,22.76,22.8,1505,0
GUT_C.US,60,20250814,180000,22.78,22.78,22.78,22.78,100,0
GUT_C.US,60,20250814,200000,22.725,22.725,22.725,22.725,100,0
GUT_C.US,60,20250814,210000,22.65,22.772997,22.6413,22.772997,747,0
GUT_C.US,60,20250814,220000,22.6725,22.73,22.54,22.73,4454,0
GUT_C.US,60,20250815,160000,22.56,22.56,22.54,22.56,400,0
GUT_C.US,60,20250815,170000,22.7292,22.7292,22.7292,22.7292,200,0
GUT_C.US,60,20250815,180000,22.7618,22.7618,22.7618,22.7618,100,0
GUT_C.US,60,20250815,210000,22.7347,22.7347,22.7347,22.7347,100,0
GUT_C.US,60,20250818,160000,22.66,22.66,22.66,22.66,600,0
GUT_C.US,60,20250818,170000,22.65,22.65,22.65,22.65,100,0
GUT_C.US,60,20250819,160000,22.7629,22.7629,22.7629,22.7629,100,0
GUT_C.US,60,20250819,170000,22.67,22.67,22.57,22.6376,900,0
GUT_C.US,60,20250819,190000,22.63,22.63,22.63,22.63,100,0
GUT_C.US,60,20250819,200000,22.63,22.63,22.63,22.63,500,0
GUT_C.US,60,20250819,210000,22.57,22.57,22.55,22.55,700,0
GUT_C.US,60,20250819,220000,22.6699,22.6699,22.6699,22.6699,100,0
GUT_C.US,60,20250820,170000,22.56,22.56,22.56,22.56,900,0
GUT_C.US,60,20250820,180000,22.49,22.5466,22.48,22.5466,858,0
GUT_C.US,60,20250820,200000,22.6,22.6,22.47,22.575,800,0
GUT_C.US,60,20250820,210000,22.57,22.57,22.57,22.57,100,0
GUT_C.US,60,20250820,220000,22.6,22.68,22.6,22.68,600,0
GUT_C.US,60,20250821,160000,22.68,22.68,22.68,22.68,200,0
GUT_C.US,60,20250821,180000,22.5,22.5,22.41,22.43,3107,0
GUT_C.US,60,20250821,190000,22.5,22.6522,22.5,22.58,620,0
GUT_C.US,60,20250821,220000,22.58,22.58,22.45,22.56,1300,0
GUT_C.US,60,20250822,170000,22.6,22.6,22.6,22.6,1000,0
GUT_C.US,60,20250822,180000,22.63,22.76,22.62,22.63,1416,0
GUT_C.US,60,20250822,190000,22.64,22.64,22.64,22.64,158,0
GUT_C.US,60,20250822,200000,22.69,22.69,22.69,22.69,100,0
GUT_C.US,60,20250822,220000,22.65,22.65,22.65,22.65,200,0
GUT_C.US,60,20250825,170000,22.65,22.65,22.5714,22.6,1500,0
GUT_C.US,60,20250825,180000,22.65,22.7099,22.65,22.66,750,0
GUT_C.US,60,20250825,190000,22.65,22.66,22.64,22.65,500,0
GUT_C.US,60,20250826,160000,22.6,22.6,22.6,22.6,300,0
GUT_C.US,60,20250826,170000,22.565,22.565,22.565,22.565,100,0
GUT_C.US,60,20250826,190000,22.6,22.62,22.6,22.62,540,0
GUT_C.US,60,20250826,200000,22.6561,22.6561,22.6561,22.6561,450,0
GUT_C.US,60,20250826,210000,22.6755,22.6755,22.6755,22.6755,200,0
GUT_C.US,60,20250827,170000,22.68,22.68,22.68,22.68,500,0
GUT_C.US,60,20250827,190000,22.665,22.7132,22.665,22.7132,600,0
GUT_C.US,60,20250827,200000,22.65,22.65,22.65,22.65,600,0
GUT_C.US,60,20250828,220000,22.665,22.7391,22.645,22.645,985,0
GUT_C.US,60,20250829,190000,22.6,22.6,22.6,22.6,100,0
GUT_C.US,60,20250829,200000,22.67,22.67,22.54,22.54,717,0
GUT_C.US,60,20250829,220000,22.58,22.62,22.58,22.62,220,0
GUT_C.US,60,20250902,190000,22.7799,22.7799,22.605,22.605,627,0
GUT_C.US,60,20250902,200000,22.4963,22.62,22.4963,22.6,1500,0
GUT_C.US,60,20250902,210000,22.63,22.65,22.63,22.65,200,0
GUT_C.US,60,20250902,220000,22.57,22.58,22.57,22.58,540,0
GUT_C.US,60,20250903,170000,22.5863,22.5863,22.5863,22.5863,303,0
GUT_C.US,60,20250903,180000,22.625,22.625,22.625,22.625,125,0
GUT_C.US,60,20250903,190000,22.6938,22.6938,22.6938,22.6938,100,0
GUT_C.US,60,20250903,200000,22.7,22.7,22.6008,22.6008,720,0
GUT_C.US,60,20250903,210000,22.6934,22.6934,22.6934,22.6934,100,0
GUT_C.US,60,20250903,220000,22.65,22.65,22.65,22.65,125,0
GUT_C.US,60,20250904,170000,22.645,22.645,22.645,22.645,200,0
GUT_C.US,60,20250904,200000,22.6002,22.655,22.55,22.655,700,0
GUT_C.US,60,20250904,220000,22.64,22.65,22.64,22.65,200,0
GUT_C.US,60,20250905,160000,22.6907,22.88,22.6907,22.88,2400,0
GUT_C.US,60,20250905,170000,22.76,22.76,22.75,22.75,200,0
GUT_C.US,60,20250905,190000,22.76,22.77,22.76,22.77,200,0
GUT_C.US,60,20250905,210000,22.8244,22.8244,22.8244,22.8244,1600,0
GUT_C.US,60,20250905,220000,22.85,22.85,22.75,22.76,2961,0
GUT_C.US,60,20250908,160000,22.86,23,22.86,23,6890,0
GUT_C.US,60,20250908,170000,23.1,23.1,23.09,23.0999,400,0
GUT_C.US,60,20250908,180000,23.04,23.04,23.04,23.04,100,0
GUT_C.US,60,20250908,190000,22.8398,22.965,22.8301,22.92,4200,0
GUT_C.US,60,20250908,210000,23.0717,23.0717,22.975,22.975,350,0
GUT_C.US,60,20250908,220000,22.97,22.97,22.97,22.97,424,0
GUT_C.US,60,20250909,160000,23.0499,23.0499,23.02,23.02,200,0
GUT_C.US,60,20250909,190000,22.8855,22.8855,22.881,22.881,2000,0
GUT_C.US,60,20250909,200000,22.9,22.95,22.89,22.95,500,0
GUT_C.US,60,20250909,210000,22.87,22.9154,22.87,22.9154,800,0
GUT_C.US,60,20250909,220000,23.0499,23.0499,22.84,22.96,1010,0
GUT_C.US,60,20250910,170000,23.12,23.12,23.12,23.12,100,0
GUT_C.US,60,20250910,190000,22.8433,22.8433,22.8433,22.8433,500,0
GUT_C.US,60,20250910,200000,22.98,22.98,22.98,22.98,100,0
GUT_C.US,60,20250910,210000,23.1355,23.1355,23.1355,23.1355,100,0
GUT_C.US,60,20250910,220000,23.1,23.1,23.06,23.06,200,0
GUT_C.US,60,20250911,170000,23.09,23.189,23.09,23.189,300,0
GUT_C.US,60,20250911,180000,23.15,23.15,23.15,23.15,200,0
GUT_C.US,60,20250911,190000,23.1,23.1,23.1,23.1,200,0
GUT_C.US,60,20250911,200000,23.09,23.1,23.09,23.1,400,0
GUT_C.US,60,20250911,210000,23.09,23.1348,23.09,23.1348,1075,0
GUT_C.US,60,20250911,220000,23.09,23.14,23.09,23.14,1430,0
GUT_C.US,60,20250912,160000,23.1399,23.3,23.1399,23.3,4703,0
GUT_C.US,60,20250912,170000,23.32,23.32,23.32,23.32,5319,0
GUT_C.US,60,20250912,200000,23.35,23.35,23.295,23.295,350,0
GUT_C.US,60,20250912,220000,23.4399,23.4399,23.15,23.16,800,0
GUT_C.US,60,20250915,160000,23.39,23.39,23.39,23.39,100,0
GUT_C.US,60,20250915,220000,23.2024,23.2024,23.18,23.18,300,0
GUT_C.US,60,20250916,160000,23.3,23.35,23.3,23.35,2134,0
GUT_C.US,60,20250916,170000,23.4299,23.4299,23.4299,23.4299,300,0
GUT_C.US,60,20250916,180000,23.3388,23.3388,23.3388,23.3388,100,0
GUT_C.US,60,20250916,190000,23.34,23.58,23.34,23.58,4950,0
GUT_C.US,60,20250916,200000,23.5384,23.5384,23.5384,23.5384,100,0
GUT_C.US,60,20250917,170000,23.38,23.38,23.38,23.38,400,0
GUT_C.US,60,20250917,180000,23.37,23.37,23.3,23.3,200,0
GUT_C.US,60,20250917,190000,23.31,23.5,23.3,23.47,5437,0
GUT_C.US,60,20250917,200000,23.47,23.56,23.47,23.56,1100,0
GUT_C.US,60,20250917,210000,23.51,23.51,23.5,23.5,413,0
GUT_C.US,60,20250917,220000,23.5,23.7252,23.5,23.7252,300,0
GUT_C.US,60,20250918,160000,23.6802,23.6802,23.6802,23.6802,100,0
GUT_C.US,60,20250918,170000,23.61,23.61,23.4583,23.4583,1133,0
GUT_C.US,60,20250918,180000,23.48,23.6725,23.36,23.6725,1900,0
GUT_C.US,60,20250918,190000,23.5549,23.5549,23.5549,23.5549,200,0
GUT_C.US,60,20250919,200000,23.6699,23.6699,23.1,23.27,400,0
GUT_C.US,60,20250919,220000,23.2784,23.2784,23.2784,23.2784,1000,0
GUT_C.US,60,20250922,170000,23.1101,23.21,23.1101,23.21,900,0
GUT_C.US,60,20250922,190000,23.2575,23.2575,23.2575,23.2575,200,0
GUT_C.US,60,20250922,200000,23.1849,23.1849,23.1849,23.1849,100,0
GUT_C.US,60,20250922,210000,23.27,23.27,23.08,23.14,3509,0
GUT_C.US,60,20250923,220000,23.13,23.17,23.06,23.06,350,0
GUT_C.US,60,20250924,170000,23.0539,23.0539,23.03,23.03,428,0
GUT_C.US,60,20250924,190000,22.97,22.9899,22.94,22.94,1017,0
GUT_C.US,60,20250924,200000,22.88,22.88,22.88,22.88,100,0
GUT_C.US,60,20250924,210000,22.93,22.93,22.93,22.93,775,0
GUT_C.US,60,20250924,220000,22.83,22.95,22.82,22.95,839,0
GUT_C.US,60,20250925,170000,23,23,23,23,100,0
GUT_C.US,60,20250925,180000,22.96,22.99,22.9139,22.9139,800,0
GUT_C.US,60,20250925,200000,22.98,22.98,22.98,22.98,100,0
GUT_C.US,60,20250925,210000,22.884,22.884,22.884,22.884,100,0
GUT_C.US,60,20250926,160000,22.7064,22.87,22.7064,22.87,480,0
GUT_C.US,60,20250926,170000,22.9648,22.9648,22.69,22.8576,4319,0
GUT_C.US,60,20250926,200000,22.87,22.87,22.87,22.87,100,0
GUT_C.US,60,20250929,190000,22.72,22.72,22.63,22.63,1294,0
GUT_C.US,60,20250929,210000,22.65,22.67,22.63,22.67,900,0
GUT_C.US,60,20250929,220000,22.79,22.79,22.79,22.79,100,0
GUT_C.US,60,20250930,170000,22.7684,22.7684,22.7684,22.7684,200,0
GUT_C.US,60,20250930,190000,22.8784,22.8784,22.8784,22.8784,959,0
GUT_C.US,60,20251001,170000,22.8,22.83,22.8,22.83,200,0
GUT_C.US,60,20251001,180000,22.84,22.84,22.795,22.795,646,0
GUT_C.US,60,20251001,200000,22.76,22.76,22.76,22.76,160,0
GUT_C.US,60,20251001,210000,22.78,22.92,22.78,22.9,5629,0
GUT_C.US,60,20251001,220000,22.92,22.92,22.92,22.92,100,0
GUT_C.US,60,20251002,160000,22.8875,22.8875,22.8875,22.8875,108,0
GUT_C.US,60,20251002,200000,22.89,22.89,22.89,22.89,200,0
GUT_C.US,60,20251002,210000,22.89,22.89,22.89,22.89,120,0
GUT_C.US,60,20251002,220000,22.89,22.89,22.81,22.81,300,0
GUT_C.US,60,20251003,160000,22.75,22.75,22.6101,22.6101,976,0
GUT_C.US,60,20251003,170000,22.69,22.69,22.69,22.69,100,0
GUT_C.US,60,20251003,220000,22.77,22.77,22.77,22.77,150,0
GUT_C.US,60,20251006,170000,22.7499,22.83,22.7499,22.83,250,0
GUT_C.US,60,20251006,180000,22.8,22.8,22.8,22.8,100,0
GUT_C.US,60,20251007,160000,22.75,22.75,22.6,22.75,3923,0
GUT_C.US,60,20251007,170000,22.85,22.85,22.75,22.75,400,0
GUT_C.US,60,20251007,210000,22.75,22.825,22.75,22.7878,1200,0
GUT_C.US,60,20251007,220000,22.75,22.75,22.75,22.75,100,0
GUT_C.US,60,20251008,200000,22.78,22.78,22.78,22.78,200,0
GUT_C.US,60,20251008,220000,22.8333,22.8333,22.56,22.72,2565,0
GUT_C.US,60,20251009,170000,22.6,22.7549,22.53,22.67,1531,0
GUT_C.US,60,20251009,190000,22.55,22.6047,22.42,22.4537,2600,0
GUT_C.US,60,20251009,200000,22.49,22.53,22.32,22.36,3739,0
GUT_C.US,60,20251009,210000,22.4,22.4,22.4,22.4,675,0
GUT_C.US,60,20251009,220000,22.44,22.68,22.44,22.56,527,0
GUT_C.US,60,20251010,160000,22.56,22.56,22.56,22.56,100,0
GUT_C.US,60,20251010,170000,22.44,22.44,22.42,22.42,800,0
GUT_C.US,60,20251010,180000,22.38,22.38,22.34,22.34,1382,0
GUT_C.US,60,20251010,220000,22.5,22.5,22.31,22.42,2300,0
GUT_C.US,60,20251013,160000,22.64,22.64,22.5,22.5,800,0
GUT_C.US,60,20251013,170000,22.45,22.4501,22.45,22.45,400,0
GUT_C.US,60,20251013,210000,22.45,22.4899,22.45,22.4899,1420,0
GUT_C.US,60,20251013,220000,22.4615,22.4615,22.4615,22.4615,1000,0
GUT_C.US,60,20251014,160000,22.49,22.49,22.486,22.486,200,0
GUT_C.US,60,20251014,170000,22.4984,22.4984,22.45,22.48,600,0
GUT_C.US,60,20251014,220000,22.5,22.5,22.5,22.5,200,0
GUT_C.US,60,20251015,160000,22.5,22.61,22.49,22.5102,2548,0
GUT_C.US,60,20251015,170000,22.53,22.6,22.53,22.6,500,0
GUT_C.US,60,20251015,180000,22.5935,22.5935,22.5935,22.5935,400,0
GUT_C.US,60,20251015,200000,22.5572,22.5572,22.5572,22.5572,500,0
GUT_C.US,60,20251015,210000,22.52,22.58,22.52,22.53,499,0
GUT_C.US,60,20251015,220000,22.58,22.61,22.58,22.61,200,0
GUT_C.US,60,20251016,160000,22.61,22.61,22.5,22.5,700,0
GUT_C.US,60,20251016,170000,22.58,22.6,22.58,22.6,200,0
GUT_C.US,60,20251016,200000,22.53,22.5301,22.52,22.52,700,0
GUT_C.US,60,20251016,210000,22.5,22.5,22.5,22.5,100,0
GUT_C.US,60,20251017,170000,22.6,22.6,22.6,22.6,100,0
GUT_C.US,60,20251017,190000,22.53,22.53,22.53,22.53,150,0
GUT_C.US,60,20251017,210000,22.6,22.6,22.53,22.53,200,0
GUT_C.US,60,20251017,220000,22.6,22.6,22.6,22.6,100,0
GUT_C.US,60,20251020,160000,22.6,22.65,22.6,22.65,812,0
GUT_C.US,60,20251020,170000,22.66,22.66,22.64,22.65,1449,0
GUT_C.US,60,20251020,200000,22.64,22.65,22.64,22.65,1566,0
GUT_C.US,60,20251020,210000,22.75,22.75,22.75,22.75,100,0
GUT_C.US,60,20251020,220000,22.7183,22.74,22.68,22.72,1115,0
GUT_C.US,60,20251021,170000,22.83,22.83,22.75,22.75,200,0
GUT_C.US,60,20251021,180000,22.77,22.8399,22.77,22.8399,1000,0
GUT_C.US,60,20251021,190000,22.7,22.79,22.7,22.79,300,0
GUT_C.US,60,20251021,200000,22.71,22.71,22.71,22.71,120,0
GUT_C.US,60,20251021,210000,22.7,22.73,22.7,22.7252,300,0
GUT_C.US,60,20251021,220000,22.78,22.78,22.78,22.78,200,0
GUT_C.US,60,20251022,180000,22.5759,22.66,22.5759,22.66,380,0
GUT_C.US,60,20251022,200000,22.645,22.645,22.645,22.645,100,0
GUT_C.US,60,20251022,220000,22.68,22.76,22.62,22.74,500,0
GUT_C.US,60,20251023,210000,22.7,22.7,22.7,22.7,100,0
GUT_C.US,60,20251023,220000,22.75,22.75,22.75,22.75,100,0
GUT_C.US,60,20251024,160000,22.81,22.82,22.81,22.81,1041,0
GUT_C.US,60,20251024,170000,22.81,22.84,22.81,22.81,2903,0
GUT_C.US,60,20251024,210000,22.6898,22.6898,22.6898,22.6898,300,0
GUT_C.US,60,20251024,220000,22.8,22.8,22.8,22.8,100,0
GUT_C.US,60,20251027,170000,22.88,22.88,22.88,22.88,100,0
GUT_C.US,60,20251027,190000,22.88,22.89,22.88,22.89,358,0
GUT_C.US,60,20251028,170000,22.765,22.765,22.7345,22.7345,200,0
GUT_C.US,60,20251028,180000,22.8,22.87,22.8,22.87,200,0
GUT_C.US,60,20251028,190000,22.8999,22.8999,22.8999,22.8999,100,0
GUT_C.US,60,20251028,210000,22.774,22.89,22.73,22.8101,1771,0
GUT_C.US,60,20251029,160000,22.7001,22.7001,22.7001,22.7001,100,0
GUT_C.US,60,20251029,210000,22.71,22.71,22.71,22.71,100,0
GUT_C.US,60,20251030,150000,22.69,22.69,22.69,22.69,300,0
GUT_C.US,60,20251030,160000,22.6314,22.89,22.55,22.55,3859,0
GUT_C.US,60,20251030,170000,22.56,22.56,22.56,22.56,100,0
GUT_C.US,60,20251030,180000,22.595,22.595,22.595,22.595,100,0
GUT_C.US,60,20251030,200000,22.59,22.59,22.59,22.59,100,0
GUT_C.US,60,20251030,210000,22.59,22.59,22.59,22.59,100,0
GUT_C.US,60,20251031,170000,22.66,22.66,22.66,22.66,100,0
GUT_C.US,60,20251031,200000,22.5,22.55,22.49,22.55,2278,0
GUT_C.US,60,20251031,210000,22.53,22.55,22.53,22.55,200,0
GUT_C.US,60,20251103,160000,22.64,22.64,22.64,22.64,100,0
GUT_C.US,60,20251103,170000,22.55,22.6,22.55,22.6,2300,0
GUT_C.US,60,20251103,190000,22.63,22.73,22.63,22.73,500,0
GUT_C.US,60,20251103,210000,22.6065,22.6065,22.6065,22.6065,100,0
GUT_C.US,60,20251103,220000,22.615,22.615,22.615,22.615,200,0
GUT_C.US,60,20251104,170000,22.62,22.62,22.62,22.62,100,0
GUT_C.US,60,20251104,180000,22.53,22.565,22.51,22.565,500,0
GUT_C.US,60,20251104,200000,22.51,22.62,22.51,22.62,400,0
GUT_C.US,60,20251104,210000,22.5,22.5,22.31,22.38,5900,0
GUT_C.US,60,20251104,220000,22.38,22.56,22.38,22.56,2496,0
GUT_C.US,60,20251105,160000,22.56,22.56,22.55,22.55,200,0
GUT_C.US,60,20251105,180000,22.3894,22.3894,22.3894,22.3894,362,0
GUT_C.US,60,20251105,190000,22.5159,22.5159,22.5159,22.5159,200,0
GUT_C.US,60,20251105,200000,22.5,22.5,22.5,22.5,200,0
GUT_C.US,60,20251105,220000,22.48,22.48,22.48,22.48,200,0
GUT_C.US,60,20251106,170000,22.63,22.64,22.44,22.48,3117,0
GUT_C.US,60,20251106,180000,22.515,22.515,22.515,22.515,100,0
GUT_C.US,60,20251106,210000,22.48,22.5,22.48,22.48,300,0
GUT_C.US,60,20251106,220000,22.54,22.54,22.4,22.4765,2500,0
GUT_C.US,60,20251107,160000,22.5,22.5,22.5,22.5,401,0
GUT_C.US,60,20251107,190000,22.49,22.54,22.49,22.54,300,0
GUT_C.US,60,20251107,210000,22.525,22.525,22.525,22.525,100,0
GUT_C.US,60,20251107,220000,22.54,22.54,22.5292,22.5292,552,0
GUT_C.US,60,20251110,200000,22.5709,22.5709,22.5709,22.5709,230,0
GUT_C.US,60,20251111,220000,22.68,22.69,22.5,22.6,6801,0
GUT_C.US,60,20251112,160000,22.5,22.62,22.5,22.62,300,0
GUT_C.US,60,20251112,170000,22.67,22.67,22.54,22.64,400,0
GUT_C.US,60,20251112,180000,22.55,22.61,22.55,22.55,600,0
GUT_C.US,60,20251112,190000,22.565,22.61,22.55,22.5875,1347,0
GUT_C.US,60,20251112,200000,22.55,22.55,22.55,22.55,100,0
GUT_C.US,60,20251112,210000,22.52,22.52,22.52,22.52,100,0
GUT_C.US,60,20251113,160000,22.52,22.52,22.52,22.52,800,0
GUT_C.US,60,20251113,210000,22.3401,22.38,22.3401,22.38,700,0
GUT_C.US,60,20251113,220000,22.41,22.43,22.36,22.43,833,0
GUT_C.US,60,20251114,170000,22.43,22.43,22.34,22.34,346,0
GUT_C.US,60,20251114,180000,22.45,22.45,22.425,22.425,622,0
GUT_C.US,60,20251114,190000,22.42,22.42,22.41,22.41,600,0
GUT_C.US,60,20251117,170000,22.41,22.41,22.35,22.36,400,0
GUT_C.US,60,20251117,180000,22.3995,22.4078,22.3995,22.4078,2100,0
GUT_C.US,60,20251117,190000,22.39,22.39,22.39,22.39,150,0
GUT_C.US,60,20251117,220000,22.3,22.36,22.29,22.36,600,0
GUT_C.US,60,20251118,160000,22.29,22.34,22.29,22.33,3900,0
GUT_C.US,60,20251118,170000,22.35,22.36,22.35,22.36,547,0
GUT_C.US,60,20251118,190000,22.423,22.43,22.423,22.43,291,0
GUT_C.US,60,20251118,200000,22.37,22.53,22.36,22.38,1505,0
GUT_C.US,60,20251118,210000,22.4095,22.4095,22.35,22.35,1100,0
GUT_C.US,60,20251118,220000,22.36,22.36,22.36,22.36,1000,0
GUT_C.US,60,20251119,160000,22.35,22.402,22.35,22.402,603,0
GUT_C.US,60,20251119,170000,22.37,22.37,22.37,22.37,100,0
GUT_C.US,60,20251119,190000,22.4254,22.4254,22.4254,22.4254,100,0
GUT_C.US,60,20251119,220000,22.36,22.405,22.36,22.405,680,0
GUT_C.US,60,20251120,170000,22.38,22.4,22.36,22.36,1097,0
GUT_C.US,60,20251120,180000,22.38,22.38,22.36,22.36,1200,0
GUT_C.US,60,20251120,190000,22.2501,22.27,22.23,22.23,900,0
GUT_C.US,60,20251120,200000,22.2201,22.24,22.2201,22.24,600,0
GUT_C.US,60,20251120,210000,22.2399,22.24,22.21,22.24,1947,0
GUT_C.US,60,20251120,220000,22.3,22.31,22.2,22.2,907,0
GUT_C.US,60,20251121,160000,22.27,22.36,22.27,22.36,400,0
GUT_C.US,60,20251121,180000,22.28,22.4,22.22,22.22,600,0
GUT_C.US,60,20251121,190000,22.3,22.3,22.29,22.29,200,0
GUT_C.US,60,20251121,210000,22.413,22.413,22.413,22.413,100,0
GUT_C.US,60,20251124,160000,22.46,22.46,22.46,22.46,100,0
GUT_C.US,60,20251124,170000,22.46,22.5463,22.39,22.39,400,0
GUT_C.US,60,20251124,180000,22.46,22.46,22.38,22.38,200,0
GUT_C.US,60,20251124,190000,22.42,22.42,22.3901,22.3901,646,0
GUT_C.US,60,20251124,200000,22.4,22.4,22.39,22.4,800,0
GUT_C.US,60,20251124,220000,22.4,22.45,22.4,22.45,200,0
GUT_C.US,60,20251125,180000,22.64,22.64,22.64,22.64,400,0
GUT_C.US,60,20251125,210000,22.53,22.53,22.53,22.53,250,0
GUT_C.US,60,20251125,220000,22.64,22.64,22.64,22.64,437,0
GUT_C.US,60,20251126,160000,22.25,22.42,22.2,22.42,9700,0
GUT_C.US,60,20251126,170000,22.41,22.42,22.41,22.42,500,0
GUT_C.US,60,20251126,190000,22.45,22.45,22.45,22.45,446,0
GUT_C.US,60,20251126,200000,22.46,22.46,22.46,22.46,100,0
GUT_C.US,60,20251126,220000,22.45,22.46,22.45,22.46,200,0
GUT_C.US,60,20251201,170000,22.38,22.55,22.32,22.47,944,0
GUT_C.US,60,20251201,220000,22.405,22.43,22.405,22.43,650,0
GUT_C.US,60,20251202,170000,22.45,22.4999,22.45,22.4999,500,0
GUT_C.US,60,20251202,190000,22.4767,22.4767,22.4767,22.4767,1000,0
GUT_C.US,60,20251202,210000,22.33,22.36,22.2,22.36,1400,0
GUT_C.US,60,20251202,220000,22.34,22.43,22.34,22.43,200,0
GUT_C.US,60,20251203,160000,22.22,22.26,22.22,22.26,600,0
GUT_C.US,60,20251203,170000,22.3,22.3,22.3,22.3,100,0
GUT_C.US,60,20251203,180000,22.31,22.31,22.31,22.31,100,0
GUT_C.US,60,20251203,190000,22.38,22.38,22.3,22.3,500,0
GUT_C.US,60,20251203,200000,22.37,22.37,22.3,22.3,300,0
GUT_C.US,60,20251203,210000,22.33,22.37,22.33,22.37,805,0
GUT_C.US,60,20251204,180000,22.31,22.31,22.31,22.31,100,0
GUT_C.US,60,20251204,190000,22.33,22.34,22.3,22.3,532,0
GUT_C.US,60,20251204,220000,22.3,22.31,22.3,22.3,700,0
GUT_C.US,60,20251205,160000,22.459,22.459,22.4514,22.4514,594,0
GUT_C.US,60,20251205,170000,22.425,22.425,22.425,22.425,700,0
GUT_C.US,60,20251205,180000,22.41,22.41,22.41,22.41,100,0
GUT_C.US,60,20251205,200000,22.3,22.319,22.27,22.319,1010,0
GUT_C.US,60,20251205,210000,22.3068,22.3068,22.27,22.27,1127,0
GUT_C.US,60,20251205,220000,22.23,22.33,22.22,22.33,1575,0
GUT_C.US,60,20251208,190000,22.3282,22.3282,22.3012,22.3012,4000,0
GUT_C.US,60,20251208,210000,22.36,22.36,22.21,22.285,615,0
GUT_C.US,60,20251208,220000,22.22,22.24,22.16,22.17,1881,0
GUT_C.US,60,20251209,170000,22.18,22.356,22.18,22.2865,2273,0
GUT_C.US,60,20251209,180000,22.285,22.285,22.285,22.285,600,0
GUT_C.US,60,20251209,190000,22.27,22.27,22.22,22.22,6469,0
GUT_C.US,60,20251209,200000,22.22,22.22,22.22,22.22,371,0
GUT_C.US,60,20251209,210000,22.2412,22.25,22.11,22.1501,6624,0
GUT_C.US,60,20251209,220000,22.18,22.18,22.11,22.17,737,0
GUT_C.US,60,20251210,160000,22.17,22.25,22.17,22.25,200,0
GUT_C.US,60,20251210,170000,22.25,22.25,22.25,22.25,400,0
GUT_C.US,60,20251210,190000,22.2252,22.2252,22.2252,22.2252,1000,0
GUT_C.US,60,20251210,200000,22.26,22.26,22.23,22.23,320,0
GUT_C.US,60,20251210,210000,22.25,22.25,22.25,22.25,100,0
GUT_C.US,60,20251211,170000,22.3,22.3,22.3,22.3,100,0
GUT_C.US,60,20251211,190000,22.2279,22.2279,22.2279,22.2279,700,0
GUT_C.US,60,20251211,210000,22.21,22.2749,22.21,22.2749,500,0
GUT_C.US,60,20251211,220000,22.202,22.202,22.202,22.202,375,0
GUT_C.US,60,20251212,180000,22.15,22.15,22.15,22.15,800,0
GUT_C.US,60,20251212,190000,22.15,22.2417,22.15,22.2417,4218,0
GUT_C.US,60,20251212,200000,22.21,22.21,22.21,22.21,277,0
GUT_C.US,60,20251212,210000,22.23,22.245,22.23,22.245,1105,0
GUT_C.US,60,20251212,220000,22.23,22.23,22.1101,22.21,10743,0
GUT_C.US,60,20251215,160000,22.3,22.306,22.3,22.306,400,0
GUT_C.US,60,20251215,170000,22.17,22.3,22.17,22.3,435,0
GUT_C.US,60,20251215,180000,22.34,22.34,22.34,22.34,700,0
GUT_C.US,60,20251215,190000,22.4442,22.4442,22.4442,22.4442,438,0
GUT_C.US,60,20251215,210000,22.28,22.28,22.28,22.28,300,0
GUT_C.US,60,20251215,220000,22.25,22.31,22.25,22.31,200,0
GUT_C.US,60,20251216,160000,22.28,22.28,22.28,22.28,140,0
GUT_C.US,60,20251216,170000,22.2603,22.31,22.22,22.25,2746,0
GUT_C.US,60,20251216,180000,22.32,22.32,22.25,22.2928,1860,0
GUT_C.US,60,20251216,190000,22.25,22.25,22.25,22.25,100,0
GUT_C.US,60,20251216,200000,22.35,22.35,22.35,22.35,200,0
GUT_C.US,60,20251216,210000,22.35,22.4038,22.3,22.32,1150,0
GUT_C.US,60,20251216,220000,22.32,22.38,22.32,22.35,1411,0
GUT_C.US,60,20251217,160000,22.35,22.35,22.2,22.34,2493,0
GUT_C.US,60,20251217,170000,22.24,22.35,22.24,22.35,500,0
GUT_C.US,60,20251217,180000,22.23,22.31,22.23,22.31,200,0
GUT_C.US,60,20251218,160000,22.15,22.15,22.1,22.1,369,0
GUT_C.US,60,20251218,170000,22.11,22.11,22.06,22.11,1031,0
GUT_C.US,60,20251218,180000,22.19,22.19,22.11,22.11,300,0
GUT_C.US,60,20251218,190000,22.19,22.19,22.18,22.18,300,0
GUT_C.US,60,20251218,200000,22.13,22.13,22.13,22.13,100,0
GUT_C.US,60,20251219,160000,22.11,22.11,22.11,22.11,200,0
GUT_C.US,60,20251219,170000,22.11,22.15,22.11,22.15,1209,0
GUT_C.US,60,20251219,180000,22.16,22.16,22.16,22.16,100,0
GUT_C.US,60,20251219,190000,22.14,22.14,22.1301,22.1301,409,0
GUT_C.US,60,20251219,200000,22.13,22.145,22.11,22.11,994,0
GUT_C.US,60,20251219,210000,22.155,22.2,22.155,22.2,4406,0
GUT_C.US,60,20251219,220000,22.15,22.15,22.15,22.15,400,0
GUT_C.US,60,20251222,160000,22.11,22.11,22.11,22.11,200,0
GUT_C.US,60,20251222,170000,22.11,22.1101,22.11,22.1101,840,0
GUT_C.US,60,20251222,180000,22.11,22.11,22.11,22.11,1153,0
GUT_C.US,60,20251222,190000,22.1036,22.1036,22.1036,22.1036,100,0
GUT_C.US,60,20251222,200000,22.09,22.09,22.01,22.01,3179,0
GUT_C.US,60,20251222,210000,22,22.01,21.995,22,1300,0
GUT_C.US,60,20251222,220000,22.06,22.085,22.06,22.085,800,0
GUT_C.US,60,20251223,170000,22.08,22.08,22.08,22.08,600,0
GUT_C.US,60,20251223,180000,22.1436,22.1436,22.1436,22.1436,500,0
GUT_C.US,60,20251223,190000,22.0801,22.145,22.08,22.145,1050,0
GUT_C.US,60,20251223,210000,22.16,22.16,22.16,22.16,1000,0
GUT_C.US,60,20251223,220000,22.129,22.15,22.08,22.12,5607,0
GUT_C.US,60,20251224,160000,22.06,22.06,22.03,22.03,236,0
GUT_C.US,60,20251224,170000,22.17,22.17,22.17,22.17,100,0
GUT_C.US,60,20251224,190000,22.1913,22.1913,22.17,22.17,550,0
GUT_C.US,60,20251226,160000,22.1245,22.1245,22.0201,22.0201,257,0
GUT_C.US,60,20251226,190000,22.13,22.13,22.13,22.13,10500,0
GUT_C.US,60,20251226,200000,22.1,22.2,22.1,22.15,1978,0
GUT_C.US,60,20251226,220000,22.17,22.17,22.17,22.17,181,0
