<TICKER>,<PER>,<DATE>,<TIME>,<OPEN>,<HIGH>,<LOW>,<CLOSE>,<VOL>,<OPENINT>
JFLI.US,60,20250214,160000,49.68,49.69,49.63,49.64,400,0
JFLI.US,60,20250214,170000,49.67,49.95,49.6601,49.8,5150,0
JFLI.US,60,20250214,180000,49.78,50.35,49.7101,50.33,35529,0
JFLI.US,60,20250214,190000,49.83,49.83,49.32,49.491,38935,0
JFLI.US,60,20250214,200000,49.5,49.5,49.5,49.5,1125,0
JFLI.US,60,20250214,210000,49.5,49.5,49.5,49.5,510,0
JFLI.US,60,20250214,220000,49.5,49.96,49.5,49.5299,2450,0
JFLI.US,60,20250218,160000,49.7501,49.79,49.5501,49.5801,8277,0
JFLI.US,60,20250218,170000,49.59,50.02,49.58,49.688,5007,0
JFLI.US,60,20250218,180000,49.67,49.6825,49.67,49.675,950,0
JFLI.US,60,20250218,190000,49.68,49.86,49.68,49.7,1421,0
JFLI.US,60,20250218,200000,49.7,49.7,49.6501,49.6897,709,0
JFLI.US,60,20250218,210000,49.66,49.85,49.66,49.7199,3242,0
JFLI.US,60,20250218,220000,49.71,49.91,49.6824,49.705,4100,0
JFLI.US,60,20250219,160000,49.71,49.71,49.6,49.6099,5763,0
JFLI.US,60,20250219,170000,49.61,49.61,49.605,49.6099,3022,0
JFLI.US,60,20250219,180000,49.63,49.83,49.63,49.79,1300,0
JFLI.US,60,20250219,190000,49.6699,49.67,49.6001,49.6001,1860,0
JFLI.US,60,20250219,200000,49.63,49.71,49.63,49.655,800,0
JFLI.US,60,20250219,210000,49.7001,49.885,49.7001,49.785,1360,0
JFLI.US,60,20250219,220000,49.78,49.78,49.7701,49.7701,200,0
JFLI.US,60,20250220,160000,49.73,49.73,49.7015,49.71,1000,0
JFLI.US,60,20250220,170000,49.705,49.72,49.705,49.7101,1557,0
JFLI.US,60,20250220,180000,49.72,49.72,49.7101,49.7191,596,0
JFLI.US,60,20250220,190000,49.71,49.7193,49.71,49.7193,400,0
JFLI.US,60,20250220,200000,49.71,49.7191,49.71,49.71,471,0
JFLI.US,60,20250220,210000,49.72,49.7286,49.72,49.7286,400,0
JFLI.US,60,20250220,220000,49.745,49.76,49.7301,49.7301,1280,0
JFLI.US,60,20250221,160000,49.76,49.78,49.7437,49.7774,2124,0
JFLI.US,60,20250221,170000,49.78,49.8,49.75,49.75,700,0
JFLI.US,60,20250221,180000,49.74,49.74,49.7101,49.7399,1952,0
JFLI.US,60,20250221,190000,49.73,49.73,49.66,49.66,2050,0
JFLI.US,60,20250221,200000,49.6597,49.6597,49.555,49.5565,3326,0
JFLI.US,60,20250221,210000,49.5598,49.56,49.459,49.459,1100,0
JFLI.US,60,20250221,220000,49.4,49.54,49.4,49.46,3600,0
JFLI.US,60,20250224,160000,49.51,49.51,49.465,49.465,2287,0
JFLI.US,60,20250224,170000,49.4,49.4,49.22,49.29,4646,0
JFLI.US,60,20250224,180000,49.32,49.35,49.32,49.332,1701,0
JFLI.US,60,20250224,190000,49.3201,49.49,49.3201,49.441,986,0
JFLI.US,60,20250224,200000,49.45,49.5,49.45,49.46,900,0
JFLI.US,60,20250224,210000,49.45,49.45,49.37,49.38,2208,0
JFLI.US,60,20250224,220000,49.39,49.46,49.29,49.3,7377,0
JFLI.US,60,20250225,160000,49.31,49.383,49.3004,49.36,2217,0
JFLI.US,60,20250225,170000,49.31,49.31,49.11,49.1977,6198,0
JFLI.US,60,20250225,180000,49.195,49.195,49.0219,49.0835,3049,0
JFLI.US,60,20250225,190000,49.16,49.2006,49.15,49.16,1000,0
JFLI.US,60,20250225,200000,49.1901,49.1901,49.16,49.16,200,0
JFLI.US,60,20250225,220000,49.33,49.4299,49.2128,49.2128,3903,0
JFLI.US,60,20250226,160000,49.25,49.3043,49.25,49.3043,450,0
JFLI.US,60,20250226,170000,49.365,49.46,49.365,49.46,900,0
JFLI.US,60,20250226,180000,49.475,49.475,49.46,49.46,554,0
JFLI.US,60,20250226,190000,49.52,49.52,49.45,49.45,901,0
JFLI.US,60,20250226,200000,49.353,49.38,49.31,49.31,1201,0
JFLI.US,60,20250226,210000,49.26,49.28,49.26,49.28,1177,0
JFLI.US,60,20250226,220000,49.29,49.29,49.2899,49.29,564,0
JFLI.US,60,20250227,160000,49.37,49.37,49.1,49.1,6658,0
JFLI.US,60,20250227,170000,49.11,49.21,49.11,49.1392,800,0
JFLI.US,60,20250227,180000,49.2,49.34,49.15,49.16,5054,0
JFLI.US,60,20250227,190000,49.15,49.16,49.105,49.16,1100,0
JFLI.US,60,20250227,200000,49.17,49.17,49.17,49.17,203,0
JFLI.US,60,20250227,210000,49.17,49.1701,49.01,49.01,4322,0
JFLI.US,60,20250227,220000,49.005,49.01,48.7523,48.79,4137,0
JFLI.US,60,20250228,160000,49,49,48.68,48.7944,1350,0
JFLI.US,60,20250228,170000,48.8181,48.9393,48.8001,48.8729,4395,0
JFLI.US,60,20250228,180000,48.8601,48.875,48.85,48.85,313,0
JFLI.US,60,20250228,190000,48.8755,48.8756,48.75,48.79,4341,0
JFLI.US,60,20250228,200000,48.71,48.71,48.66,48.67,1011,0
JFLI.US,60,20250228,210000,48.7595,48.7595,48.7595,48.7595,122,0
JFLI.US,60,20250228,220000,48.88,49.2211,48.88,49.2211,1494,0
JFLI.US,60,20250303,160000,49.37,49.37,49.33,49.33,398,0
JFLI.US,60,20250303,170000,49.201,49.45,49.2,49.45,1700,0
JFLI.US,60,20250303,180000,49.3,49.4,49.28,49.4,750,0
JFLI.US,60,20250303,190000,49.24,49.245,49.24,49.245,900,0
JFLI.US,60,20250303,200000,49.245,49.245,48.9296,48.9296,1634,0
JFLI.US,60,20250303,210000,49,49.02,48.89,48.89,1075,0
JFLI.US,60,20250303,220000,48.7006,48.73,48.7006,48.7295,1003,0
JFLI.US,60,20250304,160000,48.5,48.5,48.4501,48.4501,200,0
JFLI.US,60,20250304,170000,48.31,48.31,48.19,48.19,800,0
JFLI.US,60,20250304,180000,48.225,48.34,48.225,48.34,208,0
JFLI.US,60,20250304,200000,48.535,48.555,48.3922,48.555,2250,0
JFLI.US,60,20250304,210000,48.64,48.7205,48.64,48.7205,1150,0
JFLI.US,60,20250304,220000,48.81,48.81,48.364,48.364,646,0
JFLI.US,60,20250305,160000,48.65,48.65,48.65,48.65,327,0
JFLI.US,60,20250305,170000,48.58,48.58,48.5099,48.5099,500,0
JFLI.US,60,20250305,180000,48.5019,48.5019,48.3001,48.33,2769,0
JFLI.US,60,20250305,190000,48.5397,48.5801,48.5397,48.5801,203,0
JFLI.US,60,20250305,200000,48.76,48.76,48.66,48.66,601,0
JFLI.US,60,20250305,210000,48.855,48.87,48.8301,48.87,2944,0
JFLI.US,60,20250305,220000,48.9299,48.93,48.775,48.9,1702,0
JFLI.US,60,20250306,160000,48.5,48.66,48.315,48.4491,7705,0
JFLI.US,60,20250306,170000,48.3501,48.67,48.3501,48.63,5288,0
JFLI.US,60,20250306,180000,48.63,48.65,48.4001,48.44,7092,0
JFLI.US,60,20250306,190000,48.44,48.44,48.34,48.39,4853,0
JFLI.US,60,20250306,200000,48.37,48.41,48.28,48.28,4020,0
JFLI.US,60,20250306,210000,48.23,48.4399,48.23,48.4399,1075,0
JFLI.US,60,20250306,220000,48.32,48.4,48.29,48.33,1175,0
JFLI.US,60,20250307,160000,48.465,48.465,48.465,48.465,1496,0
JFLI.US,60,20250307,170000,48.48,48.49,48.36,48.36,2183,0
JFLI.US,60,20250307,180000,48.26,48.26,48.14,48.14,2282,0
JFLI.US,60,20250307,190000,48.26,48.44,48.1219,48.35,1553,0
JFLI.US,60,20250307,200000,48.45,48.51,48.321,48.5,1985,0
JFLI.US,60,20250307,210000,48.65,48.66,48.52,48.6,1054,0
JFLI.US,60,20250307,220000,48.53,48.62,48.53,48.54,502,0
JFLI.US,60,20250310,150000,48.15,48.3,48.07,48.19,4229,0
JFLI.US,60,20250310,160000,48.12,48.125,48.04,48.04,5140,0
JFLI.US,60,20250310,170000,48.05,48.05,48.05,48.05,100,0
JFLI.US,60,20250310,180000,48.0013,48.04,48,48,3059,0
JFLI.US,60,20250310,190000,47.9,47.9199,47.83,47.83,2086,0
JFLI.US,60,20250310,200000,47.81,47.81,47.63,47.63,1083,0
JFLI.US,60,20250310,210000,47.64,47.81,47.56,47.81,4806,0
JFLI.US,60,20250311,150000,47.768,47.85,47.768,47.85,682,0
JFLI.US,60,20250311,160000,47.59,47.59,47.59,47.59,148,0
JFLI.US,60,20250311,170000,47.56,47.56,47.56,47.56,100,0
JFLI.US,60,20250311,180000,47.5,47.5,47.5,47.5,100,0
JFLI.US,60,20250311,190000,47.36,47.36,47.3,47.34,1139,0
JFLI.US,60,20250311,200000,47.55,47.59,47.55,47.59,599,0
JFLI.US,60,20250312,150000,47.755,47.755,47.59,47.59,400,0
JFLI.US,60,20250312,160000,47.65,47.69,47.65,47.69,300,0
JFLI.US,60,20250312,170000,47.55,47.5515,47.44,47.5515,422,0
JFLI.US,60,20250312,180000,47.69,47.69,47.69,47.69,100,0
JFLI.US,60,20250312,190000,47.7171,47.7171,47.68,47.68,624,0
JFLI.US,60,20250313,150000,47.52,47.61,47.5199,47.52,7701,0
JFLI.US,60,20250313,160000,47.44,47.5288,47.4306,47.4307,5091,0
JFLI.US,60,20250313,170000,47.4301,47.432,47.43,47.43,598,0
JFLI.US,60,20250313,180000,47.27,47.27,47.27,47.27,200,0
JFLI.US,60,20250313,190000,47.21,47.22,47.21,47.22,472,0
JFLI.US,60,20250313,210000,47.1775,47.21,47.15,47.1517,1400,0
JFLI.US,60,20250314,150000,47.47,47.61,47.47,47.61,1144,0
JFLI.US,60,20250314,160000,47.6,47.6,47.44,47.57,3419,0
JFLI.US,60,20250314,170000,47.6294,47.6294,47.613,47.613,217,0
JFLI.US,60,20250314,190000,47.75,47.76,47.75,47.76,300,0
JFLI.US,60,20250314,200000,47.74,47.76,47.7399,47.76,574,0
JFLI.US,60,20250314,210000,47.79,47.89,47.75,47.75,1853,0
JFLI.US,60,20250317,150000,48.05,48.13,48.0499,48.0499,1346,0
JFLI.US,60,20250317,160000,48.007,48.05,48,48.05,300,0
JFLI.US,60,20250317,170000,47.999,48.01,47.9801,48.01,1346,0
JFLI.US,60,20250317,180000,48.05,48.05,48.0401,48.0401,800,0
JFLI.US,60,20250317,190000,48.07,48.07,48.07,48.07,100,0
JFLI.US,60,20250318,150000,48,48,47.885,47.885,1100,0
JFLI.US,60,20250318,160000,47.8799,47.94,47.8307,47.8307,862,0
JFLI.US,60,20250318,170000,47.7737,47.8385,47.77,47.77,461,0
JFLI.US,60,20250318,180000,47.8461,47.8461,47.8461,47.8461,105,0
JFLI.US,60,20250318,190000,47.8898,47.893,47.8694,47.893,405,0
JFLI.US,60,20250318,210000,47.94,47.94,47.94,47.94,302,0
JFLI.US,60,20250319,150000,47.83,47.83,47.83,47.83,375,0
JFLI.US,60,20250319,160000,47.99,47.99,47.99,47.99,100,0
JFLI.US,60,20250319,170000,47.97,47.9786,47.9151,47.9786,1698,0
JFLI.US,60,20250319,180000,48.06,48.06,48.06,48.06,100,0
JFLI.US,60,20250319,190000,48.01,48.01,48.0001,48.0001,518,0
JFLI.US,60,20250319,200000,48.1303,48.1303,48.1303,48.1303,200,0
JFLI.US,60,20250320,150000,48.11,48.13,48.11,48.11,920,0
JFLI.US,60,20250320,160000,48.27,48.33,48.27,48.31,432,0
JFLI.US,60,20250320,170000,48.31,48.31,48.21,48.2499,850,0
JFLI.US,60,20250320,180000,48.19,48.19,48.15,48.15,430,0
JFLI.US,60,20250320,190000,48.1011,48.1011,48.1011,48.1011,379,0
JFLI.US,60,20250320,200000,48.1,48.1,48.1,48.1,100,0
JFLI.US,60,20250320,210000,48.1,48.1,48.0999,48.0999,206,0
JFLI.US,60,20250321,150000,48.1,48.1,48.1,48.1,100,0
JFLI.US,60,20250321,160000,47.8499,47.85,47.8337,47.8337,425,0
JFLI.US,60,20250321,190000,48,48.19,47.92,48.18,1906,0
JFLI.US,60,20250321,200000,48,48,47.9999,47.9999,400,0
JFLI.US,60,20250321,210000,47.96,48,47.94,48,590,0
JFLI.US,60,20250324,150000,48.39,48.39,48.3899,48.3899,200,0
JFLI.US,60,20250324,170000,48.3801,48.3935,48.3801,48.3935,729,0
JFLI.US,60,20250324,180000,48.39,48.39,48.37,48.37,1200,0
JFLI.US,60,20250324,200000,48.4068,48.4068,48.4068,48.4068,100,0
JFLI.US,60,20250324,210000,48.3851,48.49,48.3851,48.49,220,0
JFLI.US,60,20250325,160000,48.525,48.63,48.52,48.63,746,0
JFLI.US,60,20250325,170000,48.6147,48.62,48.61,48.61,450,0
JFLI.US,60,20250325,180000,48.61,48.61,48.61,48.61,302,0
JFLI.US,60,20250325,200000,48.605,48.605,48.6,48.6,200,0
JFLI.US,60,20250326,150000,48.51,48.51,48.38,48.38,377,0
JFLI.US,60,20250326,160000,48.47,48.47,48.4699,48.4699,400,0
JFLI.US,60,20250326,180000,48.2449,48.25,48.24,48.25,425,0
JFLI.US,60,20250326,190000,48.0878,48.0878,48.0878,48.0878,100,0
JFLI.US,60,20250326,200000,48.13,48.13,48.13,48.13,200,0
JFLI.US,60,20250326,210000,48.13,48.23,48.084,48.2,1400,0
JFLI.US,60,20250327,170000,48.23,48.23,48.18,48.1999,1460,0
JFLI.US,60,20250327,180000,48.15,48.15,48.15,48.15,100,0
JFLI.US,60,20250327,190000,48.09,48.09,48.09,48.09,100,0
JFLI.US,60,20250327,200000,48.1,48.1,48.1,48.1,250,0
JFLI.US,60,20250327,210000,48.12,48.12,48.12,48.12,400,0
JFLI.US,60,20250328,150000,48.0001,48.0001,48.0001,48.0001,500,0
JFLI.US,60,20250328,160000,48,48,47.675,47.72,1361,0
JFLI.US,60,20250328,170000,47.69,47.72,47.58,47.58,3039,0
JFLI.US,60,20250328,180000,47.61,47.61,47.6099,47.6099,400,0
JFLI.US,60,20250328,190000,47.605,47.61,47.605,47.61,1598,0
JFLI.US,60,20250328,200000,47.61,47.62,47.605,47.62,500,0
JFLI.US,60,20250328,210000,47.63,47.63,47.61,47.61,1500,0
JFLI.US,60,20250331,160000,47.25,47.25,47.2,47.2,703,0
JFLI.US,60,20250331,170000,47.2127,47.2127,47.2097,47.2097,634,0
JFLI.US,60,20250331,180000,47.32,47.32,47.32,47.32,116,0
JFLI.US,60,20250331,190000,47.32,47.32,47.32,47.32,116,0
JFLI.US,60,20250331,220000,47.49,47.57,47.49,47.57,600,0
JFLI.US,60,20250401,160000,47.5,47.5,47.5,47.5,100,0
JFLI.US,60,20250401,170000,47.46,47.46,47.31,47.31,200,0
JFLI.US,60,20250401,180000,47.74,47.795,47.74,47.795,722,0
JFLI.US,60,20250401,190000,47.815,47.82,47.815,47.82,200,0
JFLI.US,60,20250401,200000,47.75,47.75,47.68,47.68,200,0
JFLI.US,60,20250401,210000,47.62,47.62,47.4901,47.4901,350,0
JFLI.US,60,20250401,220000,47.62,47.62,47.62,47.62,500,0
JFLI.US,60,20250402,200000,48.05,48.05,47.85,47.85,400,0
JFLI.US,60,20250402,210000,47.87,48.06,47.86,47.86,1700,0
JFLI.US,60,20250402,220000,47.975,47.975,47.975,47.975,350,0
JFLI.US,60,20250403,160000,47.13,47.13,47.095,47.095,857,0
JFLI.US,60,20250403,170000,46.9916,46.9916,46.78,46.78,981,0
JFLI.US,60,20250403,180000,46.7916,46.89,46.7609,46.87,841,0
JFLI.US,60,20250403,190000,47,47,47,47,430,0
JFLI.US,60,20250403,200000,46.8886,46.8886,46.8886,46.8886,100,0
JFLI.US,60,20250403,220000,46.82,46.82,46.81,46.81,400,0
JFLI.US,60,20250404,160000,45.235,45.235,45.235,45.235,750,0
JFLI.US,60,20250404,170000,45.21,45.21,44.79,44.7901,2234,0
JFLI.US,60,20250404,180000,44.9,44.95,44.9,44.95,1200,0
JFLI.US,60,20250404,190000,44.71,44.71,44.7,44.7,773,0
JFLI.US,60,20250404,200000,44.6,44.6,44.6,44.6,213,0
JFLI.US,60,20250404,210000,44.6415,44.66,44.1,44.33,1651,0
JFLI.US,60,20250404,220000,44.37,44.37,44.37,44.37,204,0
JFLI.US,60,20250407,160000,42.542,42.6,42.542,42.5999,1304,0
JFLI.US,60,20250407,170000,45.174,45.174,43.41,44.15,426,0
JFLI.US,60,20250407,200000,43.29,44.1582,43.29,44.1582,3167,0
JFLI.US,60,20250407,210000,43.985,43.985,43.86,43.86,1100,0
JFLI.US,60,20250407,220000,43.7,43.7,43.69,43.69,385,0
JFLI.US,60,20250408,160000,44.75,44.7597,44.475,44.6508,4706,0
JFLI.US,60,20250408,170000,44.8,44.8,44.72,44.72,500,0
JFLI.US,60,20250408,180000,44.505,44.505,44.3,44.4043,431,0
JFLI.US,60,20250408,190000,44.45,44.45,43.8455,43.8455,2892,0
JFLI.US,60,20250408,200000,43.64,43.64,43.64,43.64,987,0
JFLI.US,60,20250408,210000,43.65,43.65,43.52,43.52,200,0
JFLI.US,60,20250408,220000,43.21,43.21,43.21,43.21,100,0
JFLI.US,60,20250409,160000,42.82,42.872,42.82,42.872,436,0
JFLI.US,60,20250409,170000,42.9788,42.9788,42.81,42.81,450,0
JFLI.US,60,20250409,180000,42.92,42.92,42.92,42.92,197,0
JFLI.US,60,20250409,190000,43.02,43.18,43.02,43.1786,3274,0
JFLI.US,60,20250409,210000,45.5001,45.94,45.2886,45.52,2035,0
JFLI.US,60,20250409,220000,45.27,46.23,45.27,46.23,1185,0
JFLI.US,60,20250410,170000,45.02,45.17,45.0008,45.0008,2000,0
JFLI.US,60,20250410,180000,45,45.005,44.8,44.8,600,0
JFLI.US,60,20250410,190000,44.5405,44.5405,44.34,44.42,450,0
JFLI.US,60,20250410,210000,44.8262,44.91,44.8262,44.91,300,0
JFLI.US,60,20250410,220000,44.83,44.86,44.52,44.84,2778,0
JFLI.US,60,20250411,190000,44.8812,45.235,44.8812,45.235,571,0
JFLI.US,60,20250411,200000,45.2,45.2,45.05,45.05,200,0
JFLI.US,60,20250411,220000,45.354,45.354,45.354,45.354,100,0
JFLI.US,60,20250414,160000,46.07,46.07,45.855,45.855,535,0
JFLI.US,60,20250414,180000,45.89,45.89,45.64,45.66,2537,0
JFLI.US,60,20250414,190000,45.6401,45.67,45.6401,45.67,509,0
JFLI.US,60,20250414,200000,45.58,45.73,45.42,45.67,700,0
JFLI.US,60,20250414,210000,45.8812,45.8812,45.8812,45.8812,100,0
JFLI.US,60,20250414,220000,46.05,46.05,46.05,46.05,500,0
JFLI.US,60,20250415,170000,46.08,46.09,45.97,45.985,1997,0
JFLI.US,60,20250415,180000,46.0699,46.0699,45.985,45.985,840,0
JFLI.US,60,20250415,190000,46.03,46.39,46,46,1819,0
JFLI.US,60,20250415,200000,45.9991,45.9991,45.92,45.9241,2555,0
JFLI.US,60,20250416,160000,45.6581,45.6581,45.52,45.52,687,0
JFLI.US,60,20250416,170000,45.63,45.63,45.63,45.63,400,0
JFLI.US,60,20250416,190000,45.76,45.76,45.71,45.71,200,0
JFLI.US,60,20250416,200000,45.66,45.6667,45.66,45.6667,200,0
JFLI.US,60,20250416,210000,45.37,45.37,45.315,45.315,220,0
JFLI.US,60,20250416,220000,45.22,45.43,45.19,45.41,1000,0
JFLI.US,60,20250417,170000,45.46,45.46,45.46,45.46,1000,0
JFLI.US,60,20250417,180000,45.6087,45.6087,45.5441,45.5441,1267,0
JFLI.US,60,20250417,200000,45.59,45.72,45.59,45.72,300,0
JFLI.US,60,20250417,210000,45.71,45.71,45.68,45.68,209,0
JFLI.US,60,20250417,220000,45.55,45.5501,45.5401,45.5401,737,0
JFLI.US,60,20250421,160000,45.2439,45.56,45.18,45.1828,964,0
JFLI.US,60,20250421,170000,45.21,45.21,45.025,45.025,781,0
JFLI.US,60,20250421,180000,45.005,45.02,44.78,44.78,4305,0
JFLI.US,60,20250421,190000,44.88,44.88,44.88,44.88,100,0
JFLI.US,60,20250421,200000,44.79,44.79,44.79,44.79,350,0
JFLI.US,60,20250421,210000,44.6708,44.6708,44.6708,44.6708,176,0
JFLI.US,60,20250421,220000,44.7252,44.79,44.7252,44.772,436,0
JFLI.US,60,20250422,160000,45.32,45.4,45.32,45.4,704,0
JFLI.US,60,20250422,170000,45.5008,45.5008,45.495,45.495,420,0
JFLI.US,60,20250422,180000,45.6164,45.69,45.6164,45.62,1482,0
JFLI.US,60,20250422,190000,45.84,45.84,45.77,45.77,400,0
JFLI.US,60,20250422,200000,45.73,45.73,45.51,45.51,600,0
JFLI.US,60,20250422,210000,45.4552,45.6352,45.4552,45.6352,2490,0
JFLI.US,60,20250422,220000,45.6764,45.6764,45.56,45.56,636,0
JFLI.US,60,20250423,160000,46.5264,46.5264,46.48,46.48,844,0
JFLI.US,60,20250423,170000,46.5462,46.5462,46.5462,46.5462,100,0
JFLI.US,60,20250423,180000,46.525,46.56,46.15,46.22,5246,0
JFLI.US,60,20250423,200000,46.29,46.29,46.23,46.23,1977,0
JFLI.US,60,20250423,210000,46.21,46.43,46.1012,46.13,4137,0
JFLI.US,60,20250423,220000,46.0956,46.0956,45.82,46.07,9441,0
JFLI.US,60,20250424,170000,46.34,46.49,46.34,46.4,2234,0
JFLI.US,60,20250424,180000,46.5243,46.5243,46.43,46.4935,428,0
JFLI.US,60,20250424,190000,46.5499,46.77,46.538,46.6005,1605,0
JFLI.US,60,20250424,200000,46.5834,46.5834,46.5635,46.5699,2530,0
JFLI.US,60,20250424,210000,46.57,46.5834,46.57,46.5834,656,0
JFLI.US,60,20250425,200000,46.8202,46.9,46.82,46.82,17960,0
JFLI.US,60,20250425,210000,46.97,46.97,46.9395,46.9395,350,0
JFLI.US,60,20250425,220000,46.93,46.93,46.886,46.886,200,0
JFLI.US,60,20250428,170000,46.922,46.94,46.89,46.94,2724,0
JFLI.US,60,20250428,180000,46.9,46.9,46.84,46.84,402,0
JFLI.US,60,20250428,190000,46.7625,46.83,46.7625,46.815,1400,0
JFLI.US,60,20250428,200000,46.79,46.79,46.78,46.78,400,0
JFLI.US,60,20250428,210000,46.825,46.859,46.825,46.859,677,0
JFLI.US,60,20250428,220000,47.005,47.005,47.005,47.005,260,0
JFLI.US,60,20250429,170000,47.04,47.31,47.04,47.31,1400,0
JFLI.US,60,20250429,180000,47.05,47.05,47.05,47.05,100,0
JFLI.US,60,20250429,190000,47.1,47.1,47.02,47.02,201,0
JFLI.US,60,20250429,200000,47.0481,47.185,47.0481,47.185,1900,0
JFLI.US,60,20250429,210000,47.16,47.1601,47.16,47.1601,500,0
JFLI.US,60,20250429,220000,47.195,47.22,47.19,47.2,1203,0
JFLI.US,60,20250430,170000,46.679,46.679,46.679,46.679,107,0
JFLI.US,60,20250430,180000,46.86,47.0363,46.86,47.0363,861,0
JFLI.US,60,20250430,190000,46.95,46.97,46.95,46.97,600,0
JFLI.US,60,20250430,200000,47,47.0005,46.92,46.92,342,0
JFLI.US,60,20250430,210000,47.04,47.04,46.96,46.96,200,0
JFLI.US,60,20250430,220000,47.1696,47.1696,47.1696,47.1696,110,0
JFLI.US,60,20250501,160000,47.35,47.35,47.35,47.35,100,0
JFLI.US,60,20250501,170000,47.338,47.46,47.338,47.46,785,0
JFLI.US,60,20250501,180000,47.3695,47.47,47.3,47.3,2328,0
JFLI.US,60,20250501,190000,47.2,47.255,47.2,47.255,1406,0
JFLI.US,60,20250501,200000,47.33,47.375,47.29,47.29,4051,0
JFLI.US,60,20250501,220000,47.34,47.34,47.3015,47.3015,304,0
JFLI.US,60,20250502,160000,47.524,47.524,47.445,47.445,450,0
JFLI.US,60,20250502,170000,47.54,47.562,47.525,47.5594,3759,0
JFLI.US,60,20250502,180000,47.557,47.557,47.5343,47.5343,300,0
JFLI.US,60,20250502,190000,47.59,47.85,47.59,47.61,2600,0
JFLI.US,60,20250502,220000,47.61,47.61,47.6,47.6,290,0
JFLI.US,60,20250505,160000,47.56,47.8,47.5386,47.54,7394,0
JFLI.US,60,20250505,180000,47.5911,47.5911,47.5911,47.5911,200,0
JFLI.US,60,20250505,220000,47.67,47.8,47.63,47.8,21819,0
JFLI.US,60,20250506,160000,47.06,47.101,47.06,47.101,1306,0
JFLI.US,60,20250506,170000,47.0238,47.12,47.0238,47.12,366,0
JFLI.US,60,20250506,190000,47.17,47.17,47.134,47.134,230,0
JFLI.US,60,20250506,200000,47.115,47.13,46.5,47.06,28657,0
JFLI.US,60,20250506,220000,47.1501,47.16,46.99,47.15,6306,0
JFLI.US,60,20250507,160000,47.11,47.1449,46.6,47.13,963,0
JFLI.US,60,20250507,190000,47.14,47.14,47.14,47.14,595,0
JFLI.US,60,20250507,220000,47.2,47.2,47.2,47.2,105,0
JFLI.US,60,20250508,160000,47.41,47.41,47.275,47.33,1396,0
JFLI.US,60,20250508,170000,47.23,47.32,47.17,47.32,738,0
JFLI.US,60,20250508,180000,47.3,47.3,47.3,47.3,1400,0
JFLI.US,60,20250508,190000,47.36,47.43,47.36,47.4299,650,0
JFLI.US,60,20250508,200000,47.365,47.365,47.365,47.365,100,0
JFLI.US,60,20250508,210000,47.31,47.41,47.31,47.41,2089,0
JFLI.US,60,20250508,220000,47.21,47.21,47.21,47.21,200,0
JFLI.US,60,20250509,160000,47.35,47.43,47.35,47.43,347,0
JFLI.US,60,20250509,170000,47.34,47.3401,47.26,47.3222,1100,0
JFLI.US,60,20250509,180000,47.33,47.41,47.32,47.41,2968,0
JFLI.US,60,20250509,190000,47.39,47.39,47.37,47.37,400,0
JFLI.US,60,20250509,220000,47.3388,47.3388,47.3388,47.3388,200,0
JFLI.US,60,20250512,160000,47.799,47.87,47.799,47.87,203,0
JFLI.US,60,20250512,170000,47.74,47.74,47.74,47.74,200,0
JFLI.US,60,20250512,180000,47.8,47.83,47.765,47.765,625,0
JFLI.US,60,20250512,190000,47.82,47.82,47.785,47.82,412,0
JFLI.US,60,20250512,200000,47.88,47.91,47.86,47.86,1450,0
JFLI.US,60,20250512,210000,47.82,47.82,47.74,47.74,500,0
JFLI.US,60,20250513,170000,48,48,48,48,105,0
JFLI.US,60,20250513,180000,48.065,48.09,48.02,48.0368,466,0
JFLI.US,60,20250513,190000,48.03,48.03,48.03,48.03,185,0
JFLI.US,60,20250513,200000,48.0413,48.0413,48.03,48.0301,1413,0
JFLI.US,60,20250513,210000,48.09,48.09,48.07,48.07,200,0
JFLI.US,60,20250513,220000,48.09,48.11,48.06,48.08,1747,0
JFLI.US,60,20250514,170000,47.95,48.02,47.95,48.02,1762,0
JFLI.US,60,20250514,180000,47.95,47.9816,47.95,47.9816,600,0
JFLI.US,60,20250514,190000,48,48,47.965,47.99,412,0
JFLI.US,60,20250514,200000,47.97,47.97,47.9224,47.9224,203,0
JFLI.US,60,20250514,210000,47.925,47.925,47.925,47.925,100,0
JFLI.US,60,20250514,220000,47.95,47.95,47.81,47.94,4616,0
JFLI.US,60,20250515,160000,47.98,47.98,47.98,47.98,500,0
JFLI.US,60,20250515,170000,48,48,48,48,520,0
JFLI.US,60,20250515,180000,48.07,48.07,48.07,48.07,100,0
JFLI.US,60,20250515,190000,48.08,48.11,48.08,48.11,300,0
JFLI.US,60,20250515,210000,48.18,48.18,48.18,48.18,1000,0
JFLI.US,60,20250516,160000,48.185,48.185,48.17,48.17,300,0
JFLI.US,60,20250516,170000,48.15,48.1978,48.1,48.17,797,0
JFLI.US,60,20250516,200000,48.2,48.2,48.2,48.2,100,0
JFLI.US,60,20250516,220000,48.26,48.26,48.26,48.26,103,0
JFLI.US,60,20250519,160000,48.1032,48.1032,48.1032,48.1032,100,0
JFLI.US,60,20250519,170000,48.2,48.2,48.16,48.16,408,0
JFLI.US,60,20250519,180000,48.225,48.225,48.225,48.225,270,0
JFLI.US,60,20250519,190000,48.22,48.22,48.22,48.22,204,0
JFLI.US,60,20250519,220000,48.2968,48.38,48.2968,48.3101,627,0
JFLI.US,60,20250520,170000,48.343,48.343,48.343,48.343,100,0
JFLI.US,60,20250520,210000,48.3768,48.3768,48.3768,48.3768,1000,0
JFLI.US,60,20250520,220000,48.3798,48.3798,48.32,48.32,510,0
JFLI.US,60,20250521,160000,48.21,48.25,48.17,48.25,400,0
JFLI.US,60,20250521,170000,48.2719,48.2719,48.2719,48.2719,725,0
JFLI.US,60,20250521,220000,47.91,47.91,47.91,47.91,125,0
JFLI.US,60,20250522,160000,47.74,47.93,47.74,47.93,400,0
JFLI.US,60,20250522,170000,47.92,47.92,47.92,47.92,400,0
JFLI.US,60,20250522,200000,47.9461,47.9461,47.9461,47.9461,100,0
JFLI.US,60,20250522,210000,48.06,48.06,48.06,48.06,125,0
JFLI.US,60,20250522,220000,48.02,48.02,48.01,48.01,355,0
JFLI.US,60,20250523,180000,47.7315,47.7315,47.7315,47.7315,180,0
JFLI.US,60,20250523,190000,47.7889,47.7889,47.7889,47.7889,500,0
JFLI.US,60,20250523,200000,47.86,47.86,47.86,47.86,100,0
JFLI.US,60,20250523,210000,47.9268,47.9268,47.9268,47.9268,100,0
JFLI.US,60,20250527,160000,48.1301,48.1432,48.1301,48.1432,583,0
JFLI.US,60,20250527,170000,48.18,48.41,48.1799,48.26,1900,0
JFLI.US,60,20250527,180000,48.28,48.28,48.28,48.28,100,0
JFLI.US,60,20250527,200000,48.28,48.34,48.28,48.34,454,0
JFLI.US,60,20250527,210000,48.36,48.61,48.36,48.36,1300,0
JFLI.US,60,20250527,220000,48.3351,48.3351,48.3351,48.3351,122,0
JFLI.US,60,20250528,160000,48.28,48.28,48.28,48.28,100,0
JFLI.US,60,20250528,170000,48.22,48.25,48.22,48.25,400,0
JFLI.US,60,20250528,200000,48.26,48.26,48.23,48.23,200,0
JFLI.US,60,20250528,210000,48.23,48.27,48.23,48.26,345,0
JFLI.US,60,20250528,220000,48.25,48.25,48.25,48.25,100,0
JFLI.US,60,20250529,170000,48.26,48.26,48.26,48.26,100,0
JFLI.US,60,20250529,180000,48.261,48.3,48.261,48.2846,1424,0
JFLI.US,60,20250529,190000,48.21,48.28,48.2085,48.2156,823,0
JFLI.US,60,20250529,200000,48.31,48.32,48.3,48.31,2945,0
JFLI.US,60,20250529,210000,48.19,48.19,48.19,48.19,200,0
JFLI.US,60,20250529,220000,48.31,48.36,48.31,48.36,1450,0
JFLI.US,60,20250530,170000,48.19,48.29,48.15,48.192,900,0
JFLI.US,60,20250530,190000,48.15,48.15,48.09,48.09,915,0
JFLI.US,60,20250530,220000,48.37,48.41,48.34,48.35,1200,0
JFLI.US,60,20250602,160000,48.2675,48.2675,48.2013,48.2013,514,0
JFLI.US,60,20250602,210000,48.3696,48.3696,48.3696,48.3696,100,0
JFLI.US,60,20250603,160000,48.38,48.4152,48.38,48.4152,251,0
JFLI.US,60,20250603,170000,48.5,48.52,48.5,48.5199,810,0
JFLI.US,60,20250603,180000,48.5499,48.5499,48.4798,48.4798,300,0
JFLI.US,60,20250603,190000,48.59,48.6099,48.59,48.59,405,0
JFLI.US,60,20250603,200000,48.555,48.59,48.555,48.5899,500,0
JFLI.US,60,20250603,210000,48.59,48.59,48.55,48.55,1212,0
JFLI.US,60,20250604,160000,48.7,48.86,48.64,48.71,1774,0
JFLI.US,60,20250604,170000,48.7086,48.75,48.57,48.7499,909,0
JFLI.US,60,20250604,180000,48.76,48.76,48.76,48.76,400,0
JFLI.US,60,20250604,190000,48.75,48.75,48.6,48.6,1440,0
JFLI.US,60,20250605,160000,48.38,48.38,48.3215,48.3215,1304,0
JFLI.US,60,20250605,190000,48.34,48.34,48.34,48.34,206,0
JFLI.US,60,20250605,200000,48.33,48.34,48.33,48.34,240,0
JFLI.US,60,20250605,210000,48.3535,48.3546,48.3535,48.3546,203,0
JFLI.US,60,20250605,220000,48.36,48.36,48.21,48.26,1701,0
JFLI.US,60,20250606,160000,48.3802,48.43,48.345,48.375,933,0
JFLI.US,60,20250606,170000,48.42,48.44,48.32,48.39,2842,0
JFLI.US,60,20250606,180000,48.38,48.38,48.3392,48.3392,536,0
JFLI.US,60,20250606,190000,48.36,48.36,48.36,48.36,100,0
JFLI.US,60,20250606,220000,48.343,48.39,48.343,48.39,1600,0
JFLI.US,60,20250609,160000,48.45,48.45,48.45,48.45,100,0
JFLI.US,60,20250609,170000,48.4325,48.4899,48.42,48.441,2264,0
JFLI.US,60,20250609,180000,48.43,48.51,48.43,48.51,1416,0
JFLI.US,60,20250609,190000,48.53,48.53,48.53,48.53,100,0
JFLI.US,60,20250609,210000,48.4985,48.59,48.4601,48.5055,617,0
JFLI.US,60,20250610,160000,48.46,48.549,48.46,48.475,600,0
JFLI.US,60,20250610,170000,48.471,48.48,48.45,48.48,2629,0
JFLI.US,60,20250610,180000,48.4675,48.4675,48.4675,48.4675,100,0
JFLI.US,60,20250610,200000,48.6015,48.6015,48.6015,48.6015,385,0
JFLI.US,60,20250610,210000,48.54,48.5799,48.54,48.5799,1172,0
JFLI.US,60,20250611,160000,48.6,48.665,48.6,48.665,1529,0
JFLI.US,60,20250611,180000,48.695,48.695,48.695,48.695,164,0
JFLI.US,60,20250611,190000,48.6955,48.6955,48.6955,48.6955,201,0
JFLI.US,60,20250611,200000,48.7,48.7,48.7,48.7,102,0
JFLI.US,60,20250612,180000,48.73,48.73,48.7299,48.7299,200,0
JFLI.US,60,20250612,190000,48.7299,48.7299,48.7299,48.7299,166,0
JFLI.US,60,20250613,160000,48.5403,48.5403,48.5,48.5,500,0
JFLI.US,60,20250613,170000,48.5,48.5,48.41,48.41,542,0
JFLI.US,60,20250613,180000,48.5756,48.5756,48.5756,48.5756,150,0
JFLI.US,60,20250613,200000,48.515,48.515,48.515,48.515,205,0
JFLI.US,60,20250613,220000,48.41,48.41,48.35,48.35,400,0
JFLI.US,60,20250616,160000,48.59,48.59,48.4,48.4,410,0
JFLI.US,60,20250616,170000,48.84,48.84,48.8092,48.82,460,0
JFLI.US,60,20250616,180000,48.8054,48.8054,48.8054,48.8054,771,0
JFLI.US,60,20250616,190000,48.8054,48.8065,48.8054,48.8065,1600,0
JFLI.US,60,20250616,200000,48.805,48.8099,48.805,48.8099,462,0
JFLI.US,60,20250616,210000,48.809,48.81,48.8,48.81,700,0
JFLI.US,60,20250616,220000,48.8,48.8,48.69,48.69,1360,0
JFLI.US,60,20250617,170000,48.6306,48.65,48.6306,48.65,295,0
JFLI.US,60,20250617,190000,48.6868,48.73,48.6868,48.7299,1600,0
JFLI.US,60,20250617,200000,48.6546,48.6546,48.5,48.5,1500,0
JFLI.US,60,20250617,210000,48.4785,48.5,48.42,48.42,300,0
JFLI.US,60,20250617,220000,48.54,48.56,48.4,48.4,1661,0
JFLI.US,60,20250618,160000,48.4948,48.4948,48.4948,48.4948,300,0
JFLI.US,60,20250618,170000,48.46,48.46,48.46,48.46,100,0
JFLI.US,60,20250618,210000,48.48,48.51,48.48,48.51,300,0
JFLI.US,60,20250618,220000,48.45,48.45,48.395,48.395,200,0
JFLI.US,60,20250620,160000,48.545,48.545,48.515,48.515,305,0
JFLI.US,60,20250620,180000,48.5,48.5,48.4398,48.4398,285,0
JFLI.US,60,20250620,190000,48.4364,48.4364,48.4364,48.4364,200,0
JFLI.US,60,20250623,180000,48.5614,48.5614,48.5614,48.5614,168,0
JFLI.US,60,20250623,190000,48.56,48.56,48.56,48.56,100,0
JFLI.US,60,20250624,170000,49.0199,49.0199,49.0199,49.0199,500,0
JFLI.US,60,20250624,180000,49.09,49.09,49.02,49.07,552,0
JFLI.US,60,20250624,190000,49.09,49.2,48.97,48.97,800,0
JFLI.US,60,20250624,200000,49.0189,49.0189,49.0189,49.0189,160,0
JFLI.US,60,20250624,220000,49.105,49.105,49.09,49.09,250,0
JFLI.US,60,20250625,160000,49.1,49.1,49.02,49.02,1465,0
JFLI.US,60,20250625,170000,49.005,49.005,49.005,49.005,798,0
JFLI.US,60,20250625,220000,48.92,49.2,48.92,49.0199,906,0
JFLI.US,60,20250626,170000,49.12,49.2,49.12,49.2,1303,0
JFLI.US,60,20250626,200000,49.279,49.279,49.1803,49.1803,316,0
JFLI.US,60,20250626,210000,49.29,49.29,49.27,49.27,900,0
JFLI.US,60,20250626,220000,49.2148,49.2148,49.2148,49.2148,100,0
JFLI.US,60,20250627,170000,49.345,49.345,49.345,49.345,200,0
JFLI.US,60,20250627,180000,49.355,49.355,49.355,49.355,100,0
JFLI.US,60,20250627,200000,49.36,49.36,49.36,49.36,300,0
JFLI.US,60,20250627,210000,49.347,49.347,49.347,49.347,112,0
JFLI.US,60,20250630,160000,49.3796,49.435,49.3796,49.435,400,0
JFLI.US,60,20250630,170000,49.49,49.49,49.49,49.49,183,0
JFLI.US,60,20250630,180000,49.49,49.49,49.45,49.45,201,0
JFLI.US,60,20250630,200000,49.4815,49.52,49.46,49.49,1381,0
JFLI.US,60,20250630,210000,49.51,49.54,49.51,49.54,200,0
JFLI.US,60,20250630,220000,49.525,49.58,49.525,49.57,600,0
JFLI.US,60,20250701,170000,49.59,49.59,49.5899,49.5899,432,0
JFLI.US,60,20250701,180000,49.59,49.59,49.47,49.47,400,0
JFLI.US,60,20250701,190000,49.5748,49.5748,49.5748,49.5748,120,0
JFLI.US,60,20250701,200000,49.6235,49.6235,49.6235,49.6235,200,0
JFLI.US,60,20250701,220000,49.6236,49.6236,49.6236,49.6236,100,0
JFLI.US,60,20250702,160000,49.4981,49.5381,49.4981,49.5381,200,0
JFLI.US,60,20250702,180000,49.6048,49.6048,49.6048,49.6048,137,0
JFLI.US,60,20250702,210000,49.76,49.76,49.76,49.76,200,0
JFLI.US,60,20250702,220000,49.74,49.74,49.74,49.74,188,0
JFLI.US,60,20250703,170000,49.795,49.795,49.79,49.79,292,0
JFLI.US,60,20250703,180000,49.8514,49.8586,49.8514,49.8586,450,0
JFLI.US,60,20250707,160000,49.4885,49.5,49.45,49.5,750,0
JFLI.US,60,20250707,170000,49.46,49.46,49.3407,49.39,1563,0
JFLI.US,60,20250707,180000,49.4,49.4,49.4,49.4,113,0
JFLI.US,60,20250707,190000,49.35,49.35,49.35,49.35,100,0
JFLI.US,60,20250707,210000,49.11,49.23,49.11,49.23,394,0
JFLI.US,60,20250707,220000,49.235,49.235,49.235,49.235,298,0
JFLI.US,60,20250708,170000,49.2755,49.2755,49.2755,49.2755,100,0
JFLI.US,60,20250708,180000,49.265,49.265,49.265,49.265,131,0
JFLI.US,60,20250708,190000,49.28,49.42,49.28,49.42,1005,0
JFLI.US,60,20250708,200000,49.3339,49.3339,49.3339,49.3339,300,0
JFLI.US,60,20250708,220000,49.3212,49.3212,49.3212,49.3212,608,0
JFLI.US,60,20250709,170000,49.485,49.5224,49.485,49.49,399,0
JFLI.US,60,20250709,180000,49.38,49.43,49.38,49.4089,1444,0
JFLI.US,60,20250709,190000,49.5,49.5,49.4999,49.4999,200,0
JFLI.US,60,20250709,200000,49.46,49.5104,49.42,49.5104,1584,0
JFLI.US,60,20250709,220000,49.489,49.58,49.489,49.544,900,0
JFLI.US,60,20250710,160000,49.486,49.486,49.486,49.486,100,0
JFLI.US,60,20250710,170000,49.48,49.48,49.4005,49.4101,719,0
JFLI.US,60,20250710,200000,49.535,49.535,49.535,49.535,100,0
JFLI.US,60,20250711,220000,49.61,49.61,49.33,49.45,474,0
JFLI.US,60,20250714,200000,49.3601,49.51,49.3601,49.51,1912,0
JFLI.US,60,20250714,210000,49.38,49.38,49.38,49.38,200,0
JFLI.US,60,20250714,220000,49.445,49.445,49.445,49.445,202,0
JFLI.US,60,20250715,160000,49.45,49.45,49.45,49.45,132,0
JFLI.US,60,20250715,180000,49.34,49.34,49.3,49.3,2726,0
JFLI.US,60,20250715,190000,49.3,49.3,49.3,49.3,238,0
JFLI.US,60,20250715,210000,49.3099,49.3099,49.3099,49.3099,175,0
JFLI.US,60,20250715,220000,49.3,49.3,49.3,49.3,145,0
JFLI.US,60,20250716,170000,49.3015,49.3015,49.3015,49.3015,416,0
JFLI.US,60,20250716,180000,49.28,49.28,49.28,49.28,200,0
JFLI.US,60,20250716,190000,49.2306,49.235,49.215,49.235,990,0
JFLI.US,60,20250716,210000,49.3137,49.3137,49.3137,49.3137,200,0
JFLI.US,60,20250716,220000,49.3201,49.3674,49.31,49.31,2444,0
JFLI.US,60,20250717,170000,49.4181,49.4376,49.381,49.4376,500,0
JFLI.US,60,20250717,180000,49.4,49.4283,49.4,49.4283,362,0
JFLI.US,60,20250717,190000,49.4498,49.45,49.4498,49.45,1198,0
JFLI.US,60,20250717,210000,49.4201,49.4201,49.4201,49.4201,1000,0
JFLI.US,60,20250718,160000,49.5,49.53,49.5,49.53,798,0
JFLI.US,60,20250718,210000,49.47,49.47,49.453,49.47,400,0
JFLI.US,60,20250718,220000,49.57,49.58,49.57,49.58,700,0
JFLI.US,60,20250721,160000,49.58,49.58,49.58,49.58,116,0
JFLI.US,60,20250721,220000,49.7199,49.7199,49.7199,49.7199,121,0
JFLI.US,60,20250722,170000,49.685,49.75,49.62,49.62,1197,0
JFLI.US,60,20250722,180000,49.7698,49.77,49.64,49.7698,676,0
JFLI.US,60,20250722,210000,49.69,49.7599,49.69,49.7335,607,0
JFLI.US,60,20250722,220000,49.76,49.76,49.76,49.76,200,0
JFLI.US,60,20250723,160000,49.81,49.825,49.8076,49.825,725,0
JFLI.US,60,20250723,170000,49.8276,49.89,49.8276,49.89,700,0
JFLI.US,60,20250723,180000,49.8993,49.8993,49.8993,49.8993,100,0
JFLI.US,60,20250723,190000,49.94,49.94,49.9007,49.9007,377,0
JFLI.US,60,20250724,160000,49.9616,49.9616,49.9616,49.9616,250,0
JFLI.US,60,20250724,170000,49.9572,49.999,49.9572,49.9598,476,0
JFLI.US,60,20250724,190000,50,50,50,50,120,0
JFLI.US,60,20250724,200000,49.95,49.95,49.95,49.95,100,0
JFLI.US,60,20250724,220000,49.95,49.98,49.95,49.98,400,0
JFLI.US,60,20250725,160000,49.8314,49.9886,49.8314,49.9886,300,0
JFLI.US,60,20250725,170000,49.93,49.97,49.86,49.86,1047,0
JFLI.US,60,20250725,220000,49.97,50.09,49.96,50.08,5715,0
JFLI.US,60,20250728,160000,49.9288,49.96,49.9288,49.9599,507,0
JFLI.US,60,20250728,170000,49.9,49.9,49.9,49.9,100,0
JFLI.US,60,20250728,180000,49.8961,49.8961,49.8961,49.8961,100,0
JFLI.US,60,20250729,170000,49.9376,50.02,49.88,49.88,588,0
JFLI.US,60,20250729,180000,49.93,49.93,49.86,49.86,410,0
JFLI.US,60,20250730,160000,49.835,49.8566,49.7701,49.8566,501,0
JFLI.US,60,20250730,190000,49.805,49.805,49.8,49.8,523,0
JFLI.US,60,20250730,210000,49.8,49.9,49.8,49.87,4104,0
JFLI.US,60,20250731,160000,49.82,49.82,49.82,49.82,200,0
JFLI.US,60,20250731,180000,49.65,49.6501,49.6409,49.6409,325,0
JFLI.US,60,20250731,190000,49.74,49.74,49.74,49.74,100,0
JFLI.US,60,20250731,220000,49.63,49.6391,49.63,49.6391,200,0
JFLI.US,60,20250801,170000,49.1613,49.2981,49.1613,49.2981,395,0
JFLI.US,60,20250804,160000,49.555,49.555,49.555,49.555,150,0
JFLI.US,60,20250804,180000,49.595,49.595,49.595,49.595,700,0
JFLI.US,60,20250804,190000,49.57,49.57,49.57,49.57,100,0
JFLI.US,60,20250804,210000,49.6805,49.6805,49.6805,49.6805,150,0
JFLI.US,60,20250804,220000,49.655,49.655,49.655,49.655,935,0
JFLI.US,60,20250805,160000,49.72,49.94,49.72,49.94,2268,0
JFLI.US,60,20250805,170000,49.71,49.71,49.69,49.69,300,0
JFLI.US,60,20250805,210000,49.6399,49.83,49.55,49.77,2747,0
JFLI.US,60,20250805,220000,49.64,49.85,49.52,49.75,26438,0
JFLI.US,60,20250806,160000,49.72,49.75,49.63,49.69,2140,0
JFLI.US,60,20250806,170000,49.7,49.7,49.66,49.66,986,0
JFLI.US,60,20250806,180000,49.7,49.72,49.69,49.69,1751,0
JFLI.US,60,20250806,190000,49.69,49.69,49.69,49.69,600,0
JFLI.US,60,20250806,200000,49.73,49.7549,49.65,49.65,592,0
JFLI.US,60,20250806,210000,49.73,49.7352,49.73,49.7352,1740,0
JFLI.US,60,20250806,220000,49.681,49.8,49.681,49.8,200,0
JFLI.US,60,20250807,160000,49.7852,49.7852,49.7852,49.7852,198,0
JFLI.US,60,20250807,200000,49.62,49.62,49.58,49.58,211,0
JFLI.US,60,20250807,210000,49.57,49.5701,49.57,49.5701,234,0
JFLI.US,60,20250808,170000,49.85,49.85,49.8094,49.8094,1139,0
JFLI.US,60,20250808,180000,49.8587,49.8587,49.75,49.75,2294,0
JFLI.US,60,20250808,210000,49.835,49.835,49.835,49.835,200,0
JFLI.US,60,20250808,220000,49.77,49.77,49.77,49.77,1000,0
JFLI.US,60,20250811,160000,49.8445,49.91,49.78,49.845,6635,0
JFLI.US,60,20250811,170000,49.8456,49.89,49.63,49.76,1650,0
JFLI.US,60,20250811,200000,49.7501,49.7698,49.7501,49.7698,1750,0
JFLI.US,60,20250812,170000,49.8435,49.8435,49.8435,49.8435,100,0
JFLI.US,60,20250812,180000,49.85,49.8796,49.84,49.8401,2355,0
JFLI.US,60,20250812,190000,49.8886,49.9045,49.84,49.8902,2796,0
JFLI.US,60,20250812,210000,49.9116,49.9148,49.85,49.85,5675,0
JFLI.US,60,20250812,220000,49.8,49.8,49.6,49.65,18781,0
JFLI.US,60,20250813,200000,49.9718,49.9718,49.9718,49.9718,150,0
JFLI.US,60,20250813,210000,49.9837,49.9837,49.9837,49.9837,105,0
JFLI.US,60,20250813,220000,49.99,49.99,49.99,49.99,100,0
JFLI.US,60,20250814,180000,50.03,50.03,50.0299,50.0299,476,0
JFLI.US,60,20250814,190000,49.9,49.9,49.9,49.9,101,0
JFLI.US,60,20250814,200000,49.99,49.99,49.9864,49.9864,300,0
JFLI.US,60,20250814,220000,49.95,49.976,49.95,49.976,235,0
JFLI.US,60,20250815,160000,50.04,50.04,50.04,50.04,249,0
JFLI.US,60,20250815,180000,49.9,49.9,49.9,49.9,100,0
JFLI.US,60,20250815,220000,49.985,49.985,49.985,49.985,400,0
JFLI.US,60,20250818,160000,49.92,49.92,49.92,49.92,200,0
JFLI.US,60,20250818,180000,50.0099,50.01,50.0099,50.0099,900,0
JFLI.US,60,20250818,200000,50.02,50.02,50.02,50.02,100,0
JFLI.US,60,20250818,220000,50.0491,50.0491,50.0491,50.0491,200,0
JFLI.US,60,20250819,160000,50.0796,50.0796,50.0796,50.0796,440,0
JFLI.US,60,20250819,220000,49.915,49.915,49.915,49.915,100,0
JFLI.US,60,20250820,170000,49.75,49.768,49.75,49.768,1100,0
JFLI.US,60,20250820,180000,49.8399,49.8399,49.8101,49.8101,900,0
JFLI.US,60,20250820,190000,49.8,49.8,49.8,49.8,500,0
JFLI.US,60,20250820,210000,49.75,49.77,49.75,49.77,500,0
JFLI.US,60,20250820,220000,49.8,49.97,49.8,49.905,5239,0
JFLI.US,60,20250821,160000,49.6714,49.78,49.6714,49.7799,500,0
JFLI.US,60,20250821,170000,49.7746,49.7746,49.7746,49.7746,200,0
JFLI.US,60,20250821,180000,49.7376,49.7376,49.7376,49.7376,200,0
JFLI.US,60,20250821,210000,49.7,49.7,49.7,49.7,100,0
JFLI.US,60,20250821,220000,49.75,49.89,49.66,49.66,2720,0
JFLI.US,60,20250822,160000,49.955,49.955,49.955,49.955,500,0
JFLI.US,60,20250822,170000,50.3,50.327,50.1611,50.327,555,0
JFLI.US,60,20250822,190000,50.4,50.4,50.4,50.4,180,0
JFLI.US,60,20250822,200000,50.4056,50.4056,50.3121,50.3121,800,0
JFLI.US,60,20250825,170000,50.15,50.15,50.15,50.15,775,0
JFLI.US,60,20250825,200000,50.2412,50.2412,50.2412,50.2412,250,0
JFLI.US,60,20250825,220000,50.196,50.196,50.196,50.196,100,0
JFLI.US,60,20250826,160000,50.14,50.14,50.06,50.06,4000,0
JFLI.US,60,20250826,170000,50.06,50.06,50.06,50.06,100,0
JFLI.US,60,20250826,180000,50.15,50.15,50.15,50.15,100,0
JFLI.US,60,20250826,190000,50.1,50.1,50.1,50.1,100,0
JFLI.US,60,20250826,200000,50.2,50.21,50.2,50.21,300,0
JFLI.US,60,20250826,210000,50.09,50.09,50.09,50.09,100,0
JFLI.US,60,20250827,170000,50.22,50.22,50.14,50.14,2261,0
JFLI.US,60,20250827,180000,50.19,50.19,50.19,50.19,100,0
JFLI.US,60,20250828,170000,50.23,50.23,50.23,50.23,100,0
JFLI.US,60,20250828,220000,50.3996,50.3996,50.3996,50.3996,200,0
JFLI.US,60,20250829,170000,50.1702,50.1702,50.14,50.14,204,0
JFLI.US,60,20250829,190000,50.2031,50.2031,50.2031,50.2031,105,0
JFLI.US,60,20250829,210000,50.1399,50.1399,50.11,50.1235,828,0
JFLI.US,60,20250829,220000,50.14,50.14,50.09,50.14,500,0
JFLI.US,60,20250902,170000,49.78,49.78,49.78,49.78,100,0
JFLI.US,60,20250902,180000,49.7549,49.7549,49.7549,49.7549,150,0
JFLI.US,60,20250902,210000,49.741,49.741,49.741,49.741,603,0
JFLI.US,60,20250902,220000,49.78,49.78,49.78,49.78,386,0
JFLI.US,60,20250903,160000,50,50,50,50,100,0
JFLI.US,60,20250903,170000,50.0348,50.0348,50.0348,50.0348,100,0
JFLI.US,60,20250903,180000,50.01,50.01,50.01,50.01,100,0
JFLI.US,60,20250903,190000,50.04,50.072,50.04,50.072,1000,0
JFLI.US,60,20250904,160000,50.11,50.11,50.11,50.11,117,0
JFLI.US,60,20250904,170000,50.14,50.14,50.14,50.14,100,0
JFLI.US,60,20250904,180000,50.2596,50.2596,50.2596,50.2596,3000,0
JFLI.US,60,20250904,210000,50.3,50.3,50.3,50.3,100,0
JFLI.US,60,20250904,220000,50.34,50.4,50.34,50.36,1150,0
JFLI.US,60,20250905,160000,50.416,50.416,50.416,50.416,138,0
JFLI.US,60,20250905,170000,50.15,50.172,50.15,50.172,350,0
JFLI.US,60,20250905,180000,50.14,50.14,50.14,50.14,100,0
JFLI.US,60,20250905,220000,50.1467,50.149,50.1467,50.149,3110,0
JFLI.US,60,20250908,160000,50.2307,50.2307,50.2307,50.2307,500,0
JFLI.US,60,20250908,170000,50.26,50.26,50.26,50.26,400,0
JFLI.US,60,20250908,190000,50.33,50.33,50.33,50.33,602,0
JFLI.US,60,20250908,200000,50.2325,50.2564,50.2325,50.2564,215,0
JFLI.US,60,20250908,210000,50.245,50.32,50.245,50.32,400,0
JFLI.US,60,20250908,220000,50.34,50.34,50.27,50.27,1374,0
JFLI.US,60,20250909,170000,50.2979,50.2979,50.23,50.23,224,0
JFLI.US,60,20250909,180000,50.22,50.22,50.22,50.22,100,0
JFLI.US,60,20250909,190000,50.1801,50.2587,50.161,50.2587,1200,0
JFLI.US,60,20250909,210000,50.245,50.245,50.245,50.245,200,0
JFLI.US,60,20250910,160000,50.4056,50.4056,50.4056,50.4056,100,0
JFLI.US,60,20250910,170000,50.48,50.4991,50.43,50.4991,1138,0
JFLI.US,60,20250910,190000,50.42,50.42,50.42,50.42,200,0
JFLI.US,60,20250910,200000,50.42,50.42,50.42,50.42,100,0
JFLI.US,60,20250910,220000,50.3845,50.3845,50.3845,50.3845,312,0
JFLI.US,60,20250911,210000,50.6339,50.6339,50.6339,50.6339,100,0
JFLI.US,60,20250911,220000,50.67,50.67,50.67,50.67,121,0
JFLI.US,60,20250912,170000,50.609,50.609,50.609,50.609,197,0
JFLI.US,60,20250915,160000,50.6443,50.6443,50.6443,50.6443,400,0
JFLI.US,60,20250915,170000,50.65,50.65,50.6455,50.6455,200,0
JFLI.US,60,20250915,180000,50.6455,50.65,50.64,50.6499,560,0
JFLI.US,60,20250915,190000,50.645,50.645,50.645,50.645,278,0
JFLI.US,60,20250915,200000,50.636,50.636,50.636,50.636,400,0
JFLI.US,60,20250915,220000,50.636,50.636,50.61,50.6101,1296,0
JFLI.US,60,20250916,160000,50.65,50.65,50.64,50.65,646,0
JFLI.US,60,20250916,170000,50.68,50.68,50.68,50.68,100,0
JFLI.US,60,20250916,200000,50.63,50.63,50.63,50.63,100,0
JFLI.US,60,20250916,210000,50.76,50.76,50.76,50.76,100,0
JFLI.US,60,20250917,170000,50.64,50.64,50.64,50.64,100,0
JFLI.US,60,20250917,180000,50.74,50.74,50.74,50.74,100,0
JFLI.US,60,20250917,210000,50.73,50.78,50.73,50.74,400,0
JFLI.US,60,20250918,160000,50.809,51,50.75,50.97,1638,0
JFLI.US,60,20250918,170000,50.84,50.84,50.75,50.75,520,0
JFLI.US,60,20250918,180000,50.795,50.815,50.7755,50.815,850,0
JFLI.US,60,20250918,200000,50.8685,50.88,50.8285,50.88,1200,0
JFLI.US,60,20250918,210000,50.84,50.89,50.84,50.89,1100,0
JFLI.US,60,20250919,160000,50.855,50.855,50.82,50.82,450,0
JFLI.US,60,20250919,170000,50.91,50.91,50.875,50.875,400,0
JFLI.US,60,20250919,200000,50.91,50.9787,50.9,50.9,5387,0
JFLI.US,60,20250919,210000,50.86,50.86,50.84,50.84,1101,0
JFLI.US,60,20250919,220000,50.86,50.86,50.86,50.86,400,0
JFLI.US,60,20250922,160000,50.81,50.81,50.81,50.81,200,0
JFLI.US,60,20250922,170000,50.8683,50.8683,50.8683,50.8683,212,0
JFLI.US,60,20250922,190000,50.9165,50.93,50.9165,50.93,300,0
JFLI.US,60,20250922,200000,50.9533,50.9533,50.9533,50.9533,100,0
JFLI.US,60,20250922,220000,51,51,51,51,234,0
JFLI.US,60,20250923,160000,50.96,51.04,50.75,51.04,550,0
JFLI.US,60,20250923,200000,50.9696,50.9696,50.9696,50.9696,1900,0
JFLI.US,60,20250923,210000,50.9417,50.9417,50.9417,50.9417,200,0
JFLI.US,60,20250924,160000,50.8401,50.8401,50.8401,50.8401,500,0
JFLI.US,60,20250924,170000,50.88,50.88,50.82,50.82,999,0
JFLI.US,60,20250924,180000,50.8775,50.8775,50.8775,50.8775,125,0
JFLI.US,60,20250924,190000,50.85,50.88,50.82,50.82,596,0
JFLI.US,60,20250924,210000,50.81,50.85,50.81,50.85,507,0
JFLI.US,60,20250924,220000,50.88,50.8801,50.66,50.7702,2020,0
JFLI.US,60,20250925,210000,50.59,50.59,50.59,50.59,100,0
JFLI.US,60,20250925,220000,50.59,50.64,50.59,50.64,500,0
JFLI.US,60,20250926,180000,50.7288,50.7288,50.7288,50.7288,200,0
JFLI.US,60,20250929,160000,50.9,50.96,50.895,50.895,2692,0
JFLI.US,60,20250929,170000,50.97,50.97,50.97,50.97,400,0
JFLI.US,60,20250929,210000,50.9013,50.9013,50.9013,50.9013,100,0
JFLI.US,60,20250929,220000,50.94,50.9556,50.94,50.9556,780,0
JFLI.US,60,20250930,160000,51,51.0187,50.9999,51.0187,1500,0
JFLI.US,60,20250930,180000,51.0124,51.0124,51.0124,51.0124,175,0
JFLI.US,60,20250930,190000,51.1,51.1,51.05,51.05,923,0
JFLI.US,60,20250930,220000,51.0601,51.08,51.0601,51.08,300,0
JFLI.US,60,20251001,160000,51.1,51.1001,51.04,51.0401,1546,0
JFLI.US,60,20251001,170000,51.067,51.067,51.067,51.067,121,0
JFLI.US,60,20251001,180000,51.0827,51.0827,51.0827,51.0827,200,0
JFLI.US,60,20251001,210000,51.0941,51.15,51.09,51.09,4414,0
JFLI.US,60,20251002,180000,51.0799,51.0996,51.0799,51.0996,300,0
JFLI.US,60,20251002,190000,51.095,51.095,51.095,51.095,100,0
JFLI.US,60,20251003,160000,51.35,51.38,51.325,51.3419,1777,0
JFLI.US,60,20251003,170000,51.411,51.424,51.411,51.424,400,0
JFLI.US,60,20251003,220000,51.39,51.6299,51.38,51.38,8105,0
JFLI.US,60,20251006,160000,51.31,51.35,51.25,51.25,1879,0
JFLI.US,60,20251006,170000,51.22,51.3299,51.21,51.3299,1700,0
JFLI.US,60,20251006,180000,51.23,51.23,51.21,51.21,600,0
JFLI.US,60,20251006,210000,51.23,51.23,51.21,51.21,550,0
JFLI.US,60,20251006,220000,51.2,51.2001,50.7,51.13,4491,0
JFLI.US,60,20251007,160000,50.92,50.98,50.92,50.9799,718,0
JFLI.US,60,20251007,180000,50.9,50.93,50.9,50.93,338,0
JFLI.US,60,20251007,220000,50.88,50.88,50.81,50.81,200,0
JFLI.US,60,20251008,160000,50.8612,50.8815,50.8612,50.875,650,0
JFLI.US,60,20251008,170000,50.875,50.875,50.875,50.875,109,0
JFLI.US,60,20251008,190000,50.935,50.935,50.935,50.935,150,0
JFLI.US,60,20251008,200000,50.8709,50.8836,50.8709,50.8836,596,0
JFLI.US,60,20251008,220000,50.97,50.97,50.97,50.97,119,0
JFLI.US,60,20251009,170000,50.81,50.82,50.81,50.82,503,0
JFLI.US,60,20251009,180000,50.8399,50.8399,50.8399,50.8399,100,0
JFLI.US,60,20251009,190000,50.83,50.83,50.83,50.83,100,0
JFLI.US,60,20251009,200000,50.81,50.81,50.75,50.75,434,0
JFLI.US,60,20251009,210000,50.75,50.79,50.75,50.7899,900,0
JFLI.US,60,20251009,220000,50.8276,50.8276,50.78,50.78,276,0
JFLI.US,60,20251010,160000,50.8,50.82,50.8,50.8101,5598,0
JFLI.US,60,20251010,170000,50.8415,50.8415,50.8,50.8,304,0
JFLI.US,60,20251010,180000,50.51,50.5345,50.5,50.5,2219,0
JFLI.US,60,20251010,190000,50.34,50.34,50.34,50.34,100,0
JFLI.US,60,20251010,200000,50.32,50.32,50.2001,50.2001,302,0
JFLI.US,60,20251010,210000,50.315,50.315,50.315,50.315,150,0
JFLI.US,60,20251010,220000,50.2,50.2001,50.1301,50.1301,627,0
JFLI.US,60,20251013,160000,50.37,50.48,50.37,50.44,800,0
JFLI.US,60,20251013,170000,50.4,50.4,50.4,50.4,100,0
JFLI.US,60,20251013,180000,50.49,50.49,50.44,50.44,398,0
JFLI.US,60,20251013,220000,50.49,50.4965,50.48,50.48,1093,0
JFLI.US,60,20251014,160000,50.1955,50.1955,50.1955,50.1955,199,0
JFLI.US,60,20251014,170000,50.2672,50.2672,50.25,50.25,598,0
JFLI.US,60,20251014,180000,50.4,50.5,50.4,50.5,425,0
JFLI.US,60,20251014,190000,50.5,50.5,50.5,50.5,709,0
JFLI.US,60,20251015,160000,50.72,50.7201,50.72,50.7201,2000,0
JFLI.US,60,20251015,170000,50.827,50.827,50.73,50.7301,8160,0
JFLI.US,60,20251015,200000,50.6,50.6,50.54,50.54,623,0
JFLI.US,60,20251016,160000,50.765,50.765,50.765,50.765,200,0
JFLI.US,60,20251016,210000,50.5,50.5,50.5,50.5,100,0
JFLI.US,60,20251017,160000,50.54,50.5491,50.54,50.54,300,0
JFLI.US,60,20251017,170000,50.56,50.56,50.56,50.56,100,0
JFLI.US,60,20251017,210000,50.6884,50.6884,50.6884,50.6884,254,0
JFLI.US,60,20251020,160000,50.9396,50.9396,50.875,50.875,200,0
JFLI.US,60,20251020,180000,50.98,50.98,50.98,50.98,500,0
JFLI.US,60,20251020,210000,50.981,50.981,50.9801,50.9801,1494,0
JFLI.US,60,20251021,190000,51.001,51.001,51.001,51.001,500,0
JFLI.US,60,20251021,220000,50.9826,50.9826,50.94,50.9826,633,0
JFLI.US,60,20251022,170000,50.85,50.92,50.85,50.92,764,0
JFLI.US,60,20251022,180000,50.88,50.88,50.88,50.88,494,0
JFLI.US,60,20251022,190000,50.82,50.82,50.82,50.82,100,0
JFLI.US,60,20251023,210000,51.07,51.07,51.07,51.07,100,0
JFLI.US,60,20251024,190000,51.28,51.28,51.28,51.28,100,0
JFLI.US,60,20251024,200000,51.28,51.28,51.28,51.28,156,0
JFLI.US,60,20251024,210000,51.23,51.2301,51.23,51.2301,1800,0
JFLI.US,60,20251024,220000,51.255,51.255,51.255,51.255,140,0
JFLI.US,60,20251027,160000,51.4788,51.4788,51.4788,51.4788,485,0
JFLI.US,60,20251027,170000,51.4416,51.4416,51.4416,51.4416,781,0
JFLI.US,60,20251027,200000,51.5015,51.5015,51.5015,51.5015,102,0
JFLI.US,60,20251028,150000,51.55,51.55,51.48,51.48,350,0
JFLI.US,60,20251028,160000,51.48,51.56,51.48,51.5599,1115,0
JFLI.US,60,20251028,170000,51.56,51.56,51.5,51.54,400,0
JFLI.US,60,20251028,190000,51.51,51.5599,51.49,51.5599,727,0
JFLI.US,60,20251029,150000,51.58,51.58,51.58,51.58,100,0
JFLI.US,60,20251029,160000,51.56,51.56,51.5599,51.5599,600,0
JFLI.US,60,20251029,170000,51.51,51.51,51.47,51.47,300,0
JFLI.US,60,20251029,180000,51.52,51.52,51.4607,51.4607,1550,0
JFLI.US,60,20251030,150000,51.2478,51.2672,51.2478,51.2672,340,0
JFLI.US,60,20251030,160000,51.24,51.2816,51.24,51.2816,446,0
JFLI.US,60,20251030,170000,51.3799,51.3799,51.3799,51.3799,200,0
JFLI.US,60,20251030,180000,51.3296,51.3296,51.3296,51.3296,143,0
JFLI.US,60,20251030,190000,51.315,51.315,51.315,51.315,143,0
JFLI.US,60,20251030,210000,51.28,51.28,51.28,51.28,132,0
JFLI.US,60,20251031,150000,51.2498,51.2498,51.2498,51.2498,125,0
JFLI.US,60,20251031,160000,51.2303,51.2303,51.2303,51.2303,500,0
JFLI.US,60,20251031,170000,51.21,51.2379,51.21,51.2379,200,0
JFLI.US,60,20251031,180000,51.22,51.24,51.22,51.24,5100,0
JFLI.US,60,20251031,190000,51.25,51.25,51.25,51.25,2200,0
JFLI.US,60,20251031,200000,51.26,51.28,51.26,51.28,500,0
JFLI.US,60,20251031,210000,51.29,51.2908,51.28,51.28,900,0
JFLI.US,60,20251103,170000,51.15,51.1501,51.12,51.13,600,0
JFLI.US,60,20251103,180000,51.1,51.11,51.1,51.11,441,0
JFLI.US,60,20251104,160000,50.9,50.9,50.9,50.9,160,0
JFLI.US,60,20251104,170000,51.008,51.008,51.008,51.008,235,0
JFLI.US,60,20251104,200000,50.9,50.9,50.9,50.9,3145,0
JFLI.US,60,20251104,210000,50.93,50.93,50.93,50.93,200,0
JFLI.US,60,20251105,170000,51.015,51.015,51.015,51.015,291,0
JFLI.US,60,20251105,190000,51.03,51.03,51.03,51.03,272,0
JFLI.US,60,20251106,160000,50.74,50.74,50.74,50.74,100,0
JFLI.US,60,20251106,170000,50.7,50.7,50.47,50.47,3000,0
JFLI.US,60,20251106,180000,50.4501,50.49,50.4101,50.4615,6174,0
JFLI.US,60,20251106,200000,50.47,50.4701,50.47,50.4701,400,0
JFLI.US,60,20251106,210000,50.6088,50.6088,50.6088,50.6088,152,0
JFLI.US,60,20251106,220000,50.575,50.62,50.4846,50.4846,2250,0
JFLI.US,60,20251107,160000,50.3,50.3,50.19,50.28,1375,0
JFLI.US,60,20251107,170000,50.34,50.34,50.3399,50.3399,200,0
JFLI.US,60,20251107,180000,50.26,50.26,50.26,50.26,100,0
JFLI.US,60,20251107,190000,50.19,50.19,50.19,50.19,100,0
JFLI.US,60,20251107,200000,50.29,50.35,50.29,50.29,400,0
JFLI.US,60,20251107,220000,50.449,50.449,50.449,50.449,100,0
JFLI.US,60,20251110,160000,50.91,50.91,50.91,50.91,100,0
JFLI.US,60,20251110,170000,50.8101,50.845,50.79,50.79,1752,0
JFLI.US,60,20251110,180000,50.78,50.78,50.78,50.78,100,0
JFLI.US,60,20251110,190000,50.8,50.82,50.8,50.82,2526,0
JFLI.US,60,20251110,210000,51.01,51.01,51.01,51.01,100,0
JFLI.US,60,20251111,160000,51.07,51.07,51.07,51.07,119,0
JFLI.US,60,20251111,170000,51.12,51.15,51.11,51.14,5218,0
JFLI.US,60,20251111,220000,51.33,51.33,51.33,51.33,100,0
JFLI.US,60,20251112,160000,51.5,51.5,51.3312,51.3312,714,0
JFLI.US,60,20251113,190000,51.295,51.295,51.05,51.05,230,0
JFLI.US,60,20251113,210000,51,51,51,51,100,0
JFLI.US,60,20251113,220000,50.9,50.9,50.9,50.9,100,0
JFLI.US,60,20251114,180000,50.79,50.86,50.79,50.85,1549,0
JFLI.US,60,20251114,220000,50.785,50.785,50.785,50.785,100,0
JFLI.US,60,20251117,160000,50.67,50.74,50.66,50.74,1116,0
JFLI.US,60,20251117,170000,50.74,50.74,50.73,50.73,400,0
JFLI.US,60,20251117,190000,50.695,50.695,50.695,50.695,100,0
JFLI.US,60,20251117,210000,50.51,50.52,50.414,50.414,550,0
JFLI.US,60,20251117,220000,50.38,50.66,50.34,50.66,51095,0
JFLI.US,60,20251118,160000,50.49,50.49,50.32,50.34,4930,0
JFLI.US,60,20251118,170000,50.33,50.33,50.24,50.26,2300,0
JFLI.US,60,20251118,180000,50.26,50.42,50.17,50.42,2714,0
JFLI.US,60,20251118,190000,50.42,50.43,50.415,50.43,2600,0
JFLI.US,60,20251118,220000,50.55,50.55,50.45,50.52,3945,0
JFLI.US,60,20251119,160000,50.54,50.54,50.54,50.54,200,0
JFLI.US,60,20251119,170000,50.6,50.6,50.6,50.6,200,0
JFLI.US,60,20251119,180000,50.45,50.46,50.42,50.43,1800,0
JFLI.US,60,20251119,190000,50.409,50.409,50.409,50.409,100,0
JFLI.US,60,20251119,210000,50.42,50.42,50.41,50.41,5081,0
JFLI.US,60,20251120,160000,50.8901,50.8901,50.8901,50.8901,296,0
JFLI.US,60,20251120,180000,50.695,50.695,50.495,50.495,325,0
JFLI.US,60,20251120,210000,50.03,50.03,50.03,50.03,100,0
JFLI.US,60,20251120,220000,50.16,50.2,50.0045,50.01,39520,0
JFLI.US,60,20251121,170000,49.86,49.9115,49.84,49.84,1400,0
JFLI.US,60,20251121,190000,50.285,50.285,50.26,50.26,945,0
JFLI.US,60,20251121,200000,50.2114,50.2114,50.2114,50.2114,102,0
JFLI.US,60,20251121,210000,50.45,50.57,50.45,50.57,1194,0
JFLI.US,60,20251121,220000,50.41,50.41,50.41,50.41,1900,0
JFLI.US,60,20251124,160000,50.46,50.4601,50.44,50.4401,1172,0
JFLI.US,60,20251124,170000,50.59,50.63,50.59,50.63,1238,0
JFLI.US,60,20251124,180000,50.8,50.8,50.7408,50.7408,296,0
JFLI.US,60,20251124,200000,50.8,50.8,50.8,50.8,200,0
JFLI.US,60,20251124,220000,50.86,50.86,50.86,50.86,606,0
JFLI.US,60,20251125,190000,51.05,51.05,51.05,51.05,150,0
JFLI.US,60,20251126,170000,51.3004,51.469,51.3004,51.469,687,0
JFLI.US,60,20251126,190000,51.46,51.46,51.46,51.46,625,0
JFLI.US,60,20251126,200000,51.455,51.455,51.455,51.455,122,0
JFLI.US,60,20251126,210000,51.4902,51.4902,51.4902,51.4902,109,0
JFLI.US,60,20251128,160000,51.57,51.63,51.57,51.5991,2879,0
JFLI.US,60,20251128,170000,51.59,51.59,51.59,51.59,134,0
JFLI.US,60,20251128,190000,51.6577,51.6577,51.6577,51.6577,122,0
JFLI.US,60,20251201,160000,51.5095,51.5095,51.5095,51.5095,194,0
JFLI.US,60,20251201,170000,51.6,51.6,51.6,51.6,200,0
JFLI.US,60,20251201,180000,51.64,51.64,51.64,51.64,100,0
JFLI.US,60,20251201,190000,51.6194,51.62,51.575,51.575,1090,0
JFLI.US,60,20251201,200000,51.6,51.69,51.6,51.69,2000,0
JFLI.US,60,20251201,210000,51.5999,51.5999,51.5999,51.5999,200,0
JFLI.US,60,20251201,220000,51.51,51.51,51.51,51.51,150,0
JFLI.US,60,20251202,170000,51.66,51.66,51.529,51.529,300,0
JFLI.US,60,20251202,190000,51.64,51.64,51.64,51.64,100,0
JFLI.US,60,20251203,160000,51.571,51.6,51.571,51.59,498,0
JFLI.US,60,20251203,170000,51.6,51.6195,51.6,51.6195,696,0
JFLI.US,60,20251203,220000,51.748,51.87,51.748,51.87,6498,0
JFLI.US,60,20251204,160000,51.495,51.495,51.44,51.4401,844,0
JFLI.US,60,20251205,170000,51.53,51.72,51.53,51.72,405,0
JFLI.US,60,20251205,180000,51.607,51.66,51.607,51.66,293,0
JFLI.US,60,20251205,210000,51.558,51.558,51.558,51.558,300,0
JFLI.US,60,20251205,220000,51.61,51.61,51.61,51.61,100,0
JFLI.US,60,20251208,160000,51.55,51.55,51.51,51.51,355,0
JFLI.US,60,20251208,170000,51.46,51.46,51.46,51.46,130,0
JFLI.US,60,20251208,200000,51.4644,51.4644,51.4,51.4,420,0
JFLI.US,60,20251208,220000,51.32,51.3556,51.32,51.33,1347,0
JFLI.US,60,20251209,160000,51.37,51.48,51.37,51.4799,454,0
JFLI.US,60,20251209,170000,51.35,51.405,51.35,51.372,700,0
JFLI.US,60,20251209,180000,51.38,51.38,51.38,51.38,100,0
JFLI.US,60,20251209,220000,51.35,51.35,51.32,51.32,771,0
JFLI.US,60,20251210,160000,51.135,51.26,51.135,51.18,13358,0
JFLI.US,60,20251210,170000,51.15,51.15,51.15,51.15,100,0
JFLI.US,60,20251210,180000,51.2,51.2,51.2,51.2,396,0
JFLI.US,60,20251210,220000,51.556,51.556,51.556,51.556,200,0
JFLI.US,60,20251211,170000,51.47,51.47,51.47,51.47,200,0
JFLI.US,60,20251211,180000,51.49,51.49,51.49,51.49,100,0
JFLI.US,60,20251211,190000,51.55,51.63,51.55,51.63,530,0
JFLI.US,60,20251211,200000,51.6238,51.7198,51.6238,51.7198,294,0
JFLI.US,60,20251211,210000,51.7196,51.7196,51.7196,51.7196,116,0
JFLI.US,60,20251211,220000,51.609,51.609,51.609,51.609,143,0
JFLI.US,60,20251212,160000,51.53,51.5335,51.5,51.5,494,0
JFLI.US,60,20251212,170000,51.47,51.47,51.3,51.3001,1060,0
JFLI.US,60,20251212,200000,51.301,51.36,51.3,51.301,2600,0
JFLI.US,60,20251212,210000,51.29,51.29,51.2,51.2,734,0
JFLI.US,60,20251215,170000,50.56,50.5749,50.53,50.5749,3056,0
JFLI.US,60,20251215,180000,50.5,50.5,50.5,50.5,100,0
JFLI.US,60,20251215,200000,50.5392,50.57,50.5392,50.5699,494,0
JFLI.US,60,20251215,210000,50.55,50.55,50.55,50.55,202,0
JFLI.US,60,20251215,220000,50.55,50.55,50.55,50.55,100,0
JFLI.US,60,20251216,180000,50.45,50.49,50.45,50.49,360,0
JFLI.US,60,20251216,190000,50.44,50.44,50.44,50.44,100,0
JFLI.US,60,20251216,210000,50.47,50.47,50.47,50.47,1367,0
JFLI.US,60,20251216,220000,50.47,50.47,50.47,50.47,100,0
JFLI.US,60,20251217,180000,50.3498,50.3498,50.3498,50.3498,192,0
JFLI.US,60,20251217,220000,50.17,50.17,50.17,50.17,1514,0
JFLI.US,60,20251218,180000,50.625,50.625,50.625,50.625,125,0
JFLI.US,60,20251218,190000,50.43,50.4882,50.43,50.4882,443,0
JFLI.US,60,20251218,200000,50.56,50.56,50.56,50.56,450,0
JFLI.US,60,20251219,180000,50.79,50.79,50.701,50.701,279,0
JFLI.US,60,20251219,190000,50.85,50.85,50.85,50.85,273,0
JFLI.US,60,20251219,200000,50.8143,50.8143,50.8143,50.8143,184,0
JFLI.US,60,20251222,160000,50.81,50.81,50.81,50.81,134,0
JFLI.US,60,20251222,170000,50.75,50.75,50.75,50.75,146,0
JFLI.US,60,20251222,220000,50.8116,50.8116,50.8116,50.8116,151,0
JFLI.US,60,20251223,180000,50.91,50.9101,50.91,50.9101,784,0
JFLI.US,60,20251223,200000,50.9301,50.9301,50.9301,50.9301,100,0
JFLI.US,60,20251223,220000,51.01,51.01,51.01,51.01,428,0
JFLI.US,60,20251224,180000,51.07,51.07,51.07,51.07,268,0
JFLI.US,60,20251226,220000,51.18,51.18,51.18,51.18,100,0
