<TICKER>,<PER>,<DATE>,<TIME>,<OPEN>,<HIGH>,<LOW>,<CLOSE>,<VOL>,<OPENINT>
JFLX.US,60,20250929,220000,50.18,50.1802,50.01,50.17,4629,0
JFLX.US,60,20250930,160000,50.2,50.2,50.2,50.2,1362,0
JFLX.US,60,20250930,170000,50.21,50.2793,50.085,50.2101,6209,0
JFLX.US,60,20250930,180000,50.26,50.26,50.18,50.215,849,0
JFLX.US,60,20250930,190000,50.18,50.23,50.06,50.23,1279,0
JFLX.US,60,20250930,200000,50.2352,50.24,50.02,50.2126,70376,0
JFLX.US,60,20250930,210000,50.2398,50.39,50.02,50.17,5220,0
JFLX.US,60,20250930,220000,50.215,50.23,50.18,50.215,19565,0
JFLX.US,60,20251001,160000,50.245,50.3094,50.245,50.275,5689,0
JFLX.US,60,20251001,170000,50.27,50.305,50.27,50.3,2215,0
JFLX.US,60,20251001,180000,50.3,50.394,50.22,50.28,17474,0
JFLX.US,60,20251001,190000,50.28,50.45,50.08,50.29,33531,0
JFLX.US,60,20251001,200000,50.3,50.308,50.2666,50.28,2242,0
JFLX.US,60,20251001,210000,50.28,50.33,50.28,50.3,53007,0
JFLX.US,60,20251001,220000,50.32,50.4,50.3,50.35,60374,0
JFLX.US,60,20251002,160000,50.2604,50.32,50.2604,50.31,3893,0
JFLX.US,60,20251002,170000,50.2615,50.3299,50.2615,50.29,1813,0
JFLX.US,60,20251002,180000,50.29,50.29,50.29,50.29,200,0
JFLX.US,60,20251002,190000,50.285,50.3399,50.25,50.3392,8959,0
JFLX.US,60,20251002,200000,50.3001,50.3571,50.3001,50.3571,859,0
JFLX.US,60,20251002,210000,50.3037,50.3372,50.3037,50.3372,1415,0
JFLX.US,60,20251002,220000,50.33,50.3593,50.1301,50.3334,15149,0
JFLX.US,60,20251003,160000,50.31,50.3118,50.3,50.31,5328,0
JFLX.US,60,20251003,170000,50.31,50.35,50.245,50.245,1943,0
JFLX.US,60,20251003,180000,50.2903,50.36,50.2903,50.34,3181,0
JFLX.US,60,20251003,190000,50.335,50.335,50.3,50.335,1376,0
JFLX.US,60,20251003,200000,50.33,50.33,50.18,50.27,5215,0
JFLX.US,60,20251003,210000,50.305,50.3299,50.2701,50.2701,4600,0
JFLX.US,60,20251003,220000,50.305,50.3385,50.27,50.271,10305,0
JFLX.US,60,20251006,160000,50.23,50.2892,50.21,50.2892,5361,0
JFLX.US,60,20251006,170000,50.245,50.28,50.24,50.26,5229,0
JFLX.US,60,20251006,180000,50.2525,50.3,50.2201,50.2999,2277,0
JFLX.US,60,20251006,190000,50.28,50.28,50.2275,50.2585,10379,0
JFLX.US,60,20251006,200000,50.29,50.45,50.22,50.29,20474,0
JFLX.US,60,20251006,210000,50.23,50.32,50.23,50.2714,8917,0
JFLX.US,60,20251006,220000,50.275,50.3093,50.2407,50.275,5613,0
JFLX.US,60,20251007,160000,50.27,50.29,50.27,50.29,2205,0
JFLX.US,60,20251007,170000,50.29,50.295,50.2201,50.2201,1705,0
JFLX.US,60,20251007,180000,50.245,50.2479,50.245,50.2479,306,0
JFLX.US,60,20251007,190000,50.2498,50.25,50.2235,50.242,8249,0
JFLX.US,60,20251007,200000,50.25,50.2589,50.2259,50.2589,1968,0
JFLX.US,60,20251007,210000,50.2588,50.26,50.2274,50.25,7381,0
JFLX.US,60,20251007,220000,50.22,50.2599,50.15,50.25,121884,0
JFLX.US,60,20251008,160000,50.21,50.21,50.05,50.1491,4718,0
JFLX.US,60,20251008,170000,50.145,50.24,50.05,50.24,13805,0
JFLX.US,60,20251008,180000,50.23,50.244,50.201,50.201,639,0
JFLX.US,60,20251008,190000,50.245,50.2799,50.2119,50.2799,4461,0
JFLX.US,60,20251008,200000,50.21,50.32,50.21,50.24,19464,0
JFLX.US,60,20251008,210000,50.2313,50.26,50.227,50.23,3672,0
JFLX.US,60,20251008,220000,50.221,50.2301,50.2,50.23,3542,0
JFLX.US,60,20251009,160000,50.1917,50.2593,50.16,50.1901,7660,0
JFLX.US,60,20251009,170000,50.2101,50.215,50.16,50.1601,3109,0
JFLX.US,60,20251009,180000,50.205,50.205,50.17,50.1701,1568,0
JFLX.US,60,20251009,190000,50.2,50.25,50.17,50.25,10466,0
JFLX.US,60,20251009,200000,50.25,50.275,50.17,50.195,2790,0
JFLX.US,60,20251009,210000,50.195,50.2065,50.17,50.2065,25260,0
JFLX.US,60,20251009,220000,50.18,50.2,50.15,50.2,4447,0
JFLX.US,60,20251010,160000,50.2691,50.2691,50.2691,50.2691,642,0
JFLX.US,60,20251010,170000,50.2391,50.2391,50.191,50.191,9360,0
JFLX.US,60,20251010,180000,50.1845,50.1845,50.131,50.131,1068,0
JFLX.US,60,20251010,190000,50.1101,50.22,50.1045,50.1501,11795,0
JFLX.US,60,20251010,200000,50.1152,50.16,50.09,50.1,5484,0
JFLX.US,60,20251010,210000,50.1355,50.16,50.09,50.09,2881,0
JFLX.US,60,20251010,220000,50.1033,50.1399,50.07,50.1,533,0
JFLX.US,60,20251013,160000,50.15,50.225,50.15,50.19,9495,0
JFLX.US,60,20251013,170000,50.1643,50.17,50.12,50.1548,13152,0
JFLX.US,60,20251013,180000,50.155,50.245,50.13,50.245,4810,0
JFLX.US,60,20251013,190000,50.18,50.22,50.18,50.22,1000,0
JFLX.US,60,20251013,200000,50.22,50.22,50.181,50.19,1413,0
JFLX.US,60,20251013,210000,50.26,50.265,50.2,50.205,1964,0
JFLX.US,60,20251013,220000,50.205,50.21,50.1993,50.21,1712,0
JFLX.US,60,20251014,160000,50.1628,50.1749,50.1506,50.1749,2500,0
JFLX.US,60,20251014,170000,50.155,50.22,50.155,50.22,7100,0
JFLX.US,60,20251014,180000,50.205,50.21,50.1926,50.21,854,0
JFLX.US,60,20251014,190000,50.2201,50.29,50.2201,50.28,4789,0
JFLX.US,60,20251014,200000,50.29,50.3,50.27,50.285,18199,0
JFLX.US,60,20251014,210000,50.29,50.3,50.2101,50.29,13376,0
JFLX.US,60,20251014,220000,50.29,50.44,50.26,50.3,7015,0
JFLX.US,60,20251015,160000,50.38,50.44,50.37,50.3909,8265,0
JFLX.US,60,20251015,170000,50.3903,50.41,50.39,50.405,1478,0
JFLX.US,60,20251015,180000,50.4,50.425,50.36,50.36,5147,0
JFLX.US,60,20251015,190000,50.37,50.3897,50.37,50.37,6035,0
JFLX.US,60,20251015,200000,50.365,50.365,50.33,50.3503,1539,0
JFLX.US,60,20251015,210000,50.37,50.38,50.37,50.38,425,0
JFLX.US,60,20251015,220000,50.3641,50.39,50.36,50.39,6237,0
JFLX.US,60,20251016,160000,50.41,50.48,50.395,50.4077,7635,0
JFLX.US,60,20251016,170000,50.405,50.42,50.4049,50.42,3500,0
JFLX.US,60,20251016,180000,50.43,50.43,50.4107,50.42,2571,0
JFLX.US,60,20251016,190000,50.46,50.46,50.39,50.4,22858,0
JFLX.US,60,20251016,200000,50.4,50.42,50.34,50.405,256890,0
JFLX.US,60,20251016,210000,50.3901,50.3999,50.32,50.38,11539,0
JFLX.US,60,20251016,220000,50.41,50.41,50.3733,50.4,7965,0
JFLX.US,60,20251017,160000,50.39,50.42,50.39,50.4199,1702,0
JFLX.US,60,20251017,170000,50.4032,50.41,50.4001,50.4001,11984,0
JFLX.US,60,20251017,180000,50.405,50.415,50.4,50.4,1790,0
JFLX.US,60,20251017,190000,50.42,50.4299,50.4,50.41,8607,0
JFLX.US,60,20251017,200000,50.413,50.413,50.4,50.41,7570,0
JFLX.US,60,20251017,210000,50.4,50.425,50.35,50.415,9548,0
JFLX.US,60,20251017,220000,50.4165,50.4274,50.4165,50.4177,2698,0
JFLX.US,60,20251020,170000,50.4613,50.4868,50.4601,50.485,1521,0
JFLX.US,60,20251020,180000,50.485,50.5,50.4707,50.49,20219,0
JFLX.US,60,20251020,190000,50.485,50.49,50.47,50.47,8787,0
JFLX.US,60,20251020,200000,50.49,50.4998,50.4885,50.4998,774,0
JFLX.US,60,20251020,210000,50.4803,50.4934,50.47,50.47,7787,0
JFLX.US,60,20251020,220000,50.4971,50.51,50.4971,50.51,310,0
JFLX.US,60,20251021,160000,50.5229,50.5229,50.5229,50.5229,272,0
JFLX.US,60,20251021,170000,50.515,50.5267,50.515,50.515,678,0
JFLX.US,60,20251021,180000,50.525,50.54,50.5101,50.52,4300,0
JFLX.US,60,20251021,190000,50.52,50.52,50.5005,50.503,1139,0
JFLX.US,60,20251021,200000,50.5088,50.5155,50.45,50.505,20397,0
JFLX.US,60,20251021,210000,50.505,50.508269,50.47,50.4905,4550,0
JFLX.US,60,20251021,220000,50.48,50.5055,50.48,50.49,3582,0
JFLX.US,60,20251022,160000,50.48,50.4817,50.48,50.4815,1498,0
JFLX.US,60,20251022,170000,50.4732,50.4732,50.457,50.457,1163,0
JFLX.US,60,20251022,180000,50.4664,50.4682,50.44,50.4614,5715,0
JFLX.US,60,20251022,190000,50.4407,50.45,50.44,50.44,1133,0
JFLX.US,60,20251022,200000,50.455,50.49,50.42,50.4387,11405,0
JFLX.US,60,20251022,210000,50.441809,50.46,50.43,50.455,7743,0
JFLX.US,60,20251022,220000,50.44,50.4799,50.44,50.4684,2566,0
JFLX.US,60,20251023,160000,50.48,50.5,50.48,50.49,3602,0
JFLX.US,60,20251023,170000,50.48,50.495,50.47,50.4759,22986,0
JFLX.US,60,20251023,180000,50.4703,50.475,50.4401,50.4701,9764,0
JFLX.US,60,20251023,190000,50.48,50.5093,50.4775,50.5093,17202,0
JFLX.US,60,20251023,200000,50.4804,50.51,50.4803,50.505,6226,0
JFLX.US,60,20251023,210000,50.4974,50.505,50.49,50.49,2342,0
JFLX.US,60,20251023,220000,50.5198,50.5397,50.48,50.5001,19873,0
JFLX.US,60,20251024,160000,50.57,50.5799,50.57,50.5799,1700,0
JFLX.US,60,20251024,170000,50.565,50.5792,50.55,50.55,15436,0
JFLX.US,60,20251024,180000,50.5628,50.57,50.54,50.54,36316,0
JFLX.US,60,20251024,190000,50.56,50.5677,50.557,50.563,1528,0
JFLX.US,60,20251024,200000,50.5699,50.58,50.55,50.5509,9484,0
JFLX.US,60,20251024,210000,50.55,50.5799,50.55,50.5799,7694,0
JFLX.US,60,20251024,220000,50.5605,50.58,50.5001,50.565,9993,0
JFLX.US,60,20251027,150000,50.57,50.57,50.57,50.57,100,0
JFLX.US,60,20251027,160000,50.5799,50.5799,50.56,50.56,1974,0
JFLX.US,60,20251027,170000,50.57,50.5777,50.56,50.57,10485,0
JFLX.US,60,20251027,180000,50.57,50.58,50.57,50.5741,12723,0
JFLX.US,60,20251027,190000,50.575,50.5782,50.56,50.57,14081,0
JFLX.US,60,20251027,200000,50.5759,50.5799,50.57,50.5752,3146,0
JFLX.US,60,20251027,210000,50.575,50.59,50.5701,50.59,4115,0
JFLX.US,60,20251028,150000,50.635,50.635,50.6191,50.6191,1005,0
JFLX.US,60,20251028,160000,50.61,50.62,50.6,50.62,1715,0
JFLX.US,60,20251028,170000,50.62,50.68,50.6101,50.62,9998,0
JFLX.US,60,20251028,180000,50.6189,50.6399,50.6189,50.6399,1010,0
JFLX.US,60,20251028,190000,50.675,50.675,50.61,50.61,6314,0
JFLX.US,60,20251028,200000,50.61,50.64,50.61,50.625,7899,0
JFLX.US,60,20251028,210000,50.6326,50.64,50.6203,50.63,7338,0
JFLX.US,60,20251029,150000,50.6243,50.6243,50.6243,50.6243,193,0
JFLX.US,60,20251029,160000,50.625,50.625,50.615,50.615,3691,0
JFLX.US,60,20251029,170000,50.612752,50.63,50.59,50.59,8519,0
JFLX.US,60,20251029,180000,50.585,50.59,50.5829,50.5829,2171,0
JFLX.US,60,20251029,190000,50.5865,50.5865,50.585,50.585,5060,0
JFLX.US,60,20251029,200000,50.5855,50.5855,50.51,50.5101,432,0
JFLX.US,60,20251029,210000,50.5288,50.5497,50.5288,50.5374,3276,0
JFLX.US,60,20251030,150000,50.4793,50.4793,50.47,50.47,20099,0
JFLX.US,60,20251030,160000,50.4801,50.5,50.4801,50.5,633,0
JFLX.US,60,20251030,170000,50.5299,50.5299,50.5,50.5,7234,0
JFLX.US,60,20251030,180000,50.515,50.515,50.51,50.51,1145,0
JFLX.US,60,20251030,190000,50.51,50.51,50.5089,50.51,1248,0
JFLX.US,60,20251030,200000,50.5088,50.51,50.38,50.48,141493,0
JFLX.US,60,20251030,210000,50.4651,50.47,50.4626,50.47,2908,0
JFLX.US,60,20251031,160000,50.4832,50.4832,50.4832,50.4832,492,0
JFLX.US,60,20251031,170000,50.4987,50.4987,50.47,50.47,17191,0
JFLX.US,60,20251031,180000,50.4588,50.48,50.39,50.46,29001,0
JFLX.US,60,20251031,190000,50.46,50.46,50.43,50.445,33735,0
JFLX.US,60,20251031,200000,50.46,50.4699,50.44,50.4532,9866,0
JFLX.US,60,20251031,210000,50.44,50.4799,50.44,50.45,10470,0
JFLX.US,60,20251103,160000,50.27,50.28,50.2635,50.2635,1727,0
JFLX.US,60,20251103,170000,50.27,50.27,50.24,50.2402,2954,0
JFLX.US,60,20251103,180000,50.255,50.2598,50.24,50.2475,5098,0
JFLX.US,60,20251103,190000,50.26,50.2634,50.24,50.25,8967,0
JFLX.US,60,20251103,200000,50.2575,50.2797,50.25,50.25,8985,0
JFLX.US,60,20251103,210000,50.25,50.28,50.25,50.27,5331,0
JFLX.US,60,20251103,220000,50.27,50.28,50.2577,50.275,18390,0
JFLX.US,60,20251104,160000,50.255,50.265,50.24,50.265,1592,0
JFLX.US,60,20251104,170000,50.25,50.2799,50.24,50.26,13733,0
JFLX.US,60,20251104,180000,50.25,50.28,50.25,50.28,9065,0
JFLX.US,60,20251104,190000,50.2503,50.265,50.24,50.245,3381,0
JFLX.US,60,20251104,200000,50.2301,50.25,50.23,50.23,7406,0
JFLX.US,60,20251104,210000,50.2597,50.26,50.22,50.2295,22266,0
JFLX.US,60,20251104,220000,50.225,50.245,50.225,50.23,7174,0
JFLX.US,60,20251105,160000,50.261,50.261,50.261,50.261,239,0
JFLX.US,60,20251105,170000,50.26,50.27,50.24,50.25,3716,0
JFLX.US,60,20251105,180000,50.2435,50.28,50.2435,50.25,8602,0
JFLX.US,60,20251105,190000,50.255,50.28,50.255,50.28,3464,0
JFLX.US,60,20251105,200000,50.2635,50.2635,50.2635,50.2635,171,0
JFLX.US,60,20251105,210000,50.27,50.27,50.259,50.259,2060,0
JFLX.US,60,20251105,220000,50.2691,50.285,50.2535,50.26,5835,0
JFLX.US,60,20251106,160000,50.29,50.29,50.29,50.29,100,0
JFLX.US,60,20251106,170000,50.28,50.2999,50.27,50.27,14934,0
JFLX.US,60,20251106,180000,50.2732,50.2793,50.269,50.27,13056,0
JFLX.US,60,20251106,190000,50.29,50.29,50.2702,50.285,4559,0
JFLX.US,60,20251106,200000,50.285,50.31,50.285,50.31,1855,0
JFLX.US,60,20251106,210000,50.31,50.31,50.2901,50.305,5442,0
JFLX.US,60,20251106,220000,50.305,50.315,50.27,50.3,5632,0
JFLX.US,60,20251107,160000,50.2598,50.2598,50.2407,50.245,2986,0
JFLX.US,60,20251107,170000,50.27,50.2715,50.2601,50.265,5300,0
JFLX.US,60,20251107,180000,50.2662,50.285,50.2601,50.27,14219,0
JFLX.US,60,20251107,190000,50.2699,50.28,50.265,50.28,2586,0
JFLX.US,60,20251107,200000,50.28,50.29,50.28,50.29,4701,0
JFLX.US,60,20251107,210000,50.295,50.33,50.295,50.33,2239,0
JFLX.US,60,20251107,220000,50.33,50.33,50.3121,50.315,6406,0
JFLX.US,60,20251110,160000,50.331,50.331,50.331,50.331,179,0
JFLX.US,60,20251110,170000,50.33,50.37,50.33,50.335,10799,0
JFLX.US,60,20251110,180000,50.3298,50.36,50.3211,50.33,5549,0
JFLX.US,60,20251110,190000,50.33,50.33,50.33,50.33,428,0
JFLX.US,60,20251110,200000,50.339,50.39,50.336,50.39,4703,0
JFLX.US,60,20251110,210000,50.365,50.38,50.35,50.36,3858,0
JFLX.US,60,20251110,220000,50.37,50.385,50.3589,50.385,8762,0
JFLX.US,60,20251111,160000,50.35,50.35,50.3402,50.3402,209,0
JFLX.US,60,20251111,170000,50.355,50.355,50.3401,50.3401,2801,0
JFLX.US,60,20251111,180000,50.355,50.37,50.355,50.3601,7292,0
JFLX.US,60,20251111,190000,50.3617,50.3829,50.3617,50.38,10388,0
JFLX.US,60,20251111,200000,50.38,50.39,50.38,50.385736,2572,0
JFLX.US,60,20251111,210000,50.3802,50.39,50.37,50.38,5749,0
JFLX.US,60,20251111,220000,50.389,50.3999,50.34,50.385,4102,0
JFLX.US,60,20251112,160000,50.39,50.44,50.3882,50.44,2802,0
JFLX.US,60,20251112,170000,50.38,50.3899,50.38,50.3899,2494,0
JFLX.US,60,20251112,180000,50.385,50.39,50.38,50.38,9749,0
JFLX.US,60,20251112,190000,50.38,50.4,50.38,50.39,3190,0
JFLX.US,60,20251112,200000,50.395,50.395,50.395,50.395,900,0
JFLX.US,60,20251112,210000,50.3999,50.41,50.395,50.395,2331,0
JFLX.US,60,20251112,220000,50.395,50.3958,50.394,50.395,2200,0
JFLX.US,60,20251113,160000,50.34,50.34,50.3185,50.3185,3561,0
JFLX.US,60,20251113,170000,50.33,50.36,50.32,50.33,14300,0
JFLX.US,60,20251113,180000,50.33,50.36,50.325,50.325,3551,0
JFLX.US,60,20251113,190000,50.3271,50.34,50.3201,50.325,2561,0
JFLX.US,60,20251113,200000,50.325,50.325,50.29,50.29,49444,0
JFLX.US,60,20251113,210000,50.295,50.2955,50.295,50.295,490,0
JFLX.US,60,20251113,220000,50.28,50.305,50.25,50.305,25837,0
JFLX.US,60,20251114,160000,50.2767,50.2899,50.27,50.2899,3248,0
JFLX.US,60,20251114,170000,50.2838,50.2901,50.26,50.2901,1962,0
JFLX.US,60,20251114,180000,50.301,50.301,50.29,50.3,744,0
JFLX.US,60,20251114,190000,50.29,50.2995,50.2701,50.285,14195,0
JFLX.US,60,20251114,200000,50.2898,50.29,50.2843,50.285,979,0
JFLX.US,60,20251114,210000,50.28,50.2893,50.275,50.275,3225,0
JFLX.US,60,20251114,220000,50.275,50.28,50.27,50.27,7402,0
JFLX.US,60,20251117,160000,50.24,50.63,50.24,50.26,10743,0
JFLX.US,60,20251117,170000,50.24,50.25,50.23,50.23,3041,0
JFLX.US,60,20251117,180000,50.23,50.26,50.23,50.25,3222,0
JFLX.US,60,20251117,190000,50.2501,50.2621,50.23,50.23,4597,0
JFLX.US,60,20251117,200000,50.23,50.23,50.2208,50.225,3173,0
JFLX.US,60,20251117,210000,50.2218,50.2218,50.191,50.191,1914,0
JFLX.US,60,20251117,220000,50.185,50.2099,50.185,50.205,6490,0
JFLX.US,60,20251118,160000,50.23,50.57,50.22,50.26,10219,0
JFLX.US,60,20251118,170000,50.227,50.231473,50.22,50.22,3044,0
JFLX.US,60,20251118,180000,50.2297,50.2297,50.2101,50.22,2617,0
JFLX.US,60,20251118,190000,50.23,50.23,50.2299,50.23,1317,0
JFLX.US,60,20251118,200000,50.23,50.2499,50.23,50.2493,5209,0
JFLX.US,60,20251118,210000,50.245,50.26,50.2301,50.25,3046,0
JFLX.US,60,20251118,220000,50.25,50.26,50.25,50.26,3520,0
JFLX.US,60,20251119,160000,50.26,50.2799,50.2572,50.2607,3479,0
JFLX.US,60,20251119,170000,50.26,50.26,50.26,50.26,148,0
JFLX.US,60,20251119,180000,50.24,50.2491,50.24,50.2465,2115,0
JFLX.US,60,20251119,190000,50.25,50.25,50.2301,50.24,6381,0
JFLX.US,60,20251119,200000,50.2301,50.26,50.2301,50.2302,9048,0
JFLX.US,60,20251119,210000,50.24,50.24,50.21,50.2299,4048,0
JFLX.US,60,20251119,220000,50.22,50.25,50.22,50.2432,7798,0
JFLX.US,60,20251120,160000,50.3,50.31,50.2901,50.31,2041,0
JFLX.US,60,20251120,170000,50.29,50.29,50.29,50.29,200,0
JFLX.US,60,20251120,180000,50.2814,50.2814,50.24,50.24,806,0
JFLX.US,60,20251120,190000,50.22,50.2312,50.19,50.2216,73172,0
JFLX.US,60,20251120,200000,50.21,50.22,50.15,50.19,64068,0
JFLX.US,60,20251120,210000,50.1801,50.2031,50.15,50.2031,124761,0
JFLX.US,60,20251120,220000,50.2,50.44,50.16,50.1816,52567,0
JFLX.US,60,20251121,160000,50.27,50.27,50.2598,50.26,398,0
JFLX.US,60,20251121,170000,50.25,50.25,50.2,50.23,10660,0
JFLX.US,60,20251121,180000,50.23,50.24,50.22,50.2365,36445,0
JFLX.US,60,20251121,190000,50.235,50.2386,50.21,50.23,30417,0
JFLX.US,60,20251121,200000,50.23,50.2665,50.19,50.2665,29510,0
JFLX.US,60,20251121,210000,50.275,50.29,50.275,50.2899,798,0
JFLX.US,60,20251121,220000,50.2801,50.32,50.2691,50.2691,9456,0
JFLX.US,60,20251124,160000,50.31,50.323,50.31,50.323,1237,0
JFLX.US,60,20251124,170000,50.32,50.32,50.32,50.32,1336,0
JFLX.US,60,20251124,180000,50.32,50.34,50.28,50.33,13717,0
JFLX.US,60,20251124,190000,50.321,50.3416,50.31,50.3416,6655,0
JFLX.US,60,20251124,200000,50.33,50.3499,50.33,50.34,2786,0
JFLX.US,60,20251124,210000,50.34,50.3479,50.33,50.335,2028,0
JFLX.US,60,20251124,220000,50.35,50.38,50.33,50.34,15075,0
JFLX.US,60,20251125,160000,50.36,50.36,50.36,50.36,2828,0
JFLX.US,60,20251125,170000,50.36,50.36,50.34,50.3499,3494,0
JFLX.US,60,20251125,180000,50.345,50.37,50.345,50.3642,6483,0
JFLX.US,60,20251125,190000,50.3792,50.4536,50.37,50.4536,61056,0
JFLX.US,60,20251125,200000,50.39,50.42,50.39,50.4,12240,0
JFLX.US,60,20251125,210000,50.3986,50.3986,50.39,50.39,205,0
JFLX.US,60,20251125,220000,50.39,50.43,50.37,50.39,16859,0
JFLX.US,60,20251126,160000,50.449,50.449,50.449,50.449,181,0
JFLX.US,60,20251126,170000,50.435,50.4502,50.43,50.45,1677,0
JFLX.US,60,20251126,180000,50.46,50.47,50.45,50.45,3368,0
JFLX.US,60,20251126,190000,50.45,50.48,50.44,50.47,35055,0
JFLX.US,60,20251126,200000,50.465,50.485,50.46,50.46,4525,0
JFLX.US,60,20251126,210000,50.46,50.5,50.45,50.45,8770,0
JFLX.US,60,20251126,220000,50.45,50.47,50.44,50.455,11209,0
JFLX.US,60,20251128,160000,50.5,50.55,50.5,50.5003,837,0
JFLX.US,60,20251128,170000,50.5072,50.51,50.5,50.5041,4777,0
JFLX.US,60,20251128,180000,50.505,50.51,50.5,50.51,7054,0
JFLX.US,60,20251128,190000,50.515,50.54,50.51,50.52,1735,0
JFLX.US,60,20251201,160000,50.2214,50.23,50.21,50.224428,2790,0
JFLX.US,60,20251201,170000,50.22,50.22,50.204,50.22,13816,0
JFLX.US,60,20251201,180000,50.22,50.22,50.2,50.2,2018,0
JFLX.US,60,20251201,190000,50.21,50.22,50.2,50.2095,1777,0
JFLX.US,60,20251201,200000,50.23,50.2396,50.22,50.2224,2543,0
JFLX.US,60,20251201,210000,50.225,50.28,50.2135,50.215,3024,0
JFLX.US,60,20251201,220000,50.22,50.25,50.13,50.207,92407,0
JFLX.US,60,20251202,160000,50.2481,50.2481,50.2481,50.2481,253,0
JFLX.US,60,20251202,170000,50.2621,50.31,50.26,50.27,13627,0
JFLX.US,60,20251202,180000,50.275,50.29,50.275,50.285,1769,0
JFLX.US,60,20251202,190000,50.29,50.29,50.275,50.275,3152,0
JFLX.US,60,20251202,200000,50.28,50.29,50.27,50.28,7396,0
JFLX.US,60,20251202,210000,50.28,50.305,50.28,50.305,5132,0
JFLX.US,60,20251202,220000,50.309,50.32,50.2949,50.3099,8952,0
JFLX.US,60,20251203,160000,50.31,50.32,50.31,50.3199,4531,0
JFLX.US,60,20251203,170000,50.3071,50.34,50.3071,50.325,2214,0
JFLX.US,60,20251203,180000,50.325,50.369,50.325,50.35,4200,0
JFLX.US,60,20251203,190000,50.37,50.37,50.33,50.34,8380,0
JFLX.US,60,20251203,200000,50.35,50.389,50.31,50.35,9762,0
JFLX.US,60,20251203,210000,50.35,50.361,50.34,50.36,16317,0
JFLX.US,60,20251203,220000,50.3699,50.37,50.35,50.355,2470,0
JFLX.US,60,20251204,160000,50.33,50.34,50.31,50.31,7285,0
JFLX.US,60,20251204,170000,50.32,50.32,50.3,50.315,9541,0
JFLX.US,60,20251204,180000,50.3141,50.33,50.3141,50.318,3911,0
JFLX.US,60,20251204,190000,50.31,50.3299,50.31,50.32,13669,0
JFLX.US,60,20251204,200000,50.32,50.32,50.31,50.31,748,0
JFLX.US,60,20251204,210000,50.315,50.32,50.3,50.3,6341,0
JFLX.US,60,20251204,220000,50.305,50.34,50.3001,50.34,4238,0
JFLX.US,60,20251205,170000,50.31,50.3576,50.31,50.3576,820,0
JFLX.US,60,20251205,180000,50.315,50.315,50.27,50.2932,4722,0
JFLX.US,60,20251205,190000,50.2817,50.2817,50.25,50.28,2924,0
JFLX.US,60,20251205,200000,50.2842,50.29,50.27,50.28,1527,0
JFLX.US,60,20251205,210000,50.28,50.29,50.27,50.28,12749,0
JFLX.US,60,20251205,220000,50.289,50.295,50.27,50.28,4111,0
JFLX.US,60,20251208,160000,50.27,50.27,50.25,50.25,207,0
JFLX.US,60,20251208,170000,50.25,50.25,50.21,50.21,2900,0
JFLX.US,60,20251208,180000,50.2198,50.2198,50.21,50.21,1150,0
JFLX.US,60,20251208,190000,50.2,50.23,50.2,50.2101,10989,0
JFLX.US,60,20251208,200000,50.23,50.24,50.2135,50.2135,687,0
JFLX.US,60,20251208,210000,50.2,50.26,50.2,50.22,7729,0
JFLX.US,60,20251208,220000,50.23,50.2599,50.21,50.229,7037,0
JFLX.US,60,20251209,160000,50.19,50.2,50.19,50.1901,983,0
JFLX.US,60,20251209,170000,50.169,50.18,50.1501,50.165,7632,0
JFLX.US,60,20251209,180000,50.18,50.19,50.16,50.19,8558,0
JFLX.US,60,20251209,190000,50.19,50.19,50.17,50.177,8469,0
JFLX.US,60,20251209,200000,50.18,50.18,50.12,50.16,7135,0
JFLX.US,60,20251209,210000,50.15,50.1699,50.15,50.1552,1908,0
JFLX.US,60,20251209,220000,50.16,50.2,50.1529,50.165,6328,0
JFLX.US,60,20251210,160000,50.16,50.16,50.16,50.16,100,0
JFLX.US,60,20251210,170000,50.17,50.18,50.159,50.165,5576,0
JFLX.US,60,20251210,180000,50.17,50.1819,50.17,50.17,3808,0
JFLX.US,60,20251210,190000,50.17,50.186,50.17,50.18,9953,0
JFLX.US,60,20251210,200000,50.179,50.19,50.16,50.16,3783,0
JFLX.US,60,20251210,210000,50.195,50.2599,50.151,50.22,20207,0
JFLX.US,60,20251210,220000,50.22,50.502,50.16,50.29,393171,0
JFLX.US,60,20251211,160000,50.2471,50.26,50.2401,50.245,6470,0
JFLX.US,60,20251211,170000,50.245,50.29,50.245,50.255,16936,0
JFLX.US,60,20251211,180000,50.255,50.27,50.25,50.255,7512,0
JFLX.US,60,20251211,190000,50.25,50.26,50.25,50.26,10992,0
JFLX.US,60,20251211,200000,50.26,50.2795,50.26,50.2795,8181,0
JFLX.US,60,20251211,210000,50.28,50.29,50.24,50.24,32405,0
JFLX.US,60,20251211,220000,50.25,50.2744,50.2374,50.24,10539,0
JFLX.US,60,20251212,160000,50.21,50.21,50.21,50.21,525,0
JFLX.US,60,20251212,170000,50.21,50.22,50.2,50.2,4455,0
JFLX.US,60,20251212,180000,50.19,50.2,50.19,50.2,10248,0
JFLX.US,60,20251212,190000,50.1909,50.201,50.19,50.2,4139,0
JFLX.US,60,20251212,200000,50.2,50.22,50.2,50.22,8539,0
JFLX.US,60,20251212,210000,50.22,50.57,50.2,50.23,47176,0
JFLX.US,60,20251212,220000,50.22,50.26,50.22,50.25,22705,0
JFLX.US,60,20251215,160000,50.28,50.28,50.2631,50.27,2635,0
JFLX.US,60,20251215,170000,50.285,50.31,50.2699,50.29,12697,0
JFLX.US,60,20251215,180000,50.29,50.32,50.28,50.3,4974,0
JFLX.US,60,20251215,190000,50.29,50.3,50.2844,50.3,3975,0
JFLX.US,60,20251215,200000,50.295,50.295,50.28,50.28,2197,0
JFLX.US,60,20251215,210000,50.28,50.28,50.26,50.265,6144,0
JFLX.US,60,20251215,220000,50.265,50.28,50.26,50.27,185228,0
JFLX.US,60,20251216,160000,50.24,50.28,50.23,50.28,5014,0
JFLX.US,60,20251216,170000,50.27,50.27,50.25,50.26,10866,0
JFLX.US,60,20251216,180000,50.255,50.295,50.25,50.27,25510,0
JFLX.US,60,20251216,190000,50.28,50.2899,50.27,50.27,7172,0
JFLX.US,60,20251216,200000,50.265,50.29,50.25,50.29,4886,0
JFLX.US,60,20251216,210000,50.275,50.29,50.23,50.28,8405,0
JFLX.US,60,20251216,220000,50.28,50.29,50.24,50.28,81840,0
JFLX.US,60,20251217,160000,50.2796,50.31,50.26,50.31,9683,0
JFLX.US,60,20251217,170000,50.2902,50.32,50.26,50.3,29435,0
JFLX.US,60,20251217,180000,50.28,50.295,50.2554,50.29,4766,0
JFLX.US,60,20251217,190000,50.2844,50.33,50.27,50.28,2495,0
JFLX.US,60,20251217,200000,50.28,50.29,50.26,50.26,5145,0
JFLX.US,60,20251217,210000,50.2401,50.27,50.2401,50.27,3765,0
JFLX.US,60,20251217,220000,50.25,50.3,50.2432,50.28,271023,0
JFLX.US,60,20251218,160000,50.35,50.36,50.34,50.35,7955,0
JFLX.US,60,20251218,170000,50.35,50.3619,50.32,50.3619,13933,0
JFLX.US,60,20251218,180000,50.35,50.3663,50.3301,50.3301,27249,0
JFLX.US,60,20251218,190000,50.3299,50.33,50.3,50.33,3170,0
JFLX.US,60,20251218,200000,50.32,50.33,50.32,50.33,2583,0
JFLX.US,60,20251218,210000,50.3258,50.33,50.32,50.325,5164,0
JFLX.US,60,20251218,220000,50.325,50.61,50.325,50.35,27585,0
JFLX.US,60,20251219,160000,50.35,50.36,50.35,50.36,2669,0
JFLX.US,60,20251219,170000,50.37,50.399,50.3601,50.38,19387,0
JFLX.US,60,20251219,180000,50.375,50.3767,50.35,50.35,2855,0
JFLX.US,60,20251219,190000,50.355,50.38,50.35,50.3601,8228,0
JFLX.US,60,20251219,200000,50.37,50.46,50.37,50.41,18573,0
JFLX.US,60,20251219,210000,50.411,50.46,50.35,50.37,4808,0
JFLX.US,60,20251219,220000,50.3599,50.38,50.3599,50.37,34850,0
JFLX.US,60,20251222,160000,50.37,50.66,50.365,50.375,13603,0
JFLX.US,60,20251222,170000,50.3799,50.4,50.3735,50.3735,6229,0
JFLX.US,60,20251222,180000,50.375,50.3893,50.3707,50.3893,2857,0
JFLX.US,60,20251222,190000,50.38,50.39,50.37,50.37,3856,0
JFLX.US,60,20251222,200000,50.37,50.37,50.35,50.3698,2755,0
JFLX.US,60,20251222,210000,50.35,50.64,50.33,50.36,23387,0
JFLX.US,60,20251222,220000,50.36,50.37,50.35,50.36,5447,0
JFLX.US,60,20251223,160000,50.3399,50.34,50.3201,50.3201,7575,0
JFLX.US,60,20251223,170000,50.35,50.36,50.35,50.35,1321,0
JFLX.US,60,20251223,180000,50.36,50.37,50.35,50.3699,7097,0
JFLX.US,60,20251223,190000,50.369,50.38,50.36,50.365,5928,0
JFLX.US,60,20251223,200000,50.4699,50.5699,50.36,50.3896,9266,0
JFLX.US,60,20251223,210000,50.39,50.42,50.3701,50.4,6476,0
JFLX.US,60,20251223,220000,50.3997,50.54,50.385,50.39,47274,0
JFLX.US,60,20251224,160000,50.44,50.44,50.4,50.4,301,0
JFLX.US,60,20251224,170000,50.41,50.42,50.4099,50.41,10874,0
JFLX.US,60,20251224,180000,50.415,50.43,50.38,50.425,16579,0
JFLX.US,60,20251224,190000,50.425,50.4391,50.4201,50.43,2570,0
JFLX.US,60,20251226,160000,50.46,50.46,50.45,50.45,5117,0
JFLX.US,60,20251226,170000,50.46,50.46,50.44,50.46,3583,0
JFLX.US,60,20251226,180000,50.455,50.455,50.455,50.455,200,0
JFLX.US,60,20251226,190000,50.455,50.455,50.44,50.44,8327,0
JFLX.US,60,20251226,200000,50.4301,50.465,50.4301,50.465,3227,0
JFLX.US,60,20251226,210000,50.4488,50.455,50.4488,50.455,1741,0
JFLX.US,60,20251226,220000,50.47,50.505,50.46,50.49,2666,0
