<TICKER>,<PER>,<DATE>,<TIME>,<OPEN>,<HIGH>,<LOW>,<CLOSE>,<VOL>,<OPENINT>
KRMN.US,60,20250213,180000,30.2,30.5,29.28,29.345,1377389,0
KRMN.US,60,20250213,190000,29.385,29.82,28.02,29.215,3105861,0
KRMN.US,60,20250213,200000,29.215,29.6,28.5,29.11,1448678,0
KRMN.US,60,20250213,210000,29.11,30.16,29.09,29.88,1617097,0
KRMN.US,60,20250213,220000,29.88,30.99,29.33,30.05,2186856,0
KRMN.US,60,20250214,160000,30.125,30.25,29.5,29.5,134366,0
KRMN.US,60,20250214,170000,29.5,30.03,29.29,29.67,207097,0
KRMN.US,60,20250214,180000,29.66,30.2857,29.61,29.98,189370,0
KRMN.US,60,20250214,190000,29.98,30.04,29.7918,29.955,146346,0
KRMN.US,60,20250214,200000,29.955,30.94,29.91,30.765,232014,0
KRMN.US,60,20250214,210000,30.74,31.04,30.4163,30.7275,141849,0
KRMN.US,60,20250214,220000,30.72,32.07,30.71,32,752921,0
KRMN.US,60,20250218,160000,31.92,32.39,31.75,32.12,45774,0
KRMN.US,60,20250218,170000,32.12,32.13,30.75,31.5,97879,0
KRMN.US,60,20250218,180000,31.48,31.63,30.55,31.08,84123,0
KRMN.US,60,20250218,190000,31.04,31.35,30.85,31.06,71863,0
KRMN.US,60,20250218,200000,31.105,31.255,30.7439,31.03,108444,0
KRMN.US,60,20250218,210000,31.08,31.82,31,31.71,150117,0
KRMN.US,60,20250218,220000,31.79,31.85,31.24,31.53,214190,0
KRMN.US,60,20250219,160000,31.25,31.43,30.64,30.8,28337,0
KRMN.US,60,20250219,170000,30.905,31.84,30.762,31.465,124649,0
KRMN.US,60,20250219,180000,31.42,31.555,30.51,30.905,191925,0
KRMN.US,60,20250219,190000,30.905,31.83,30.905,31.75,74751,0
KRMN.US,60,20250219,200000,31.74,31.872,31.05,31.605,90863,0
KRMN.US,60,20250219,210000,31.7,32.1,31.59,31.99,71102,0
KRMN.US,60,20250219,220000,31.97,31.98,30.79,31,332805,0
KRMN.US,60,20250220,160000,30.63,31.66,29.54,29.55,101510,0
KRMN.US,60,20250220,170000,29.55,30.06,28.45,29.81,112332,0
KRMN.US,60,20250220,180000,29.81,30.06,29.13,29.975,102721,0
KRMN.US,60,20250220,190000,30,30.62,29.36,30.16,158040,0
KRMN.US,60,20250220,200000,30.24,30.245,29.705,29.95,81562,0
KRMN.US,60,20250220,210000,29.99,30.1,29.9,29.975,72558,0
KRMN.US,60,20250220,220000,29.975,30.09,29,29.14,1725254,0
KRMN.US,60,20250221,160000,29.415,29.8,29.14,29.555,15254,0
KRMN.US,60,20250221,170000,29.3641,29.75,29.25,29.73,58521,0
KRMN.US,60,20250221,180000,29.7,29.73,29.42,29.73,29313,0
KRMN.US,60,20250221,190000,29.74,29.91,29.43,29.51,23181,0
KRMN.US,60,20250221,200000,29.5,29.58,29.13,29.17,36081,0
KRMN.US,60,20250221,210000,29.1885,29.31,29,29.31,42816,0
KRMN.US,60,20250221,220000,29.32,29.5,29.235,29.36,70845,0
KRMN.US,60,20250224,160000,29.23,30,29.23,29.495,52524,0
KRMN.US,60,20250224,170000,29.495,29.7575,29.05,29.675,27927,0
KRMN.US,60,20250224,180000,29.715,29.99,29.5,29.98,48535,0
KRMN.US,60,20250224,190000,29.98,30.49,29.935,30.12,56446,0
KRMN.US,60,20250224,200000,30.12,30.18,29.86,29.935,42628,0
KRMN.US,60,20250224,210000,29.94,30.01,29.61,29.78,50603,0
KRMN.US,60,20250224,220000,29.78,29.95,29.32,29.38,263451,0
KRMN.US,60,20250225,160000,29.22,29.585,29.2,29.285,7732,0
KRMN.US,60,20250225,170000,29.29,29.48,29.03,29.415,32259,0
KRMN.US,60,20250225,180000,29.36,29.435,29.02,29.19,30439,0
KRMN.US,60,20250225,190000,29.18,29.58,29.165,29.5,37788,0
KRMN.US,60,20250225,200000,29.54,29.65,29.265,29.48,20508,0
KRMN.US,60,20250225,210000,29.48,29.64,29.3601,29.615,46750,0
KRMN.US,60,20250225,220000,29.605,30.17,29.58,30,133737,0
KRMN.US,60,20250226,160000,30.46,30.56,29.94,30.05,32899,0
KRMN.US,60,20250226,170000,30.13,30.42,30.11,30.275,21461,0
KRMN.US,60,20250226,180000,30.275,30.48,30.23,30.405,19123,0
KRMN.US,60,20250226,190000,30.405,30.41,29.88,30.015,70033,0
KRMN.US,60,20250226,200000,30.015,30.07,29.865,29.87,16227,0
KRMN.US,60,20250226,210000,29.87,30.2075,29.87,30,27512,0
KRMN.US,60,20250226,220000,30,30.14,29.92,30.14,123020,0
KRMN.US,60,20250227,160000,30.575,30.85,30.29,30.45,86964,0
KRMN.US,60,20250227,170000,30.25,30.34,29.75,30.08,11907,0
KRMN.US,60,20250227,180000,30.075,30.2,29.98,29.98,19433,0
KRMN.US,60,20250227,190000,30.08,30.195,29.95,30.13,14339,0
KRMN.US,60,20250227,200000,30.13,30.455,30.13,30.39,13263,0
KRMN.US,60,20250227,210000,30.38,30.38,29.835,29.875,44841,0
KRMN.US,60,20250227,220000,29.875,30.24,29.83,30.23,164104,0
KRMN.US,60,20250228,160000,30.4,31.16,29.65,30.475,33899,0
KRMN.US,60,20250228,170000,30.5,31.295,30.495,31.09,57561,0
KRMN.US,60,20250228,180000,31.18,31.52,30.78,31.31,68209,0
KRMN.US,60,20250228,190000,31.225,31.74,31,31.505,53214,0
KRMN.US,60,20250228,200000,31.6,31.6,30.92,31.05,24740,0
KRMN.US,60,20250228,210000,31.05,31.39,30.792,31.01,95516,0
KRMN.US,60,20250228,220000,31.09,31.66,30.89,31.54,190695,0
KRMN.US,60,20250303,160000,31.4003,31.78,31.32,31.6,23399,0
KRMN.US,60,20250303,170000,31.55,32.38,31.55,32.19,62878,0
KRMN.US,60,20250303,180000,32.25,34,32.2,33.505,148087,0
KRMN.US,60,20250303,190000,33.55,34.2,33.39,33.39,94719,0
KRMN.US,60,20250303,200000,33.37,33.42,32.61,32.61,49199,0
KRMN.US,60,20250303,210000,32.57,33.06,32.13,32.835,99571,0
KRMN.US,60,20250303,220000,32.835,33.9,32.73,33.43,310393,0
KRMN.US,60,20250304,160000,32.9,32.945,31.7,31.88,35981,0
KRMN.US,60,20250304,170000,31.925,32.155,31.1736,31.96,49748,0
KRMN.US,60,20250304,180000,32.01,32.08,31.44,31.97,58139,0
KRMN.US,60,20250304,190000,31.88,32.285,31.745,32.215,135155,0
KRMN.US,60,20250304,200000,32.28,33.36,32.21,32.89,170711,0
KRMN.US,60,20250304,210000,32.89,33.165,32.5,32.685,88876,0
KRMN.US,60,20250304,220000,32.65,32.995,31.85,32,192545,0
KRMN.US,60,20250305,160000,32.1,32.705,31.8,32.45,16780,0
KRMN.US,60,20250305,170000,32.265,32.52,31.05,31.05,40621,0
KRMN.US,60,20250305,180000,30.91,31.35,30.6801,31.23,36273,0
KRMN.US,60,20250305,190000,31.23,31.86,31.19,31.31,29516,0
KRMN.US,60,20250305,200000,31.325,31.74,31.325,31.51,42483,0
KRMN.US,60,20250305,210000,31.51,31.56,31.07,31.29,30280,0
KRMN.US,60,20250305,220000,31.26,31.66,31.19,31.19,98491,0
KRMN.US,60,20250306,160000,30.73,30.73,29.95,29.97,15691,0
KRMN.US,60,20250306,170000,30.095,30.135,29.3001,29.65,60239,0
KRMN.US,60,20250306,180000,29.45,29.485,28.11,28.27,175891,0
KRMN.US,60,20250306,190000,28.3,29.02,28.28,28.49,189205,0
KRMN.US,60,20250306,200000,28.475,28.74,28.34,28.46,99721,0
KRMN.US,60,20250306,210000,28.48,28.77,28.13,28.61,90415,0
KRMN.US,60,20250306,220000,28.58,28.585,27.9,28.16,299435,0
KRMN.US,60,20250307,160000,28.66,29.087,28.27,28.97,15780,0
KRMN.US,60,20250307,170000,28.915,29.045,28.66,28.95,19417,0
KRMN.US,60,20250307,180000,28.9672,29.1,27.76,28.1,63697,0
KRMN.US,60,20250307,190000,28.1,28.5,27.8,28.345,38733,0
KRMN.US,60,20250307,200000,28.345,28.9,28.345,28.87,22441,0
KRMN.US,60,20250307,210000,28.89,29.09,28.71,28.955,25972,0
KRMN.US,60,20250307,220000,28.96,29.05,28.5,28.81,146562,0
KRMN.US,60,20250310,150000,29.08,29.15,28.16,28.21,47545,0
KRMN.US,60,20250310,160000,28.2001,28.79,28.075,28.35,32837,0
KRMN.US,60,20250310,170000,28.45,28.5,27.9,27.95,9562,0
KRMN.US,60,20250310,180000,28.03,28.545,27.99,28.25,18308,0
KRMN.US,60,20250310,190000,28.22,28.4,27.53,27.64,33566,0
KRMN.US,60,20250310,200000,27.58,27.75,27.1267,27.465,25908,0
KRMN.US,60,20250310,210000,27.54,28.5,27.43,28.42,119181,0
KRMN.US,60,20250311,150000,28.2,29.9,28.2,29.31,13146,0
KRMN.US,60,20250311,160000,29.1547,29.64,28.6268,29.535,30782,0
KRMN.US,60,20250311,170000,29.45,29.7,29.3,29.68,14248,0
KRMN.US,60,20250311,180000,29.675,29.695,29.15,29.46,19215,0
KRMN.US,60,20250311,190000,29.47,29.82,29.095,29.53,39736,0
KRMN.US,60,20250311,200000,29.58,30.12,29.36,30.005,67913,0
KRMN.US,60,20250311,210000,30.005,30.065,29.45,29.67,153898,0
KRMN.US,60,20250312,150000,30.175,31.47,30.06,30.535,11636,0
KRMN.US,60,20250312,160000,30.535,30.9,29.65,29.65,30210,0
KRMN.US,60,20250312,170000,29.74,30.24,29.695,29.985,13475,0
KRMN.US,60,20250312,180000,29.985,30.27,29.835,29.94,25737,0
KRMN.US,60,20250312,190000,29.94,30.21,29.91,29.91,19250,0
KRMN.US,60,20250312,200000,29.91,30.175,29.86,30.005,27618,0
KRMN.US,60,20250312,210000,29.97,30.18,29.93,30.1,38301,0
KRMN.US,60,20250313,150000,30.11,30.11,29.49,29.995,21470,0
KRMN.US,60,20250313,160000,29.92,30.155,29.66,29.91,46329,0
KRMN.US,60,20250313,170000,30.015,30.19,29.765,29.98,19634,0
KRMN.US,60,20250313,180000,30,30.37,29.935,30.355,12924,0
KRMN.US,60,20250313,190000,30.355,30.43,29.72,29.92,48622,0
KRMN.US,60,20250313,200000,30,30.17,29.925,30.17,20053,0
KRMN.US,60,20250313,210000,30.2,30.77,30.2,30.74,107243,0
KRMN.US,60,20250314,150000,30.8,31.01,30.475,30.845,10332,0
KRMN.US,60,20250314,160000,30.955,31.76,30.77,31.505,19315,0
KRMN.US,60,20250314,170000,31.57,32.115,31.53,32.0357,12913,0
KRMN.US,60,20250314,180000,32.035,32.38,31.89,32.38,39435,0
KRMN.US,60,20250314,190000,32.375,32.41,31.98,32.29,24602,0
KRMN.US,60,20250314,200000,32.17,32.34,32.0625,32.14,19266,0
KRMN.US,60,20250314,210000,32.19,33.175,32.08,33.16,225292,0
KRMN.US,60,20250317,150000,33.62,34.82,33.38,34.17,35113,0
KRMN.US,60,20250317,160000,34.17,34.4653,33.51,33.935,106233,0
KRMN.US,60,20250317,170000,33.94,34.21,33.01,33.11,142996,0
KRMN.US,60,20250317,180000,33.11,33.69,33.06,33.69,32503,0
KRMN.US,60,20250317,190000,33.6,34.01,33.6,33.835,80649,0
KRMN.US,60,20250317,200000,33.92,34.585,33.8117,34.4,38333,0
KRMN.US,60,20250317,210000,34.41,34.67,33.74,34.02,167567,0
KRMN.US,60,20250318,150000,34.325,35.25,33.72,34.92,25716,0
KRMN.US,60,20250318,160000,34.92,35.83,34.85,35.2553,46173,0
KRMN.US,60,20250318,170000,35.14,35.3,33.75,33.77,68784,0
KRMN.US,60,20250318,180000,33.8226,34.07,33.71,33.785,49978,0
KRMN.US,60,20250318,190000,33.71,34.59,33.7,34.4,16712,0
KRMN.US,60,20250318,200000,34.455,34.585,34.36,34.42,14295,0
KRMN.US,60,20250318,210000,34.475,34.59,34.18,34.5,86106,0
KRMN.US,60,20250319,150000,34.45,35.6731,34.45,35.52,10959,0
KRMN.US,60,20250319,160000,35.39,36.13,35.25,36.04,78244,0
KRMN.US,60,20250319,170000,35.94,37.42,35.94,36.9,69515,0
KRMN.US,60,20250319,180000,36.875,37.0345,36.425,36.51,26509,0
KRMN.US,60,20250319,190000,36.51,36.79,35.95,36.205,35989,0
KRMN.US,60,20250319,200000,36.18,36.9299,36.08,36.87,23966,0
KRMN.US,60,20250319,210000,36.91,37.13,36.5,37.08,236666,0
KRMN.US,60,20250320,150000,36.9,37.34,36.38,36.66,28154,0
KRMN.US,60,20250320,160000,36.5,37.64,36.49,37.565,54555,0
KRMN.US,60,20250320,170000,37.49,37.49,36.38,36.4,84591,0
KRMN.US,60,20250320,180000,36.5,36.55,35.6989,36.23,25372,0
KRMN.US,60,20250320,190000,36.3,36.8999,35.825,35.965,33237,0
KRMN.US,60,20250320,200000,35.9601,36.22,35.73,36.08,20555,0
KRMN.US,60,20250320,210000,36.015,36.53,35.92,35.99,147826,0
KRMN.US,60,20250321,150000,35.65,36,34.88,35.34,39681,0
KRMN.US,60,20250321,160000,35.34,35.57,34.58,34.895,55599,0
KRMN.US,60,20250321,170000,34.895,34.895,33.13,33.37,80433,0
KRMN.US,60,20250321,180000,33.7388,33.7388,33.03,33.03,42908,0
KRMN.US,60,20250321,190000,33.14,34.1732,33.035,34.1732,35438,0
KRMN.US,60,20250321,200000,34.055,35.05,34.055,34.615,99866,0
KRMN.US,60,20250321,210000,34.53,35.71,34.53,34.94,1509159,0
KRMN.US,60,20250324,150000,36.32,37.105,35.46,36.93,13165,0
KRMN.US,60,20250324,160000,36.785,36.93,36.35,36.49,62351,0
KRMN.US,60,20250324,170000,36.51,37.1364,36.39,36.47,61266,0
KRMN.US,60,20250324,180000,36.49,37.14,36.27,37.12,80830,0
KRMN.US,60,20250324,190000,37.075,37.27,36.32,36.42,47489,0
KRMN.US,60,20250324,200000,36.42,37.37,36,37.175,103603,0
KRMN.US,60,20250324,210000,37.225,37.97,36.91,37.51,273422,0
KRMN.US,60,20250325,150000,37.485,38.025,36.655,37.125,27100,0
KRMN.US,60,20250325,160000,36.97,37.87,36.9378,37.485,23774,0
KRMN.US,60,20250325,170000,37.55,37.55,36.79,36.97,46813,0
KRMN.US,60,20250325,180000,36.97,37.14,36.78,36.92,44672,0
KRMN.US,60,20250325,190000,36.92,37.03,36.65,36.745,50789,0
KRMN.US,60,20250325,200000,36.745,36.77,36.3114,36.485,53389,0
KRMN.US,60,20250325,210000,36.5,37.39,36.47,37.39,110290,0
KRMN.US,60,20250326,150000,37.59,38.5799,36.77,36.9878,25615,0
KRMN.US,60,20250326,160000,36.77,37.36,36.76,37.02,97143,0
KRMN.US,60,20250326,170000,36.97,37.15,36.28,36.34,88589,0
KRMN.US,60,20250326,180000,36.455,37.1,36.25,36.615,49499,0
KRMN.US,60,20250326,190000,36.615,36.76,36.215,36.34,50506,0
KRMN.US,60,20250326,200000,36.35,36.44,35.525,35.945,74199,0
KRMN.US,60,20250326,210000,35.945,36.47,35.85,36.29,264586,0
KRMN.US,60,20250327,150000,36.62,37.4,35.935,37.4,32116,0
KRMN.US,60,20250327,160000,37.21,38.49,37.15,37.77,105529,0
KRMN.US,60,20250327,170000,37.865,37.88,36.63,36.97,104814,0
KRMN.US,60,20250327,180000,36.92,37.99,36.9,37.07,63944,0
KRMN.US,60,20250327,190000,37.15,37.15,36.84,36.91,77629,0
KRMN.US,60,20250327,200000,36.91,37.09,36.785,36.785,50583,0
KRMN.US,60,20250327,210000,36.86,37.27,36.08,36.54,283105,0
KRMN.US,60,20250328,150000,37.16,37.3,36.52,37.125,18713,0
KRMN.US,60,20250328,160000,36.99,36.99,34.49,35.36,105858,0
KRMN.US,60,20250328,170000,35.17,35.785,34.8,35.74,86739,0
KRMN.US,60,20250328,180000,35.69,36.39,35.345,35.945,53407,0
KRMN.US,60,20250328,190000,35.945,36.13,35.45,35.525,69112,0
KRMN.US,60,20250328,200000,35.525,35.96,35.39,35.6725,51787,0
KRMN.US,60,20250328,210000,35.74,35.96,34.6725,35.08,1673523,0
KRMN.US,60,20250331,160000,34.34,34.6815,33.0519,34.1,37703,0
KRMN.US,60,20250331,170000,33.85,34.16,33.68,34.01,53299,0
KRMN.US,60,20250331,180000,33.97,34.05,33.645,33.975,58660,0
KRMN.US,60,20250331,190000,34,34.04,33.565,33.675,44785,0
KRMN.US,60,20250331,200000,33.67,33.91,33.67,33.73,42040,0
KRMN.US,60,20250331,210000,33.72,34.08,33.48,33.48,116384,0
KRMN.US,60,20250331,220000,33.425,33.72,33.35,33.42,529050,0
KRMN.US,60,20250401,160000,33,34.12,32.68,33.33,9228,0
KRMN.US,60,20250401,170000,33.2,33.7701,32.67,33.595,42188,0
KRMN.US,60,20250401,180000,33.61,33.7,33.28,33.545,56363,0
KRMN.US,60,20250401,190000,33.545,33.57,32.895,33.05,51321,0
KRMN.US,60,20250401,200000,33.05,33.59,32.92,33.47,87351,0
KRMN.US,60,20250401,210000,33.505,33.53,33.2,33.35,51903,0
KRMN.US,60,20250401,220000,33.41,33.915,33.4,33.64,173373,0
KRMN.US,60,20250402,160000,32.79,33.8,32.79,33.7548,5094,0
KRMN.US,60,20250402,170000,33.64,34.5043,33.5107,34.02,102597,0
KRMN.US,60,20250402,180000,33.895,34.39,33.55,34.055,94093,0
KRMN.US,60,20250402,190000,34.055,34.26,33.97,34.24,108409,0
KRMN.US,60,20250402,200000,34.24,34.99,34.23,34.505,114076,0
KRMN.US,60,20250402,210000,34.49,34.52,34.15,34.17,90058,0
KRMN.US,60,20250402,220000,34.17,34.6,34.17,34.6,384104,0
KRMN.US,60,20250403,160000,32.29,34.18,32,33.905,23311,0
KRMN.US,60,20250403,170000,33.905,34.03,32.14,32.295,74961,0
KRMN.US,60,20250403,180000,32.14,32.395,31.25,32.2,66039,0
KRMN.US,60,20250403,190000,32.254,33.335,32.254,33.03,51637,0
KRMN.US,60,20250403,200000,33.06,33.25,32.9,33.005,52002,0
KRMN.US,60,20250403,210000,33.005,33.22,32.61,33.17,64523,0
KRMN.US,60,20250403,220000,33.155,33.32,32.66,32.85,364801,0
KRMN.US,60,20250404,160000,31.99,32.2,29.85,30.1,58093,0
KRMN.US,60,20250404,170000,29.85,30,28.9099,29.5176,95439,0
KRMN.US,60,20250404,180000,29.61,29.99,29.14,29.22,63835,0
KRMN.US,60,20250404,190000,29.16,29.16,27.815,28.53,144733,0
KRMN.US,60,20250404,200000,28.53,28.67,27.82,28.37,97236,0
KRMN.US,60,20250404,210000,28.37,28.605,27.37,27.585,184665,0
KRMN.US,60,20250404,220000,27.59,28.67,27.3,28.13,477467,0
KRMN.US,60,20250407,160000,26.755,26.755,25.025,26.21,39446,0
KRMN.US,60,20250407,170000,26.18,27.8587,25.88,26.47,51121,0
KRMN.US,60,20250407,180000,26.605,27.03,25.2,26.725,121381,0
KRMN.US,60,20250407,190000,26.68,26.8678,26.19,26.22,61552,0
KRMN.US,60,20250407,200000,26.31,26.82,26.185,26.73,154543,0
KRMN.US,60,20250407,210000,26.75,26.81,25.945,25.98,117307,0
KRMN.US,60,20250407,220000,26.05,26.82,26.05,26.77,340763,0
KRMN.US,60,20250408,160000,27.875,28.7,27.5101,27.68,42846,0
KRMN.US,60,20250408,170000,27.68,28.59,27.335,27.785,175672,0
KRMN.US,60,20250408,180000,27.78,27.96,27.0001,27.645,145566,0
KRMN.US,60,20250408,190000,27.655,27.7,26.66,26.67,138651,0
KRMN.US,60,20250408,200000,26.59,26.72,26.09,26.495,112309,0
KRMN.US,60,20250408,210000,26.505,26.7375,25.83,26.05,110594,0
KRMN.US,60,20250408,220000,26.05,28.42,25.615,27.8,835726,0
KRMN.US,60,20250409,160000,27.71,28.3956,27.07,27.58,37439,0
KRMN.US,60,20250409,170000,27.7,28.01,26.6131,26.705,107248,0
KRMN.US,60,20250409,180000,26.76,27.29,26.76,27.125,200761,0
KRMN.US,60,20250409,190000,27.125,27.64,26.83,27.025,131542,0
KRMN.US,60,20250409,200000,27.12,29.38,27.12,29.16,216999,0
KRMN.US,60,20250409,210000,29.32,30.36,29.26,29.515,136368,0
KRMN.US,60,20250409,220000,29.515,30.77,29.45,30.46,315153,0
KRMN.US,60,20250410,160000,30.14,30.265,28.945,29.1979,12544,0
KRMN.US,60,20250410,170000,29.2,31,29.14,30.525,26573,0
KRMN.US,60,20250410,180000,30.44,31.09,30.18,30.32,55669,0
KRMN.US,60,20250410,190000,30.32,30.405,29.46,30.405,84306,0
KRMN.US,60,20250410,200000,30.265,30.78,29.37,29.94,123663,0
KRMN.US,60,20250410,210000,29.95,30.87,29.8,30.275,48885,0
KRMN.US,60,20250410,220000,30.19,30.28,29.37,30.17,399236,0
KRMN.US,60,20250411,160000,29.85,30.11,29.5,29.795,5905,0
KRMN.US,60,20250411,170000,29.56,30.15,29.04,29.97,43195,0
KRMN.US,60,20250411,180000,29.94,30.16,29.64,29.7069,53851,0
KRMN.US,60,20250411,190000,29.68,30.32,29.48,30.3162,35968,0
KRMN.US,60,20250411,200000,30.33,30.96,30.295,30.735,147178,0
KRMN.US,60,20250411,210000,30.735,31.29,30.57,31.21,91280,0
KRMN.US,60,20250411,220000,31.21,31.82,30.94,31.03,282764,0
KRMN.US,60,20250414,160000,31.73,32.4599,31.44,31.52,20133,0
KRMN.US,60,20250414,170000,31.6,32.48,31.6,31.855,30898,0
KRMN.US,60,20250414,180000,31.78,31.89,30.895,31.085,38191,0
KRMN.US,60,20250414,190000,31.09,31.75,31.06,31.695,25931,0
KRMN.US,60,20250414,200000,31.695,32.05,31.59,32.005,50535,0
KRMN.US,60,20250414,210000,32.005,32.68,31.95,32.565,47043,0
KRMN.US,60,20250414,220000,32.54,32.78,32.22,32.5,150707,0
KRMN.US,60,20250415,160000,32.21,33.5,32.21,33.335,20358,0
KRMN.US,60,20250415,170000,33.16,33.595,32.61,33.14,21577,0
KRMN.US,60,20250415,180000,32.975,33.47,32.88,33.44,36369,0
KRMN.US,60,20250415,190000,33.335,34.035,33.335,33.87,56544,0
KRMN.US,60,20250415,200000,33.845,34.35,33.75,34.205,81990,0
KRMN.US,60,20250415,210000,34.25,34.26,33.84,34.21,199085,0
KRMN.US,60,20250415,220000,34.25,34.6,34,34.14,398173,0
KRMN.US,60,20250416,160000,34.35,34.35,33.605,33.8,26982,0
KRMN.US,60,20250416,170000,33.61,34.65,33.1738,34.49,54105,0
KRMN.US,60,20250416,180000,34.5,34.94,34.2301,34.615,66911,0
KRMN.US,60,20250416,190000,34.58,34.75,34.23,34.305,27277,0
KRMN.US,60,20250416,200000,34.37,34.44,33.78,33.815,69408,0
KRMN.US,60,20250416,210000,33.83,34.115,33.815,34,65368,0
KRMN.US,60,20250416,220000,34.005,34.64,33.565,34.43,400195,0
KRMN.US,60,20250417,160000,35,35.09,34.505,34.955,14530,0
KRMN.US,60,20250417,170000,34.96,35.02,34.1401,34.51,66677,0
KRMN.US,60,20250417,180000,34.6,34.82,34.2,34.35,36337,0
KRMN.US,60,20250417,190000,34.35,34.9,34.345,34.89,28582,0
KRMN.US,60,20250417,200000,34.8961,34.91,34.452,34.77,26095,0
KRMN.US,60,20250417,210000,34.76,35.01,34.65,34.86,36180,0
KRMN.US,60,20250417,220000,34.84,35.38,34.77,34.89,241306,0
KRMN.US,60,20250421,160000,34.7501,35.545,33.6214,33.75,34758,0
KRMN.US,60,20250421,170000,33.4534,34.14,33.33,33.3628,31161,0
KRMN.US,60,20250421,180000,33.36,33.41,32.2927,32.41,51669,0
KRMN.US,60,20250421,190000,32.35,32.6,31.88,32.06,28711,0
KRMN.US,60,20250421,200000,32,32.11,31.64,32.06,44803,0
KRMN.US,60,20250421,210000,32.01,32.286,31.795,31.97,44161,0
KRMN.US,60,20250421,220000,31.97,32.49,31.97,32.33,247945,0
KRMN.US,60,20250422,160000,33.23,33.56,32.115,32.685,24432,0
KRMN.US,60,20250422,170000,32.64,33.29,32.39,33.195,25633,0
KRMN.US,60,20250422,180000,33.27,33.73,33.195,33.48,23735,0
KRMN.US,60,20250422,190000,33.48,33.9222,33.48,33.78,9212,0
KRMN.US,60,20250422,200000,33.735,33.81,33.02,33.19,15537,0
KRMN.US,60,20250422,210000,33.105,33.64,33.105,33.545,12054,0
KRMN.US,60,20250422,220000,33.545,33.83,33.36,33.82,122251,0
KRMN.US,60,20250423,160000,35.165,35.265,34.8328,34.895,3649,0
KRMN.US,60,20250423,170000,34.82,35.36,34.59,34.59,27787,0
KRMN.US,60,20250423,180000,34.56,34.8,33.835,34.05,12069,0
KRMN.US,60,20250423,190000,33.94,34.1,33.7183,33.89,23993,0
KRMN.US,60,20250423,200000,33.861,33.895,33.285,33.58,14916,0
KRMN.US,60,20250423,210000,33.58,33.65,33.35,33.565,19736,0
KRMN.US,60,20250423,220000,33.5,33.75,33.3365,33.69,138079,0
KRMN.US,60,20250424,160000,34.18,34.18,33.38,33.975,16415,0
KRMN.US,60,20250424,170000,33.9425,34.88,33.85,34.88,16878,0
KRMN.US,60,20250424,180000,34.85,35.25,34.79,35.1625,15635,0
KRMN.US,60,20250424,190000,35.15,35.58,35.07,35.58,16640,0
KRMN.US,60,20250424,200000,35.5,35.66,35.342,35.351,13278,0
KRMN.US,60,20250424,210000,35.37,35.57,35.015,35.55,42502,0
KRMN.US,60,20250424,220000,35.62,35.63,34.58,35.13,138586,0
KRMN.US,60,20250425,160000,34.88,35.03,34.635,35.005,9868,0
KRMN.US,60,20250425,170000,35.005,35.16,34.2629,34.52,27757,0
KRMN.US,60,20250425,180000,34.525,34.97,34.475,34.755,16223,0
KRMN.US,60,20250425,190000,34.73,35.15,34.58,35.14,37600,0
KRMN.US,60,20250425,200000,35.145,35.27,34.67,34.68,23350,0
KRMN.US,60,20250425,210000,34.67,35.24,34.66,35.1675,27606,0
KRMN.US,60,20250425,220000,35.09,35.18,34.7,34.8,131851,0
KRMN.US,60,20250428,160000,34.95,35.99,34.95,35.435,21916,0
KRMN.US,60,20250428,170000,35.435,35.75,34.815,34.89,31628,0
KRMN.US,60,20250428,180000,34.89,35.13,34.81,35.06,22192,0
KRMN.US,60,20250428,190000,35.05,35.22,34.87,35.032,62636,0
KRMN.US,60,20250428,200000,35,35.844,35,35.775,190246,0
KRMN.US,60,20250428,210000,35.72,35.8225,35.55,35.69,59817,0
KRMN.US,60,20250428,220000,35.635,35.885,35.291,35.52,375828,0
KRMN.US,60,20250429,160000,35.2485,35.5,34.64,35.5,69642,0
KRMN.US,60,20250429,170000,35.24,35.42,33.83,34.065,72563,0
KRMN.US,60,20250429,180000,34.065,34.86,34.065,34.31,38422,0
KRMN.US,60,20250429,190000,34.32,35.04,34.3,34.8032,27717,0
KRMN.US,60,20250429,200000,34.68,35.04,34.483,34.73,29647,0
KRMN.US,60,20250429,210000,34.795,35.02,34.64,34.94,32146,0
KRMN.US,60,20250429,220000,34.975,35.04,34.738,34.85,130500,0
KRMN.US,60,20250430,160000,34.36,34.445,33.78,33.78,9237,0
KRMN.US,60,20250430,170000,33.96,34.56,33.83,34.51,52436,0
KRMN.US,60,20250430,180000,34.58,35.38,34.53,35.07,58771,0
KRMN.US,60,20250430,190000,35.11,35.31,34.96,35.23,37977,0
KRMN.US,60,20250430,200000,35.1988,35.68,35.1988,35.55,47130,0
KRMN.US,60,20250430,210000,35.51,35.87,35.2718,35.39,55343,0
KRMN.US,60,20250430,220000,35.395,35.76,35.29,35.75,206655,0
KRMN.US,60,20250501,160000,36,37.14,36,36.88,63218,0
KRMN.US,60,20250501,170000,36.87,37.5078,36.665,36.94,55564,0
KRMN.US,60,20250501,180000,36.94,37.3,36.5,36.53,76619,0
KRMN.US,60,20250501,190000,36.53,36.57,36.19,36.46,52248,0
KRMN.US,60,20250501,200000,36.42,36.5,36,36,22759,0
KRMN.US,60,20250501,210000,36,36.06,35.79,35.88,27172,0
KRMN.US,60,20250501,220000,35.87,36.3,35.83,36.3,252607,0
KRMN.US,60,20250502,160000,36.845,37.55,36.845,37.3,15609,0
KRMN.US,60,20250502,170000,37.3,37.84,37.21,37.4361,50200,0
KRMN.US,60,20250502,180000,37.39,37.4474,36.99,37.0833,25208,0
KRMN.US,60,20250502,190000,37.07,37.76,36.8977,37.61,47653,0
KRMN.US,60,20250502,200000,37.55,38.3099,37.55,38.01,51939,0
KRMN.US,60,20250502,210000,38.01,38.34,37.8,38.105,39901,0
KRMN.US,60,20250502,220000,38.07,38.3601,37.74,37.89,113008,0
KRMN.US,60,20250505,160000,37.73,37.88,37.52,37.71,5523,0
KRMN.US,60,20250505,170000,37.57,38.25,37.405,38.1468,12002,0
KRMN.US,60,20250505,180000,38.11,39.25,38.11,38.64,129405,0
KRMN.US,60,20250505,190000,38.625,38.8199,38.41,38.66,16385,0
KRMN.US,60,20250505,200000,38.66,38.95,38.42,38.78,19992,0
KRMN.US,60,20250505,210000,38.78,39.1941,38.78,39.1,17747,0
KRMN.US,60,20250505,220000,39.05,39.09,38.72,39.08,158121,0
KRMN.US,60,20250506,160000,36.11,38.13,36.11,37.325,33145,0
KRMN.US,60,20250506,170000,37.34,37.84,37.305,37.66,197522,0
KRMN.US,60,20250506,180000,37.7,37.925,37.675,37.73,6895,0
KRMN.US,60,20250506,190000,37.79,37.94,37.525,37.5805,13779,0
KRMN.US,60,20250506,200000,37.58,38.005,37.58,37.66,9943,0
KRMN.US,60,20250506,210000,37.7,38.19,37.63,38.18,9469,0
KRMN.US,60,20250506,220000,38.21,38.84,38.18,38.34,157067,0
KRMN.US,60,20250507,160000,38.27,38.9,37.99,38.2,9348,0
KRMN.US,60,20250507,170000,38.21,38.575,37.89,37.98,19899,0
KRMN.US,60,20250507,180000,38.065,38.4625,37.98,38.27,11500,0
KRMN.US,60,20250507,190000,38.25,38.75,38.21,38.53,16674,0
KRMN.US,60,20250507,200000,38.49,38.65,38.24,38.29,8545,0
KRMN.US,60,20250507,210000,38.36,38.4,37.96,38.28,12714,0
KRMN.US,60,20250507,220000,38.285,38.31,37.98,38.1,78172,0
KRMN.US,60,20250508,160000,38.77,38.77,38.2,38.2,4549,0
KRMN.US,60,20250508,170000,38.225,38.57,38.0801,38.14,13935,0
KRMN.US,60,20250508,180000,38.12,38.8461,38.11,38.605,24183,0
KRMN.US,60,20250508,190000,38.57,38.73,38.53,38.675,18075,0
KRMN.US,60,20250508,200000,38.675,38.675,38.39,38.615,19935,0
KRMN.US,60,20250508,210000,38.615,38.96,38.58,38.69,28681,0
KRMN.US,60,20250508,220000,38.75,39,38.52,38.6,146697,0
KRMN.US,60,20250509,160000,38.955,39.97,38.2,38.365,40465,0
KRMN.US,60,20250509,170000,38.365,38.8799,37.3,38.35,97158,0
KRMN.US,60,20250509,180000,38.22,38.335,38.0889,38.21,8613,0
KRMN.US,60,20250509,190000,38.25,38.3049,38.05,38.05,12027,0
KRMN.US,60,20250509,200000,38.04,38.44,38.04,38.4275,23620,0
KRMN.US,60,20250509,210000,38.4288,38.56,38.14,38.47,72399,0
KRMN.US,60,20250509,220000,38.43,38.8,38.29,38.8,201846,0
KRMN.US,60,20250512,160000,40.25,40.25,37.73,38.005,27173,0
KRMN.US,60,20250512,170000,38.15,39.39,37.97,39.155,37406,0
KRMN.US,60,20250512,180000,39.12,39.5,39.06,39.19,56898,0
KRMN.US,60,20250512,190000,39.19,39.625,39.09,39.56,24422,0
KRMN.US,60,20250512,200000,39.55,39.65,39.32,39.45,37613,0
KRMN.US,60,20250512,210000,39.41,39.585,39.34,39.4299,37316,0
KRMN.US,60,20250512,220000,39.375,39.65,39.05,39.26,167867,0
KRMN.US,60,20250513,160000,39.26,39.68,38.6,39.66,13404,0
KRMN.US,60,20250513,170000,39.6311,39.69,38.77,39.365,26949,0
KRMN.US,60,20250513,180000,39.275,39.54,39.075,39.4,43546,0
KRMN.US,60,20250513,190000,39.34,39.64,39.23,39.505,48642,0
KRMN.US,60,20250513,200000,39.54,39.65,39.37,39.37,33959,0
KRMN.US,60,20250513,210000,39.37,39.8956,39.37,39.755,48728,0
KRMN.US,60,20250513,220000,39.76,40.49,39.67,40.16,328224,0
KRMN.US,60,20250514,160000,41.53,43,38,39.84,148741,0
KRMN.US,60,20250514,170000,39.92,40.99,39.37,40.5,257905,0
KRMN.US,60,20250514,180000,40.5,41.7569,40.34,41.37,303870,0
KRMN.US,60,20250514,190000,41.49,42.9,41.28,42.89,129321,0
KRMN.US,60,20250514,200000,42.8623,43.19,42.53,42.785,121196,0
KRMN.US,60,20250514,210000,42.785,43.2,42.675,42.775,186415,0
KRMN.US,60,20250514,220000,42.84,43.47,42.62,43.37,688065,0
KRMN.US,60,20250515,160000,44.34,44.6024,42.2101,42.86,37059,0
KRMN.US,60,20250515,170000,42.85,44.12,42.64,43.915,78943,0
KRMN.US,60,20250515,180000,43.91,44.5899,43.64,44.505,52998,0
KRMN.US,60,20250515,190000,44.505,45.7,44.45,44.9407,102094,0
KRMN.US,60,20250515,200000,44.99,45.29,44.665,45.2,59032,0
KRMN.US,60,20250515,210000,45.19,45.4,44.69,44.75,118950,0
KRMN.US,60,20250515,220000,44.75,45.01,44.5,44.56,343803,0
KRMN.US,60,20250516,160000,44.95,45.66,44.548,45.2095,11643,0
KRMN.US,60,20250516,170000,45,45.125,44.41,44.63,24221,0
KRMN.US,60,20250516,180000,44.74,44.82,43.86,43.96,73869,0
KRMN.US,60,20250516,190000,44,45.06,43.85,44.591,347296,0
KRMN.US,60,20250516,200000,44.71,45.24,44.43,44.69,108982,0
KRMN.US,60,20250516,210000,44.65,44.82,44.43,44.57,30590,0
KRMN.US,60,20250516,220000,44.57,44.87,44.26,44.32,180344,0
KRMN.US,60,20250519,160000,44,44.9151,43.5,44.32,25903,0
KRMN.US,60,20250519,170000,44.18,44.77,44.02,44.15,36446,0
KRMN.US,60,20250519,180000,44.185,45.1,44.185,45.05,29241,0
KRMN.US,60,20250519,190000,45.12,45.2,44.73,44.825,27527,0
KRMN.US,60,20250519,200000,44.8,44.88,44.29,44.29,43724,0
KRMN.US,60,20250519,210000,44.28,44.44,44.16,44.4,25657,0
KRMN.US,60,20250519,220000,44.43,44.75,44.09,44.32,168412,0
KRMN.US,60,20250520,160000,44.45,44.53,44.05,44.05,8680,0
KRMN.US,60,20250520,170000,44.2,44.324,43.7401,44.32,16316,0
KRMN.US,60,20250520,180000,44.26,44.56,44.22,44.56,17888,0
KRMN.US,60,20250520,190000,44.53,44.54,44.33,44.45,10009,0
KRMN.US,60,20250520,200000,44.43,44.51,44.17,44.18,33343,0
KRMN.US,60,20250520,210000,44.17,44.27,43.84,43.8432,26450,0
KRMN.US,60,20250520,220000,43.89,44.16,43.685,43.86,139413,0
KRMN.US,60,20250521,160000,43.86,44.085,43.6101,43.865,4929,0
KRMN.US,60,20250521,170000,43.6,43.94,43.35,43.82,13513,0
KRMN.US,60,20250521,180000,43.785,44.035,43.71,43.8597,13010,0
KRMN.US,60,20250521,190000,43.91,44.12,43.86,43.96,12212,0
KRMN.US,60,20250521,200000,43.9005,44,43.17,43.445,21742,0
KRMN.US,60,20250521,210000,43.38,43.54,43.3,43.32,20791,0
KRMN.US,60,20250521,220000,43.34,43.34,42.69,42.97,127687,0
KRMN.US,60,20250522,160000,43,43.42,42.57,43.32,19716,0
KRMN.US,60,20250522,170000,43.44,43.94,43,43.33,31060,0
KRMN.US,60,20250522,180000,43.32,43.42,42.79,42.935,35667,0
KRMN.US,60,20250522,190000,42.935,43.24,42.81,42.81,54638,0
KRMN.US,60,20250522,200000,42.81,42.83,42.09,42.66,80185,0
KRMN.US,60,20250522,210000,42.65,42.9899,42.46,42.64,60166,0
KRMN.US,60,20250522,220000,42.67,43.5199,42.62,42.67,390028,0
KRMN.US,60,20250523,160000,41.33,43,41.3,42.56,20002,0
KRMN.US,60,20250523,170000,42.41,42.75,41.95,42.39,29599,0
KRMN.US,60,20250523,180000,42.445,42.585,42.12,42.12,18532,0
KRMN.US,60,20250523,190000,42.25,42.4,41.62,42.36,236278,0
KRMN.US,60,20250523,200000,42.27,42.45,41.98,42.13,81191,0
KRMN.US,60,20250523,210000,42.23,42.28,41.57,41.57,18773,0
KRMN.US,60,20250523,220000,41.57,41.9995,41.48,41.85,212033,0
KRMN.US,60,20250527,160000,42.42,43.51,42.12,42.62,18938,0
KRMN.US,60,20250527,170000,42.62,44.9,42.62,44.54,103307,0
KRMN.US,60,20250527,180000,44.62,44.82,44.1922,44.63,16408,0
KRMN.US,60,20250527,190000,44.63,45.05,44.45,45.04,45057,0
KRMN.US,60,20250527,200000,44.95,45.1786,44.91,45.095,31012,0
KRMN.US,60,20250527,210000,45.06,45.26,44.88,45.23,49006,0
KRMN.US,60,20250527,220000,45.26,45.44,45.04,45.29,294197,0
KRMN.US,60,20250528,160000,45.5,45.7299,44.79,44.985,20096,0
KRMN.US,60,20250528,170000,44.99,45.33,44.5,44.96,30532,0
KRMN.US,60,20250528,180000,44.99,45.01,44.34,44.36,20504,0
KRMN.US,60,20250528,190000,44.44,44.53,44.23,44.345,38261,0
KRMN.US,60,20250528,200000,44.35,44.385,44.1,44.22,36163,0
KRMN.US,60,20250528,210000,44.2,44.3,43.57,43.735,39115,0
KRMN.US,60,20250528,220000,43.8,43.92,43.2,43.23,261080,0
KRMN.US,60,20250529,160000,44.04,44.17,43.15,43.225,42068,0
KRMN.US,60,20250529,170000,43.4342,43.685,43.18,43.545,107860,0
KRMN.US,60,20250529,180000,43.55,43.62,43.38,43.44,39753,0
KRMN.US,60,20250529,190000,43.45,43.65,43.42,43.47,37108,0
KRMN.US,60,20250529,200000,43.51,43.7,43.39,43.46,31792,0
KRMN.US,60,20250529,210000,43.555,43.8,43.32,43.61,45086,0
KRMN.US,60,20250529,220000,43.66,44,43.56,43.61,144056,0
KRMN.US,60,20250530,160000,43.05,43.43,43.05,43.28,2781,0
KRMN.US,60,20250530,170000,43.22,43.445,42.83,43.23,28885,0
KRMN.US,60,20250530,180000,43.19,43.3799,43.095,43.2425,13653,0
KRMN.US,60,20250530,190000,43.14,43.32,42.47,42.65,42197,0
KRMN.US,60,20250530,200000,42.54,43.34,42.54,43.19,18338,0
KRMN.US,60,20250530,210000,43.12,43.255,43.04,43.07,13732,0
KRMN.US,60,20250530,220000,43.07,43.3531,42.78,42.86,453420,0
KRMN.US,60,20250602,160000,42.86,44.14,42.86,43.635,10351,0
KRMN.US,60,20250602,170000,43.52,44.17,43.105,43.945,23847,0
KRMN.US,60,20250602,180000,44.04,44.235,43.7,43.7,25404,0
KRMN.US,60,20250602,190000,43.7,43.81,43.15,43.47,43349,0
KRMN.US,60,20250602,200000,43.43,43.85,43.38,43.685,58580,0
KRMN.US,60,20250602,210000,43.64,43.77,43.49,43.58,44660,0
KRMN.US,60,20250602,220000,43.57,44.19,43.57,44.19,151188,0
KRMN.US,60,20250603,160000,44.05,44.51,43.29,43.62,19943,0
KRMN.US,60,20250603,170000,43.73,44.43,43.61,44.225,33802,0
KRMN.US,60,20250603,180000,44.3101,44.3101,43.73,44.0952,12820,0
KRMN.US,60,20250603,190000,44.09,44.435,44.06,44.19,12127,0
KRMN.US,60,20250603,200000,44.19,44.33,44.14,44.2395,27602,0
KRMN.US,60,20250603,210000,44.24,44.24,43.84,44.05,31857,0
KRMN.US,60,20250603,220000,44.045,44.1,43.7,43.71,134915,0
KRMN.US,60,20250604,160000,44.275,44.32,43.97,44,3743,0
KRMN.US,60,20250604,170000,43.755,44.24,43.16,44.09,32830,0
KRMN.US,60,20250604,180000,44.05,44.2785,44.045,44.15,31986,0
KRMN.US,60,20250604,190000,44.095,44.1074,43.95,44.06,9271,0
KRMN.US,60,20250604,200000,44.05,44.1,43.85,43.86,15851,0
KRMN.US,60,20250604,210000,43.81,43.86,43.38,43.4,10849,0
KRMN.US,60,20250604,220000,43.44,43.53,42.99,43.16,142452,0
KRMN.US,60,20250605,160000,43.75,43.75,42.7,42.73,19560,0
KRMN.US,60,20250605,170000,42.885,45.42,42.885,45.12,131281,0
KRMN.US,60,20250605,180000,45.19,45.2299,44.73,45.1336,51016,0
KRMN.US,60,20250605,190000,45.14,45.89,44.85,45.075,169028,0
KRMN.US,60,20250605,200000,45.185,45.645,45.11,45.545,57275,0
KRMN.US,60,20250605,210000,45.55,46.16,45.36,45.84,160550,0
KRMN.US,60,20250605,220000,45.9241,46.31,45.5919,46.01,311146,0
KRMN.US,60,20250606,160000,46.85,47.53,46.2,47.2105,58294,0
KRMN.US,60,20250606,170000,47.185,47.4,46.405,46.95,111721,0
KRMN.US,60,20250606,180000,46.91,46.95,46.465,46.9125,77862,0
KRMN.US,60,20250606,190000,46.94,47.26,46.9,47.055,111429,0
KRMN.US,60,20250606,200000,47.02,47.26,46.88,46.93,54774,0
KRMN.US,60,20250606,210000,46.95,47.12,46.55,46.73,76755,0
KRMN.US,60,20250606,220000,46.73,46.98,46.45,46.45,350963,0
KRMN.US,60,20250609,160000,47.5,47.55,45.565,46.775,73568,0
KRMN.US,60,20250609,170000,46.78,47.31,46.655,46.75,61117,0
KRMN.US,60,20250609,180000,46.815,47.25,46.815,47.06,33364,0
KRMN.US,60,20250609,190000,47.16,47.19,46.4325,47.13,30417,0
KRMN.US,60,20250609,200000,47.1,47.2359,46.92,46.965,29008,0
KRMN.US,60,20250609,210000,47.0231,47.38,46.91,47.21,29220,0
KRMN.US,60,20250609,220000,47.19,47.25,46.68,46.68,150326,0
KRMN.US,60,20250610,160000,46.935,47.5,46.01,47.15,27284,0
KRMN.US,60,20250610,170000,47.09,47.145,44.84,44.95,122524,0
KRMN.US,60,20250610,180000,44.95,45.1785,43.98,44.715,121789,0
KRMN.US,60,20250610,190000,44.72,44.88,44,44.03,46823,0
KRMN.US,60,20250610,200000,44.03,44.25,43.6501,44.0413,52231,0
KRMN.US,60,20250610,210000,43.965,44.56,43.81,44.39,30992,0
KRMN.US,60,20250610,220000,44.41,44.61,44.01,44.15,151796,0
KRMN.US,60,20250611,160000,44.51,44.575,43.61,44.49,25019,0
KRMN.US,60,20250611,170000,44.49,45.84,44.345,45.67,37288,0
KRMN.US,60,20250611,180000,45.67,46.2,45.67,45.715,35605,0
KRMN.US,60,20250611,190000,45.789,46.1672,45.789,46.02,27136,0
KRMN.US,60,20250611,200000,46.09,46.57,46.07,46.07,45137,0
KRMN.US,60,20250611,210000,46.15,46.462,45.67,46.085,68777,0
KRMN.US,60,20250611,220000,46.085,46.335,45.78,45.99,111081,0
KRMN.US,60,20250612,160000,45,46.38,45,45.85,16182,0
KRMN.US,60,20250612,170000,46.12,46.305,45.8819,46.305,23360,0
KRMN.US,60,20250612,180000,46.307,46.99,46.155,46.44,46131,0
KRMN.US,60,20250612,190000,46.6599,46.96,46.305,46.78,18088,0
KRMN.US,60,20250612,200000,46.84,47.7,46.71,47.635,82704,0
KRMN.US,60,20250612,210000,47.56,47.655,46.978,47.3,65115,0
KRMN.US,60,20250612,220000,47.315,47.64,47.22,47.47,127683,0
KRMN.US,60,20250613,160000,46.75,47.9899,46.31,46.81,31609,0
KRMN.US,60,20250613,170000,46.9877,47.805,46.83,47.62,25037,0
KRMN.US,60,20250613,180000,47.62,48.0399,47.57,47.895,35208,0
KRMN.US,60,20250613,190000,47.895,48.3099,47.5,47.795,27484,0
KRMN.US,60,20250613,200000,47.82,47.82,47.48,47.63,12879,0
KRMN.US,60,20250613,210000,47.625,47.75,47.1526,47.4,23325,0
KRMN.US,60,20250613,220000,47.39,47.7,47.27,47.41,106485,0
KRMN.US,60,20250616,160000,48.8,49.655,48.33,49,60694,0
KRMN.US,60,20250616,170000,49.1,49.805,48.9,49.55,62443,0
KRMN.US,60,20250616,180000,49.55,49.74,48.58,48.79,58482,0
KRMN.US,60,20250616,190000,48.84,49.125,48.43,48.46,37476,0
KRMN.US,60,20250616,200000,48.4427,48.76,48.4,48.45,25203,0
KRMN.US,60,20250616,210000,48.455,48.81,48.3625,48.42,32651,0
KRMN.US,60,20250616,220000,48.415,48.55,47.51,47.51,301536,0
KRMN.US,60,20250617,160000,48,48.28,47.5216,47.745,18062,0
KRMN.US,60,20250617,170000,47.795,48.18,47.17,47.8,53121,0
KRMN.US,60,20250617,180000,47.86,48.22,47.56,47.57,23397,0
KRMN.US,60,20250617,190000,47.69,48.29,47.69,47.87,27264,0
KRMN.US,60,20250617,200000,47.95,48.35,47.77,48.26,26107,0
KRMN.US,60,20250617,210000,48.185,48.46,47.9251,48.3,43273,0
KRMN.US,60,20250617,220000,48.3,48.32,47.8,47.88,142117,0
KRMN.US,60,20250618,160000,48,48.12,47.62,48.1,23689,0
KRMN.US,60,20250618,170000,48.04,48.04,46.87,47.17,62795,0
KRMN.US,60,20250618,180000,47.08,47.44,46.8,47.315,39702,0
KRMN.US,60,20250618,190000,47.24,47.4,46.9,47.225,39232,0
KRMN.US,60,20250618,200000,47.225,47.29,46.59,46.68,29617,0
KRMN.US,60,20250618,210000,46.74,46.88,45.62,45.6744,77367,0
KRMN.US,60,20250618,220000,45.62,46.35,45.62,46,202776,0
KRMN.US,60,20250620,160000,46.675,47.298,45.745,46.35,17282,0
KRMN.US,60,20250620,170000,46.455,47.1999,46.455,46.9924,20559,0
KRMN.US,60,20250620,180000,46.9768,47,46.44,46.44,13494,0
KRMN.US,60,20250620,190000,46.43,46.46,46,46.1,22172,0
KRMN.US,60,20250620,200000,46.11,47.12,46.1,46.98,79501,0
KRMN.US,60,20250620,210000,46.98,47.03,45.91,45.91,56976,0
KRMN.US,60,20250620,220000,46.05,46.6,45.9,46.24,2203869,0
KRMN.US,60,20250623,160000,46.13,46.9205,45.2001,46.555,18353,0
KRMN.US,60,20250623,170000,46.555,47.31,46.545,46.545,40790,0
KRMN.US,60,20250623,180000,46.545,47.15,46.545,47.02,33838,0
KRMN.US,60,20250623,190000,46.95,46.985,46.05,46.26,17239,0
KRMN.US,60,20250623,200000,46.1501,47.19,46.1501,47.09,36282,0
KRMN.US,60,20250623,210000,47.14,47.41,47.11,47.19,21821,0
KRMN.US,60,20250623,220000,47.18,47.45,47.09,47.15,163908,0
KRMN.US,60,20250624,160000,48.4,48.4,46.1131,46.388,40207,0
KRMN.US,60,20250624,170000,46.452,47.57,46.452,47.115,28997,0
KRMN.US,60,20250624,180000,47.065,47.195,46.75,47.17,17428,0
KRMN.US,60,20250624,190000,47.145,47.37,47.1255,47.22,11671,0
KRMN.US,60,20250624,200000,47.31,47.865,47.31,47.64,12817,0
KRMN.US,60,20250624,210000,47.7,47.88,47.2,47.615,58271,0
KRMN.US,60,20250624,220000,47.71,48.28,47.59,48.28,253471,0
KRMN.US,60,20250625,160000,48.6,49.36,48.2,48.9,41562,0
KRMN.US,60,20250625,170000,49.005,49.36,48.588,48.76,53518,0
KRMN.US,60,20250625,180000,48.75,48.93,48.24,48.93,57167,0
KRMN.US,60,20250625,190000,48.97,49.76,48.93,49.61,116835,0
KRMN.US,60,20250625,200000,49.57,49.73,49.04,49.26,58458,0
KRMN.US,60,20250625,210000,49.3,49.38,48.86,48.955,113723,0
KRMN.US,60,20250625,220000,48.99,49.08,48.35,48.89,392055,0
KRMN.US,60,20250626,160000,49.3,50.7189,49.3,49.76,59433,0
KRMN.US,60,20250626,170000,49.84,50.9,49.54,50.77,53616,0
KRMN.US,60,20250626,180000,50.8595,51.155,49.905,50.02,55668,0
KRMN.US,60,20250626,190000,50.08,50.58,49.5,49.795,96954,0
KRMN.US,60,20250626,200000,49.69,50.02,49.585,49.637,34925,0
KRMN.US,60,20250626,210000,49.64,49.98,49.57,49.98,25306,0
KRMN.US,60,20250626,220000,49.99,50.34,49.9,49.99,394126,0
KRMN.US,60,20250627,160000,50.345,50.9,50.015,50.42,28502,0
KRMN.US,60,20250627,170000,50.475,50.92,49.8,50.35,76409,0
KRMN.US,60,20250627,180000,50.3,50.81,50.28,50.69,75223,0
KRMN.US,60,20250627,190000,50.655,51,50.43,50.43,113542,0
KRMN.US,60,20250627,200000,50.5,50.57,49.96,50.15,84641,0
KRMN.US,60,20250627,210000,50.15,50.22,49.5097,49.63,116827,0
KRMN.US,60,20250627,220000,49.6,50.6,49.6,50.47,2441005,0
KRMN.US,60,20250630,160000,50.79,51.17,50.21,51.095,22920,0
KRMN.US,60,20250630,170000,51.095,51.37,50.315,50.35,68293,0
KRMN.US,60,20250630,180000,50.365,51.34,50.29,51.19,63342,0
KRMN.US,60,20250630,190000,51.19,51.74,51.0021,51.6,67477,0
KRMN.US,60,20250630,200000,51.65,51.83,50.7201,50.79,70384,0
KRMN.US,60,20250630,210000,50.765,50.9,50.43,50.84,57718,0
KRMN.US,60,20250630,220000,50.82,50.82,50.21,50.37,509761,0
KRMN.US,60,20250701,160000,50.34,50.5,49.41,49.99,14918,0
KRMN.US,60,20250701,170000,49.8,50.27,47.21,47.46,141069,0
KRMN.US,60,20250701,180000,47.48,47.71,46.1501,46.735,125625,0
KRMN.US,60,20250701,190000,46.61,47.08,46,46.92,159086,0
KRMN.US,60,20250701,200000,46.92,47.04,45.89,45.89,136121,0
KRMN.US,60,20250701,210000,45.855,46.04,45.27,45.515,144134,0
KRMN.US,60,20250701,220000,45.47,45.49,44.63,44.91,438851,0
KRMN.US,60,20250702,160000,45.25,45.52,44.7812,45.5,37414,0
KRMN.US,60,20250702,170000,45.51,45.73,45.04,45.27,175898,0
KRMN.US,60,20250702,180000,45.235,45.27,44.67,44.89,184080,0
KRMN.US,60,20250702,190000,44.88,46.32,44.85,46.15,229072,0
KRMN.US,60,20250702,200000,46.18,46.27,45.56,45.64,166349,0
KRMN.US,60,20250702,210000,45.66,45.8,44.935,45.025,223608,0
KRMN.US,60,20250702,220000,45,45.67,44.85,45.24,858309,0
KRMN.US,60,20250703,160000,45.02,45.17,44.36,44.83,36391,0
KRMN.US,60,20250703,170000,44.78,45.3,44.593,44.65,82512,0
KRMN.US,60,20250703,180000,44.66,44.795,44.18,44.255,70466,0
KRMN.US,60,20250703,190000,44.27,45.15,44.255,45.13,211640,0
KRMN.US,60,20250703,200000,45.1,45.12,45.02,45.02,354725,0
KRMN.US,60,20250707,160000,45.35,45.9475,45.27,45.44,37110,0
KRMN.US,60,20250707,170000,45.435,45.56,45.095,45.38,39690,0
KRMN.US,60,20250707,180000,45.38,45.86,45.27,45.5,35013,0
KRMN.US,60,20250707,190000,45.47,45.545,44.84,45.055,54263,0
KRMN.US,60,20250707,200000,45.0913,45.68,45.02,45.6,48403,0
KRMN.US,60,20250707,210000,45.55,45.665,45.1392,45.63,36252,0
KRMN.US,60,20250707,220000,45.65,45.68,45.105,45.24,296304,0
KRMN.US,60,20250708,160000,45.5,45.8602,45.21,45.73,45253,0
KRMN.US,60,20250708,170000,45.6,45.73,44.15,44.43,81338,0
KRMN.US,60,20250708,180000,44.38,44.66,43.49,44.63,56394,0
KRMN.US,60,20250708,190000,44.69,45.15,44.59,44.705,50868,0
KRMN.US,60,20250708,200000,44.7781,45,44.705,44.9,16770,0
KRMN.US,60,20250708,210000,44.91,44.91,44.46,44.69,36530,0
KRMN.US,60,20250708,220000,44.68,45.35,44.6325,45.03,208377,0
KRMN.US,60,20250709,160000,46,46.9999,45.28,46.195,65132,0
KRMN.US,60,20250709,170000,46.195,46.37,45.37,46.37,70101,0
KRMN.US,60,20250709,180000,46.396,47.8599,46.3432,47.7,72068,0
KRMN.US,60,20250709,190000,47.72,48.175,47.57,48.02,39472,0
KRMN.US,60,20250709,200000,48.085,48.55,47.95,48.385,46499,0
KRMN.US,60,20250709,210000,48.44,48.665,48.12,48.3,51533,0
KRMN.US,60,20250709,220000,48.3,48.305,47.19,47.57,392878,0
KRMN.US,60,20250710,160000,47.86,47.92,46.8366,46.8366,14360,0
KRMN.US,60,20250710,170000,47.03,47.11,46.023,46.48,45929,0
KRMN.US,60,20250710,180000,46.485,46.74,45.6763,46.66,46158,0
KRMN.US,60,20250710,190000,46.6,47.15,46.6,47.15,27746,0
KRMN.US,60,20250710,200000,47.155,47.35,47.045,47.09,16874,0
KRMN.US,60,20250710,210000,47.06,47.54,47.03,47.36,52832,0
KRMN.US,60,20250710,220000,47.357,47.8,47.295,47.44,128832,0
KRMN.US,60,20250711,180000,47.995,48.1,47.89,48.1,15802,0
KRMN.US,60,20250711,190000,48.15,48.5888,48.02,48.53,35137,0
KRMN.US,60,20250711,200000,48.58,49.028,48.42,48.7886,27042,0
KRMN.US,60,20250711,210000,48.772,49.06,48.63,48.9,44242,0
KRMN.US,60,20250711,220000,48.81,48.96,48.53,48.76,231961,0
KRMN.US,60,20250714,160000,48.94,49.3717,48.8112,49.03,21366,0
KRMN.US,60,20250714,170000,49.13,49.66,48.91,49.5,41744,0
KRMN.US,60,20250714,180000,49.66,50,49.28,49.75,77097,0
KRMN.US,60,20250714,190000,49.75,49.99,49.03,49.2,38676,0
KRMN.US,60,20250714,200000,49.22,49.34,48.9,48.96,37040,0
KRMN.US,60,20250714,210000,48.94,49.67,48.94,49.51,23289,0
KRMN.US,60,20250714,220000,49.53,49.74,49.285,49.5,103773,0
KRMN.US,60,20250715,160000,49.25,49.65,48.6198,48.84,17162,0
KRMN.US,60,20250715,170000,48.74,48.74,47.64,47.95,53389,0
KRMN.US,60,20250715,180000,48.115,48.38,47.77,47.93,41909,0
KRMN.US,60,20250715,190000,48,48.41,47.88,47.91,30661,0
KRMN.US,60,20250715,200000,47.96,48.57,47.92,48.51,28928,0
KRMN.US,60,20250715,210000,48.55,48.82,48.33,48.33,23678,0
KRMN.US,60,20250715,220000,48.385,48.57,48.31,48.31,181659,0
KRMN.US,60,20250716,160000,49.65,52.41,49.04,51.79,134585,0
KRMN.US,60,20250716,170000,51.79,52.8,51.62,52.16,117239,0
KRMN.US,60,20250716,180000,52.155,53.245,52.11,52.75,140942,0
KRMN.US,60,20250716,190000,52.4453,53.1269,52.4453,52.94,69141,0
KRMN.US,60,20250716,200000,52.975,53.09,52.68,52.83,63709,0
KRMN.US,60,20250716,210000,52.855,53.34,52.78,53.26,82899,0
KRMN.US,60,20250716,220000,53.27,53.74,53.1,53.74,295674,0
KRMN.US,60,20250717,160000,54,54.9,53.6,54.89,51605,0
KRMN.US,60,20250717,170000,54.745,55.75,54.0867,54.1393,80571,0
KRMN.US,60,20250717,180000,54.12,54.86,54.03,54.73,86447,0
KRMN.US,60,20250717,190000,54.82,55.54,54.775,55.5,50960,0
KRMN.US,60,20250717,200000,55.48,56.16,55.48,56.16,60668,0
KRMN.US,60,20250717,210000,56.15,56.42,56,56.31,68749,0
KRMN.US,60,20250717,220000,56.37,57.07,56.27,56.3,511786,0
KRMN.US,60,20250718,160000,56.53,57.315,56.48,56.77,45231,0
KRMN.US,60,20250718,170000,56.77,57.05,56.33,56.36,96466,0
KRMN.US,60,20250718,180000,56.3,56.4539,55.67,55.895,66876,0
KRMN.US,60,20250718,190000,56,56.2,55.615,55.7275,62903,0
KRMN.US,60,20250718,200000,55.77,55.91,55.43,55.6,87990,0
KRMN.US,60,20250718,210000,55.6,56.045,55.17,55.28,72677,0
KRMN.US,60,20250718,220000,55.23,56.11,55,55.74,1959724,0
KRMN.US,60,20250721,160000,56.5,56.81,55,56.42,41405,0
KRMN.US,60,20250721,170000,56.25,56.67,55.6001,56.525,110937,0
KRMN.US,60,20250721,180000,56.525,57.1,56.515,56.66,55436,0
KRMN.US,60,20250721,190000,56.66,56.97,56.2005,56.53,30416,0
KRMN.US,60,20250721,200000,56.52,57.04,56.175,56.37,32962,0
KRMN.US,60,20250721,210000,56.27,56.39,56.19,56.355,21610,0
KRMN.US,60,20250721,220000,56.37,56.6688,56.22,56.22,137085,0
KRMN.US,60,20250722,160000,52.62,53,50,50.79,180031,0
KRMN.US,60,20250722,170000,50.7588,51.8172,50.2,51.73,85146,0
KRMN.US,60,20250722,180000,51.77,52.49,51.5301,52.355,74861,0
KRMN.US,60,20250722,190000,52.355,52.5,51.24,51.28,168701,0
KRMN.US,60,20250722,200000,51.27,51.92,51.27,51.51,164863,0
KRMN.US,60,20250722,210000,51.47,51.75,51.01,51.72,202599,0
KRMN.US,60,20250722,220000,51.74,51.99,51.05,51.96,651476,0
KRMN.US,60,20250723,160000,52.02,52.045,50.59,50.7,132911,0
KRMN.US,60,20250723,170000,50.77,51.47,48.14,50.075,234262,0
KRMN.US,60,20250723,180000,50.1,50.52,50.06,50.48,288500,0
KRMN.US,60,20250723,190000,50.5,50.765,49.8,49.94,162150,0
KRMN.US,60,20250723,200000,49.82,50.19,49.56,50.14,233851,0
KRMN.US,60,20250723,210000,50.12,50.23,49.99,50.0088,189140,0
KRMN.US,60,20250723,220000,50.005,50.26,48.9,49.1,841259,0
KRMN.US,60,20250724,160000,49.5,49.8,48.77,49.575,1634314,0
KRMN.US,60,20250724,170000,49.575,50.25,49.41,49.7,1300552,0
KRMN.US,60,20250724,180000,49.69,50,49.47,49.505,542624,0
KRMN.US,60,20250724,190000,49.5,49.84,49.04,49.72,696275,0
KRMN.US,60,20250724,200000,49.69,49.92,49.58,49.76,340433,0
KRMN.US,60,20250724,210000,49.74,50.03,49.61,50.01,438451,0
KRMN.US,60,20250724,220000,50,50.24,49.29,49.41,2302838,0
KRMN.US,60,20250725,160000,49.53,50.4299,49,50.4299,350788,0
KRMN.US,60,20250725,170000,50.345,51,50.1,50.5,580941,0
KRMN.US,60,20250725,180000,50.48,50.83,50.3,50.46,365497,0
KRMN.US,60,20250725,190000,50.465,50.7,50.18,50.62,277893,0
KRMN.US,60,20250725,200000,50.615,50.85,50.33,50.36,223405,0
KRMN.US,60,20250725,210000,50.38,50.66,50.15,50.47,226050,0
KRMN.US,60,20250725,220000,50.49,50.98,50.18,50.45,2391154,0
KRMN.US,60,20250728,160000,50.7924,51.2352,50.4,50.515,179771,0
KRMN.US,60,20250728,170000,50.63,51.1,50.4099,50.63,215457,0
KRMN.US,60,20250728,180000,50.555,50.95,50.46,50.84,199035,0
KRMN.US,60,20250728,190000,50.84,50.88,50.5362,50.73,112323,0
KRMN.US,60,20250728,200000,50.74,50.77,50.36,50.71,88985,0
KRMN.US,60,20250728,210000,50.71,50.76,50.47,50.48,108768,0
KRMN.US,60,20250728,220000,50.49,50.72,50.27,50.29,1648379,0
KRMN.US,60,20250729,160000,50.75,51.03,50.34,50.565,51366,0
KRMN.US,60,20250729,170000,50.62,51.06,50.42,50.895,181520,0
KRMN.US,60,20250729,180000,50.88,50.95,49.85,50.62,172488,0
KRMN.US,60,20250729,190000,50.64,50.95,50.49,50.94,95672,0
KRMN.US,60,20250729,200000,50.94,51.44,50.8,51.36,200506,0
KRMN.US,60,20250729,210000,51.38,51.62,50.96,51.32,192653,0
KRMN.US,60,20250729,220000,51.315,51.48,50.9,51.41,857568,0
KRMN.US,60,20250730,160000,50.73,51.05,49.61,50.78,91998,0
KRMN.US,60,20250730,170000,50.777,51.095,50.195,50.695,129915,0
KRMN.US,60,20250730,180000,50.695,50.915,50.39,50.495,84433,0
KRMN.US,60,20250730,190000,50.495,50.59,50.08,50.23,89740,0
KRMN.US,60,20250730,200000,50.26,50.875,50.22,50.78,67170,0
KRMN.US,60,20250730,210000,50.8,51.26,50.65,50.81,124110,0
KRMN.US,60,20250730,220000,50.84,51.02,50.28,50.39,818326,0
KRMN.US,60,20250731,160000,50.01,50.07,49.0501,49.935,86807,0
KRMN.US,60,20250731,170000,49.935,50.75,49.83,50.4,178099,0
KRMN.US,60,20250731,180000,50.4,50.99,50.26,50.9,138968,0
KRMN.US,60,20250731,190000,50.905,51.285,50.905,51.14,81513,0
KRMN.US,60,20250731,200000,51.17,51.23,50.78,50.93,72501,0
KRMN.US,60,20250731,210000,50.99,51.5799,50.89,51.28,86636,0
KRMN.US,60,20250731,220000,51.275,51.76,51.22,51.66,354846,0
KRMN.US,60,20250801,160000,50.965,50.965,49.29,49.91,71415,0
KRMN.US,60,20250801,170000,49.89,50.5,49.42,50.29,80050,0
KRMN.US,60,20250801,180000,50.3,50.77,49.89,50.67,70982,0
KRMN.US,60,20250801,190000,50.72,51.21,50.49,50.49,71894,0
KRMN.US,60,20250801,200000,50.5375,50.575,50.325,50.43,41556,0
KRMN.US,60,20250801,210000,50.455,50.885,50.31,50.56,100024,0
KRMN.US,60,20250801,220000,50.565,50.705,50.22,50.22,189107,0
KRMN.US,60,20250804,160000,51.03,51.25,50.6161,50.975,38227,0
KRMN.US,60,20250804,170000,50.975,51.34,50.76,51.05,45588,0
KRMN.US,60,20250804,180000,51.1163,51.32,50.96,51.235,31872,0
KRMN.US,60,20250804,190000,51.25,51.51,51.165,51.41,54319,0
KRMN.US,60,20250804,200000,51.43,51.83,51.3901,51.585,100425,0
KRMN.US,60,20250804,210000,51.59,51.73,51.14,51.16,47367,0
KRMN.US,60,20250804,220000,51.2,51.5,51.1672,51.41,229779,0
KRMN.US,60,20250805,160000,51.21,51.825,50.91,51.47,29468,0
KRMN.US,60,20250805,170000,51.47,51.47,50.03,50.26,62726,0
KRMN.US,60,20250805,180000,50.24,50.24,49.63,49.97,59246,0
KRMN.US,60,20250805,190000,50.0899,50.54,49.95,50.47,64280,0
KRMN.US,60,20250805,200000,50.47,50.87,50.41,50.615,62190,0
KRMN.US,60,20250805,210000,50.615,50.78,50.18,50.41,74289,0
KRMN.US,60,20250805,220000,50.42,50.67,50.36,50.39,284491,0
KRMN.US,60,20250806,160000,50.25,50.3,49.26,49.88,30773,0
KRMN.US,60,20250806,170000,49.86,50.05,48.69,49.13,66730,0
KRMN.US,60,20250806,180000,49.115,49.88,48.93,49.43,113006,0
KRMN.US,60,20250806,190000,49.41,49.7,49.17,49.17,107192,0
KRMN.US,60,20250806,200000,49.245,49.44,48.88,48.98,61191,0
KRMN.US,60,20250806,210000,48.98,49.265,48.83,49.06,86648,0
KRMN.US,60,20250806,220000,49.075,49.36,48.5,48.6,346717,0
KRMN.US,60,20250807,160000,49.21,49.21,47.52,47.73,66280,0
KRMN.US,60,20250807,170000,47.79,47.905,46.9,47.545,183798,0
KRMN.US,60,20250807,180000,47.59,47.92,47.1501,47.7613,120134,0
KRMN.US,60,20250807,190000,47.735,47.83,47.44,47.62,128877,0
KRMN.US,60,20250807,200000,47.665,48,47.45,47.87,140583,0
KRMN.US,60,20250807,210000,47.875,47.93,47.23,47.48,77895,0
KRMN.US,60,20250807,220000,47.48,48.21,47.33,48.21,591795,0
KRMN.US,60,20250808,160000,51,51.04,48.79,50.11,224211,0
KRMN.US,60,20250808,170000,50.12,51.32,49.93,50.76,403976,0
KRMN.US,60,20250808,180000,50.61,50.61,48.11,48.275,128694,0
KRMN.US,60,20250808,190000,48.17,48.48,47.05,47.16,140351,0
KRMN.US,60,20250808,200000,47.04,47.16,46.59,46.69,105521,0
KRMN.US,60,20250808,210000,46.74,46.9,45.9,46.07,113825,0
KRMN.US,60,20250808,220000,46.03,46.575,45.525,45.78,790393,0
KRMN.US,60,20250811,160000,45,45.99,44.43,45.39,104740,0
KRMN.US,60,20250811,170000,45.36,45.82,44.8975,45.7525,155466,0
KRMN.US,60,20250811,180000,45.755,46.4888,45.66,46.005,89873,0
KRMN.US,60,20250811,190000,46.06,46.69,45.94,46.69,88817,0
KRMN.US,60,20250811,200000,46.6994,47.14,46.6994,46.8,96689,0
KRMN.US,60,20250811,210000,46.83,47.13,46.6,47,91125,0
KRMN.US,60,20250811,220000,46.92,47.06,46.45,46.7,575478,0
KRMN.US,60,20250812,160000,47.98,48.34,47.32,47.618,122839,0
KRMN.US,60,20250812,170000,47.62,47.93,47.15,47.875,115199,0
KRMN.US,60,20250812,180000,47.875,48.32,47.85,48.295,80249,0
KRMN.US,60,20250812,190000,48.24,48.78,48.18,48.63,74211,0
KRMN.US,60,20250812,200000,48.39,48.835,48.11,48.51,110476,0
KRMN.US,60,20250812,210000,48.48,48.77,48.48,48.57,67881,0
KRMN.US,60,20250812,220000,48.65,49.07,48.62,49.03,313893,0
KRMN.US,60,20250813,160000,49.65,49.8163,49.11,49.26,28096,0
KRMN.US,60,20250813,170000,49.35,50,49.15,49.9,183101,0
KRMN.US,60,20250813,180000,49.92,50.31,49.3,50.26,100980,0
KRMN.US,60,20250813,190000,50.27,50.53,50.08,50.5,143811,0
KRMN.US,60,20250813,200000,50.5561,50.98,50.3,50.54,83856,0
KRMN.US,60,20250813,210000,50.51,50.85,50.45,50.66,75171,0
KRMN.US,60,20250813,220000,50.69,52.28,50.62,51.83,697241,0
KRMN.US,60,20250814,160000,51.555,52.48,51.11,52.31,75054,0
KRMN.US,60,20250814,170000,52.35,52.48,51.735,51.785,133146,0
KRMN.US,60,20250814,180000,51.72,52.2272,51.6668,52.07,68300,0
KRMN.US,60,20250814,190000,52.0423,52.12,51.37,51.5409,52246,0
KRMN.US,60,20250814,200000,51.63,51.86,50.71,50.84,41726,0
KRMN.US,60,20250814,210000,50.835,51,50.675,50.885,49730,0
KRMN.US,60,20250814,220000,50.91,51.285,50.77,50.91,344886,0
KRMN.US,60,20250815,160000,51.51,51.51,49.99,50.025,27452,0
KRMN.US,60,20250815,170000,49.92,51.32,49.88,51.195,34790,0
KRMN.US,60,20250815,180000,51.205,51.32,50.89,51.23,33419,0
KRMN.US,60,20250815,190000,51.23,51.66,51.19,51.565,28620,0
KRMN.US,60,20250815,200000,51.6,51.6,51.21,51.34,30065,0
KRMN.US,60,20250815,210000,51.3475,51.37,50.98,51.05,35031,0
KRMN.US,60,20250815,220000,51.08,51.13,50.5,50.6,304692,0
KRMN.US,60,20250818,160000,50.755,51.2,50.7,51.055,11665,0
KRMN.US,60,20250818,170000,51.06,51.61,50.8,51.56,52708,0
KRMN.US,60,20250818,180000,51.56,52.18,51.36,51.78,102743,0
KRMN.US,60,20250818,190000,51.795,51.845,51.32,51.365,42279,0
KRMN.US,60,20250818,200000,51.365,51.57,51.18,51.52,49296,0
KRMN.US,60,20250818,210000,51.52,51.72,51.3025,51.545,49473,0
KRMN.US,60,20250818,220000,51.51,52.09,51.465,51.78,395603,0
KRMN.US,60,20250819,160000,51.57,51.57,49.73,50.7,23333,0
KRMN.US,60,20250819,170000,50.7,51.13,49.36,49.785,121292,0
KRMN.US,60,20250819,180000,49.78,49.94,49.24,49.8,67857,0
KRMN.US,60,20250819,190000,49.71,50.1,49.5254,49.835,72861,0
KRMN.US,60,20250819,200000,49.87,50.02,49.415,49.905,79708,0
KRMN.US,60,20250819,210000,49.87,50.24,49.74,50.05,49478,0
KRMN.US,60,20250819,220000,50.03,50.03,49.505,49.87,411868,0
KRMN.US,60,20250820,160000,49.61,49.74,48.37,48.6308,26860,0
KRMN.US,60,20250820,170000,48.64,49,48.26,48.845,62199,0
KRMN.US,60,20250820,180000,48.82,49.91,48.82,49.535,45706,0
KRMN.US,60,20250820,190000,49.535,50.02,49.51,49.83,28349,0
KRMN.US,60,20250820,200000,49.83,50.1,49.785,50.07,22865,0
KRMN.US,60,20250820,210000,50.02,50.03,49.715,49.86,27539,0
KRMN.US,60,20250820,220000,49.89,50.84,49.86,50.76,368410,0
KRMN.US,60,20250821,160000,51.06,51.7337,50.45,50.48,80022,0
KRMN.US,60,20250821,170000,50.46,51.78,50.37,51.665,156472,0
KRMN.US,60,20250821,180000,51.66,52.11,51.65,51.91,108692,0
KRMN.US,60,20250821,190000,51.92,52.09,51.65,51.91,123815,0
KRMN.US,60,20250821,200000,51.925,52.04,51.68,51.695,112273,0
KRMN.US,60,20250821,210000,51.7,51.81,51.54,51.73,68706,0
KRMN.US,60,20250821,220000,51.687,52.25,51.64,52.23,397758,0
KRMN.US,60,20250822,160000,52.51,53.1,52.22,52.355,33241,0
KRMN.US,60,20250822,170000,52.46,53.28,52.46,53.18,144645,0
KRMN.US,60,20250822,180000,53.07,53.34,53.01,53.155,26236,0
KRMN.US,60,20250822,190000,53.155,53.35,52.96,53.22,34756,0
KRMN.US,60,20250822,200000,53.29,53.43,52.89,52.995,69820,0
KRMN.US,60,20250822,210000,53.039,53.09,52.35,52.36,50360,0
KRMN.US,60,20250822,220000,52.36,52.542,52.15,52.24,404480,0
KRMN.US,60,20250825,160000,52.675,53.63,52.5,53.5829,60206,0
KRMN.US,60,20250825,170000,53.6329,53.775,52.78,53.125,81932,0
KRMN.US,60,20250825,180000,53.09,53.5,52.5,52.93,97712,0
KRMN.US,60,20250825,190000,52.94,53.1686,52.91,53.07,41581,0
KRMN.US,60,20250825,200000,52.99,53.2,52.885,53.05,86493,0
KRMN.US,60,20250825,210000,53.08,53.5,53.03,53.39,41476,0
KRMN.US,60,20250825,220000,53.395,53.5,52.99,53.04,316641,0
KRMN.US,60,20250826,160000,53,54.1399,53,54.135,58692,0
KRMN.US,60,20250826,170000,54.08,54.89,54.055,54.53,231569,0
KRMN.US,60,20250826,180000,54.53,54.6556,53.815,53.9188,61583,0
KRMN.US,60,20250826,190000,53.93,54.08,53.8,54.02,57459,0
KRMN.US,60,20250826,200000,54.0294,54.14,53.71,54.06,61614,0
KRMN.US,60,20250826,210000,54.1,54.43,54.1,54.4,45680,0
KRMN.US,60,20250826,220000,54.36,55.23,54.3,54.69,639731,0
KRMN.US,60,20250827,160000,54.95,54.95,54.35,54.57,27057,0
KRMN.US,60,20250827,170000,54.575,55.12,54.21,54.86,47916,0
KRMN.US,60,20250827,180000,54.86,54.97,54.7,54.89,28332,0
KRMN.US,60,20250827,190000,54.9,55.22,54.6881,54.85,68052,0
KRMN.US,60,20250827,200000,54.83,54.85,54.51,54.69,33998,0
KRMN.US,60,20250827,210000,54.66,54.96,54.59,54.73,75283,0
KRMN.US,60,20250827,220000,54.7,54.905,54.575,54.65,335896,0
KRMN.US,60,20250828,160000,54.905,55.18,54.465,54.604,90492,0
KRMN.US,60,20250828,170000,54.5775,55.155,54.24,54.91,106064,0
KRMN.US,60,20250828,180000,54.9437,55.8,54.91,55.69,126653,0
KRMN.US,60,20250828,190000,55.7,56.09,55.52,55.71,111618,0
KRMN.US,60,20250828,200000,55.54,55.84,55.47,55.7092,43424,0
KRMN.US,60,20250828,210000,55.7,55.85,55.4,55.55,72887,0
KRMN.US,60,20250828,220000,55.5511,55.66,55.115,55.45,416931,0
KRMN.US,60,20250829,160000,55.545,55.69,53.92,54.1108,37006,0
KRMN.US,60,20250829,170000,54.13,54.2,53.63,53.75,41897,0
KRMN.US,60,20250829,180000,53.8,54,53.67,53.68,57966,0
KRMN.US,60,20250829,190000,53.77,53.81,53.51,53.53,28861,0
KRMN.US,60,20250829,200000,53.52,53.7,53.09,53.53,51262,0
KRMN.US,60,20250829,210000,53.53,53.63,53.33,53.385,32685,0
KRMN.US,60,20250829,220000,53.35,53.67,53.07,53.41,352402,0
KRMN.US,60,20250902,160000,52.42,53.86,51.83,53.72,50401,0
KRMN.US,60,20250902,170000,53.73,53.8,52.9,53.705,65438,0
KRMN.US,60,20250902,180000,53.7877,53.99,53.08,53.1016,64966,0
KRMN.US,60,20250902,190000,53.19,53.42,53,53.42,33474,0
KRMN.US,60,20250902,200000,53.42,53.68,53.335,53.615,34463,0
KRMN.US,60,20250902,210000,53.62,53.92,53.55,53.85,37853,0
KRMN.US,60,20250902,220000,53.81,54.01,53.74,53.89,261234,0
KRMN.US,60,20250903,160000,54,54.205,53.7766,53.965,15283,0
KRMN.US,60,20250903,170000,53.96,54.45,53.68,54.24,26537,0
KRMN.US,60,20250903,180000,54.222,54.48,54.03,54.36,29589,0
KRMN.US,60,20250903,190000,54.36,54.4,53.52,53.67,44721,0
KRMN.US,60,20250903,200000,53.73,53.92,53.32,53.44,23542,0
KRMN.US,60,20250903,210000,53.445,53.66,53.14,53.315,39570,0
KRMN.US,60,20250903,220000,53.35,53.43,53.02,53.26,165889,0
KRMN.US,60,20250904,160000,53.5,53.73,53.055,53.45,14234,0
KRMN.US,60,20250904,170000,53.43,53.57,52.69,53.47,25945,0
KRMN.US,60,20250904,180000,53.46,53.625,53.25,53.5,20366,0
KRMN.US,60,20250904,190000,53.47,53.54,53.06,53.25,65929,0
KRMN.US,60,20250904,200000,53.29,53.495,53.12,53.35,82189,0
KRMN.US,60,20250904,210000,53.32,53.4594,53.09,53.3,52917,0
KRMN.US,60,20250904,220000,53.31,53.66,53.31,53.38,332028,0
KRMN.US,60,20250905,160000,56.28,57.99,56.101,57.485,257248,0
KRMN.US,60,20250905,170000,57.4,58.91,56.11,57.96,467029,0
KRMN.US,60,20250905,180000,57.91,59.8277,57.825,59.43,327826,0
KRMN.US,60,20250905,190000,59.41,60.4015,58.8344,60.39,358737,0
KRMN.US,60,20250905,200000,60.45,61.5941,60.32,61.19,325868,0
KRMN.US,60,20250905,210000,61.24,62.52,60.86,61.93,277814,0
KRMN.US,60,20250905,220000,61.86,63.3,61.85,62.52,1145527,0
KRMN.US,60,20250908,160000,63.23,63.31,62.41,63.2167,99877,0
KRMN.US,60,20250908,170000,63.35,63.46,60.78,61.2,162923,0
KRMN.US,60,20250908,180000,61.21,61.5,60.5417,61.235,200674,0
KRMN.US,60,20250908,190000,61.24,61.29,60.4106,60.69,88502,0
KRMN.US,60,20250908,200000,60.701,61.738,60.55,61.295,245771,0
KRMN.US,60,20250908,210000,61.29,62.26,61.25,62.22,143785,0
KRMN.US,60,20250908,220000,62.26,62.88,62,62.36,676777,0
KRMN.US,60,20250909,160000,63.19,63.375,62.04,63.05,120609,0
KRMN.US,60,20250909,170000,63.12,63.32,62.01,62.37,241185,0
KRMN.US,60,20250909,180000,62.45,62.57,62.1,62.4,140847,0
KRMN.US,60,20250909,190000,62.44,62.66,62.28,62.42,94097,0
KRMN.US,60,20250909,200000,62.42,62.4499,62.11,62.405,123845,0
KRMN.US,60,20250909,210000,62.42,62.54,62.18,62.29,89558,0
KRMN.US,60,20250909,220000,62.29,62.6,61.9001,62.51,449531,0
KRMN.US,60,20250910,160000,63.26,64.47,63.03,63.3726,115746,0
KRMN.US,60,20250910,170000,63.4,63.9886,62.5719,62.815,112884,0
KRMN.US,60,20250910,180000,62.7,63.29,62.5379,63.11,303368,0
KRMN.US,60,20250910,190000,63.1,63.48,62.63,63,83622,0
KRMN.US,60,20250910,200000,62.97,63.05,62.57,62.65,81338,0
KRMN.US,60,20250910,210000,62.63,62.68,62.2715,62.4851,88125,0
KRMN.US,60,20250910,220000,62.46,62.47,62.07,62.22,855298,0
KRMN.US,60,20250911,160000,62,63.685,61.33,62.51,157375,0
KRMN.US,60,20250911,170000,62.51,63.925,61.76,63.365,152710,0
KRMN.US,60,20250911,180000,63.365,63.99,63.27,63.53,62755,0
KRMN.US,60,20250911,190000,63.53,63.62,62.95,63.31,98318,0
KRMN.US,60,20250911,200000,63.31,63.71,63.2,63.53,86954,0
KRMN.US,60,20250911,210000,63.53,64.03,63.26,63.5,105296,0
KRMN.US,60,20250911,220000,63.52,63.85,63.24,63.8,348804,0
KRMN.US,60,20250912,160000,63.87,64.5,63.4476,63.94,32056,0
KRMN.US,60,20250912,170000,63.95,64.32,63.25,63.755,93557,0
KRMN.US,60,20250912,180000,63.81,64.05,63.68,63.78,55624,0
KRMN.US,60,20250912,190000,63.78,63.9199,63.66,63.81,32840,0
KRMN.US,60,20250912,200000,63.855,64.01,63.63,63.86,71198,0
KRMN.US,60,20250912,210000,63.86,64.24,63.78,63.935,104234,0
KRMN.US,60,20250912,220000,63.945,64.33,63.54,64.33,508393,0
KRMN.US,60,20250915,160000,64.59,65.47,64.5,65.115,35028,0
KRMN.US,60,20250915,170000,65.07,65.99,64.56,64.82,127957,0
KRMN.US,60,20250915,180000,64.85,64.97,63.4,63.72,147952,0
KRMN.US,60,20250915,190000,63.75,63.87,63.47,63.67,74238,0
KRMN.US,60,20250915,200000,63.67,64.03,63.34,63.6845,112410,0
KRMN.US,60,20250915,210000,63.64,64.235,63.4103,63.61,73559,0
KRMN.US,60,20250915,220000,63.68,64.28,63.58,63.8,354799,0
KRMN.US,60,20250916,160000,64.72,65.29,64.265,64.82,29055,0
KRMN.US,60,20250916,170000,64.59,65.0304,63.63,63.83,48806,0
KRMN.US,60,20250916,180000,63.91,64.21,63.63,64.15,37860,0
KRMN.US,60,20250916,190000,64.09,65.355,63.97,65.06,99441,0
KRMN.US,60,20250916,200000,65.045,65.85,64.972,65.685,188322,0
KRMN.US,60,20250916,210000,65.685,66.29,65.44,65.77,96966,0
KRMN.US,60,20250916,220000,65.75,65.88,64.82,64.86,290004,0
KRMN.US,60,20250917,160000,65.15,65.625,64.585,65.08,48300,0
KRMN.US,60,20250917,170000,65.18,65.49,64.26,64.4,189988,0
KRMN.US,60,20250917,180000,64.36,64.79,63.94,64.48,70385,0
KRMN.US,60,20250917,190000,64.49,64.545,63.34,63.34,75733,0
KRMN.US,60,20250917,200000,63.35,63.75,63.34,63.615,50071,0
KRMN.US,60,20250917,210000,63.74,64.605,63.32,64.01,153678,0
KRMN.US,60,20250917,220000,64.02,64.4056,63.831,64.11,477872,0
KRMN.US,60,20250918,160000,64.53,65.75,64.16,65.74,48476,0
KRMN.US,60,20250918,170000,65.775,66.01,65.16,65.365,59329,0
KRMN.US,60,20250918,180000,65.38,65.43,64.74,64.87,43957,0
KRMN.US,60,20250918,190000,64.89,65.23,64.8274,65.2251,65855,0
KRMN.US,60,20250918,200000,65.225,65.58,65.008,65.5,44639,0
KRMN.US,60,20250918,210000,65.53,65.99,65.37,65.72,56509,0
KRMN.US,60,20250918,220000,65.7,65.72,65.06,65.45,509703,0
KRMN.US,60,20250919,160000,66.295,66.615,65.73,66.32,35787,0
KRMN.US,60,20250919,170000,66.34,66.4435,65.48,65.94,42364,0
KRMN.US,60,20250919,180000,66.03,66.37,65.79,66.33,44705,0
KRMN.US,60,20250919,190000,66.33,66.35,65.47,65.53,61325,0
KRMN.US,60,20250919,200000,65.5369,65.54,65.15,65.1975,32083,0
KRMN.US,60,20250919,210000,65.24,65.721,65.13,65.275,78913,0
KRMN.US,60,20250919,220000,65.285,66.35,65.22,66.12,3132063,0
KRMN.US,60,20250922,160000,65.9,66.81,65.81,66.13,40892,0
KRMN.US,60,20250922,170000,66.13,66.63,65.77,66.09,83301,0
KRMN.US,60,20250922,180000,66.2,66.77,66.2,66.7324,41881,0
KRMN.US,60,20250922,190000,66.74,67.27,66.686,67.2001,50950,0
KRMN.US,60,20250922,200000,67.23,67.33,67.07,67.21,58981,0
KRMN.US,60,20250922,210000,67.23,67.81,67.19,67.56,61830,0
KRMN.US,60,20250922,220000,67.56,67.96,67.22,67.23,491962,0
KRMN.US,60,20250923,160000,67.45,68.525,67.39,68.47,22554,0
KRMN.US,60,20250923,170000,68.47,69.77,68.4301,69.35,87247,0
KRMN.US,60,20250923,180000,69.29,69.79,68.88,69.225,121521,0
KRMN.US,60,20250923,190000,69.28,69.98,69.18,69.815,50531,0
KRMN.US,60,20250923,200000,69.815,70.32,68.56,69.08,91164,0
KRMN.US,60,20250923,210000,69.06,69.2237,68.5587,68.985,53938,0
KRMN.US,60,20250923,220000,68.985,69.16,68.29,68.71,456770,0
KRMN.US,60,20250924,160000,69.6581,69.8,68.18,68.685,64965,0
KRMN.US,60,20250924,170000,68.685,69,67.63,68.08,130461,0
KRMN.US,60,20250924,180000,68,68.08,66.57,66.695,90205,0
KRMN.US,60,20250924,190000,66.69,66.69,65.6,65.9,179792,0
KRMN.US,60,20250924,200000,65.96,66.99,65.82,66.99,112533,0
KRMN.US,60,20250924,210000,66.89,67.73,66.63,67.65,76932,0
KRMN.US,60,20250924,220000,67.622,67.74,66.84,66.91,337147,0
KRMN.US,60,20250925,160000,64.3,65.79,63.62,65.78,97147,0
KRMN.US,60,20250925,170000,65.79,67.19,65.65,67.19,72319,0
KRMN.US,60,20250925,180000,67.09,67.4999,66.95,67.32,48272,0
KRMN.US,60,20250925,190000,67.38,67.44,67.01,67.045,41354,0
KRMN.US,60,20250925,200000,67.02,67.025,66.56,66.59,20304,0
KRMN.US,60,20250925,210000,66.62,67.46,66.26,67.4,96278,0
KRMN.US,60,20250925,220000,67.32,67.72,67.13,67.4,386704,0
KRMN.US,60,20250926,160000,67.55,68.6256,67.55,68.6256,32351,0
KRMN.US,60,20250926,170000,68.67,68.83,67.32,67.765,57658,0
KRMN.US,60,20250926,180000,67.65,67.97,67.47,67.53,34896,0
KRMN.US,60,20250926,190000,67.635,68.02,67.44,67.99,23395,0
KRMN.US,60,20250926,200000,67.99,68.28,67.94,68.11,19941,0
KRMN.US,60,20250926,210000,68.077,68.55,68.03,68.485,40231,0
KRMN.US,60,20250926,220000,68.495,68.55,68.075,68.42,492127,0
KRMN.US,60,20250929,160000,71.82,74.51,71.75,73.54,122751,0
KRMN.US,60,20250929,170000,73.7,74.12,72.36,72.755,168645,0
KRMN.US,60,20250929,180000,72.755,72.98,71.9,72.315,98246,0
KRMN.US,60,20250929,190000,72.265,72.39,71.205,71.24,54015,0
KRMN.US,60,20250929,200000,71.355,71.355,70.64,70.82,99035,0
KRMN.US,60,20250929,210000,70.82,71.41,70.46,71.225,58372,0
KRMN.US,60,20250929,220000,71.3,71.69,70.94,71.35,1188208,0
KRMN.US,60,20250930,160000,71.56,73,71.33,71.515,21138,0
KRMN.US,60,20250930,170000,71.32,72.25,71.2,72.125,83794,0
KRMN.US,60,20250930,180000,72.125,72.25,71.22,71.5,93278,0
KRMN.US,60,20250930,190000,71.525,71.61,71.28,71.37,62479,0
KRMN.US,60,20250930,200000,71.34,71.81,71.22,71.43,63630,0
KRMN.US,60,20250930,210000,71.45,71.685,71.3,71.645,63542,0
KRMN.US,60,20250930,220000,71.6,72.33,71.41,72.2,1049186,0
KRMN.US,60,20251001,160000,71.905,72.5266,70.95,71.78,59472,0
KRMN.US,60,20251001,170000,71.78,73.13,71.61864,72.89,88335,0
KRMN.US,60,20251001,180000,72.89,73.27,72.68,72.89,57906,0
KRMN.US,60,20251001,190000,72.93,72.93,72.38,72.72,39015,0
KRMN.US,60,20251001,200000,72.72,72.79,71.86,71.9,76640,0
KRMN.US,60,20251001,210000,72,72.71,71.82,72.6309,203176,0
KRMN.US,60,20251001,220000,72.5,73.74,72.49,73.47,542197,0
KRMN.US,60,20251002,160000,74.26,75.27,72.7601,73.02,48717,0
KRMN.US,60,20251002,170000,72.95,74.03,72.64,73.47,83839,0
KRMN.US,60,20251002,180000,73.48,73.93,73.22,73.89,74760,0
KRMN.US,60,20251002,190000,73.87,74.115,73.56,73.8,106498,0
KRMN.US,60,20251002,200000,73.78,74.08,73.38,73.655,70562,0
KRMN.US,60,20251002,210000,73.69,73.915,73.135,73.39,76246,0
KRMN.US,60,20251002,220000,73.39,73.85,73.195,73.41,306490,0
KRMN.US,60,20251003,160000,74.625,75,73.71,73.73,40660,0
KRMN.US,60,20251003,170000,73.71,75.945,73.25,75.78,74749,0
KRMN.US,60,20251003,180000,75.65,75.78,74.125,75.08,94850,0
KRMN.US,60,20251003,190000,75,75.0561,74.16,74.28,35416,0
KRMN.US,60,20251003,200000,74.18,74.18,73.035,73.185,37033,0
KRMN.US,60,20251003,210000,73.09,73.48,72.85,73.35,28933,0
KRMN.US,60,20251003,220000,73.355,73.715,72.59,72.6,503881,0
KRMN.US,60,20251006,160000,73.5,74.9939,73.25,74.71,35481,0
KRMN.US,60,20251006,170000,74.59,74.7,72.86,73.09,78447,0
KRMN.US,60,20251006,180000,73.0429,73.5499,73.03,73.28,39766,0
KRMN.US,60,20251006,190000,73.38,74.316,73.17,74.316,65103,0
KRMN.US,60,20251006,200000,74.29,74.49,74,74.41,17043,0
KRMN.US,60,20251006,210000,74.39,74.82,74.11,74.705,38776,0
KRMN.US,60,20251006,220000,74.67,74.85,74.205,74.22,218158,0
KRMN.US,60,20251007,160000,74.695,74.89,74.005,74.18,15473,0
KRMN.US,60,20251007,170000,74.095,74.42,73.59,74.0375,33202,0
KRMN.US,60,20251007,180000,74.18,74.19,72.88,73.245,44074,0
KRMN.US,60,20251007,190000,73.39,73.98,73.375,73.93,16841,0
KRMN.US,60,20251007,200000,73.93,74.4202,73.93,74.215,72999,0
KRMN.US,60,20251007,210000,74.215,74.46,73.93,74.405,63908,0
KRMN.US,60,20251007,220000,74.4095,75.53,74.4,75.2,323583,0
KRMN.US,60,20251008,160000,75.88,76.21,75,75.208,20951,0
KRMN.US,60,20251008,170000,75.185,76.04,74.87,75.7245,23628,0
KRMN.US,60,20251008,180000,75.92,76.7137,75.92,76.55,33394,0
KRMN.US,60,20251008,190000,76.545,77.3905,76.545,77.31,41561,0
KRMN.US,60,20251008,200000,77.2957,77.87,77.25,77.8332,37563,0
KRMN.US,60,20251008,210000,77.7,77.86,77.075,77.38,31219,0
KRMN.US,60,20251008,220000,77.42,77.83,76.56,76.6,218799,0
KRMN.US,60,20251009,160000,77.15,77.9099,76.721,77.315,15735,0
KRMN.US,60,20251009,170000,77.19,77.6,75.68,76.6,50862,0
KRMN.US,60,20251009,180000,76.65,77.915,76.5,77.67,52872,0
KRMN.US,60,20251009,190000,77.54,77.54,76.645,76.66,27981,0
KRMN.US,60,20251009,200000,76.71,76.88,76.35,76.3827,25485,0
KRMN.US,60,20251009,210000,76.48,76.52,75.35,75.485,62576,0
KRMN.US,60,20251009,220000,75.54,75.62,74.389,74.51,340428,0
KRMN.US,60,20251010,160000,75.585,76.5145,75.2968,75.785,21766,0
KRMN.US,60,20251010,170000,75.78,76.11,74.77,75.18,39849,0
KRMN.US,60,20251010,180000,75.35,76.21,74.01,75.7,98471,0
KRMN.US,60,20251010,190000,75.6951,76.69,75.31,75.465,69678,0
KRMN.US,60,20251010,200000,75.4489,77.04,75.09,76.525,81645,0
KRMN.US,60,20251010,210000,76.47,76.765,75.35,75.515,77966,0
KRMN.US,60,20251010,220000,75.48,75.695,74.64,74.71,375587,0
KRMN.US,60,20251013,160000,75.98,77.99,75.9312,77.865,86121,0
KRMN.US,60,20251013,170000,77.76,78.47,77.22,77.66,89090,0
KRMN.US,60,20251013,180000,77.795,78.1099,77.2101,77.87,49537,0
KRMN.US,60,20251013,190000,77.87,78.35,77.8,78.2,64901,0
KRMN.US,60,20251013,200000,78.19,78.76,77.855,78.76,35080,0
KRMN.US,60,20251013,210000,78.7599,79.2506,78.57,78.81,48422,0
KRMN.US,60,20251013,220000,78.69,79.12,78.62,79.07,296882,0
KRMN.US,60,20251014,160000,77.75,77.875,75.6274,77.025,25857,0
KRMN.US,60,20251014,170000,77.06,78.79,76.725,78.3925,23995,0
KRMN.US,60,20251014,180000,78.495,79.72,78.4472,79.51,43893,0
KRMN.US,60,20251014,190000,79.41,80.3199,79.365,79.9763,99636,0
KRMN.US,60,20251014,200000,79.89,80.17,79.78,79.92,33445,0
KRMN.US,60,20251014,210000,79.9,79.95,79.44,79.5,33416,0
KRMN.US,60,20251014,220000,79.525,79.64,76.89,77,547980,0
KRMN.US,60,20251015,160000,78.705,80.0309,78.01,78.23,71858,0
KRMN.US,60,20251015,170000,78.205,79.6007,78.205,78.73,82156,0
KRMN.US,60,20251015,180000,78.81,78.9,76.1,76.76,78754,0
KRMN.US,60,20251015,190000,76.7875,77.32,76.33,76.47,80305,0
KRMN.US,60,20251015,200000,76.41,76.44,75.02,75.875,215646,0
KRMN.US,60,20251015,210000,75.94,76.57,75.39,76.57,66310,0
KRMN.US,60,20251015,220000,76.44,76.64,75.86,75.96,372224,0
KRMN.US,60,20251016,160000,76.645,77.27,75.61,75.93,45442,0
KRMN.US,60,20251016,170000,76.01,77.68,75.81,77.275,63231,0
KRMN.US,60,20251016,180000,77.235,77.94,76.4814,76.61,147328,0
KRMN.US,60,20251016,190000,76.49,76.9,75.942,76.9,44052,0
KRMN.US,60,20251016,200000,76.78,77.46,76.61,77.045,23248,0
KRMN.US,60,20251016,210000,77.045,77.045,76.27,76.6975,48741,0
KRMN.US,60,20251016,220000,76.63,76.88,76.18,76.85,230556,0
KRMN.US,60,20251017,160000,76.095,76.65,73,75.125,119266,0
KRMN.US,60,20251017,170000,75.07,75.38,73.85,73.95,76725,0
KRMN.US,60,20251017,180000,73.99,74.307,72.8,74.245,57955,0
KRMN.US,60,20251017,190000,74.34,75.11,74.34,74.62,21508,0
KRMN.US,60,20251017,200000,74.62,74.805,74.19,74.52,58800,0
KRMN.US,60,20251017,210000,74.6,74.92,74.4082,74.74,39589,0
KRMN.US,60,20251017,220000,74.75,75.28,74.64,75.03,727082,0
KRMN.US,60,20251020,160000,76.25,77.45,76.25,77.015,22327,0
KRMN.US,60,20251020,170000,77.055,77.77,76.69,77.69,57287,0
KRMN.US,60,20251020,180000,77.68,77.785,77.12,77.185,32613,0
KRMN.US,60,20251020,190000,77.185,78.07,77,78.06,34722,0
KRMN.US,60,20251020,200000,78.1125,78.28,77.69,78.01,28077,0
KRMN.US,60,20251020,210000,78.01,78.09,77.31,77.79,31374,0
KRMN.US,60,20251020,220000,77.81,78.3788,77.79,78.25,402590,0
KRMN.US,60,20251021,160000,79.25,79.26,77.12,77.355,25831,0
KRMN.US,60,20251021,170000,77.2734,78.35,77.09,78.32,88209,0
KRMN.US,60,20251021,180000,78.36,78.92,78.11,78.715,39669,0
KRMN.US,60,20251021,190000,78.77,79.11,78.561,78.68,31419,0
KRMN.US,60,20251021,200000,78.7,79.0199,78.47,78.88,27076,0
KRMN.US,60,20251021,210000,78.93,79.1,78.745,78.91,30340,0
KRMN.US,60,20251021,220000,78.86,79.2,78.86,78.99,241947,0
KRMN.US,60,20251022,160000,78.765,79.67,78.26,78.88,18515,0
KRMN.US,60,20251022,170000,78.92,78.92,75.51,77.04,425969,0
KRMN.US,60,20251022,180000,76.97,77.63,75.72,76.85,102440,0
KRMN.US,60,20251022,190000,76.875,77,75.905,76.87,41346,0
KRMN.US,60,20251022,200000,76.83,76.94,76.1658,76.64,34380,0
KRMN.US,60,20251022,210000,76.66,78.1012,76.47,78.07,40231,0
KRMN.US,60,20251022,220000,78.2,78.7999,77.07,77.21,562700,0
KRMN.US,60,20251023,160000,77.825,79.69,77.65,79.69,16221,0
KRMN.US,60,20251023,170000,79.7,80.8999,78.7,80.71,41445,0
KRMN.US,60,20251023,180000,80.76,81.02,80.12,80.795,74360,0
KRMN.US,60,20251023,190000,80.77,81.79,80.77,81.41,77661,0
KRMN.US,60,20251023,200000,81.44,81.78,80.96,81.08,59464,0
KRMN.US,60,20251023,210000,81.1595,81.8099,81.11,81.6,35004,0
KRMN.US,60,20251023,220000,81.6,82.17,81.37,81.99,375366,0
KRMN.US,60,20251024,160000,84.46,84.46,82.88,83.46,56317,0
KRMN.US,60,20251024,170000,83.495,83.99,82.5,83.65,53271,0
KRMN.US,60,20251024,180000,83.7,84.26,83.2556,84.26,43025,0
KRMN.US,60,20251024,190000,84.31,84.93,84.175,84.34,37272,0
KRMN.US,60,20251024,200000,84.41,84.56,84.135,84.4,55312,0
KRMN.US,60,20251024,210000,84.33,85.01,84.27,84.665,62086,0
KRMN.US,60,20251024,220000,84.7037,85.02,84.08,84.15,188651,0
KRMN.US,60,20251027,150000,85.2,86,84,85.41,36897,0
KRMN.US,60,20251027,160000,85.5,86.37,84.75,85.6,90577,0
KRMN.US,60,20251027,170000,85.7,85.86,83.54,83.5892,87386,0
KRMN.US,60,20251027,180000,83.625,84.03,83.02,83.585,90089,0
KRMN.US,60,20251027,190000,83.5,84.21,83.43,83.76,88384,0
KRMN.US,60,20251027,200000,83.8,84.295,83.43,83.59469,117201,0
KRMN.US,60,20251027,210000,83.5715,83.985,83.4898,83.87,231922,0
KRMN.US,60,20251028,150000,84.51,85.23,83.8,84.255,21905,0
KRMN.US,60,20251028,160000,84.13,85.82,83.935,85.3482,62075,0
KRMN.US,60,20251028,170000,85.6,86.105,84.57,85.44,48147,0
KRMN.US,60,20251028,180000,85.55,86.9199,85.53,86.14,56749,0
KRMN.US,60,20251028,190000,86.25,86.56,85.95,86.53,33174,0
KRMN.US,60,20251028,200000,86.51,86.74,85.89,86.088,57370,0
KRMN.US,60,20251028,210000,86.0903,86.25,85.07,85.34,382012,0
KRMN.US,60,20251029,150000,85.625,86.4399,84.98,85.575,16908,0
KRMN.US,60,20251029,160000,85.43,86.54,85.24,86.45,48825,0
KRMN.US,60,20251029,170000,86.63,87.09,86.375,86.81,29565,0
KRMN.US,60,20251029,180000,86.8,86.88,86.15,86.675,42194,0
KRMN.US,60,20251029,190000,86.62,87.13,86.46,86.91,34821,0
KRMN.US,60,20251029,200000,86.91,87.265,85.62,86.325,43242,0
KRMN.US,60,20251029,210000,86.545,87.01,85.67,85.79,350782,0
KRMN.US,60,20251030,150000,85.84,88,85.14,87.7,33109,0
KRMN.US,60,20251030,160000,87.59,88.735,86.82,88.31,61698,0
KRMN.US,60,20251030,170000,88.32,88.82,87.29,87.36,39874,0
KRMN.US,60,20251030,180000,87.305,88.5,86.9,88.06,76902,0
KRMN.US,60,20251030,190000,88.06,88.52,87.5,88.16,45886,0
KRMN.US,60,20251030,200000,88.225,88.3,87.29,87.58,61849,0
KRMN.US,60,20251030,210000,87.54,87.55,85.55,85.58,191597,0
KRMN.US,60,20251031,150000,87.17,87.59,85.2,85.805,32517,0
KRMN.US,60,20251031,160000,85.805,85.99,84.46,85.845,65482,0
KRMN.US,60,20251031,170000,85.845,86.1,84.84,84.99,69093,0
KRMN.US,60,20251031,180000,84.82,85.04,84.0101,84.5135,63000,0
KRMN.US,60,20251031,190000,84.54,84.75,83.825,84.44,67578,0
KRMN.US,60,20251031,200000,84.485,84.82,84.18,84.52,78777,0
KRMN.US,60,20251031,210000,84.565,85.55,84.13,84.24,322131,0
KRMN.US,60,20251103,160000,85.71,87.912,84.91,86.34,52838,0
KRMN.US,60,20251103,170000,86.285,86.865,84.44,85.625,87372,0
KRMN.US,60,20251103,180000,85.46,86.3,85.43,86.115,46122,0
KRMN.US,60,20251103,190000,86.215,87,85.73,86.92,43456,0
KRMN.US,60,20251103,200000,86.94,87.165,86.16,87.165,42190,0
KRMN.US,60,20251103,210000,87.1368,87.725,86.6,86.61,62182,0
KRMN.US,60,20251103,220000,86.69,87.8,86.66,87.04,307142,0
KRMN.US,60,20251104,160000,84.01,86.07,82.7701,85.7,48499,0
KRMN.US,60,20251104,170000,85.7,87.1,84.895,86.6,61511,0
KRMN.US,60,20251104,180000,86.4001,87.2125,86.4001,86.75,60364,0
KRMN.US,60,20251104,190000,86.71,86.91,86,86.21,33531,0
KRMN.US,60,20251104,200000,86.03,86.34,84.9835,85.73,144813,0
KRMN.US,60,20251104,210000,85.83,85.84,85.0128,85.135,44891,0
KRMN.US,60,20251104,220000,85.25,85.61,84.44,84.7,267819,0
KRMN.US,60,20251105,160000,84.84,85.3799,82.1,82.605,60436,0
KRMN.US,60,20251105,170000,82.55,82.55,78.21,78.26,472339,0
KRMN.US,60,20251105,180000,78.37,80.0818,78.2,79.27,261271,0
KRMN.US,60,20251105,190000,79.275,79.81,78.66,79.47,202189,0
KRMN.US,60,20251105,200000,79.475,80.0069,79.27,79.53,141949,0
KRMN.US,60,20251105,210000,79.49,79.8483,78.765,79.77,173634,0
KRMN.US,60,20251105,220000,79.71,79.86,79.15,79.73,627646,0
KRMN.US,60,20251106,160000,79.74,80.295,78.3,78.575,55765,0
KRMN.US,60,20251106,170000,78.56,80.145,77.9,78.13,78727,0
KRMN.US,60,20251106,180000,78.13,78.76,76.8,77.015,102317,0
KRMN.US,60,20251106,190000,77.05,77.96,76.73,77.765,174458,0
KRMN.US,60,20251106,200000,77.72,77.77,76.87,76.91,136179,0
KRMN.US,60,20251106,210000,76.86,76.97,75.23,75.47,294882,0
KRMN.US,60,20251106,220000,75.505,75.72,74.51,75.05,569621,0
KRMN.US,60,20251107,160000,64.68,64.68,59.09,61.0906,491198,0
KRMN.US,60,20251107,170000,60.99,63.39,60.22,62.585,561765,0
KRMN.US,60,20251107,180000,62.57,63.81,61.7,63.81,372964,0
KRMN.US,60,20251107,190000,63.81,66.9,63.8,66.57,514559,0
KRMN.US,60,20251107,200000,66.55,68.49,66.38,68.41,334643,0
KRMN.US,60,20251107,210000,68.5,71.89,68.37,71.51,536859,0
KRMN.US,60,20251107,220000,71.49,71.53,70.1401,70.68,878689,0
KRMN.US,60,20251110,160000,71.89,73.99,71,71.17,105990,0
KRMN.US,60,20251110,170000,71,72.907,70.09,71,113701,0
KRMN.US,60,20251110,180000,70.99,71.56,70.29,71.5,87667,0
KRMN.US,60,20251110,190000,71.48,72.22,71.255,71.8625,83012,0
KRMN.US,60,20251110,200000,71.92,72.92,71.785,72.33,121870,0
KRMN.US,60,20251110,210000,72.32,73,72.28,72.75,47758,0
KRMN.US,60,20251110,220000,72.75,73.62,72.15,72.31,442099,0
KRMN.US,60,20251111,160000,71.8,72.546,70.09,70.78,45896,0
KRMN.US,60,20251111,170000,71.03,71.44,68.94,69.06,88806,0
KRMN.US,60,20251111,180000,69.06,69.52,68.95,69.225,85271,0
KRMN.US,60,20251111,190000,69.23,69.72,68.63,68.96,78758,0
KRMN.US,60,20251111,200000,68.9675,70.13,68.89,70.13,82704,0
KRMN.US,60,20251111,210000,70.06,70.41,69.75,70.01,68116,0
KRMN.US,60,20251111,220000,70.04,70.12,69.17,69.38,405043,0
KRMN.US,60,20251112,160000,69.38,70.175,69,69.8,19360,0
KRMN.US,60,20251112,170000,69.73,69.93,67.45,67.74,78971,0
KRMN.US,60,20251112,180000,67.86,68.84,67.5278,68.15,77862,0
KRMN.US,60,20251112,190000,68.185,68.24,67.14,67.805,80317,0
KRMN.US,60,20251112,200000,67.86,67.95,67.43,67.67,76375,0
KRMN.US,60,20251112,210000,67.625,67.65,67.19,67.55,74298,0
KRMN.US,60,20251112,220000,67.47,68.05,67.17,67.74,492490,0
KRMN.US,60,20251113,160000,67,67,61.8715,61.96,311881,0
KRMN.US,60,20251113,170000,61.96,63.725,61.82,63.53,266099,0
KRMN.US,60,20251113,180000,63.48,63.89,62.59,62.88,84009,0
KRMN.US,60,20251113,190000,62.78,62.95,61.81,61.81,88281,0
KRMN.US,60,20251113,200000,61.97,62.12,61.09,61.13,130369,0
KRMN.US,60,20251113,210000,61.09,61.55,60.56,61.16,158197,0
KRMN.US,60,20251113,220000,61.09,61.32,59.5,59.99,678886,0
KRMN.US,60,20251114,160000,58.1,60.91,57.3,60.2801,127756,0
KRMN.US,60,20251114,170000,60.27,61.61,59.61,61.5,135527,0
KRMN.US,60,20251114,180000,61.5,62.16,60.9,61.22,131699,0
KRMN.US,60,20251114,190000,61.22,61.32,60.57,60.71,176018,0
KRMN.US,60,20251114,200000,60.72,60.99,60.48,60.925,64906,0
KRMN.US,60,20251114,210000,60.925,61.36,60.63,60.66,205997,0
KRMN.US,60,20251114,220000,60.64,60.65,59.84,60.25,613640,0
KRMN.US,60,20251117,160000,60,60.25,58.58,58.995,65495,0
KRMN.US,60,20251117,170000,59.16,59.34,58.42,58.5,70686,0
KRMN.US,60,20251117,180000,58.56,59.37,58.16,59.36,100170,0
KRMN.US,60,20251117,190000,59.36,59.36,58.4757,58.66,108549,0
KRMN.US,60,20251117,200000,58.56,59.18,58.41,58.52,117580,0
KRMN.US,60,20251117,210000,58.49,58.76,57.71,57.71,64432,0
KRMN.US,60,20251117,220000,57.74,58.49,57.58,58.28,267315,0
KRMN.US,60,20251118,160000,56.795,58.595,55.61,57.93,147407,0
KRMN.US,60,20251118,170000,57.93,58.22,56.885,57.31,112601,0
KRMN.US,60,20251118,180000,57.3,58.18,57.2,58.03,96818,0
KRMN.US,60,20251118,190000,58.01,58.79,57.5,58.685,94679,0
KRMN.US,60,20251118,200000,58.685,59.61,58.455,59.11,163767,0
KRMN.US,60,20251118,210000,59.14,59.7612,58.98,59.62,151063,0
KRMN.US,60,20251118,220000,59.68,59.82,58.85,58.95,459182,0
KRMN.US,60,20251119,160000,59.15,60.55,59.15,60.54,41448,0
KRMN.US,60,20251119,170000,60.235,60.83,59.73,60.14,80375,0
KRMN.US,60,20251119,180000,60.2,60.7,60,60.7,108776,0
KRMN.US,60,20251119,190000,60.695,60.753,59.92,60.65,303122,0
KRMN.US,60,20251119,200000,60.64,61.22,60.445,61.02,52160,0
KRMN.US,60,20251119,210000,60.985,61.2,60.67,61.12,85032,0
KRMN.US,60,20251119,220000,61.15,62.02,60.9,60.93,547425,0
KRMN.US,60,20251120,160000,63.09,64.84,62.84,63.36,69249,0
KRMN.US,60,20251120,170000,63.77,63.97,62.54,62.62,184614,0
KRMN.US,60,20251120,180000,62.5,62.76,60.6401,60.75,239163,0
KRMN.US,60,20251120,190000,60.71,61.585,59.7,60.52,130535,0
KRMN.US,60,20251120,200000,60.52,61.36,59.5302,59.91,60103,0
KRMN.US,60,20251120,210000,59.965,60.27,59.57,60.195,99332,0
KRMN.US,60,20251120,220000,60.195,60.195,58.85,58.96,560688,0
KRMN.US,60,20251121,160000,58.625,59.21,57.6062,58.47,19677,0
KRMN.US,60,20251121,170000,58.54,58.54,55.62,55.98,121721,0
KRMN.US,60,20251121,180000,56.1,57.15,55.37,57.15,154620,0
KRMN.US,60,20251121,190000,57.16,57.16,56.485,56.7,96329,0
KRMN.US,60,20251121,200000,56.8375,58.49,56.68,58.22,166031,0
KRMN.US,60,20251121,210000,58.22,59.31,58.2001,59.31,376520,0
KRMN.US,60,20251121,220000,59.23,60.25,59.12,60.07,697716,0
KRMN.US,60,20251124,160000,60.91,62.12,60.38,61.41,31725,0
KRMN.US,60,20251124,170000,61.6,62.965,61.29,62.74,174804,0
KRMN.US,60,20251124,180000,62.78,63.39,62.73,63.1,148319,0
KRMN.US,60,20251124,190000,63.1,63.3628,62.58,63.065,118026,0
KRMN.US,60,20251124,200000,63.07,63.23,62.8,63.065,133146,0
KRMN.US,60,20251124,210000,63.065,63.47,62.82,63.09,200993,0
KRMN.US,60,20251124,220000,63.13,63.99,63.11,63.9,975834,0
KRMN.US,60,20251125,160000,64.01,64.35,62.55,63.61,40642,0
KRMN.US,60,20251125,170000,63.48,64.23,62.89,64.06,132702,0
KRMN.US,60,20251125,180000,64.05,64.58,63.74,64.25,132715,0
KRMN.US,60,20251125,190000,64.27,65.05,64.26,64.26,84602,0
KRMN.US,60,20251125,200000,64.26,64.78,64.26,64.65,87446,0
KRMN.US,60,20251125,210000,64.65,65.21,64.29,65.21,112941,0
KRMN.US,60,20251125,220000,65.2,65.47,64.93,64.96,994788,0
KRMN.US,60,20251126,160000,65.02,67.07,64.96,65.99,72419,0
KRMN.US,60,20251126,170000,66.015,67.2071,66.005,66.68,93973,0
KRMN.US,60,20251126,180000,66.75,67.54,66.705,67.32,72334,0
KRMN.US,60,20251126,190000,67.34,67.745,66.8917,67.615,65619,0
KRMN.US,60,20251126,200000,67.59,68.31,67.54,68,75376,0
KRMN.US,60,20251126,210000,67.97,68.195,67.7586,68.045,60174,0
KRMN.US,60,20251126,220000,68.06,68.25,67.4,67.43,287292,0
KRMN.US,60,20251128,160000,67.08,68.6,66.86,66.92,49584,0
KRMN.US,60,20251128,170000,66.92,67.68,66.9,67.2437,68497,0
KRMN.US,60,20251128,180000,67.22,67.34,66.7974,67.26,57334,0
KRMN.US,60,20251128,190000,67.24,67.3,66.82,67.115,82423,0
KRMN.US,60,20251128,200000,67.12,67.21,66.995,67.03,91161,0
KRMN.US,60,20251201,160000,65.25,65.76,64,65.1746,53535,0
KRMN.US,60,20251201,170000,65.245,65.43,64.4,65.06,40178,0
KRMN.US,60,20251201,180000,65.06,65.8,64.71,64.99,86356,0
KRMN.US,60,20251201,190000,65.018,65.47,64.79,65.46,41206,0
KRMN.US,60,20251201,200000,65.46,65.68,65.37,65.67,36108,0
KRMN.US,60,20251201,210000,65.61,65.66,65,65.07,39794,0
KRMN.US,60,20251201,220000,65.065,65.17,63.67,63.71,404294,0
KRMN.US,60,20251202,170000,65.655,65.86,64.66,65.05,28768,0
KRMN.US,60,20251202,180000,64.87,65.11,64.49,64.555,48001,0
KRMN.US,60,20251202,190000,64.65,65.12,64.62,64.82,36663,0
KRMN.US,60,20251202,200000,64.75,65.13,63.61,63.7694,58681,0
KRMN.US,60,20251202,210000,63.72,64.21,63.68,64.205,45500,0
KRMN.US,60,20251202,220000,64.22,64.26,63.75,63.83,251737,0
KRMN.US,60,20251203,160000,64.1,64.14,62.42,62.97,17233,0
KRMN.US,60,20251203,170000,62.96,65.11,62.96,64.705,46250,0
KRMN.US,60,20251203,180000,64.74,65.08,64.47,64.67,26108,0
KRMN.US,60,20251203,190000,64.665,65.61,64.665,65.31,30267,0
KRMN.US,60,20251203,200000,65.34,65.48,65.12,65.36,26501,0
KRMN.US,60,20251203,210000,65.295,65.56,65.179,65.56,23947,0
KRMN.US,60,20251203,220000,65.48,66.34,65.205,66.08,307617,0
KRMN.US,60,20251204,160000,65.67,66.85,65.3,66.32,33395,0
KRMN.US,60,20251204,170000,66.54,68.24,66.13,68.18,48086,0
KRMN.US,60,20251204,180000,68.28,68.68,68.16,68.585,47796,0
KRMN.US,60,20251204,190000,68.5725,68.585,68.19,68.47,58722,0
KRMN.US,60,20251204,200000,68.42,68.57,68.23,68.47,49495,0
KRMN.US,60,20251204,210000,68.4062,68.49,67.7281,68.405,155723,0
KRMN.US,60,20251204,220000,68.405,68.48,66.25,66.48,323037,0
KRMN.US,60,20251205,160000,66.65,67.075,65.5286,66.12,17074,0
KRMN.US,60,20251205,170000,66.125,66.59,65.37,65.885,35153,0
KRMN.US,60,20251205,180000,66.03,66.26,64.84,64.98,38575,0
KRMN.US,60,20251205,190000,65.04,65.3,64.26,65.3,93470,0
KRMN.US,60,20251205,200000,65.33,65.5,65.07,65.07,33732,0
KRMN.US,60,20251205,210000,65.11,65.2,64.755,65.14,65116,0
KRMN.US,60,20251205,220000,65.14,65.49,65.07,65.45,301828,0
KRMN.US,60,20251208,160000,66.7801,68.2,66.6897,66.99,51222,0
KRMN.US,60,20251208,170000,66.905,67.36,65.49,65.57,107188,0
KRMN.US,60,20251208,180000,65.56,66.04,65.19,65.905,62450,0
KRMN.US,60,20251208,190000,65.98,66.22,65.365,66.12,86835,0
KRMN.US,60,20251208,200000,66.25,66.255,65.68,65.75,41616,0
KRMN.US,60,20251208,210000,65.75,66.27,65.44,66.195,69390,0
KRMN.US,60,20251208,220000,66.21,66.57,65.95,66.06,414083,0
KRMN.US,60,20251209,160000,65.72,66.7199,65.375,65.74,23353,0
KRMN.US,60,20251209,170000,65.37,65.59,64.5,65.165,52039,0
KRMN.US,60,20251209,180000,65.2,65.67,64.63,64.83,62400,0
KRMN.US,60,20251209,190000,64.85,65.175,64.19,64.42,60065,0
KRMN.US,60,20251209,200000,64.375,64.78,64.24,64.24,66807,0
KRMN.US,60,20251209,210000,64.2,64.575,63.53,64.22,99334,0
KRMN.US,60,20251209,220000,64.22,64.3,63.7,63.75,366074,0
KRMN.US,60,20251210,160000,65.84,65.84,63.7,63.9,30745,0
KRMN.US,60,20251210,170000,64.07,65.1636,64.07,65.16,63405,0
KRMN.US,60,20251210,180000,65.03,65.7499,64.69,65.38,92567,0
KRMN.US,60,20251210,190000,65.36,65.66,65.18,65.65,42992,0
KRMN.US,60,20251210,200000,65.61,65.98,65.54,65.645,46948,0
KRMN.US,60,20251210,210000,65.71,67.11,65.71,67.04,90196,0
KRMN.US,60,20251210,220000,67.09,67.5,66.74,67.27,409279,0
KRMN.US,60,20251211,160000,67.11,67.23,65.825,65.935,51678,0
KRMN.US,60,20251211,170000,65.9775,69.57,65.68,68.55,123524,0
KRMN.US,60,20251211,180000,68.55,69.66,68.36,68.77,82410,0
KRMN.US,60,20251211,190000,68.77,69.3,68.695,68.92,97902,0
KRMN.US,60,20251211,200000,68.95,69.66,68.95,69.4,78614,0
KRMN.US,60,20251211,210000,69.395,69.94,69.395,69.57,58057,0
KRMN.US,60,20251211,220000,69.57,69.74,69.2,69.37,246144,0
KRMN.US,60,20251212,160000,69.31,71.31,68.6001,70.8025,62155,0
KRMN.US,60,20251212,170000,70.805,71.06,68.3701,69.105,115846,0
KRMN.US,60,20251212,180000,69.12,69.54,67.76,69.29,189401,0
KRMN.US,60,20251212,190000,69.3199,70.46,69.205,70.22,97058,0
KRMN.US,60,20251212,200000,70.16,71.36,70.16,70.54,118481,0
KRMN.US,60,20251212,210000,70.57,70.57,69.9036,70.015,59039,0
KRMN.US,60,20251212,220000,69.98,70.05,68.39,68.44,374335,0
KRMN.US,60,20251215,160000,68.88,70.99,68.8083,69.205,47871,0
KRMN.US,60,20251215,170000,69.205,69.205,67.5972,68.3095,95620,0
KRMN.US,60,20251215,180000,68.38,69.67,67.97,68.655,52311,0
KRMN.US,60,20251215,190000,68.62,68.785,68.19,68.605,50247,0
KRMN.US,60,20251215,200000,68.63,68.9,68.23,68.75,38957,0
KRMN.US,60,20251215,210000,68.74,68.9,67.875,68.32,82386,0
KRMN.US,60,20251215,220000,68.22,68.619,67.77,68.06,1347061,0
KRMN.US,60,20251216,160000,67.63,69.82,67.5,69.27,22403,0
KRMN.US,60,20251216,170000,69.215,69.6,66.13,67.47,218209,0
KRMN.US,60,20251216,180000,67.38141,67.67,66.57,67.4883,57595,0
KRMN.US,60,20251216,190000,67.53,67.67,66.83,67.09,48154,0
KRMN.US,60,20251216,200000,67.09,67.68,66.835,67.46,57912,0
KRMN.US,60,20251216,210000,67.385,67.46,65.85,67.1,119338,0
KRMN.US,60,20251216,220000,67.12,67.56,66.89,67.19,1702622,0
KRMN.US,60,20251217,160000,66.89,67.88,66.58,67.73,30058,0
KRMN.US,60,20251217,170000,67.89,68.455,66.545,66.81,82794,0
KRMN.US,60,20251217,180000,66.8,66.85,65.41,66.13,156805,0
KRMN.US,60,20251217,190000,66,67.48,66,66.76,86483,0
KRMN.US,60,20251217,200000,66.86,67.16,65.85,66.165,107788,0
KRMN.US,60,20251217,210000,66.19,66.25,65.505,65.915,137645,0
KRMN.US,60,20251217,220000,65.97,65.97,64.182,64.94,1482265,0
KRMN.US,60,20251218,160000,67.045,69.19,67.04,68.44,57561,0
KRMN.US,60,20251218,170000,68.43,70.88,67.86,70.19,275941,0
KRMN.US,60,20251218,180000,70.34,70.8,70.02,70.09,284955,0
KRMN.US,60,20251218,190000,70.09,70.15,68.39,68.58,66751,0
KRMN.US,60,20251218,200000,68.575,69.14,68.07,68.815,54408,0
KRMN.US,60,20251218,210000,68.755,69.17,68.25,68.39,46134,0
KRMN.US,60,20251218,220000,68.375,68.73,67.83,68.11,1200360,0
KRMN.US,60,20251219,160000,68.79,70.605,68.79,70.56,22209,0
KRMN.US,60,20251219,170000,70.62,71.95,70.5,71.11,134268,0
KRMN.US,60,20251219,180000,71.21,72.41,71.1,72.4,81370,0
KRMN.US,60,20251219,190000,72.41,72.56,71.62,71.75,103441,0
KRMN.US,60,20251219,200000,71.75,72.1,71.18,71.58,104355,0
KRMN.US,60,20251219,210000,71.55,71.85,71.2,71.29,98348,0
KRMN.US,60,20251219,220000,71.2,72.42,71,71.65,4356808,0
KRMN.US,60,20251222,160000,72.62,74.37,71.95,74.14,62810,0
KRMN.US,60,20251222,170000,74.13,76.65,73.92,76.5332,96621,0
KRMN.US,60,20251222,180000,76.545,77.95,76.38,77.59,103264,0
KRMN.US,60,20251222,190000,77.61,78.39,77.5,78.25,106455,0
KRMN.US,60,20251222,200000,78.24,78.42,78.01,78.16,96990,0
KRMN.US,60,20251222,210000,78.06,78.36,77.67,78.24,125164,0
KRMN.US,60,20251222,220000,78.23,78.97,78.165,78.87,741221,0
KRMN.US,60,20251223,160000,78,78.435,76.22,77.285,49297,0
KRMN.US,60,20251223,170000,77.44,79.4099,77.1378,78.85,63100,0
KRMN.US,60,20251223,180000,78.8,79.35,78.3376,79.17,57637,0
KRMN.US,60,20251223,190000,79.14,79.8082,78.96,79.37,84555,0
KRMN.US,60,20251223,200000,79.37,79.7899,79.36,79.77,44686,0
KRMN.US,60,20251223,210000,79.79,80.84,79.77,80.28,56632,0
KRMN.US,60,20251223,220000,80.29,81,79.86,79.98,339065,0
KRMN.US,60,20251224,160000,80,80.41,79,79,37589,0
KRMN.US,60,20251224,170000,79.245,80.33,79.09,79.63016,46934,0
KRMN.US,60,20251224,180000,79.7,80.47,79.37,80.39,44528,0
KRMN.US,60,20251224,190000,80.3693,80.85,79.825,80.72,86802,0
KRMN.US,60,20251224,200000,80.58,80.81,80.55,80.81,38834,0
KRMN.US,60,20251226,160000,80.81,80.9,78.645,79.14,24299,0
KRMN.US,60,20251226,170000,78.76,78.8,77.59,78.43,77685,0
KRMN.US,60,20251226,180000,78.48,78.9499,78.01,78.285,27151,0
KRMN.US,60,20251226,190000,78.2438,78.54,77.7801,78.03,30111,0
KRMN.US,60,20251226,200000,78.13,78.55,77.57,77.57,28594,0
KRMN.US,60,20251226,210000,77.68,77.68,77,77.34,68807,0
KRMN.US,60,20251226,220000,77.355,78.04,77.18,77.55,195673,0
