<TICKER>,<PER>,<DATE>,<TIME>,<OPEN>,<HIGH>,<LOW>,<CLOSE>,<VOL>,<OPENINT>
KRSP-U.US,60,20251001,170000,10.13,10.21,10.12,10.195,1762369,0
KRSP-U.US,60,20251001,180000,10.195,10.28,10.19,10.265,1010853,0
KRSP-U.US,60,20251001,190000,10.26,10.27,10.21,10.24,378209,0
KRSP-U.US,60,20251001,200000,10.235,10.325,10.235,10.31,416386,0
KRSP-U.US,60,20251001,210000,10.31,10.355,10.3,10.35,225267,0
KRSP-U.US,60,20251001,220000,10.35,10.375,10.3,10.3,338359,0
KRSP-U.US,60,20251002,160000,10.25,10.3,10.25,10.2592,11178,0
KRSP-U.US,60,20251002,170000,10.2999,10.3,10.25,10.2975,169144,0
KRSP-U.US,60,20251002,180000,10.3,10.42,10.3,10.4,185867,0
KRSP-U.US,60,20251002,190000,10.405,10.405,10.39,10.4,42149,0
KRSP-U.US,60,20251002,200000,10.4,10.55,10.3999,10.55,139570,0
KRSP-U.US,60,20251002,210000,10.55,10.6,10.495,10.52,95511,0
KRSP-U.US,60,20251002,220000,10.49,10.55,10.41,10.41,68214,0
KRSP-U.US,60,20251003,160000,10.45,10.45,10.45,10.45,1350,0
KRSP-U.US,60,20251003,170000,10.499,10.499,10.4,10.45,18595,0
KRSP-U.US,60,20251003,180000,10.45,10.5,10.44,10.5,37016,0
KRSP-U.US,60,20251003,190000,10.5,10.58,10.46,10.5,56088,0
KRSP-U.US,60,20251003,200000,10.5,10.525,10.45,10.47,18521,0
KRSP-U.US,60,20251003,210000,10.47,10.54,10.45,10.5,109731,0
KRSP-U.US,60,20251003,220000,10.5,10.5,10.44,10.47,57728,0
KRSP-U.US,60,20251006,160000,10.534,10.534,10.47,10.48,49004,0
KRSP-U.US,60,20251006,170000,10.5,10.6,10.485,10.59,277776,0
KRSP-U.US,60,20251006,180000,10.59,10.59,10.5,10.54,23916,0
KRSP-U.US,60,20251006,190000,10.54,10.54,10.51,10.52,15996,0
KRSP-U.US,60,20251006,200000,10.525,10.55,10.525,10.545,64158,0
KRSP-U.US,60,20251006,210000,10.545,10.55,10.52,10.55,38954,0
KRSP-U.US,60,20251006,220000,10.58,10.59,10.51,10.59,5351,0
KRSP-U.US,60,20251007,160000,10.6,10.6,10.6,10.6,147,0
KRSP-U.US,60,20251007,170000,10.5884,10.5884,10.5884,10.5884,1000,0
KRSP-U.US,60,20251007,180000,10.51,10.58,10.51,10.58,1599,0
KRSP-U.US,60,20251007,190000,10.457,10.64,10.457,10.62,34758,0
KRSP-U.US,60,20251007,200000,10.6,10.62,10.6,10.615,8940,0
KRSP-U.US,60,20251007,210000,10.615,10.63,10.567,10.57,11971,0
KRSP-U.US,60,20251007,220000,10.57,10.6,10.54,10.6,6591,0
KRSP-U.US,60,20251008,170000,10.595,10.64,10.595,10.63,1200,0
KRSP-U.US,60,20251008,190000,10.6055,10.6055,10.604,10.604,585,0
KRSP-U.US,60,20251008,200000,10.6,10.61,10.58,10.6,1159,0
KRSP-U.US,60,20251008,210000,10.58,10.61,10.58,10.605,2735,0
KRSP-U.US,60,20251008,220000,10.605,10.65,10.605,10.65,70949,0
KRSP-U.US,60,20251009,160000,10.49,10.49,10.49,10.49,6100,0
KRSP-U.US,60,20251009,170000,10.6,10.64,10.54,10.63,52398,0
KRSP-U.US,60,20251009,180000,10.63,10.64,10.62,10.64,9319,0
KRSP-U.US,60,20251009,190000,10.645,10.7395,10.645,10.655,13573,0
KRSP-U.US,60,20251009,200000,10.65,10.69,10.64,10.64,5419,0
KRSP-U.US,60,20251009,210000,10.64,10.64,10.64,10.64,1652,0
KRSP-U.US,60,20251009,220000,10.65,10.69,10.64,10.67,3661,0
KRSP-U.US,60,20251010,170000,10.6,10.6,10.6,10.6,761,0
KRSP-U.US,60,20251010,180000,10.73,10.73,10.6003,10.73,10398,0
KRSP-U.US,60,20251010,190000,10.62,10.62,10.6,10.61,300,0
KRSP-U.US,60,20251010,200000,10.62,10.71,10.62,10.71,200,0
KRSP-U.US,60,20251010,210000,10.665,10.72,10.665,10.665,13514,0
KRSP-U.US,60,20251010,220000,10.67,10.74,10.62,10.63,6885,0
KRSP-U.US,60,20251013,160000,10.6,10.7,10.6,10.69,75877,0
KRSP-U.US,60,20251013,170000,10.69,10.69,10.645,10.6748,1729,0
KRSP-U.US,60,20251013,180000,10.62,10.7,10.61,10.69,13746,0
KRSP-U.US,60,20251013,190000,10.7092,10.74,10.67,10.74,1743,0
KRSP-U.US,60,20251013,200000,10.74,10.74,10.67,10.74,2032,0
KRSP-U.US,60,20251013,210000,10.71,10.74,10.71,10.74,800,0
KRSP-U.US,60,20251013,220000,10.74,10.74,10.67,10.74,56824,0
KRSP-U.US,60,20251014,160000,10.74,10.74,10.74,10.74,822,0
KRSP-U.US,60,20251014,170000,10.7,10.73,10.695,10.695,12753,0
KRSP-U.US,60,20251014,180000,10.7,10.7,10.67,10.7,45589,0
KRSP-U.US,60,20251014,190000,10.66,10.705,10.66,10.7,6524,0
KRSP-U.US,60,20251014,200000,10.67,10.705,10.67,10.67,4232,0
KRSP-U.US,60,20251014,210000,10.67,10.7,10.67,10.69,9746,0
KRSP-U.US,60,20251014,220000,10.685,10.705,10.67,10.705,1904,0
KRSP-U.US,60,20251015,160000,10.72,10.74,10.72,10.73,12252,0
KRSP-U.US,60,20251015,170000,10.72,10.72,10.69,10.72,1800,0
KRSP-U.US,60,20251015,180000,10.68,10.71,10.68,10.71,2000,0
KRSP-U.US,60,20251015,190000,10.71,10.73,10.71,10.71,9079,0
KRSP-U.US,60,20251015,200000,10.71,10.72,10.68,10.72,2952,0
KRSP-U.US,60,20251015,210000,10.71,10.715,10.71,10.715,27333,0
KRSP-U.US,60,20251015,220000,10.715,10.735,10.715,10.735,18228,0
KRSP-U.US,60,20251016,160000,10.73,10.73,10.725,10.73,4293,0
KRSP-U.US,60,20251016,170000,10.73,10.9106,10.73,10.9,220037,0
KRSP-U.US,60,20251016,180000,10.9,10.935,10.85,10.93,140988,0
KRSP-U.US,60,20251016,190000,10.9007,10.97,10.8505,10.92,146233,0
KRSP-U.US,60,20251016,200000,10.8905,10.96,10.8905,10.945,122844,0
KRSP-U.US,60,20251016,210000,10.945,10.95,10.9,10.92,67022,0
KRSP-U.US,60,20251016,220000,10.92,10.935,10.85,10.9,15595,0
KRSP-U.US,60,20251017,160000,10.9,10.9,10.85,10.85,24948,0
KRSP-U.US,60,20251017,170000,10.885,10.9,10.87,10.8798,1598,0
KRSP-U.US,60,20251017,180000,10.885,10.905,10.885,10.905,109683,0
KRSP-U.US,60,20251017,190000,10.892,10.93,10.8768,10.9,158516,0
KRSP-U.US,60,20251017,200000,10.9,10.905,10.87,10.87,31721,0
KRSP-U.US,60,20251017,210000,10.89,10.93,10.87,10.9,80859,0
KRSP-U.US,60,20251017,220000,10.9,10.915,10.88,10.9,121730,0
KRSP-U.US,60,20251020,160000,10.9,10.9,10.9,10.9,350,0
KRSP-U.US,60,20251020,180000,10.88,10.88,10.88,10.88,590,0
KRSP-U.US,60,20251020,190000,10.905,10.94,10.9,10.9,10325,0
KRSP-U.US,60,20251020,200000,10.9,10.9,10.9,10.9,1500,0
KRSP-U.US,60,20251020,210000,10.8832,10.9,10.8832,10.9,13575,0
KRSP-U.US,60,20251020,220000,10.9,10.9,10.86,10.9,1800,0
KRSP-U.US,60,20251021,160000,10.9,10.9,10.9,10.9,999,0
KRSP-U.US,60,20251021,170000,10.9,10.9,10.89,10.9,151925,0
KRSP-U.US,60,20251021,180000,10.8997,10.9,10.8807,10.9,870,0
KRSP-U.US,60,20251021,190000,10.9,10.9,10.9,10.9,622,0
KRSP-U.US,60,20251021,200000,10.9,10.9,10.9,10.9,22750,0
KRSP-U.US,60,20251021,220000,10.9,10.9,10.9,10.9,665,0
KRSP-U.US,60,20251022,170000,10.9,10.9,10.9,10.9,23038,0
KRSP-U.US,60,20251022,180000,10.9,10.9,10.9,10.9,600,0
KRSP-U.US,60,20251022,190000,10.89,10.9,10.8802,10.9,53803,0
KRSP-U.US,60,20251022,210000,10.9,10.95,10.9,10.91,189925,0
KRSP-U.US,60,20251022,220000,10.9387,10.9387,10.88,10.88,1010,0
KRSP-U.US,60,20251023,160000,10.815,10.815,10.815,10.815,123,0
KRSP-U.US,60,20251023,170000,10.8,10.8,10.77,10.77,404,0
KRSP-U.US,60,20251023,210000,10.8,10.8,10.79,10.8,401,0
KRSP-U.US,60,20251023,220000,10.8,10.84,10.79,10.83,1838,0
KRSP-U.US,60,20251024,160000,10.9,10.9,10.89,10.89,400,0
KRSP-U.US,60,20251024,170000,10.89,10.9,10.89,10.9,1198,0
KRSP-U.US,60,20251024,180000,10.9,10.9,10.86,10.86,1502,0
KRSP-U.US,60,20251024,190000,10.83,10.9,10.83,10.9,1809,0
KRSP-U.US,60,20251024,200000,10.9,10.9,10.87,10.87,788,0
KRSP-U.US,60,20251024,210000,10.9,10.9,10.855,10.9,1467,0
KRSP-U.US,60,20251024,220000,10.81,10.84,10.81,10.84,400,0
KRSP-U.US,60,20251027,170000,10.8429,10.8429,10.8429,10.8429,148,0
KRSP-U.US,60,20251027,180000,10.8375,10.8518,10.8375,10.8518,382,0
KRSP-U.US,60,20251027,190000,10.8135,10.8135,10.8135,10.8135,163,0
KRSP-U.US,60,20251027,210000,10.7713,10.81,10.77,10.81,1875,0
KRSP-U.US,60,20251028,160000,10.75,10.75,10.75,10.75,100,0
KRSP-U.US,60,20251028,170000,10.83,10.83,10.83,10.83,318,0
KRSP-U.US,60,20251028,180000,10.76,10.76,10.76,10.76,100,0
KRSP-U.US,60,20251028,210000,10.8,10.9,10.8,10.9,700,0
KRSP-U.US,60,20251029,150000,10.8526,10.8526,10.8526,10.8526,100,0
KRSP-U.US,60,20251029,160000,10.85,10.89,10.85,10.885,800,0
KRSP-U.US,60,20251029,170000,10.8832,10.8832,10.8832,10.8832,221,0
KRSP-U.US,60,20251029,180000,10.855,10.855,10.82,10.82,359,0
KRSP-U.US,60,20251029,190000,10.8503,10.8503,10.8503,10.8503,111,0
KRSP-U.US,60,20251029,210000,10.82,10.9,10.81,10.86,73489,0
KRSP-U.US,60,20251030,150000,10.9,10.9,10.9,10.9,300,0
KRSP-U.US,60,20251030,170000,10.83,10.83,10.8005,10.8005,445,0
KRSP-U.US,60,20251030,180000,10.8393,10.8393,10.8393,10.8393,704,0
KRSP-U.US,60,20251030,190000,10.8,10.8,10.8,10.8,72887,0
KRSP-U.US,60,20251030,200000,10.8,10.8,10.8,10.8,860,0
KRSP-U.US,60,20251030,210000,10.78,10.8,10.78,10.8,300,0
KRSP-U.US,60,20251031,190000,10.8238,10.8238,10.8238,10.8238,176,0
KRSP-U.US,60,20251031,210000,10.845,10.9,10.81,10.9,27704,0
KRSP-U.US,60,20251103,180000,10.85,10.85,10.85,10.85,300,0
KRSP-U.US,60,20251103,190000,10.85,10.85,10.8,10.8,10024,0
KRSP-U.US,60,20251103,200000,10.76,10.835,10.73,10.77,2862,0
KRSP-U.US,60,20251103,210000,10.73,10.79,10.7001,10.75,16989,0
KRSP-U.US,60,20251103,220000,10.75,10.89,10.75,10.8,34010,0
KRSP-U.US,60,20251104,170000,10.8,10.8,10.8,10.8,578,0
KRSP-U.US,60,20251104,190000,10.8,10.8,10.77,10.77,343,0
KRSP-U.US,60,20251104,200000,10.81,10.8226,10.76,10.81,44432,0
KRSP-U.US,60,20251104,210000,10.76,10.76,10.76,10.76,567,0
KRSP-U.US,60,20251104,220000,10.755,10.85,10.74,10.83,50928,0
KRSP-U.US,60,20251105,170000,10.8,10.85,10.8,10.85,104100,0
KRSP-U.US,60,20251105,180000,10.8164,10.8164,10.8164,10.8164,110,0
KRSP-U.US,60,20251105,190000,10.89,10.89,10.89,10.89,200,0
KRSP-U.US,60,20251105,210000,10.89,10.89,10.89,10.89,200,0
KRSP-U.US,60,20251105,220000,10.9,10.9,10.8176,10.82,35909,0
KRSP-U.US,60,20251106,170000,10.6277,10.6277,10.6277,10.6277,1000,0
KRSP-U.US,60,20251106,180000,10.7581,10.825,10.7581,10.825,411,0
KRSP-U.US,60,20251106,200000,10.87,10.8998,10.85,10.85,4047,0
KRSP-U.US,60,20251106,220000,10.9,10.9,10.85,10.85,4572,0
KRSP-U.US,60,20251107,170000,10.9499,10.9499,10.7822,10.7822,200,0
KRSP-U.US,60,20251107,190000,10.8855,10.95,10.7313,10.95,1897,0
KRSP-U.US,60,20251107,220000,10.88,10.88,10.88,10.88,276,0
KRSP-U.US,60,20251110,170000,10.85,10.85,10.795,10.795,475,0
KRSP-U.US,60,20251110,190000,10.8299,10.8299,10.7871,10.7871,420,0
KRSP-U.US,60,20251111,160000,10.899,10.899,10.899,10.899,300,0
KRSP-U.US,60,20251111,170000,10.9,10.9,10.8455,10.85,10512,0
KRSP-U.US,60,20251111,190000,10.85,10.89,10.85,10.85,5800,0
KRSP-U.US,60,20251111,200000,10.85,10.89,10.85,10.89,3200,0
KRSP-U.US,60,20251111,210000,10.85,10.85,10.85,10.85,2000,0
KRSP-U.US,60,20251111,220000,10.83,10.865,10.83,10.84,3853,0
KRSP-U.US,60,20251112,160000,10.88,10.9,10.88,10.9,200,0
KRSP-U.US,60,20251112,170000,10.8487,10.9,10.8487,10.9,350,0
KRSP-U.US,60,20251112,180000,10.9,10.9,10.8454,10.8454,286,0
KRSP-U.US,60,20251112,190000,10.833,10.85,10.833,10.85,1043,0
KRSP-U.US,60,20251112,220000,10.8005,10.85,10.8,10.85,2623,0
KRSP-U.US,60,20251113,170000,10.85,10.85,10.8,10.8,489,0
KRSP-U.US,60,20251113,180000,10.8,10.8,10.8,10.8,100,0
KRSP-U.US,60,20251113,190000,10.807,10.81,10.8,10.8081,16166,0
KRSP-U.US,60,20251113,220000,10.8,10.81,10.79,10.8,278904,0
KRSP-U.US,60,20251114,170000,10.6965,10.6965,10.6965,10.6965,183,0
KRSP-U.US,60,20251114,180000,10.74,10.79,10.7003,10.7003,635,0
KRSP-U.US,60,20251114,190000,10.74,10.755,10.74,10.755,1108,0
KRSP-U.US,60,20251114,210000,10.83,10.83,10.83,10.83,100,0
KRSP-U.US,60,20251114,220000,10.8,10.8,10.8,10.8,170,0
KRSP-U.US,60,20251117,160000,10.82,10.82,10.82,10.82,289,0
KRSP-U.US,60,20251117,190000,10.75,10.75,10.75,10.75,239,0
KRSP-U.US,60,20251117,210000,10.8,10.8,10.7,10.7,80117,0
KRSP-U.US,60,20251117,220000,10.73,10.73,10.73,10.73,140301,0
KRSP-U.US,60,20251118,170000,10.7,10.7,10.7,10.7,17995,0
KRSP-U.US,60,20251118,180000,10.7099,10.7099,10.6705,10.6705,671,0
KRSP-U.US,60,20251118,200000,10.68,10.74,10.68,10.74,3740,0
KRSP-U.US,60,20251118,210000,10.6913,10.6913,10.6913,10.6913,523,0
KRSP-U.US,60,20251119,170000,10.7456,10.7456,10.709,10.709,225,0
KRSP-U.US,60,20251119,180000,10.66,10.68,10.66,10.68,37725,0
KRSP-U.US,60,20251119,190000,10.7525,10.7525,10.7525,10.7525,157,0
KRSP-U.US,60,20251119,200000,10.735,10.735,10.735,10.735,321,0
KRSP-U.US,60,20251119,220000,10.7175,10.735,10.7175,10.7175,3756,0
KRSP-U.US,60,20251120,170000,10.7,10.7,10.7,10.7,200,0
KRSP-U.US,60,20251120,180000,10.7,10.7,10.7,10.7,1800,0
KRSP-U.US,60,20251120,200000,10.84,10.84,10.84,10.84,100,0
KRSP-U.US,60,20251120,220000,10.69,10.84,10.69,10.84,1056,0
KRSP-U.US,60,20251121,180000,10.85,10.85,10.85,10.85,183,0
KRSP-U.US,60,20251121,190000,10.725,10.725,10.725,10.725,744,0
KRSP-U.US,60,20251121,220000,10.85,10.85,10.84,10.84,333,0
KRSP-U.US,60,20251124,180000,10.47,10.73,10.47,10.7,1044,0
KRSP-U.US,60,20251124,190000,10.7,10.7,10.65,10.66,600,0
KRSP-U.US,60,20251124,200000,10.7,10.7,10.7,10.7,281,0
KRSP-U.US,60,20251124,210000,10.7,10.7,10.7,10.7,305,0
KRSP-U.US,60,20251124,220000,10.6746,10.6746,10.66,10.66,5100,0
KRSP-U.US,60,20251125,170000,10.7246,10.7246,10.7246,10.7246,280,0
KRSP-U.US,60,20251125,180000,10.695,10.695,10.695,10.695,281,0
KRSP-U.US,60,20251125,200000,10.75,10.75,10.75,10.75,222,0
KRSP-U.US,60,20251125,210000,10.7271,10.7271,10.66,10.66,371,0
KRSP-U.US,60,20251126,160000,10.75,10.75,10.75,10.75,826,0
KRSP-U.US,60,20251126,180000,10.6432,10.6432,10.6432,10.6432,196,0
KRSP-U.US,60,20251128,170000,10.695,10.75,10.6,10.67,2101,0
KRSP-U.US,60,20251128,180000,10.65,10.75,10.65,10.75,3595,0
KRSP-U.US,60,20251128,190000,10.75,10.75,10.75,10.75,100,0
KRSP-U.US,60,20251201,160000,10.88,10.88,10.56,10.88,531,0
KRSP-U.US,60,20251201,170000,10.56,10.86,10.55,10.72,1333,0
KRSP-U.US,60,20251201,180000,10.85,10.85,10.54,10.5401,5732,0
KRSP-U.US,60,20251201,190000,10.88,10.88,10.555,10.86,907,0
KRSP-U.US,60,20251201,200000,10.79,10.83,10.54,10.54,13181,0
KRSP-U.US,60,20251201,210000,10.5,10.83,10.5,10.79,1757,0
KRSP-U.US,60,20251201,220000,10.51,10.83,10.5,10.83,1947,0
KRSP-U.US,60,20251202,170000,10.73,10.73,10.52,10.73,600,0
KRSP-U.US,60,20251202,180000,10.63,10.63,10.63,10.63,350,0
KRSP-U.US,60,20251202,190000,10.63,10.63,10.63,10.63,297,0
KRSP-U.US,60,20251202,200000,10.69,10.69,10.69,10.69,253,0
KRSP-U.US,60,20251202,210000,10.69,10.69,10.625,10.625,1408,0
KRSP-U.US,60,20251202,220000,10.625,10.625,10.51,10.51,1167,0
KRSP-U.US,60,20251203,160000,10.51,10.51,10.51,10.51,100,0
KRSP-U.US,60,20251203,170000,10.51,10.625,10.5,10.625,1557,0
KRSP-U.US,60,20251203,180000,10.5,10.7081,10.5,10.554,934,0
KRSP-U.US,60,20251203,190000,10.51,10.625,10.51,10.625,460,0
KRSP-U.US,60,20251203,200000,10.5201,10.6,10.52,10.5201,500,0
KRSP-U.US,60,20251203,210000,10.65,10.65,10.65,10.65,129,0
KRSP-U.US,60,20251203,220000,10.57,10.57,10.5,10.5,77079,0
KRSP-U.US,60,20251204,160000,10.51,10.51,10.51,10.51,300,0
KRSP-U.US,60,20251204,170000,10.63,10.63,10.63,10.63,161,0
KRSP-U.US,60,20251204,180000,10.6858,10.74,10.63,10.74,932,0
KRSP-U.US,60,20251204,190000,10.52,10.63,10.52,10.63,1148,0
KRSP-U.US,60,20251204,220000,10.51,10.51,10.51,10.51,100,0
KRSP-U.US,60,20251208,170000,10.51,10.615,10.5,10.615,3255,0
KRSP-U.US,60,20251208,180000,10.51,10.7299,10.51,10.7299,1719,0
KRSP-U.US,60,20251208,200000,10.615,10.615,10.6,10.6,226,0
KRSP-U.US,60,20251208,210000,10.51,10.6088,10.51,10.6088,255,0
KRSP-U.US,60,20251208,220000,10.5,10.6,10.5,10.6,1069,0
KRSP-U.US,60,20251209,170000,10.615,10.615,10.615,10.615,415,0
KRSP-U.US,60,20251209,180000,10.5317,10.5317,10.5317,10.5317,140,0
KRSP-U.US,60,20251209,190000,10.615,10.615,10.53,10.53,516,0
KRSP-U.US,60,20251209,200000,10.615,10.615,10.615,10.615,977,0
KRSP-U.US,60,20251209,210000,10.555,10.555,10.555,10.555,1334,0
KRSP-U.US,60,20251209,220000,10.5,10.575,10.5,10.575,1699,0
KRSP-U.US,60,20251210,160000,10.5,10.51,10.5,10.51,409,0
KRSP-U.US,60,20251210,170000,10.5101,10.5101,10.5101,10.5101,204,0
KRSP-U.US,60,20251210,190000,10.51,10.6999,10.51,10.6105,1416,0
KRSP-U.US,60,20251210,200000,10.58,10.58,10.51,10.51,606,0
KRSP-U.US,60,20251210,210000,10.5846,10.5846,10.5846,10.5846,386,0
KRSP-U.US,60,20251210,220000,10.575,10.575,10.5525,10.575,700,0
KRSP-U.US,60,20251211,170000,10.52,10.52,10.52,10.52,691,0
KRSP-U.US,60,20251211,180000,10.5,10.5,10.5,10.5,100,0
KRSP-U.US,60,20251211,190000,10.5,10.575,10.5,10.575,2431,0
KRSP-U.US,60,20251211,210000,10.5,10.575,10.5,10.5,375,0
KRSP-U.US,60,20251211,220000,10.575,10.615,10.575,10.615,327,0
KRSP-U.US,60,20251212,170000,10.595,10.595,10.595,10.595,6000,0
KRSP-U.US,60,20251212,200000,10.5,10.5301,10.5,10.5,1826,0
KRSP-U.US,60,20251212,210000,10.6,10.6,10.6,10.6,446,0
KRSP-U.US,60,20251212,220000,10.51,10.595,10.5,10.595,998,0
KRSP-U.US,60,20251215,160000,10.5,10.5,10.5,10.5,100,0
KRSP-U.US,60,20251215,170000,10.51,10.52,10.51,10.52,600,0
KRSP-U.US,60,20251215,180000,10.52,10.62,10.51,10.62,742,0
KRSP-U.US,60,20251215,190000,10.51,10.7277,10.51,10.7277,1465,0
KRSP-U.US,60,20251215,200000,10.62,10.62,10.52,10.52,963,0
KRSP-U.US,60,20251215,210000,10.6668,10.6668,10.52,10.52,627,0
KRSP-U.US,60,20251215,220000,10.53,10.62,10.52,10.62,3776,0
KRSP-U.US,60,20251216,160000,10.71,10.71,10.71,10.71,100,0
KRSP-U.US,60,20251216,170000,10.615,10.615,10.615,10.615,240,0
KRSP-U.US,60,20251216,200000,10.53,10.53,10.5201,10.53,364,0
KRSP-U.US,60,20251216,210000,10.625,10.625,10.625,10.625,444,0
KRSP-U.US,60,20251216,220000,10.53,10.625,10.52,10.625,1244,0
KRSP-U.US,60,20251217,170000,10.5,10.5,10.5,10.5,1500,0
KRSP-U.US,60,20251217,180000,10.48,10.54,10.325,10.4748,25292,0
KRSP-U.US,60,20251217,190000,10.53,10.59,10.42,10.51,4139,0
KRSP-U.US,60,20251217,200000,10.51,10.515,10.42,10.515,1607,0
KRSP-U.US,60,20251217,210000,10.44,10.4501,10.44,10.4501,992,0
KRSP-U.US,60,20251217,220000,10.545,10.545,10.42,10.42,4278,0
KRSP-U.US,60,20251218,160000,10.3533,10.3533,10.3533,10.3533,108,0
KRSP-U.US,60,20251218,170000,10.41,10.57,10.3465,10.57,2256,0
KRSP-U.US,60,20251218,180000,10.5977,10.5977,10.43,10.43,2846,0
KRSP-U.US,60,20251218,190000,10.43,10.59,10.43,10.59,1338,0
KRSP-U.US,60,20251218,200000,10.44,10.585,10.44,10.44,483,0
KRSP-U.US,60,20251218,210000,10.6501,10.6501,10.44,10.44,426,0
KRSP-U.US,60,20251218,220000,10.56,10.56,10.44,10.56,1460,0
KRSP-U.US,60,20251219,160000,10.57,10.57,10.57,10.57,142,0
KRSP-U.US,60,20251219,170000,10.4794,10.4794,10.4794,10.4794,298,0
KRSP-U.US,60,20251219,180000,10.45,10.59,10.45,10.59,4612,0
KRSP-U.US,60,20251219,190000,10.46,10.595,10.46,10.595,341,0
KRSP-U.US,60,20251219,200000,10.46,10.595,10.46,10.4601,1659,0
KRSP-U.US,60,20251219,210000,10.47,10.59,10.47,10.59,564,0
KRSP-U.US,60,20251219,220000,10.47,10.59,10.47,10.47,815,0
KRSP-U.US,60,20251222,170000,10.4301,10.4301,10.4301,10.4301,1223,0
KRSP-U.US,60,20251222,180000,10.44,10.525,10.43,10.525,1364,0
KRSP-U.US,60,20251222,190000,10.525,10.5742,10.4525,10.525,1520,0
KRSP-U.US,60,20251222,200000,10.43,10.4301,10.42,10.42,1214,0
KRSP-U.US,60,20251222,210000,10.4858,10.4858,10.43,10.43,741,0
KRSP-U.US,60,20251222,220000,10.44,10.44,10.44,10.44,110,0
KRSP-U.US,60,20251223,160000,10.41,10.42,10.28,10.39,40179,0
KRSP-U.US,60,20251223,170000,10.37,10.3826,10.37,10.3826,6377,0
KRSP-U.US,60,20251223,180000,10.37,10.395,10.37,10.37,1275,0
KRSP-U.US,60,20251223,190000,10.4,10.4,10.38,10.38,3293,0
KRSP-U.US,60,20251223,200000,10.39,10.4,10.38,10.38,3067,0
KRSP-U.US,60,20251223,210000,10.3886,10.42,10.35,10.36,8496,0
KRSP-U.US,60,20251223,220000,10.36,10.4,10.35,10.35,1715,0
KRSP-U.US,60,20251224,170000,10.36,10.36,10.36,10.36,1034,0
KRSP-U.US,60,20251224,180000,10.38,10.4,10.38,10.4,1021,0
KRSP-U.US,60,20251224,190000,10.4,10.4,10.4,10.4,590,0
KRSP-U.US,60,20251224,200000,10.4,10.4,10.4,10.4,260,0
KRSP-U.US,60,20251226,170000,10.38,10.4,10.38,10.4,736,0
KRSP-U.US,60,20251226,180000,10.38,10.4,10.38,10.4,1395,0
KRSP-U.US,60,20251226,190000,10.38,10.4,10.38,10.38,1251,0
KRSP-U.US,60,20251226,200000,10.38,10.38,10.38,10.38,200,0
KRSP-U.US,60,20251226,220000,10.4,10.4,10.38,10.38,259,0
