<TICKER>,<PER>,<DATE>,<TIME>,<OPEN>,<HIGH>,<LOW>,<CLOSE>,<VOL>,<OPENINT>
LDRT.US,60,20241120,220000,24.99,24.99,24.99,24.99,200,0
LDRT.US,60,20241125,180000,25.04,25.04,25.04,25.04,100,0
LDRT.US,60,20241125,190000,25.04,25.04,25.04,25.04,100,0
LDRT.US,60,20241125,210000,25.055,25.055,25.055,25.055,100,0
LDRT.US,60,20241126,220000,25.055,25.06,25.0382,25.0599,2600,0
LDRT.US,60,20241127,170000,25.07,25.1285,25.07,25.1285,4758,0
LDRT.US,60,20241127,180000,25.0704,25.0704,25.0704,25.0704,2702,0
LDRT.US,60,20241127,190000,25.095,25.095,25.095,25.095,100,0
LDRT.US,60,20241129,160000,25.1199,25.1199,25.1056,25.1056,2011,0
LDRT.US,60,20241202,170000,25.06,25.06,25.06,25.06,876,0
LDRT.US,60,20241202,190000,25.22,25.22,25.22,25.22,784,0
LDRT.US,60,20241202,200000,25.1,25.1,25.1,25.1,100,0
LDRT.US,60,20241202,210000,25.0958,25.11,25.0958,25.11,411,0
LDRT.US,60,20241203,180000,25.02,25.17,25.02,25.03,5397,0
LDRT.US,60,20241203,200000,25.04,25.04,25.04,25.04,100,0
LDRT.US,60,20241206,220000,25.06,25.1,25.06,25.09,1800,0
LDRT.US,60,20241209,170000,25.07,25.07,25.07,25.07,10000,0
LDRT.US,60,20241209,220000,25.07,25.13,25.061,25.08,4200,0
LDRT.US,60,20241211,200000,25.0699,25.0699,25.0699,25.0699,900,0
LDRT.US,60,20241212,190000,25.0412,25.0412,25.0412,25.0412,500,0
LDRT.US,60,20241212,200000,25.04,25.05,25.04,25.05,900,0
LDRT.US,60,20241212,220000,25.03,25.03,25,25,1350,0
LDRT.US,60,20241213,170000,25.02,25.03,25.02,25.03,900,0
LDRT.US,60,20241213,210000,25.025,25.025,25.0078,25.02,1746,0
LDRT.US,60,20241213,220000,25,25.0166,25,25.0166,1100,0
LDRT.US,60,20241216,170000,25.01,25.02,25.01,25.02,500,0
LDRT.US,60,20241216,200000,25.01,25.01,25.01,25.01,500,0
LDRT.US,60,20241216,220000,25.01,25.01,25.01,25.01,100,0
LDRT.US,60,20241217,180000,25.02,25.02,25.0199,25.0199,400,0
LDRT.US,60,20241217,190000,25,25,25,25,300,0
LDRT.US,60,20241217,220000,25.02,25.02,25.02,25.02,100,0
LDRT.US,60,20241218,190000,25.02,25.02,25.0199,25.02,900,0
LDRT.US,60,20241218,200000,25.03,25.03,25.03,25.03,500,0
LDRT.US,60,20241218,210000,25.01,25.01,25.01,25.01,200,0
LDRT.US,60,20241218,220000,24.96,24.96,24.955,24.96,3935,0
LDRT.US,60,20241219,200000,24.9407,24.9407,24.9407,24.9407,700,0
LDRT.US,60,20241219,210000,24.9486,24.975,24.945,24.95,4528,0
LDRT.US,60,20241219,220000,24.95,24.95,24.95,24.95,800,0
LDRT.US,60,20241220,180000,24.8887,24.895,24.8887,24.895,523,0
LDRT.US,60,20241220,200000,24.8958,24.8958,24.8958,24.8958,600,0
LDRT.US,60,20241220,220000,24.89,24.89,24.89,24.89,100,0
LDRT.US,60,20241223,170000,24.8607,24.8607,24.8607,24.8607,1700,0
LDRT.US,60,20241223,180000,24.86,24.87,24.86,24.8699,2211,0
LDRT.US,60,20241223,190000,24.88,24.88,24.88,24.88,100,0
LDRT.US,60,20241223,200000,24.875,24.92,24.86,24.8649,6139,0
LDRT.US,60,20241223,210000,24.8694,24.885,24.8694,24.885,8880,0
LDRT.US,60,20241223,220000,24.879,24.88,24.879,24.88,642,0
LDRT.US,60,20241224,170000,24.85,24.86,24.85,24.8512,6152,0
LDRT.US,60,20241224,180000,24.8264,24.87,24.8264,24.85,3909,0
LDRT.US,60,20241226,190000,24.87,24.92,24.8461,24.8461,6900,0
LDRT.US,60,20241226,200000,24.85,24.85,24.85,24.85,1000,0
LDRT.US,60,20241226,210000,24.87,24.88,24.87,24.88,700,0
LDRT.US,60,20241227,170000,24.8983,24.8983,24.8983,24.8983,245,0
LDRT.US,60,20241227,180000,24.9072,24.9072,24.9,24.9,1121,0
LDRT.US,60,20241227,200000,24.885,24.885,24.885,24.885,100,0
LDRT.US,60,20241227,220000,24.9,24.94,24.89,24.905,3900,0
LDRT.US,60,20241230,170000,24.93,24.93,24.93,24.93,100,0
LDRT.US,60,20241230,190000,24.9299,24.9299,24.9299,24.9299,500,0
LDRT.US,60,20241230,220000,24.93,25.09,24.93,24.94,3585,0
LDRT.US,60,20241231,160000,24.94,24.94,24.94,24.94,230,0
LDRT.US,60,20241231,180000,24.91,24.94,24.91,24.94,430,0
LDRT.US,60,20241231,190000,24.934,24.934,24.934,24.934,100,0
LDRT.US,60,20241231,210000,24.93,24.95,24.93,24.95,1702,0
LDRT.US,60,20250102,200000,24.94,24.94,24.94,24.94,2005,0
LDRT.US,60,20250102,210000,24.94,24.965,24.94,24.95,900,0
LDRT.US,60,20250102,220000,24.9599,24.9599,24.9599,24.9599,2000,0
LDRT.US,60,20250103,180000,24.95,25.005,24.9467,24.95,700,0
LDRT.US,60,20250103,200000,24.94,24.94,24.94,24.94,200,0
LDRT.US,60,20250103,210000,24.945,24.945,24.945,24.945,900,0
LDRT.US,60,20250103,220000,24.945,24.945,24.93,24.93,200,0
LDRT.US,60,20250107,160000,24.92,24.92,24.92,24.92,932,0
LDRT.US,60,20250107,190000,24.904,24.92,24.904,24.9199,545,0
LDRT.US,60,20250107,200000,24.92,24.92,24.911,24.911,1000,0
LDRT.US,60,20250107,220000,24.91,24.91,24.91,24.91,100,0
LDRT.US,60,20250108,190000,24.92,24.93,24.92,24.9299,1500,0
LDRT.US,60,20250108,200000,24.92,24.92,24.92,24.92,100,0
LDRT.US,60,20250108,210000,24.93,24.94,24.93,24.93,500,0
LDRT.US,60,20250110,180000,24.8804,24.8804,24.8804,24.8804,850,0
LDRT.US,60,20250110,210000,24.8798,24.8798,24.875,24.875,1400,0
LDRT.US,60,20250110,220000,24.8768,24.8768,24.875,24.875,1100,0
LDRT.US,60,20250113,160000,24.8799,24.89,24.8799,24.89,40192,0
LDRT.US,60,20250113,180000,24.87,24.87,24.8699,24.8699,400,0
LDRT.US,60,20250113,210000,24.8728,24.8728,24.8728,24.8728,3200,0
LDRT.US,60,20250113,220000,24.87,24.8867,24.8699,24.87,2179,0
LDRT.US,60,20250114,200000,24.8758,24.9399,24.8758,24.9399,603,0
LDRT.US,60,20250114,210000,24.89,24.93,24.8899,24.89,2000,0
LDRT.US,60,20250114,220000,24.9,24.94,24.9,24.9,1100,0
LDRT.US,60,20250115,160000,24.95,24.95,24.9499,24.9499,200,0
LDRT.US,60,20250115,170000,24.93,24.94,24.93,24.94,15780,0
LDRT.US,60,20250115,180000,24.93,24.972,24.93,24.972,721,0
LDRT.US,60,20250115,190000,24.95,24.95,24.95,24.95,100,0
LDRT.US,60,20250115,210000,24.96,24.99,24.96,24.97,700,0
LDRT.US,60,20250116,160000,24.94,24.99,24.94,24.99,400,0
LDRT.US,60,20250116,170000,24.94,24.96,24.94,24.96,17099,0
LDRT.US,60,20250116,180000,24.97,24.97,24.97,24.97,6939,0
LDRT.US,60,20250116,190000,24.96,24.97,24.96,24.97,7350,0
LDRT.US,60,20250116,200000,24.98,24.98,24.98,24.98,100,0
LDRT.US,60,20250116,210000,24.98,25.03,24.98,24.99,300,0
LDRT.US,60,20250117,160000,24.98,24.98,24.98,24.98,100,0
LDRT.US,60,20250117,170000,24.99,25.015,24.99,24.99,900,0
LDRT.US,60,20250117,180000,24.99,24.99,24.99,24.99,200,0
LDRT.US,60,20250117,190000,24.99,24.99,24.975,24.99,1020,0
LDRT.US,60,20250117,200000,25,25,25,25,100,0
LDRT.US,60,20250117,210000,25,25.015,25,25,300,0
LDRT.US,60,20250117,220000,25,25,24.99,24.99,3726,0
LDRT.US,60,20250121,160000,25,25,25,25,100,0
LDRT.US,60,20250121,170000,24.99,24.9999,24.99,24.9999,621,0
LDRT.US,60,20250121,180000,25,25,24.9999,24.9999,200,0
LDRT.US,60,20250121,200000,24.997,24.997,24.997,24.997,500,0
LDRT.US,60,20250121,220000,25,25.1,25,25.045,1800,0
LDRT.US,60,20250122,170000,24.99,24.99,24.99,24.99,100,0
LDRT.US,60,20250122,180000,24.995,24.995,24.9941,24.9941,635,0
LDRT.US,60,20250122,210000,25.01,25.01,25,25.01,3219,0
LDRT.US,60,20250122,220000,25.01,25.01,25,25,419,0
LDRT.US,60,20250123,160000,24.99,24.99,24.99,24.99,1284,0
LDRT.US,60,20250123,170000,24.97,24.99,24.97,24.99,200,0
LDRT.US,60,20250123,210000,24.9984,24.9984,24.98,24.99,3520,0
LDRT.US,60,20250124,180000,24.97,24.97,24.97,24.97,100,0
LDRT.US,60,20250124,210000,24.9899,24.9899,24.9899,24.9899,100,0
LDRT.US,60,20250127,180000,25,25,25,25,100,0
LDRT.US,60,20250127,190000,25.03,25.03,25.02,25.02,3496,0
LDRT.US,60,20250127,200000,25.02,25.02,25.02,25.02,1100,0
LDRT.US,60,20250128,160000,25.03,25.08,25.03,25.03,2800,0
LDRT.US,60,20250128,180000,25,25,25,25,100,0
LDRT.US,60,20250128,210000,25.03,25.05,25.03,25.05,2628,0
LDRT.US,60,20250128,220000,25.0596,25.0596,25.0596,25.0596,4050,0
LDRT.US,60,20250129,190000,25.04,25.05,25.04,25.05,500,0
LDRT.US,60,20250130,180000,25.04,25.04,25.04,25.04,998,0
LDRT.US,60,20250130,210000,25.05,25.1594,25.05,25.05,9300,0
LDRT.US,60,20250130,220000,25.0372,25.06,25.0372,25.06,2298,0
LDRT.US,60,20250131,170000,25.045,25.045,25.045,25.045,100,0
LDRT.US,60,20250131,190000,25.06,25.06,25.06,25.06,100,0
LDRT.US,60,20250131,220000,25.05,25.05,25.05,25.05,100,0
LDRT.US,60,20250203,170000,25.06,25.06,25.06,25.06,100,0
LDRT.US,60,20250203,180000,25.04,25.06,25.04,25.06,200,0
LDRT.US,60,20250203,190000,25.0517,25.0517,25.05,25.05,1090,0
LDRT.US,60,20250203,200000,25.05,25.05,25.05,25.05,200,0
LDRT.US,60,20250203,220000,25.05,25.11,25.05,25.05,700,0
LDRT.US,60,20250204,180000,24.94,24.94,24.94,24.94,100,0
LDRT.US,60,20250204,220000,24.97,24.97,24.97,24.97,400,0
LDRT.US,60,20250205,160000,24.99,24.99,24.99,24.99,1920,0
LDRT.US,60,20250205,170000,25.01,25.01,25.01,25.01,100,0
LDRT.US,60,20250205,180000,25.02,25.14,25.02,25.03,16687,0
LDRT.US,60,20250205,200000,25.02,25.045,25.02,25.03,2600,0
LDRT.US,60,20250205,210000,25.03,25.045,25.03,25.03,4158,0
LDRT.US,60,20250205,220000,25.03,25.03,25.03,25.03,6300,0
LDRT.US,60,20250206,160000,24.9976,24.9976,24.9976,24.9976,7400,0
LDRT.US,60,20250206,170000,24.97,24.97,24.97,24.97,100,0
LDRT.US,60,20250206,180000,24.982,24.982,24.982,24.982,800,0
LDRT.US,60,20250206,220000,25.01,25.01,25.01,25.01,2400,0
LDRT.US,60,20250207,170000,24.96,24.96,24.96,24.96,89987,0
LDRT.US,60,20250207,180000,24.94,24.97,24.94,24.97,4942,0
LDRT.US,60,20250207,190000,24.96,24.96,24.96,24.96,38837,0
LDRT.US,60,20250207,200000,24.97,24.97,24.97,24.97,200,0
LDRT.US,60,20250207,210000,24.9647,24.98,24.94,24.94,300,0
LDRT.US,60,20250207,220000,24.96,24.97,24.96,24.97,1200,0
LDRT.US,60,20250210,170000,24.98,24.99,24.971,24.971,700,0
LDRT.US,60,20250210,180000,24.95,24.95,24.95,24.95,100,0
LDRT.US,60,20250210,210000,24.98,24.98,24.9657,24.9657,1600,0
LDRT.US,60,20250210,220000,24.97,25.1,24.97,25.07,2576,0
LDRT.US,60,20250211,170000,24.94,24.94,24.94,24.94,100,0
LDRT.US,60,20250211,190000,24.9568,24.9568,24.9568,24.9568,1900,0
LDRT.US,60,20250211,200000,24.96,24.985,24.96,24.96,1100,0
LDRT.US,60,20250211,210000,24.97,25,24.9699,24.97,2497,0
LDRT.US,60,20250211,220000,24.975,24.98,24.975,24.98,2300,0
LDRT.US,60,20250212,160000,24.9095,24.9095,24.9095,24.9095,1600,0
LDRT.US,60,20250212,170000,24.9068,24.9068,24.89,24.89,902,0
LDRT.US,60,20250212,180000,24.9197,24.9197,24.9197,24.9197,900,0
LDRT.US,60,20250212,200000,24.8901,24.8901,24.8901,24.8901,205,0
LDRT.US,60,20250213,170000,24.96,25.02,24.959,24.9599,2810,0
LDRT.US,60,20250213,180000,24.93,24.93,24.93,24.93,100,0
LDRT.US,60,20250213,200000,24.9894,24.99,24.96,24.96,1000,0
LDRT.US,60,20250213,220000,24.96,24.96,24.96,24.96,5000,0
LDRT.US,60,20250214,170000,24.98,24.98,24.98,24.98,100,0
LDRT.US,60,20250214,200000,24.9965,24.9965,24.9965,24.9965,200,0
LDRT.US,60,20250214,220000,25.0099,25.01,25.0096,25.01,1000,0
LDRT.US,60,20250218,160000,24.99,24.99,24.99,24.99,100,0
LDRT.US,60,20250218,170000,25,25,24.96,24.96,300,0
LDRT.US,60,20250218,180000,24.99,24.99,24.99,24.99,100,0
LDRT.US,60,20250218,190000,24.99,25.0099,24.99,25,5700,0
LDRT.US,60,20250218,200000,24.99,24.995,24.99,24.995,300,0
LDRT.US,60,20250218,210000,24.995,24.995,24.99,24.99,200,0
LDRT.US,60,20250218,220000,24.995,25.01,24.99,24.99,18389,0
LDRT.US,60,20250219,160000,24.98,24.98,24.9716,24.9716,1800,0
LDRT.US,60,20250219,170000,24.95,24.95,24.95,24.95,100,0
LDRT.US,60,20250219,190000,24.9898,25.01,24.978,24.978,979,0
LDRT.US,60,20250219,200000,24.99,24.99,24.99,24.99,600,0
LDRT.US,60,20250219,210000,24.995,25.07,24.995,25.01,3007,0
LDRT.US,60,20250219,220000,25.02,25.1,24.99,25.01,14651,0
LDRT.US,60,20250220,170000,25.01,25.01,25.01,25.01,100,0
LDRT.US,60,20250220,190000,25.02,25.02,25.015,25.015,4780,0
LDRT.US,60,20250220,200000,25.015,25.03,25.015,25.025,3413,0
LDRT.US,60,20250220,210000,25.025,25.025,25.02,25.02,1196,0
LDRT.US,60,20250220,220000,25.025,25.08,25.025,25.04,17883,0
LDRT.US,60,20250221,180000,25.03,25.03,25.03,25.03,13927,0
LDRT.US,60,20250221,200000,25.05,25.05,25.05,25.05,2500,0
LDRT.US,60,20250221,210000,25.06,25.06,25.0599,25.0599,2490,0
LDRT.US,60,20250221,220000,25.0599,25.06,25.059,25.06,2646,0
LDRT.US,60,20250224,160000,25.05,25.05,25.05,25.05,100,0
LDRT.US,60,20250224,180000,25.07,25.1,25.05,25.05,400,0
LDRT.US,60,20250224,200000,25.0619,25.07,25.0619,25.07,1028,0
LDRT.US,60,20250224,220000,25.07,25.22,25.07,25.2,2580,0
LDRT.US,60,20250225,160000,25.12,25.25,25.12,25.2,5200,0
LDRT.US,60,20250225,190000,25.13,25.14,25.13,25.1399,3568,0
LDRT.US,60,20250225,220000,25.13,25.19,25.13,25.14,3700,0
LDRT.US,60,20250226,170000,25.1192,25.1192,25.1192,25.1192,2000,0
LDRT.US,60,20250226,220000,25.15,25.15,25.15,25.15,100,0
LDRT.US,60,20250227,180000,25.1394,25.1394,25.1352,25.1352,300,0
LDRT.US,60,20250227,210000,25.14,25.15,25.13,25.145,1788,0
LDRT.US,60,20250227,220000,25.1499,25.1499,25.1499,25.1499,414,0
LDRT.US,60,20250228,160000,25.1785,25.1785,25.1785,25.1785,397,0
LDRT.US,60,20250228,170000,25.14,25.18,25.14,25.16,1894,0
LDRT.US,60,20250228,180000,25.15,25.1724,25.15,25.1724,1000,0
LDRT.US,60,20250228,190000,25.1791,25.1791,25.17,25.17,560,0
LDRT.US,60,20250228,220000,25.1899,25.1899,25.1899,25.1899,800,0
LDRT.US,60,20250303,160000,25.164,25.164,25.164,25.164,224,0
LDRT.US,60,20250303,170000,25.19,25.19,25.19,25.19,100,0
LDRT.US,60,20250303,180000,25.2014,25.2014,25.2,25.2,1706,0
LDRT.US,60,20250303,190000,25.21,25.21,25.2,25.2,2984,0
LDRT.US,60,20250303,200000,25.21,25.22,25.2,25.21,5014,0
LDRT.US,60,20250303,210000,25.21,25.29,25.21,25.22,14660,0
LDRT.US,60,20250303,220000,25.22,25.29,25.22,25.25,12506,0
LDRT.US,60,20250304,200000,25.18,25.18,25.17,25.17,1161,0
LDRT.US,60,20250304,220000,25.15,25.16,25.13,25.14,8254,0
LDRT.US,60,20250305,170000,25.15,25.15,25.15,25.15,500,0
LDRT.US,60,20250306,180000,25.12,25.12,25.115,25.12,311,0
LDRT.US,60,20250306,190000,25.14,25.14,25.1399,25.1399,800,0
LDRT.US,60,20250306,200000,25.14,25.17,25.14,25.14,500,0
LDRT.US,60,20250306,210000,25.1372,25.15,25.1372,25.14,1000,0
LDRT.US,60,20250306,220000,25.15,25.18,25.15,25.15,3293,0
LDRT.US,60,20250307,180000,25.14,25.14,25.14,25.14,1604,0
LDRT.US,60,20250307,190000,25.16,25.1736,25.15,25.15,1200,0
LDRT.US,60,20250307,200000,25.14,25.14,25.14,25.14,400,0
LDRT.US,60,20250307,210000,25.11,25.11,25.11,25.11,700,0
LDRT.US,60,20250307,220000,25.1093,25.1093,25.09,25.09,339,0
LDRT.US,60,20250310,200000,25.1656,25.1656,25.1656,25.1656,500,0
LDRT.US,60,20250310,210000,25.18,25.32,25.18,25.32,1127,0
LDRT.US,60,20250311,170000,25.18,25.18,25.18,25.18,1200,0
LDRT.US,60,20250311,180000,25.19,25.19,25.19,25.19,200,0
LDRT.US,60,20250311,190000,25.185,25.2,25.185,25.1997,400,0
LDRT.US,60,20250311,200000,25.18,25.18,25.18,25.18,100,0
LDRT.US,60,20250312,170000,25.158,25.158,25.158,25.158,100,0
LDRT.US,60,20250312,200000,25.155,25.155,25.155,25.155,900,0
LDRT.US,60,20250313,160000,25.1208,25.1208,25.1208,25.1208,1589,0
LDRT.US,60,20250313,210000,25.16,25.18,25.16,25.18,2527,0
LDRT.US,60,20250314,150000,25.18,25.18,25.18,25.18,100,0
LDRT.US,60,20250314,160000,25.13,25.13,25.13,25.13,100,0
LDRT.US,60,20250317,150000,25.15,25.15,25.15,25.15,198,0
LDRT.US,60,20250317,170000,25.1599,25.1599,25.1599,25.1599,2000,0
LDRT.US,60,20250317,200000,25.14,25.14,25.14,25.14,100,0
LDRT.US,60,20250317,210000,25.14,25.22,25.14,25.14,687,0
LDRT.US,60,20250318,160000,25.13,25.13,25.11,25.11,500,0
LDRT.US,60,20250318,170000,25.15,25.15,25.1432,25.1432,3284,0
LDRT.US,60,20250318,190000,25.1604,25.17,25.1604,25.1604,7604,0
LDRT.US,60,20250318,210000,25.14,25.17,25.12,25.12,406,0
LDRT.US,60,20250319,150000,25.14,25.15,25.14,25.15,1700,0
LDRT.US,60,20250319,160000,25.1247,25.1247,25.1247,25.1247,200,0
LDRT.US,60,20250319,180000,25.12,25.12,25.12,25.12,4000,0
LDRT.US,60,20250319,200000,25.1419,25.165,25.1419,25.165,1400,0
LDRT.US,60,20250320,180000,25.19,25.19,25.19,25.19,100,0
LDRT.US,60,20250320,200000,25.17,25.17,25.17,25.17,45256,0
LDRT.US,60,20250321,190000,25.1904,25.1904,25.1904,25.1904,400,0
LDRT.US,60,20250324,170000,25.16,25.16,25.16,25.16,199,0
LDRT.US,60,20250324,180000,25.18,25.18,25.17,25.17,1220,0
LDRT.US,60,20250325,150000,25.16,25.16,25.16,25.16,199,0
LDRT.US,60,20250325,170000,25.1747,25.1747,25.1747,25.1747,5954,0
LDRT.US,60,20250326,210000,25.19,25.25,25.17,25.17,20274,0
LDRT.US,60,20250327,170000,25.16,25.16,25.16,25.16,1398,0
LDRT.US,60,20250327,190000,25.1818,25.1818,25.1818,25.1818,2000,0
LDRT.US,60,20250327,210000,25.18,25.19,25.18,25.19,4870,0
LDRT.US,60,20250328,160000,25.2235,25.2235,25.2235,25.2235,100,0
LDRT.US,60,20250328,170000,25.23,25.23,25.22,25.22,600,0
LDRT.US,60,20250328,200000,25.25,25.26,25.25,25.25,870,0
LDRT.US,60,20250328,210000,25.26,25.26,25.25,25.25,3682,0
LDRT.US,60,20250331,180000,25.26,25.26,25.255,25.255,300,0
LDRT.US,60,20250331,190000,25.25,25.26,25.25,25.2599,6142,0
LDRT.US,60,20250331,200000,25.25,25.26,25.245,25.2599,5088,0
LDRT.US,60,20250401,170000,25.29,25.29,25.2899,25.2899,800,0
LDRT.US,60,20250401,220000,25.28,25.45,25.28,25.33,2919,0
LDRT.US,60,20250402,180000,25.1828,25.1828,25.1828,25.1828,159,0
LDRT.US,60,20250402,220000,25.175,25.175,25.175,25.175,1400,0
LDRT.US,60,20250403,160000,25.25,25.25,25.24,25.2401,2850,0
LDRT.US,60,20250403,200000,25.26,25.2692,25.2,25.22,1600,0
LDRT.US,60,20250404,180000,25.33,26.15,25.31,25.34,10881,0
LDRT.US,60,20250404,190000,25.32,25.32,25.32,25.32,100,0
LDRT.US,60,20250404,200000,25.34,25.34,25.32,25.32,797,0
LDRT.US,60,20250407,160000,25.32,25.32,25.31,25.31,450,0
LDRT.US,60,20250407,170000,25.33,25.33,25.3227,25.3227,200,0
LDRT.US,60,20250407,190000,25.315,25.315,25.315,25.315,504,0
LDRT.US,60,20250407,210000,25.32,25.32,25.32,25.32,400,0
LDRT.US,60,20250407,220000,25.33,25.33,25.27,25.27,13176,0
LDRT.US,60,20250408,180000,25.22,25.225,25.22,25.225,395,0
LDRT.US,60,20250408,190000,25.24,25.28,25.225,25.2799,2740,0
LDRT.US,60,20250408,200000,25.27,25.31,25.23,25.275,800,0
LDRT.US,60,20250408,210000,25.2599,25.275,25.24,25.275,600,0
LDRT.US,60,20250408,220000,25.27,25.29,25.27,25.27,1900,0
LDRT.US,60,20250409,170000,25.21,25.21,25.21,25.21,100,0
LDRT.US,60,20250409,180000,25.215,25.43,25.17,25.17,8340,0
LDRT.US,60,20250409,190000,25.2,25.26,25.178,25.18,1352,0
LDRT.US,60,20250409,200000,25.15,25.15,25.14,25.14,200,0
LDRT.US,60,20250409,210000,25.11,25.79,25.11,25.15,1600,0
LDRT.US,60,20250409,220000,25.13,25.17,25.13,25.17,300,0
LDRT.US,60,20250410,160000,25.2,25.2,25.2,25.2,100,0
LDRT.US,60,20250410,170000,25.1919,25.1919,25.1919,25.1919,794,0
LDRT.US,60,20250410,180000,25.2,25.2,25.2,25.2,100,0
LDRT.US,60,20250410,190000,25.2008,25.205,25.2008,25.205,300,0
LDRT.US,60,20250410,200000,25.21,25.21,25.2099,25.21,800,0
LDRT.US,60,20250410,210000,25.21,25.24,25.2099,25.225,1558,0
LDRT.US,60,20250410,220000,25.21,25.25,25.18,25.18,21004,0
LDRT.US,60,20250411,160000,25.1593,25.1593,25.1593,25.1593,300,0
LDRT.US,60,20250411,210000,25.13,25.13,25.119,25.119,200,0
LDRT.US,60,20250411,220000,25.13,25.13,25.13,25.13,100,0
LDRT.US,60,20250414,160000,25.18,25.18,25.18,25.18,250,0
LDRT.US,60,20250414,180000,25.17,25.21,25.143,25.21,2328,0
LDRT.US,60,20250414,200000,25.1896,25.1896,25.1896,25.1896,308,0
LDRT.US,60,20250414,210000,25.2,25.22,25.18,25.22,1100,0
LDRT.US,60,20250414,220000,25.1989,25.22,25.18,25.2,1100,0
LDRT.US,60,20250415,160000,25.2,25.2,25.2,25.2,100,0
LDRT.US,60,20250415,170000,25.182,25.182,25.182,25.182,396,0
LDRT.US,60,20250415,180000,25.21,25.21,25.21,25.21,100,0
LDRT.US,60,20250415,200000,25.22,25.23,25.2199,25.23,300,0
LDRT.US,60,20250415,210000,25.22,25.25,25.22,25.23,900,0
LDRT.US,60,20250416,160000,25.2183,25.2183,25.2183,25.2183,396,0
LDRT.US,60,20250416,190000,25.192,25.192,25.192,25.192,792,0
LDRT.US,60,20250416,200000,25.219,25.219,25.2091,25.2091,364,0
LDRT.US,60,20250416,210000,25.19,25.23,25.19,25.23,808,0
LDRT.US,60,20250416,220000,25.24,25.28,25.21,25.24,8900,0
LDRT.US,60,20250417,190000,25.243,25.309,25.243,25.28,8355,0
LDRT.US,60,20250417,210000,25.26,25.28,25.26,25.28,200,0
LDRT.US,60,20250417,220000,25.25,25.255,25.25,25.255,200,0
LDRT.US,60,20250421,160000,25.2276,25.2276,25.2276,25.2276,3201,0
LDRT.US,60,20250421,170000,25.23,25.43,25.23,25.28,6000,0
LDRT.US,60,20250421,180000,25.2799,25.34,25.2799,25.28,1683,0
LDRT.US,60,20250421,210000,25.277,25.3,25.277,25.28,2396,0
LDRT.US,60,20250422,180000,25.27,25.27,25.25,25.26,9327,0
LDRT.US,60,20250422,190000,25.24,25.28,25.229,25.2458,1200,0
LDRT.US,60,20250422,200000,25.24,25.28,25.2178,25.2178,2100,0
LDRT.US,60,20250422,210000,25.24,25.275,25.2135,25.275,7237,0
LDRT.US,60,20250422,220000,25.26,25.27,25.26,25.26,2851,0
LDRT.US,60,20250423,170000,25.19,25.19,25.19,25.19,100,0
LDRT.US,60,20250423,200000,25.205,25.205,25.205,25.205,900,0
LDRT.US,60,20250423,210000,25.205,25.28,25.205,25.25,2225,0
LDRT.US,60,20250423,220000,25.2299,25.25,25.2299,25.25,200,0
LDRT.US,60,20250424,190000,25.23,25.23,25.23,25.23,100,0
LDRT.US,60,20250424,200000,25.25,25.2591,25.23,25.2591,300,0
LDRT.US,60,20250424,210000,25.25,25.26,25.25,25.26,4196,0
LDRT.US,60,20250424,220000,25.26,25.28,25.26,25.26,7398,0
LDRT.US,60,20250425,170000,25.22,25.26,25.22,25.26,6746,0
LDRT.US,60,20250425,190000,25.27,25.3,25.2699,25.2699,1000,0
LDRT.US,60,20250425,200000,25.24,25.24,25.24,25.24,200,0
LDRT.US,60,20250425,220000,25.24,25.24,25.24,25.24,100,0
LDRT.US,60,20250428,200000,25.32,25.35,25.28,25.32,500,0
LDRT.US,60,20250428,210000,25.2973,25.2973,25.2973,25.2973,300,0
LDRT.US,60,20250428,220000,25.33,25.35,25.3117,25.33,3340,0
LDRT.US,60,20250429,180000,25.313,25.313,25.313,25.313,308,0
LDRT.US,60,20250429,200000,25.35,25.36,25.35,25.36,200,0
LDRT.US,60,20250429,210000,25.3583,25.39,25.3563,25.3563,2495,0
LDRT.US,60,20250430,180000,25.36,25.36,25.3599,25.3599,200,0
LDRT.US,60,20250430,200000,25.34,25.3487,25.34,25.3487,1300,0
LDRT.US,60,20250430,210000,25.35,25.35,25.35,25.35,12551,0
LDRT.US,60,20250430,220000,25.3552,25.37,25.3552,25.3699,300,0
LDRT.US,60,20250501,170000,25.36,25.42,25.3599,25.42,2288,0
LDRT.US,60,20250501,190000,25.34,25.37,25.327,25.37,300,0
LDRT.US,60,20250501,200000,25.35,25.4,25.3499,25.3499,5300,0
LDRT.US,60,20250501,220000,25.3445,25.345,25.3445,25.345,223,0
LDRT.US,60,20250502,160000,25.25,25.25,25.206,25.206,5709,0
LDRT.US,60,20250502,190000,25.2,25.24,25.1927,25.1927,400,0
LDRT.US,60,20250502,220000,25.19,25.22,25.1801,25.2099,1936,0
LDRT.US,60,20250505,160000,25.1989,25.1989,25.1989,25.1989,120,0
LDRT.US,60,20250505,170000,25.18,25.18,25.18,25.18,100,0
LDRT.US,60,20250505,190000,25.19,25.19,25.178,25.178,240,0
LDRT.US,60,20250505,200000,25.172,25.23,25.172,25.2,1600,0
LDRT.US,60,20250505,210000,25.2,25.23,25.2,25.22,1100,0
LDRT.US,60,20250505,220000,25.22,25.22,25.219,25.219,1251,0
LDRT.US,60,20250506,170000,25.2,25.2,25.1646,25.1646,250,0
LDRT.US,60,20250506,180000,25.1908,25.24,25.1908,25.195,4573,0
LDRT.US,60,20250506,190000,25.22,25.22,25.22,25.22,100,0
LDRT.US,60,20250506,210000,25.22,25.26,25.2199,25.2199,2000,0
LDRT.US,60,20250506,220000,25.23,25.23,25.23,25.23,100,0
LDRT.US,60,20250507,160000,25.21,25.21,25.21,25.21,515,0
LDRT.US,60,20250507,170000,25.195,25.21,25.195,25.21,336,0
LDRT.US,60,20250507,180000,25.22,25.23,25.2,25.23,300,0
LDRT.US,60,20250507,210000,25.2164,25.2164,25.2164,25.2164,594,0
LDRT.US,60,20250508,170000,25.1867,25.1867,25.1867,25.1867,500,0
LDRT.US,60,20250508,180000,25.19,25.19,25.19,25.19,100,0
LDRT.US,60,20250508,190000,25.1798,25.1798,25.1798,25.1798,397,0
LDRT.US,60,20250509,160000,25.19,25.2,25.19,25.2,1838,0
LDRT.US,60,20250509,170000,25.21,25.23,25.21,25.23,700,0
LDRT.US,60,20250509,180000,25.22,25.22,25.22,25.22,100,0
LDRT.US,60,20250513,190000,25.1984,25.1984,25.11,25.11,1099,0
LDRT.US,60,20250514,180000,25.094,25.0984,25.094,25.0984,400,0
LDRT.US,60,20250515,190000,25.13,25.13,25.13,25.13,100,0
LDRT.US,60,20250515,220000,25.125,25.125,25.125,25.125,600,0
LDRT.US,60,20250516,190000,25.15,25.15,25.15,25.15,100,0
LDRT.US,60,20250516,210000,25.14,25.21,25.12,25.21,3280,0
LDRT.US,60,20250519,170000,25.14,25.14,25.14,25.14,100,0
LDRT.US,60,20250519,220000,25.12,25.16,25.12,25.16,300,0
LDRT.US,60,20250520,170000,25.15,25.19,25.15,25.19,600,0
LDRT.US,60,20250520,220000,25.17,25.17,25.17,25.17,100,0
LDRT.US,60,20250521,160000,25.15,25.15,25.15,25.15,142,0
LDRT.US,60,20250521,170000,25.13,25.13,25.13,25.13,492,0
LDRT.US,60,20250521,210000,25.14,25.19,25.11,25.1262,3973,0
LDRT.US,60,20250521,220000,25.139,25.14,25.1,25.14,2743,0
LDRT.US,60,20250530,170000,25.22,25.22,25.2199,25.2199,200,0
LDRT.US,60,20250530,210000,25.2,25.24,25.19,25.24,1200,0
LDRT.US,60,20250603,170000,25.19,25.19,25.1,25.1,200,0
LDRT.US,60,20250603,210000,25.08,25.08,25.06,25.07,1800,0
LDRT.US,60,20250603,220000,25.07,25.07,25.07,25.07,100,0
LDRT.US,60,20250604,170000,25.12,25.12,25.12,25.12,100,0
LDRT.US,60,20250604,210000,25.13,25.13,25.12,25.12,600,0
LDRT.US,60,20250605,160000,25.18,25.18,25.18,25.18,100,0
LDRT.US,60,20250605,170000,25.13,25.16,25.13,25.16,4867,0
LDRT.US,60,20250605,200000,25.1567,25.1567,25.1567,25.1567,3200,0
LDRT.US,60,20250606,170000,25.11,25.16,25.07,25.07,1259,0
LDRT.US,60,20250606,180000,25.07,25.18,25.07,25.18,2600,0
LDRT.US,60,20250606,190000,25.07,25.07,25.07,25.07,100,0
LDRT.US,60,20250609,170000,25.087,25.087,25.06,25.06,600,0
LDRT.US,60,20250609,190000,25.08,25.0802,25.08,25.0801,800,0
LDRT.US,60,20250609,200000,25.11,25.18,25.08,25.12,5800,0
LDRT.US,60,20250609,210000,25.1199,25.1199,25.1199,25.1199,100,0
LDRT.US,60,20250610,170000,25.13,25.18,25.09,25.11,900,0
LDRT.US,60,20250610,190000,25.123,25.123,25.12,25.12,202,0
LDRT.US,60,20250610,220000,25.13,25.13,25.13,25.13,100,0
LDRT.US,60,20250611,170000,25.1446,25.1446,25.1446,25.1446,148,0
LDRT.US,60,20250611,190000,25.1495,25.1495,25.1495,25.1495,100,0
LDRT.US,60,20250611,200000,25.1101,25.16,25.1101,25.16,1253,0
LDRT.US,60,20250612,160000,25.18,25.23,25.14,25.14,993,0
LDRT.US,60,20250612,220000,25.1643,25.1897,25.1643,25.1897,765,0
LDRT.US,60,20250616,160000,25.17,25.2399,25.159,25.16,1626,0
LDRT.US,60,20250616,170000,25.16,25.17,25.1599,25.17,300,0
LDRT.US,60,20250616,200000,25.17,25.17,25.17,25.17,195,0
LDRT.US,60,20250616,220000,25.131,25.17,25.131,25.16,900,0
LDRT.US,60,20250617,200000,25.18,25.18,25.18,25.18,100,0
LDRT.US,60,20250617,220000,25.17,25.17,25.12,25.13,1854,0
LDRT.US,60,20250618,160000,25.1888,25.1888,25.1888,25.1888,6370,0
LDRT.US,60,20250618,190000,25.1501,25.1501,25.1501,25.1501,192,0
LDRT.US,60,20250618,200000,25.2,25.25,25.1787,25.1787,7148,0
LDRT.US,60,20250620,160000,25.1895,25.1895,25.1895,25.1895,238,0
LDRT.US,60,20250620,170000,25.19,25.23,25.1899,25.23,900,0
LDRT.US,60,20250620,180000,25.21,25.21,25.2099,25.2099,2400,0
LDRT.US,60,20250620,200000,25.21,25.21,25.21,25.21,100,0
LDRT.US,60,20250623,180000,25.24,25.27,25.24,25.27,200,0
LDRT.US,60,20250623,200000,25.25,25.25,25.25,25.25,100,0
LDRT.US,60,20250624,190000,25.26,25.26,25.26,25.26,798,0
LDRT.US,60,20250624,200000,25.295,25.295,25.27,25.28,500,0
LDRT.US,60,20250624,210000,25.27,25.285,25.27,25.285,900,0
LDRT.US,60,20250624,220000,25.28,25.29,25.28,25.29,2400,0
LDRT.US,60,20250625,160000,25.25,25.25,25.25,25.25,100,0
LDRT.US,60,20250625,180000,25.25,25.31,25.25,25.31,500,0
LDRT.US,60,20250626,210000,25.35,25.42,25.29,25.36,1226,0
LDRT.US,60,20250626,220000,25.309,25.309,25.2825,25.2825,280,0
LDRT.US,60,20250627,160000,25.29,25.3,25.29,25.3,200,0
LDRT.US,60,20250627,170000,25.29,25.29,25.29,25.29,100,0
LDRT.US,60,20250627,180000,25.325,25.325,25.29,25.29,1098,0
LDRT.US,60,20250630,160000,25.32,25.38,25.32,25.38,3791,0
LDRT.US,60,20250630,170000,25.32,25.32,25.27,25.27,2232,0
LDRT.US,60,20250630,180000,25.27,25.31,25.27,25.27,43504,0
LDRT.US,60,20250630,190000,25.295,25.295,25.295,25.295,300,0
LDRT.US,60,20250630,200000,25.27,25.27,25.26,25.26,600,0
LDRT.US,60,20250630,210000,25.26,25.32,25.26,25.32,10000,0
LDRT.US,60,20250630,220000,25.27,25.27,25.27,25.27,906,0
LDRT.US,60,20250701,200000,25.32,25.32,25.2554,25.32,2778,0
LDRT.US,60,20250702,160000,25.1559,25.179,25.14,25.179,5986,0
LDRT.US,60,20250702,170000,25.14,25.14,25.13,25.13,22156,0
LDRT.US,60,20250702,180000,25.1351,25.1351,25.13,25.13,2818,0
LDRT.US,60,20250702,190000,25.13,25.14,25.13,25.14,2094,0
LDRT.US,60,20250702,200000,25.13,25.135,25.12,25.12,4096,0
LDRT.US,60,20250702,210000,25.1465,25.17,25.12,25.17,6883,0
LDRT.US,60,20250702,220000,25.147,25.147,25.147,25.147,1458,0
LDRT.US,60,20250703,160000,25.1282,25.1282,25.1282,25.1282,1000,0
LDRT.US,60,20250707,170000,25.13,25.13,25.09,25.09,24312,0
LDRT.US,60,20250707,180000,25.09,25.1,25.06,25.0949,8628,0
LDRT.US,60,20250707,190000,25.06,25.07,25.0555,25.07,300,0
LDRT.US,60,20250707,210000,25.12,25.12,25.12,25.12,500,0
LDRT.US,60,20250707,220000,25.12,25.16,25.118,25.118,2000,0
LDRT.US,60,20250708,170000,25.09,25.11,25.09,25.1099,481,0
LDRT.US,60,20250708,180000,25.085,25.085,25.085,25.085,200,0
LDRT.US,60,20250708,190000,25.11,25.18,25.06,25.07,21038,0
LDRT.US,60,20250708,200000,25.06,25.06,25.06,25.06,200,0
LDRT.US,60,20250708,210000,25.06,25.1085,25.06,25.07,7904,0
LDRT.US,60,20250708,220000,25.07,25.11,25.05,25.05,64276,0
LDRT.US,60,20250709,160000,25.09,25.12,25.09,25.09,25189,0
LDRT.US,60,20250709,170000,25.09,25.09,25.09,25.09,6154,0
LDRT.US,60,20250709,220000,25.11,25.11,25.11,25.11,405,0
LDRT.US,60,20250710,160000,25.1212,25.14,25.1212,25.14,501,0
LDRT.US,60,20250711,200000,25.105,25.105,25.105,25.105,125,0
LDRT.US,60,20250711,220000,25.1061,25.1061,25.1061,25.1061,4012,0
LDRT.US,60,20250714,170000,25.14,25.14,25.1,25.1,1940,0
LDRT.US,60,20250714,180000,25.1,25.1099,25.08,25.09,6356,0
LDRT.US,60,20250715,160000,25.1107,25.1107,25.09,25.09,997,0
LDRT.US,60,20250715,170000,25.08,25.09,25.08,25.09,390,0
LDRT.US,60,20250715,180000,25.1,25.1099,25.0859,25.0859,1255,0
LDRT.US,60,20250716,170000,25.11,25.11,25.11,25.11,200,0
LDRT.US,60,20250716,180000,25.081,25.1012,25.081,25.0902,1311,0
LDRT.US,60,20250716,200000,25.09,25.09,25.02,25.02,10000,0
LDRT.US,60,20250716,220000,25.1032,25.1115,25.091,25.1115,610,0
LDRT.US,60,20250717,170000,25.14,25.14,25.14,25.14,100,0
LDRT.US,60,20250718,180000,25.1439,25.1439,25.1439,25.1439,397,0
LDRT.US,60,20250718,210000,25.13,25.14,25.13,25.1311,1482,0
LDRT.US,60,20250721,160000,25.2,25.2,25.2,25.2,2050,0
LDRT.US,60,20250721,170000,25.15,25.15,25.15,25.15,100,0
LDRT.US,60,20250722,160000,25.1993,25.1993,25.1936,25.1936,200,0
LDRT.US,60,20250722,170000,25.17,25.17,25.17,25.17,100,0
LDRT.US,60,20250722,180000,25.2028,25.2028,25.2028,25.2028,2000,0
LDRT.US,60,20250722,200000,25.21,25.22,25.2099,25.2163,7488,0
LDRT.US,60,20250723,220000,25.1608,25.1608,25.1608,25.1608,795,0
LDRT.US,60,20250724,160000,25.1498,25.1498,25.1498,25.1498,1500,0
LDRT.US,60,20250724,170000,25.12,25.12,25.12,25.12,100,0
LDRT.US,60,20250724,200000,25.17,25.24,25.14,25.145,5942,0
LDRT.US,60,20250725,160000,25.2,25.2,25.164,25.164,1615,0
LDRT.US,60,20250728,170000,25.1568,25.17,25.1568,25.17,321,0
LDRT.US,60,20250728,190000,25.12,25.12,25.12,25.12,397,0
LDRT.US,60,20250729,160000,25.1799,25.1799,25.1799,25.1799,100,0
LDRT.US,60,20250729,170000,25.18,25.18,25.16,25.16,1424,0
LDRT.US,60,20250729,180000,25.169,25.25,25.169,25.25,300,0
LDRT.US,60,20250729,200000,25.2094,25.2094,25.2094,25.2094,309,0
LDRT.US,60,20250730,160000,25.1532,25.1586,25.1532,25.1586,1072,0
LDRT.US,60,20250730,170000,25.18,25.18,25.18,25.18,100,0
LDRT.US,60,20250730,190000,25.1668,25.1668,25.1668,25.1668,119,0
LDRT.US,60,20250730,220000,25.175,25.36,25.175,25.18,2909,0
LDRT.US,60,20250731,160000,25.18,25.18,25.18,25.18,100,0
LDRT.US,60,20250731,170000,25.18,25.18,25.1654,25.1654,200,0
LDRT.US,60,20250731,200000,25.1835,25.19,25.1835,25.1847,543,0
LDRT.US,60,20250731,220000,25.19,25.195,25.1875,25.19,1250,0
LDRT.US,60,20250801,180000,25.29,25.34,25.2899,25.34,400,0
LDRT.US,60,20250801,210000,25.31,25.35,25.3099,25.32,2169,0
LDRT.US,60,20250804,160000,25.24,25.24,25.24,25.24,100,0
LDRT.US,60,20250804,170000,25.25,25.25,25.22,25.22,703,0
LDRT.US,60,20250804,190000,25.24,25.24,25.2399,25.2399,200,0
LDRT.US,60,20250804,200000,25.24,25.24,25.2399,25.2399,800,0
LDRT.US,60,20250805,160000,25.23,25.23,25.23,25.23,100,0
LDRT.US,60,20250805,170000,25.21,25.21,25.21,25.21,49256,0
LDRT.US,60,20250805,180000,25.2243,25.23,25.2243,25.23,795,0
LDRT.US,60,20250805,220000,25.2467,25.2467,25.2467,25.2467,2000,0
LDRT.US,60,20250806,170000,25.24,25.24,25.215,25.215,2175,0
LDRT.US,60,20250806,210000,25.22,25.22,25.22,25.22,1000,0
LDRT.US,60,20250807,170000,25.2285,25.2285,25.2285,25.2285,292,0
LDRT.US,60,20250807,180000,25.22,25.22,25.22,25.22,1200,0
LDRT.US,60,20250808,160000,25.22,25.22,25.22,25.22,400,0
LDRT.US,60,20250808,170000,25.18,25.18,25.16,25.16,2023,0
LDRT.US,60,20250808,180000,25.21,25.22,25.21,25.22,3965,0
LDRT.US,60,20250808,210000,25.2182,25.2182,25.2182,25.2182,5979,0
LDRT.US,60,20250812,160000,25.21,25.21,25.21,25.21,100,0
LDRT.US,60,20250812,210000,25.2293,25.2293,25.2293,25.2293,9837,0
LDRT.US,60,20250812,220000,25.2102,25.2102,25.2102,25.2102,330,0
LDRT.US,60,20250813,160000,25.26,25.26,25.26,25.26,100,0
LDRT.US,60,20250813,170000,25.27,25.27,25.27,25.27,440,0
LDRT.US,60,20250813,210000,25.24,25.24,25.24,25.24,100,0
LDRT.US,60,20250814,160000,25.23,25.235,25.23,25.23,400,0
LDRT.US,60,20250818,170000,25.24,25.24,25.22,25.225,500,0
LDRT.US,60,20250818,180000,25.22,25.22,25.22,25.22,159,0
LDRT.US,60,20250819,170000,25.25,25.25,25.25,25.25,100,0
LDRT.US,60,20250819,190000,25.2498,25.2498,25.2498,25.2498,500,0
LDRT.US,60,20250819,220000,25.2337,25.2337,25.2337,25.2337,100,0
LDRT.US,60,20250820,160000,25.2001,25.25,25.13,25.225,14391,0
LDRT.US,60,20250820,190000,25.245,25.245,25.245,25.245,200,0
LDRT.US,60,20250820,200000,25.27,25.27,25.27,25.27,100,0
LDRT.US,60,20250820,210000,25.22,25.22,25.22,25.22,200,0
LDRT.US,60,20250820,220000,25.26,25.26,25.26,25.26,100,0
LDRT.US,60,20250821,200000,25.23,25.23,25.23,25.23,100,0
LDRT.US,60,20250821,210000,25.23,25.3,25.2299,25.25,4100,0
LDRT.US,60,20250822,170000,25.2794,25.2794,25.2794,25.2794,500,0
LDRT.US,60,20250825,190000,25.2515,25.2515,25.2515,25.2515,100,0
LDRT.US,60,20250826,220000,25.2913,25.2913,25.2913,25.2913,100,0
LDRT.US,60,20250827,210000,25.313,25.313,25.313,25.313,150,0
LDRT.US,60,20250827,220000,25.3395,25.3395,25.3395,25.3395,844,0
LDRT.US,60,20250828,160000,25.34,25.34,25.3239,25.3239,2684,0
LDRT.US,60,20250828,170000,25.34,25.34,25.34,25.34,1315,0
LDRT.US,60,20250828,180000,25.32,25.32,25.32,25.32,100,0
LDRT.US,60,20250829,170000,25.35,25.35,25.3499,25.3499,200,0
LDRT.US,60,20250829,180000,25.3284,25.35,25.3284,25.3499,552,0
LDRT.US,60,20250829,190000,25.35,25.385,25.35,25.385,700,0
LDRT.US,60,20250829,220000,25.3692,25.3692,25.33,25.3484,12780,0
LDRT.US,60,20250902,170000,25.34,25.35,25.3,25.3333,2958,0
LDRT.US,60,20250902,180000,25.35,25.35,25.35,25.35,100,0
LDRT.US,60,20250902,200000,25.34,25.34,25.34,25.34,100,0
LDRT.US,60,20250902,220000,25.34,25.41,25.314,25.3396,12589,0
LDRT.US,60,20250903,170000,25.27,25.3228,25.26,25.3228,300,0
LDRT.US,60,20250903,180000,25.2718,25.2718,25.2718,25.2718,473,0
LDRT.US,60,20250903,190000,25.27,25.27,25.27,25.27,100,0
LDRT.US,60,20250904,160000,25.29,25.29,25.29,25.29,300,0
LDRT.US,60,20250904,220000,25.283,25.283,25.2663,25.27,1400,0
LDRT.US,60,20250905,200000,25.34,25.34,25.34,25.34,100,0
LDRT.US,60,20250905,210000,25.33,25.3376,25.33,25.3376,1188,0
LDRT.US,60,20250905,220000,25.35,25.35,25.35,25.35,8541,0
LDRT.US,60,20250908,170000,25.38,25.39,25.3799,25.39,600,0
LDRT.US,60,20250908,180000,25.385,25.39,25.385,25.39,300,0
LDRT.US,60,20250908,210000,25.39,25.4,25.385,25.4,600,0
LDRT.US,60,20250909,170000,25.38,25.38,25.35,25.35,200,0
LDRT.US,60,20250909,220000,25.43,25.47,25.36,25.47,828,0
LDRT.US,60,20250910,160000,25.36,25.36,25.36,25.36,240,0
LDRT.US,60,20250910,170000,25.37,25.38,25.3625,25.38,300,0
LDRT.US,60,20250910,180000,25.38,25.38,25.375,25.375,1576,0
LDRT.US,60,20250910,200000,25.435,25.4499,25.375,25.38,2000,0
LDRT.US,60,20250910,220000,25.3735,25.3768,25.3735,25.3768,699,0
LDRT.US,60,20250911,170000,25.38,25.38,25.38,25.38,100,0
LDRT.US,60,20250911,180000,25.3796,25.38,25.3796,25.38,800,0
LDRT.US,60,20250911,190000,25.4,25.42,25.4,25.42,200,0
LDRT.US,60,20250911,210000,25.4,25.4,25.395,25.395,596,0
LDRT.US,60,20250911,220000,25.4,25.4,25.39,25.395,500,0
LDRT.US,60,20250912,170000,25.36,25.36,25.36,25.36,100,0
LDRT.US,60,20250912,200000,25.31,25.3101,25.31,25.3101,790,0
LDRT.US,60,20250912,220000,25.35,25.35,25.35,25.35,100,0
LDRT.US,60,20250915,160000,25.3635,25.38,25.3635,25.38,3535,0
LDRT.US,60,20250915,170000,25.37,25.3799,25.355,25.355,650,0
LDRT.US,60,20250915,180000,25.355,25.3787,25.355,25.3787,1000,0
LDRT.US,60,20250915,210000,25.38,25.38,25.21,25.3615,14968,0
LDRT.US,60,20250915,220000,25.38,25.38,25.38,25.38,100,0
LDRT.US,60,20250916,170000,25.38,25.38,25.38,25.38,100,0
LDRT.US,60,20250916,200000,25.365,25.39,25.364,25.365,10200,0
LDRT.US,60,20250916,210000,25.365,25.365,25.365,25.365,285,0
LDRT.US,60,20250917,160000,25.39,25.39,25.39,25.39,100,0
LDRT.US,60,20250917,170000,25.39,25.39,25.39,25.39,100,0
LDRT.US,60,20250917,190000,25.3591,25.3591,25.3591,25.3591,2905,0
LDRT.US,60,20250917,200000,25.355,25.355,25.3517,25.3517,328,0
LDRT.US,60,20250917,210000,25.4,25.4096,25.38,25.38,4557,0
LDRT.US,60,20250917,220000,25.37,25.375,25.37,25.375,7551,0
LDRT.US,60,20250918,170000,25.34,25.34,25.3,25.3001,500,0
LDRT.US,60,20250918,180000,25.34,25.34,25.34,25.34,100,0
LDRT.US,60,20250918,200000,25.335,25.36,25.335,25.3408,3300,0
LDRT.US,60,20250918,210000,25.3101,25.36,25.3101,25.36,1326,0
LDRT.US,60,20250918,220000,25.31,25.35,25.31,25.35,5226,0
LDRT.US,60,20250919,170000,25.35,25.35,25.35,25.35,100,0
LDRT.US,60,20250919,180000,25.325,25.325,25.325,25.325,200,0
LDRT.US,60,20250919,190000,25.325,25.35,25.325,25.35,1100,0
LDRT.US,60,20250919,220000,25.35,25.49,25.35,25.42,858,0
LDRT.US,60,20250922,170000,25.33,25.35,25.33,25.35,300,0
LDRT.US,60,20250922,180000,25.3288,25.35,25.3288,25.35,1200,0
LDRT.US,60,20250922,190000,25.34,25.34,25.34,25.34,100,0
LDRT.US,60,20250922,210000,25.33,25.33,25.3299,25.3299,200,0
LDRT.US,60,20250922,220000,25.3206,25.3299,25.3002,25.32,5090,0
LDRT.US,60,20250923,170000,25.35,25.35,25.35,25.35,100,0
LDRT.US,60,20250923,180000,25.34,25.34,25.318,25.318,350,0
LDRT.US,60,20250923,190000,25.3228,25.3228,25.3228,25.3228,1000,0
LDRT.US,60,20250923,200000,25.33,25.34,25.33,25.34,800,0
LDRT.US,60,20250923,210000,25.3362,25.3362,25.3362,25.3362,100,0
LDRT.US,60,20250923,220000,25.325,25.4,25.325,25.4,7785,0
LDRT.US,60,20250924,170000,25.325,25.34,25.325,25.34,200,0
LDRT.US,60,20250924,190000,25.328,25.34,25.328,25.34,600,0
LDRT.US,60,20250924,200000,25.35,25.35,25.29,25.33,1270,0
LDRT.US,60,20250924,210000,25.3165,25.3165,25.3165,25.3165,400,0
LDRT.US,60,20250924,220000,25.321,25.34,25.321,25.34,1587,0
LDRT.US,60,20250925,160000,25.285,25.285,25.285,25.285,100,0
LDRT.US,60,20250925,170000,25.29,25.29,25.29,25.29,400,0
LDRT.US,60,20250925,180000,25.29,25.29,25.29,25.29,100,0
LDRT.US,60,20250925,190000,25.285,25.32,25.285,25.32,1258,0
LDRT.US,60,20250926,170000,25.3,25.3,25.3,25.3,100,0
LDRT.US,60,20250926,180000,25.285,25.2859,25.285,25.2859,450,0
LDRT.US,60,20250926,210000,25.2907,25.3,25.285,25.3,4300,0
LDRT.US,60,20250926,220000,25.285,25.285,25.285,25.285,1153,0
LDRT.US,60,20250929,160000,25.31,25.31,25.31,25.31,100,0
LDRT.US,60,20250929,190000,25.31,25.31,25.31,25.31,100,0
LDRT.US,60,20250929,200000,25.297,25.297,25.297,25.297,395,0
LDRT.US,60,20250929,220000,25.3,25.41,25.3,25.41,1115,0
LDRT.US,60,20250930,160000,25.33,25.34,25.3185,25.3185,2300,0
LDRT.US,60,20250930,170000,25.3,25.33,25.3,25.33,200,0
LDRT.US,60,20250930,190000,25.33,25.33,25.33,25.33,100,0
LDRT.US,60,20250930,220000,25.32,25.32,25.3186,25.3186,288,0
LDRT.US,60,20251001,170000,25.37,25.37,25.37,25.37,100,0
LDRT.US,60,20251001,220000,25.32,25.3201,25.32,25.3201,240,0
LDRT.US,60,20251002,170000,25.28,25.28,25.28,25.28,100,0
LDRT.US,60,20251002,180000,25.27,25.28,25.27,25.2799,600,0
LDRT.US,60,20251002,190000,25.255,25.335,25.255,25.29,1700,0
LDRT.US,60,20251002,200000,25.2824,25.2824,25.2824,25.2824,264,0
LDRT.US,60,20251002,210000,25.29,25.29,25.29,25.29,100,0
LDRT.US,60,20251002,220000,25.29,25.29,25.29,25.29,1235,0
LDRT.US,60,20251003,170000,25.3,25.3,25.28,25.28,300,0
LDRT.US,60,20251003,180000,25.29,25.29,25.2899,25.2899,300,0
LDRT.US,60,20251003,190000,25.29,25.3,25.2875,25.3,300,0
LDRT.US,60,20251003,200000,25.295,25.3,25.295,25.3,984,0
LDRT.US,60,20251003,210000,25.3,25.3,25.3,25.3,100,0
LDRT.US,60,20251006,160000,25.27,25.27,25.27,25.27,100,0
LDRT.US,60,20251006,170000,25.259,25.259,25.259,25.259,300,0
LDRT.US,60,20251006,190000,25.2654,25.27,25.2654,25.27,1471,0
LDRT.US,60,20251007,160000,25.27,25.27,25.27,25.27,100,0
LDRT.US,60,20251007,170000,25.26,25.26,25.26,25.26,165,0
LDRT.US,60,20251007,180000,25.2501,25.2501,25.2501,25.2501,200,0
LDRT.US,60,20251007,200000,25.275,25.275,25.275,25.275,250,0
LDRT.US,60,20251007,210000,25.3,25.3,25.3,25.3,100,0
LDRT.US,60,20251008,160000,25.251,25.251,25.251,25.251,100,0
LDRT.US,60,20251008,170000,25.27,25.29,25.25,25.29,1094,0
LDRT.US,60,20251008,180000,25.264,25.31,25.264,25.31,2172,0
LDRT.US,60,20251008,190000,25.29,25.295,25.29,25.295,300,0
LDRT.US,60,20251008,200000,25.3,25.3,25.3,25.3,100,0
LDRT.US,60,20251008,210000,25.264,25.268,25.264,25.268,300,0
LDRT.US,60,20251009,160000,25.28,25.28,25.2799,25.2799,200,0
LDRT.US,60,20251009,170000,25.2656,25.28,25.2656,25.28,1100,0
LDRT.US,60,20251009,180000,25.276,25.276,25.276,25.276,400,0
LDRT.US,60,20251009,210000,25.28,25.28,25.2746,25.2746,214,0
LDRT.US,60,20251010,170000,25.31,25.31,25.31,25.31,100,0
LDRT.US,60,20251010,200000,25.3127,25.3127,25.3127,25.3127,198,0
LDRT.US,60,20251010,220000,25.33,25.33,25.33,25.33,100,0
LDRT.US,60,20251013,170000,25.33,25.33,25.3299,25.3299,396,0
LDRT.US,60,20251013,180000,25.33,25.33,25.3299,25.3299,900,0
LDRT.US,60,20251014,160000,25.32,25.32,25.32,25.32,677,0
LDRT.US,60,20251014,210000,25.37,25.41,25.37,25.41,200,0
LDRT.US,60,20251014,220000,25.405,25.43,25.3799,25.38,6835,0
LDRT.US,60,20251015,170000,25.37,25.37,25.341,25.341,244,0
LDRT.US,60,20251015,180000,25.37,25.37,25.37,25.37,100,0
LDRT.US,60,20251015,190000,25.33,25.33,25.33,25.33,2938,0
LDRT.US,60,20251015,210000,25.345,25.345,25.33,25.3301,800,0
LDRT.US,60,20251015,220000,25.36,25.36,25.36,25.36,100,0
LDRT.US,60,20251016,170000,25.36,25.36,25.36,25.36,100,0
LDRT.US,60,20251016,200000,25.4063,25.4063,25.4063,25.4063,100,0
LDRT.US,60,20251016,210000,25.41,25.41,25.41,25.41,100,0
LDRT.US,60,20251017,190000,25.39,25.39,25.3899,25.3899,350,0
LDRT.US,60,20251017,200000,25.39,25.39,25.39,25.39,100,0
LDRT.US,60,20251017,220000,25.35,25.3505,25.35,25.3505,1025,0
LDRT.US,60,20251020,160000,25.4,25.4,25.3999,25.3999,550,0
LDRT.US,60,20251020,170000,25.3825,25.3825,25.3825,25.3825,100,0
LDRT.US,60,20251020,180000,25.39,25.39,25.39,25.39,100,0
LDRT.US,60,20251020,190000,25.4,25.4,25.4,25.4,1508,0
LDRT.US,60,20251020,200000,25.39,25.39,25.39,25.39,200,0
LDRT.US,60,20251020,220000,25.375,25.375,25.371,25.371,325,0
LDRT.US,60,20251021,160000,25.36,25.3601,25.35,25.35,600,0
LDRT.US,60,20251021,170000,25.3856,25.41,25.3856,25.41,889,0
LDRT.US,60,20251021,190000,25.41,25.4463,25.41,25.4463,4859,0
LDRT.US,60,20251021,200000,25.3875,25.47,25.3875,25.3875,1400,0
LDRT.US,60,20251021,210000,25.395,25.42,25.37,25.42,2290,0
LDRT.US,60,20251022,170000,25.41,25.41,25.36,25.3775,2038,0
LDRT.US,60,20251022,180000,25.382,25.41,25.382,25.388,1138,0
LDRT.US,60,20251022,210000,25.42,25.42,25.3975,25.3975,200,0
LDRT.US,60,20251023,170000,25.386,25.4,25.386,25.4,7777,0
LDRT.US,60,20251023,190000,25.4,25.4,25.3999,25.3999,200,0
LDRT.US,60,20251023,200000,25.41,25.435,25.405,25.41,2362,0
LDRT.US,60,20251023,220000,25.4,25.4,25.4,25.4,200,0
LDRT.US,60,20251024,160000,25.38,25.38,25.38,25.38,100,0
LDRT.US,60,20251024,170000,25.391,25.4,25.391,25.4,200,0
LDRT.US,60,20251024,180000,25.41,25.41,25.41,25.41,100,0
LDRT.US,60,20251024,210000,25.41,25.45,25.3917,25.415,1100,0
LDRT.US,60,20251024,220000,25.41,25.45,25.4099,25.42,700,0
LDRT.US,60,20251027,150000,25.45,25.71,25.39,25.4,8961,0
LDRT.US,60,20251027,160000,25.39,25.39,25.375,25.375,888,0
LDRT.US,60,20251027,170000,25.36,25.405,25.35,25.375,3086,0
LDRT.US,60,20251027,210000,25.4,25.4,25.4,25.4,100,0
LDRT.US,60,20251028,150000,25.365,25.3911,25.365,25.3901,1868,0
LDRT.US,60,20251028,160000,25.4,25.4,25.4,25.4,100,0
LDRT.US,60,20251028,170000,25.3959,25.3999,25.3959,25.3999,1568,0
LDRT.US,60,20251028,190000,25.4,25.41,25.35,25.3501,400,0
LDRT.US,60,20251028,200000,25.4,25.4,25.34,25.34,1223,0
LDRT.US,60,20251028,210000,25.4,25.43,25.4,25.43,4500,0
LDRT.US,60,20251029,150000,25.375,25.375,25.34,25.34,1288,0
LDRT.US,60,20251029,160000,25.39,25.4,25.3715,25.3715,1930,0
LDRT.US,60,20251029,170000,25.41,25.45,25.4035,25.41,2700,0
LDRT.US,60,20251029,180000,25.41,25.42,25.41,25.42,500,0
LDRT.US,60,20251029,190000,25.41,25.45,25.41,25.45,1700,0
LDRT.US,60,20251029,200000,25.43,25.43,25.41,25.41,300,0
LDRT.US,60,20251029,210000,25.405,25.41,25.36,25.37,3075,0
LDRT.US,60,20251030,180000,25.32,25.32,25.32,25.32,535,0
LDRT.US,60,20251030,200000,25.3004,25.3004,25.3004,25.3004,500,0
LDRT.US,60,20251031,150000,25.36,25.36,25.3355,25.3355,1937,0
LDRT.US,60,20251031,160000,25.31,25.31,25.31,25.31,555,0
LDRT.US,60,20251031,180000,25.31,25.3101,25.28,25.2959,16250,0
LDRT.US,60,20251031,190000,25.29,25.29,25.28,25.28,2400,0
LDRT.US,60,20251031,200000,25.2916,25.2916,25.2916,25.2916,395,0
LDRT.US,60,20251031,210000,25.28,25.305,25.28,25.305,1990,0
LDRT.US,60,20251103,160000,25.3,25.31,25.3,25.3,1400,0
LDRT.US,60,20251103,170000,25.3,25.31,25.29,25.31,2000,0
LDRT.US,60,20251103,180000,25.34,25.35,25.3399,25.35,1298,0
LDRT.US,60,20251103,190000,25.35,25.365,25.35,25.36,37296,0
LDRT.US,60,20251103,210000,25.34,25.34,25.3399,25.3399,1104,0
LDRT.US,60,20251103,220000,25.318,25.318,25.318,25.318,264,0
LDRT.US,60,20251104,160000,25.25,25.2501,25.25,25.2501,2297,0
LDRT.US,60,20251104,180000,25.29,25.29,25.2899,25.2899,800,0
LDRT.US,60,20251104,190000,25.25,25.25,25.25,25.25,197,0
LDRT.US,60,20251105,170000,25.252,25.252,25.248,25.248,722,0
LDRT.US,60,20251105,190000,25.27,25.32,25.27,25.32,550,0
LDRT.US,60,20251105,210000,25.2504,25.2504,25.2504,25.2504,1571,0
LDRT.US,60,20251105,220000,25.2432,25.31,25.2432,25.275,964,0
LDRT.US,60,20251107,170000,25.2735,25.31,25.2735,25.31,1327,0
LDRT.US,60,20251107,190000,25.33,25.34,25.33,25.34,6700,0
LDRT.US,60,20251107,210000,25.3289,25.3289,25.32,25.32,4379,0
LDRT.US,60,20251107,220000,25.32,25.33,25.32,25.33,200,0
LDRT.US,60,20251110,200000,25.29,25.29,25.29,25.29,102,0
LDRT.US,60,20251112,160000,25.32,25.35,25.32,25.35,200,0
LDRT.US,60,20251112,210000,25.33,25.3699,25.3299,25.3299,634,0
LDRT.US,60,20251112,220000,25.33,25.35,25.3299,25.3299,800,0
LDRT.US,60,20251113,160000,25.3099,25.31,25.3099,25.31,200,0
LDRT.US,60,20251113,170000,25.32,25.33,25.3197,25.33,16622,0
LDRT.US,60,20251113,200000,25.3,25.3,25.3,25.3,397,0
LDRT.US,60,20251113,210000,25.32,25.3499,25.3,25.3,5650,0
LDRT.US,60,20251113,220000,25.32,25.355,25.32,25.355,47159,0
LDRT.US,60,20251114,170000,25.335,25.335,25.335,25.335,100,0
LDRT.US,60,20251114,180000,25.3035,25.3035,25.3035,25.3035,100,0
LDRT.US,60,20251117,210000,25.286,25.3161,25.286,25.3161,5445,0
LDRT.US,60,20251117,220000,25.3199,25.34,25.3068,25.3068,1800,0
LDRT.US,60,20251118,180000,25.35,25.35,25.35,25.35,100,0
LDRT.US,60,20251118,210000,25.3399,25.34,25.3399,25.34,524,0
LDRT.US,60,20251118,220000,25.336,25.336,25.336,25.336,197,0
LDRT.US,60,20251119,170000,25.3474,25.3474,25.32,25.32,1080,0
LDRT.US,60,20251119,190000,25.35,25.35,25.34,25.34,7025,0
LDRT.US,60,20251119,200000,25.35,25.35,25.35,25.35,100,0
LDRT.US,60,20251119,220000,25.34,25.47,25.3399,25.34,4202,0
LDRT.US,60,20251120,170000,25.36,25.4,25.351,25.351,1200,0
LDRT.US,60,20251120,180000,25.369,25.369,25.36,25.36,1164,0
LDRT.US,60,20251120,200000,25.37,25.37,25.357,25.357,218,0
LDRT.US,60,20251120,220000,25.37,25.3755,25.3689,25.3698,5287,0
LDRT.US,60,20251121,160000,25.4,25.43,25.384,25.43,3800,0
LDRT.US,60,20251121,170000,25.4,25.45,25.3769,25.42,3500,0
LDRT.US,60,20251121,180000,25.42,25.42,25.41,25.41,300,0
LDRT.US,60,20251121,200000,25.4,25.4,25.3933,25.3994,500,0
LDRT.US,60,20251121,220000,25.41,25.44,25.4,25.44,3464,0
LDRT.US,60,20251124,160000,25.385,25.4,25.385,25.4,300,0
LDRT.US,60,20251124,170000,25.41,25.41,25.41,25.41,250,0
LDRT.US,60,20251124,210000,25.39,25.3901,25.37,25.37,1202,0
LDRT.US,60,20251124,220000,25.39,25.57,25.3835,25.57,2095,0
LDRT.US,60,20251125,160000,25.41,25.42,25.41,25.415,1487,0
LDRT.US,60,20251125,170000,25.42,25.437,25.42,25.42,2123,0
LDRT.US,60,20251125,180000,25.43,25.43,25.43,25.43,100,0
LDRT.US,60,20251125,190000,25.43,25.46,25.4299,25.46,453,0
LDRT.US,60,20251125,210000,25.44,25.44,25.41,25.41,525,0
LDRT.US,60,20251126,160000,25.405,25.405,25.405,25.405,550,0
LDRT.US,60,20251126,170000,25.42,25.42,25.42,25.42,100,0
LDRT.US,60,20251126,180000,25.43,25.43,25.4299,25.4299,200,0
LDRT.US,60,20251126,220000,25.4,25.415,25.4,25.415,1033,0
LDRT.US,60,20251128,170000,25.44,25.44,25.44,25.44,100,0
LDRT.US,60,20251201,160000,25.41,25.41,25.41,25.41,200,0
LDRT.US,60,20251201,170000,25.41,25.425,25.4099,25.425,1012,0
LDRT.US,60,20251201,180000,25.41,25.705,25.41,25.42,16749,0
LDRT.US,60,20251201,190000,25.42,25.44,25.42,25.42,600,0
LDRT.US,60,20251201,200000,25.41,25.41,25.41,25.41,744,0
LDRT.US,60,20251201,210000,25.41,25.41,25.41,25.41,100,0
LDRT.US,60,20251201,220000,25.4032,25.42,25.4032,25.4064,3368,0
LDRT.US,60,20251202,160000,25.2905,25.2905,25.2905,25.2905,594,0
LDRT.US,60,20251202,180000,25.32,25.32,25.32,25.32,100,0
LDRT.US,60,20251202,210000,25.3176,25.3176,25.3176,25.3176,285,0
LDRT.US,60,20251202,220000,25.31,25.315,25.31,25.315,1000,0
LDRT.US,60,20251203,170000,25.335,25.335,25.329,25.329,497,0
LDRT.US,60,20251203,210000,25.34,25.3757,25.3385,25.3757,900,0
LDRT.US,60,20251204,160000,25.314,25.3382,25.314,25.3382,2129,0
LDRT.US,60,20251204,170000,25.34,25.38,25.326,25.34,479,0
LDRT.US,60,20251204,180000,25.3295,25.3295,25.3295,25.3295,1000,0
LDRT.US,60,20251204,220000,25.3174,25.35,25.3174,25.35,1526,0
LDRT.US,60,20251205,190000,25.3133,25.3133,25.31,25.31,2467,0
LDRT.US,60,20251205,210000,25.32,25.33,25.32,25.33,1200,0
LDRT.US,60,20251208,180000,25.26,25.26,25.26,25.26,197,0
LDRT.US,60,20251208,190000,25.2735,25.2735,25.2735,25.2735,215,0
LDRT.US,60,20251208,210000,25.285,25.2995,25.2835,25.2995,2849,0
LDRT.US,60,20251208,220000,25.285,25.29,25.2842,25.2842,2015,0
LDRT.US,60,20251209,160000,25.31,25.31,25.2959,25.2959,240,0
LDRT.US,60,20251209,180000,25.3,25.3,25.3,25.3,100,0
LDRT.US,60,20251209,190000,25.2999,25.2999,25.2999,25.2999,206,0
LDRT.US,60,20251209,210000,25.3,25.3,25.295,25.295,900,0
LDRT.US,60,20251209,220000,25.3,25.32,25.2999,25.31,1800,0
LDRT.US,60,20251210,170000,25.29,25.29,25.29,25.29,100,0
LDRT.US,60,20251210,180000,25.282,25.282,25.282,25.282,197,0
LDRT.US,60,20251210,210000,25.31,25.33,25.2999,25.2999,1600,0
LDRT.US,60,20251210,220000,25.32,25.355,25.3074,25.31,2149,0
LDRT.US,60,20251211,160000,25.35,25.35,25.3365,25.3365,337,0
LDRT.US,60,20251211,170000,25.35,25.35,25.35,25.35,103,0
LDRT.US,60,20251211,180000,25.35,25.35,25.35,25.35,100,0
LDRT.US,60,20251211,210000,25.34,25.36,25.34,25.36,400,0
LDRT.US,60,20251211,220000,25.34,25.38,25.3399,25.37,1773,0
LDRT.US,60,20251212,160000,25.33,25.33,25.3264,25.3264,1876,0
LDRT.US,60,20251212,170000,25.32,25.33,25.32,25.33,400,0
LDRT.US,60,20251212,180000,25.33,25.33,25.33,25.33,300,0
LDRT.US,60,20251212,190000,25.34,25.34,25.34,25.34,400,0
LDRT.US,60,20251212,200000,25.34,25.34,25.34,25.34,200,0
LDRT.US,60,20251212,210000,25.3342,25.3342,25.33,25.33,687,0
LDRT.US,60,20251212,220000,25.34,25.36,25.3399,25.34,2600,0
LDRT.US,60,20251215,170000,25.32,25.34,25.32,25.34,4541,0
LDRT.US,60,20251215,190000,25.3398,25.3398,25.3398,25.3398,592,0
LDRT.US,60,20251215,200000,25.3123,25.32,25.3123,25.32,572,0
LDRT.US,60,20251215,210000,25.325,25.325,25.315,25.315,1706,0
LDRT.US,60,20251215,220000,25.34,25.52,25.33,25.34,3852,0
LDRT.US,60,20251216,170000,25.33,25.345,25.33,25.345,1760,0
LDRT.US,60,20251216,180000,25.33,25.359,25.33,25.35,2350,0
LDRT.US,60,20251216,200000,25.34,25.34,25.34,25.34,918,0
LDRT.US,60,20251216,210000,25.36,25.38,25.35,25.37,3400,0
LDRT.US,60,20251216,220000,25.375,25.375,25.375,25.375,1375,0
LDRT.US,60,20251217,170000,25.355,25.355,25.31,25.31,1789,0
LDRT.US,60,20251217,180000,25.32,25.32,25.315,25.315,1388,0
LDRT.US,60,20251217,190000,25.32,25.32,25.31,25.32,700,0
LDRT.US,60,20251217,200000,25.31,25.345,25.31,25.345,1550,0
LDRT.US,60,20251217,210000,25.36,25.37,25.34,25.37,3743,0
LDRT.US,60,20251217,220000,25.36,25.36,25.25,25.33,11851,0
LDRT.US,60,20251218,160000,25.39,25.39,25.39,25.39,200,0
LDRT.US,60,20251218,170000,25.39,25.41,25.39,25.41,800,0
LDRT.US,60,20251218,180000,25.4,25.4,25.39,25.39,500,0
LDRT.US,60,20251218,210000,25.37,25.37,25.37,25.37,583,0
LDRT.US,60,20251219,170000,25.35,25.365,25.35,25.365,375,0
LDRT.US,60,20251219,180000,25.36,25.36,25.36,25.36,119549,0
LDRT.US,60,20251219,200000,25.36,25.36,25.36,25.36,100,0
LDRT.US,60,20251219,210000,25.3799,25.49,25.3799,25.43,1286,0
LDRT.US,60,20251219,220000,25.37,25.395,25.37,25.38,9127,0
LDRT.US,60,20251222,170000,25.34,25.4,25.34,25.34,2869,0
LDRT.US,60,20251222,180000,25.4,25.48,25.33,25.33,1470,0
LDRT.US,60,20251222,190000,25.3596,25.37,25.345,25.347,2280,0
LDRT.US,60,20251222,200000,25.3406,25.3406,25.34,25.34,3927,0
LDRT.US,60,20251222,210000,25.34,25.34,25.34,25.34,3110,0
LDRT.US,60,20251222,220000,25.35,25.35,25.35,25.35,929,0
LDRT.US,60,20251223,160000,25.26,25.26,25.26,25.26,100,0
LDRT.US,60,20251223,180000,25.26,25.38,25.26,25.27,1300,0
LDRT.US,60,20251223,190000,25.27,25.275,25.27,25.275,200,0
LDRT.US,60,20251223,210000,25.2633,25.35,25.2633,25.3,14779,0
LDRT.US,60,20251223,220000,25.2893,25.29,25.261,25.2899,7177,0
LDRT.US,60,20251224,160000,25.2635,25.305,25.2635,25.28,1217,0
LDRT.US,60,20251224,170000,25.28,25.46,25.26,25.2665,5540,0
LDRT.US,60,20251224,180000,25.265,25.3,25.263,25.29,9137,0
LDRT.US,60,20251224,190000,25.28,25.3,25.275,25.285,7968,0
LDRT.US,60,20251224,200000,25.3,25.3,25.3,25.3,193,0
LDRT.US,60,20251226,160000,25.31,25.42,25.3,25.3,3834,0
LDRT.US,60,20251226,170000,25.32,25.32,25.2976,25.32,600,0
LDRT.US,60,20251226,190000,25.2988,25.2988,25.2988,25.2988,100,0
LDRT.US,60,20251226,200000,25.3099,25.35,25.3072,25.315,5100,0
LDRT.US,60,20251226,210000,25.32,25.32,25.31,25.3138,7026,0
