<TICKER>,<PER>,<DATE>,<TIME>,<OPEN>,<HIGH>,<LOW>,<CLOSE>,<VOL>,<OPENINT>
BRR.US,60,20250610,160000,10.14,10.14,10.1385,10.1389,4424,0
BRR.US,60,20250610,170000,10.14,10.14,10.135,10.14,6300,0
BRR.US,60,20250610,180000,10.14,10.14,10.135,10.135,500,0
BRR.US,60,20250610,190000,10.135,10.139,10.135,10.1363,2200,0
BRR.US,60,20250610,200000,10.139,10.14,10.1363,10.1399,51325,0
BRR.US,60,20250610,210000,10.139,10.139,10.139,10.139,500,0
BRR.US,60,20250610,220000,10.139,10.18,10.13,10.1499,117048,0
BRR.US,60,20250611,160000,10.1732,10.1732,10.17,10.17,2000,0
BRR.US,60,20250611,170000,10.15,10.15,10.14,10.1499,15400,0
BRR.US,60,20250611,180000,10.16,10.18,10.1563,10.16,6482,0
BRR.US,60,20250611,190000,10.16,10.17,10.14,10.14,9750,0
BRR.US,60,20250611,200000,10.15,10.15,10.15,10.15,500,0
BRR.US,60,20250611,210000,10.15,10.16,10.15,10.15,10182,0
BRR.US,60,20250611,220000,10.2,10.4999,10.1801,10.23,96464,0
BRR.US,60,20250612,160000,10.365,10.5,10.3,10.3,32479,0
BRR.US,60,20250612,170000,10.396,10.65,10.38,10.55,86218,0
BRR.US,60,20250612,180000,10.595,10.595,10.57,10.57,1417,0
BRR.US,60,20250612,190000,10.58,10.88,10.576,10.61,45440,0
BRR.US,60,20250612,200000,10.61,10.61,10.6042,10.61,500,0
BRR.US,60,20250612,210000,10.61,10.7,10.56,10.7,24821,0
BRR.US,60,20250612,220000,10.6,10.6,10.5,10.5,900,0
BRR.US,60,20250613,160000,11.64,12.5,11.5685,12.3397,372228,0
BRR.US,60,20250613,170000,12.39,13.3,12.16,12.3,365129,0
BRR.US,60,20250613,180000,12.21,13,12.21,12.6,104760,0
BRR.US,60,20250613,190000,12.58,13.2,12.52,13.2,130490,0
BRR.US,60,20250613,200000,12.95,13.3,12.84,13.11,203622,0
BRR.US,60,20250613,210000,13.21,13.4,12.55,12.6,238085,0
BRR.US,60,20250613,220000,12.6245,13.19,12.48,13.01,275172,0
BRR.US,60,20250616,160000,13.86,14.09,12.83,13.2601,82220,0
BRR.US,60,20250616,170000,13.2667,13.96,12.52,13.2,155716,0
BRR.US,60,20250616,180000,13.2,13.3,13,13,36628,0
BRR.US,60,20250616,190000,12.95,13.2,12.8,13.1,61170,0
BRR.US,60,20250616,200000,13.1216,13.15,13,13.12,58008,0
BRR.US,60,20250616,210000,13.1,13.125,12.9,13.05,61717,0
BRR.US,60,20250616,220000,13.05,13.5,13.03,13.18,299652,0
BRR.US,60,20250617,160000,13.55,13.7118,13.2,13.6,57131,0
BRR.US,60,20250617,170000,13.45,14.25,13.386,14.1324,76990,0
BRR.US,60,20250617,180000,14.2,14.57,13.9579,14.3,97137,0
BRR.US,60,20250617,190000,14.3,14.33,14,14.22,30361,0
BRR.US,60,20250617,200000,14.34,14.71,14.19,14.48,59832,0
BRR.US,60,20250617,210000,14.3725,14.5,14.1121,14.16,51213,0
BRR.US,60,20250617,220000,14.21,14.3813,14.02,14.12,46990,0
BRR.US,60,20250618,160000,13.98,14.62,13.4,13.69,48303,0
BRR.US,60,20250618,170000,13.775,14.17,13.7,13.9792,27171,0
BRR.US,60,20250618,180000,14.01,14.15,13.77,14.0113,34326,0
BRR.US,60,20250618,190000,14.0069,14.5655,14,14.46,83339,0
BRR.US,60,20250618,200000,14.4,14.4,14.0609,14.15,50872,0
BRR.US,60,20250618,210000,14.15,14.52,14.15,14.45,38008,0
BRR.US,60,20250618,220000,14.5499,14.63,14.37,14.56,56116,0
BRR.US,60,20250620,160000,15.3,15.3,14.5,14.695,73577,0
BRR.US,60,20250620,170000,14.5035,14.7,14,14.3,75500,0
BRR.US,60,20250620,180000,14.26,14.3193,14.0599,14.2075,76232,0
BRR.US,60,20250620,190000,14.3509,14.6,14.01,14.4409,116456,0
BRR.US,60,20250620,200000,14.46,14.7613,14.44,14.6,13617,0
BRR.US,60,20250620,210000,14.6,14.8342,14.44,14.62,22058,0
BRR.US,60,20250620,220000,14.5,16.25,14.44,15.76,103149,0
BRR.US,60,20250623,160000,12.69,12.69,11.18,11.815,1251510,0
BRR.US,60,20250623,170000,11.83,12.69,11.78,12.3999,764047,0
BRR.US,60,20250623,180000,12.31,12.45,11.8,12.14,434242,0
BRR.US,60,20250623,190000,12.06,12.3,11.6401,12.245,368915,0
BRR.US,60,20250623,200000,12.24,12.3,11.9,12,219864,0
BRR.US,60,20250623,210000,12.015,12.2,11.91,12.08,145369,0
BRR.US,60,20250623,220000,12.07,12.07,11.76,11.99,253581,0
BRR.US,60,20250624,160000,12.34,12.34,11.4,11.57,456767,0
BRR.US,60,20250624,170000,11.575,11.99,11.38,11.7147,466464,0
BRR.US,60,20250624,180000,11.7059,11.73,11.49,11.7,386108,0
BRR.US,60,20250624,190000,11.7,11.71,11.59,11.69,180128,0
BRR.US,60,20250624,200000,11.7,11.7,11.51,11.5428,175954,0
BRR.US,60,20250624,210000,11.52,11.62,11.31,11.49,223566,0
BRR.US,60,20250624,220000,11.4938,11.55,11.37,11.4,361413,0
BRR.US,60,20250625,160000,11.05,11.19,10.71,10.75,835709,0
BRR.US,60,20250625,170000,10.75,11.29,10.73,11.19,836567,0
BRR.US,60,20250625,180000,11.21,11.27,11.1,11.185,364318,0
BRR.US,60,20250625,190000,11.21,11.4,11.14,11.14,518432,0
BRR.US,60,20250625,200000,11.15,11.17,10.79,10.87,379350,0
BRR.US,60,20250625,210000,10.88,10.9,10.79,10.8268,324631,0
BRR.US,60,20250625,220000,10.8,10.88,10.8,10.82,379980,0
BRR.US,60,20250626,160000,10.95,11,10.81,10.9065,166799,0
BRR.US,60,20250626,170000,10.9,10.95,10.71,10.76,445764,0
BRR.US,60,20250626,180000,10.8,10.8,10.6,10.655,186187,0
BRR.US,60,20250626,190000,10.63,10.7,10.6,10.69,63717,0
BRR.US,60,20250626,200000,10.685,10.745,10.61,10.72,102822,0
BRR.US,60,20250626,210000,10.7273,10.7738,10.62,10.74,135316,0
BRR.US,60,20250626,220000,10.7543,10.76,10.66,10.68,109178,0
BRR.US,60,20250627,160000,10.66,10.75,10.61,10.6955,167408,0
BRR.US,60,20250627,170000,10.695,10.78,10.68,10.7396,100093,0
BRR.US,60,20250627,180000,10.7302,10.75,10.69,10.7098,57537,0
BRR.US,60,20250627,190000,10.695,10.71,10.65,10.7,52468,0
BRR.US,60,20250627,200000,10.675,10.74,10.65,10.665,65808,0
BRR.US,60,20250627,210000,10.665,10.775,10.65,10.7,87575,0
BRR.US,60,20250627,220000,10.69,10.76,10.68,10.73,58670,0
BRR.US,60,20250630,160000,10.66,10.735,10.64,10.72,156480,0
BRR.US,60,20250630,170000,10.7273,10.74,10.6,10.65,83243,0
BRR.US,60,20250630,180000,10.65,10.66,10.62,10.65,45366,0
BRR.US,60,20250630,190000,10.645,10.7,10.6001,10.615,41401,0
BRR.US,60,20250630,200000,10.6144,10.63,10.61,10.62,33463,0
BRR.US,60,20250630,210000,10.6243,10.66,10.61,10.6146,30975,0
BRR.US,60,20250630,220000,10.61,10.6432,10.59,10.61,35749,0
BRR.US,60,20250701,160000,10.64,10.68,10.62,10.635,83564,0
BRR.US,60,20250701,170000,10.63,10.65,10.59,10.626,70166,0
BRR.US,60,20250701,180000,10.626,10.626,10.565,10.58,113701,0
BRR.US,60,20250701,190000,10.585,10.59,10.55,10.59,66469,0
BRR.US,60,20250701,200000,10.5934,10.5934,10.54,10.54,74683,0
BRR.US,60,20250701,210000,10.54,10.5664,10.51,10.515,147962,0
BRR.US,60,20250701,220000,10.51,10.55,10.505,10.52,124266,0
BRR.US,60,20250702,160000,10.53,10.55,10.44,10.4995,52258,0
BRR.US,60,20250702,170000,10.475,10.5919,10.45,10.5844,44483,0
BRR.US,60,20250702,180000,10.6,10.6,10.5,10.51,33749,0
BRR.US,60,20250702,190000,10.5,10.56,10.5,10.5271,40050,0
BRR.US,60,20250702,200000,10.5337,10.54,10.5,10.515,47392,0
BRR.US,60,20250702,210000,10.53,10.53,10.46,10.465,52982,0
BRR.US,60,20250702,220000,10.465,10.57,10.45,10.52,177586,0
BRR.US,60,20250703,160000,10.58,10.65,10.55,10.589,50122,0
BRR.US,60,20250703,170000,10.59,10.5953,10.5,10.5799,71687,0
BRR.US,60,20250703,180000,10.55,10.56,10.5,10.5,27462,0
BRR.US,60,20250703,190000,10.51,10.58,10.5,10.54,35602,0
BRR.US,60,20250703,200000,10.54,10.54,10.54,10.54,213,0
BRR.US,60,20250707,160000,10.6,10.65,10.54,10.5996,60110,0
BRR.US,60,20250707,170000,10.59,10.6,10.53,10.59,52000,0
BRR.US,60,20250707,180000,10.58,10.6,10.5529,10.58,30706,0
BRR.US,60,20250707,190000,10.57,10.6,10.55,10.55,23340,0
BRR.US,60,20250707,200000,10.59,10.6,10.54,10.54,43817,0
BRR.US,60,20250707,210000,10.5505,10.6,10.545,10.58,30155,0
BRR.US,60,20250707,220000,10.58,10.6025,10.53,10.55,87905,0
BRR.US,60,20250708,160000,10.49,10.5281,10.45,10.4807,251896,0
BRR.US,60,20250708,170000,10.48,10.6,10.47,10.6,334441,0
BRR.US,60,20250708,180000,10.598,10.605,10.55,10.5808,161212,0
BRR.US,60,20250708,190000,10.595,10.64,10.56,10.63,178476,0
BRR.US,60,20250708,200000,10.623,10.7297,10.623,10.72,94360,0
BRR.US,60,20250708,210000,10.7199,10.8352,10.71,10.7968,185908,0
BRR.US,60,20250708,220000,10.79,10.8,10.71,10.74,218598,0
BRR.US,60,20250709,160000,10.82,10.87,10.74,10.74,106723,0
BRR.US,60,20250709,170000,10.7401,10.85,10.6806,10.85,90286,0
BRR.US,60,20250709,180000,10.805,10.85,10.7638,10.8,33564,0
BRR.US,60,20250709,190000,10.78,10.8,10.76,10.8,48293,0
BRR.US,60,20250709,200000,10.7647,10.8,10.5605,10.585,81567,0
BRR.US,60,20250709,210000,10.6,10.65,10.5706,10.6202,56804,0
BRR.US,60,20250709,220000,10.62,10.705,10.555,10.705,133924,0
BRR.US,60,20250710,160000,10.63,10.73,10.63,10.7001,40428,0
BRR.US,60,20250710,170000,10.71,10.7182,10.67,10.7,23666,0
BRR.US,60,20250710,180000,10.72,10.72,10.65,10.7007,11737,0
BRR.US,60,20250710,190000,10.68,10.76,10.68,10.715,48448,0
BRR.US,60,20250710,200000,10.7136,10.75,10.7,10.74,39213,0
BRR.US,60,20250710,210000,10.72,10.74,10.695,10.7095,35619,0
BRR.US,60,20250710,220000,10.7,10.75,10.6408,10.74,118019,0
BRR.US,60,20250711,180000,10.695,10.72,10.69,10.69,12555,0
BRR.US,60,20250711,190000,10.7,10.72,10.69,10.6974,29114,0
BRR.US,60,20250711,200000,10.69,10.7143,10.69,10.69,13554,0
BRR.US,60,20250711,210000,10.6953,10.72,10.68,10.69,37932,0
BRR.US,60,20250711,220000,10.69,10.6901,10.675,10.68,107684,0
BRR.US,60,20250714,160000,10.765,10.8,10.58,10.64,104934,0
BRR.US,60,20250714,170000,10.65,10.65,10.59,10.6495,63522,0
BRR.US,60,20250714,180000,10.6203,10.64,10.6,10.62,87611,0
BRR.US,60,20250714,190000,10.61,10.65,10.6,10.625,42680,0
BRR.US,60,20250714,200000,10.6499,10.7,10.6049,10.65,30419,0
BRR.US,60,20250714,210000,10.675,10.7,10.645,10.6636,18274,0
BRR.US,60,20250714,220000,10.69,10.7,10.64,10.65,69234,0
BRR.US,60,20250715,160000,10.66,10.73,10.66,10.72,57732,0
BRR.US,60,20250715,170000,10.69,10.72,10.6644,10.6645,20917,0
BRR.US,60,20250715,180000,10.673,10.7,10.65,10.66,51632,0
BRR.US,60,20250715,190000,10.66,10.6903,10.65,10.675,13171,0
BRR.US,60,20250715,200000,10.655,10.69,10.65,10.68,18601,0
BRR.US,60,20250715,210000,10.69,10.7,10.6521,10.68,10070,0
BRR.US,60,20250715,220000,10.68,10.75,10.65,10.73,72718,0
BRR.US,60,20250716,160000,10.74,10.74,10.65,10.685,40766,0
BRR.US,60,20250716,170000,10.694,10.7,10.61,10.675,31214,0
BRR.US,60,20250716,180000,10.675,10.6872,10.5839,10.59,66772,0
BRR.US,60,20250716,190000,10.59,10.7,10.59,10.65,65262,0
BRR.US,60,20250716,200000,10.65,10.686,10.6229,10.66,35232,0
BRR.US,60,20250716,210000,10.65,10.67,10.6233,10.65,30230,0
BRR.US,60,20250716,220000,10.65,10.67,10.55,10.61,185341,0
BRR.US,60,20250717,160000,10.69,10.69,10.56,10.63,48583,0
BRR.US,60,20250717,170000,10.6,10.64,10.55,10.55,63840,0
BRR.US,60,20250717,180000,10.55,10.61,10.55,10.55,66997,0
BRR.US,60,20250717,190000,10.55,10.64,10.55,10.61,54170,0
BRR.US,60,20250717,200000,10.58,10.6,10.56,10.56,19314,0
BRR.US,60,20250717,210000,10.56,10.6,10.55,10.5528,15957,0
BRR.US,60,20250717,220000,10.565,10.57,10.48,10.5,84635,0
BRR.US,60,20250718,160000,10.5,10.5405,10.43,10.499,69526,0
BRR.US,60,20250718,170000,10.5,10.5,10.45,10.48,45970,0
BRR.US,60,20250718,180000,10.48,10.52,10.46,10.47,35676,0
BRR.US,60,20250718,190000,10.49,10.49,10.47,10.47,17322,0
BRR.US,60,20250718,200000,10.475,10.475,10.435,10.44,81685,0
BRR.US,60,20250718,210000,10.44,10.44,10.35,10.38,107825,0
BRR.US,60,20250718,220000,10.395,10.4,10.31,10.36,81112,0
BRR.US,60,20250721,160000,10.41,10.41,10.31,10.33,112244,0
BRR.US,60,20250721,170000,10.33,10.34,10.29,10.32,105913,0
BRR.US,60,20250721,180000,10.3002,10.31,10.25,10.2707,70482,0
BRR.US,60,20250721,190000,10.2701,10.32,10.26,10.2994,38692,0
BRR.US,60,20250721,200000,10.3145,10.35,10.29,10.3203,38442,0
BRR.US,60,20250721,210000,10.35,10.35,10.32,10.34,21747,0
BRR.US,60,20250721,220000,10.34,10.35,10.32,10.335,27718,0
BRR.US,60,20250722,160000,10.3,10.32,10.27,10.2805,92505,0
BRR.US,60,20250722,170000,10.28,10.2928,10.26,10.27,106703,0
BRR.US,60,20250722,180000,10.27,10.3,10.26,10.3,156405,0
BRR.US,60,20250722,190000,10.28,10.4897,10.27,10.4897,342844,0
BRR.US,60,20250722,200000,10.485,10.64,10.4732,10.58,595104,0
BRR.US,60,20250722,210000,10.57,10.6,10.49,10.5038,142343,0
BRR.US,60,20250722,220000,10.5,10.5346,10.45,10.49,88396,0
BRR.US,60,20250723,160000,10.52,10.52,10.4,10.44,162206,0
BRR.US,60,20250723,170000,10.4036,10.42,10.31,10.3376,109906,0
BRR.US,60,20250723,180000,10.34,10.34,10.32,10.325,55889,0
BRR.US,60,20250723,190000,10.31,10.368,10.31,10.368,59177,0
BRR.US,60,20250723,200000,10.37,10.37,10.34,10.3599,44131,0
BRR.US,60,20250723,210000,10.36,10.36,10.335,10.34,13728,0
BRR.US,60,20250723,220000,10.34,10.38,10.2898,10.34,198955,0
BRR.US,60,20250724,160000,10.35,10.35,10.34,10.35,37639,0
BRR.US,60,20250724,170000,10.3403,10.35,10.34,10.34,71791,0
BRR.US,60,20250724,180000,10.34,10.35,10.33,10.345,61708,0
BRR.US,60,20250724,190000,10.35,10.36,10.3408,10.36,31819,0
BRR.US,60,20250724,200000,10.38,10.4,10.36,10.395,43257,0
BRR.US,60,20250724,210000,10.39,10.4,10.3692,10.38,44490,0
BRR.US,60,20250724,220000,10.395,10.4,10.3484,10.38,215255,0
BRR.US,60,20250725,160000,10.35,10.4,10.35,10.36,8348,0
BRR.US,60,20250725,170000,10.35,10.3714,10.3,10.3,57689,0
BRR.US,60,20250725,180000,10.3,10.31,10.3,10.3,36885,0
BRR.US,60,20250725,190000,10.305,10.325,10.3,10.325,32762,0
BRR.US,60,20250725,200000,10.325,10.33,10.32,10.325,15452,0
BRR.US,60,20250725,210000,10.3202,10.3202,10.3,10.3,32802,0
BRR.US,60,20250725,220000,10.305,10.35,10.3,10.32,96551,0
BRR.US,60,20250728,160000,10.27,10.3496,10.27,10.3495,111823,0
BRR.US,60,20250728,170000,10.3086,10.7,10.3,10.55,673731,0
BRR.US,60,20250728,180000,10.6,10.6,10.45,10.47,390743,0
BRR.US,60,20250728,190000,10.44,10.4904,10.425,10.47,87344,0
BRR.US,60,20250728,200000,10.46,10.48,10.4389,10.4595,39725,0
BRR.US,60,20250728,210000,10.451,10.451,10.4395,10.45,37132,0
BRR.US,60,20250728,220000,10.445,10.45,10.37,10.37,107945,0
BRR.US,60,20250729,160000,10.37,10.39,10.34,10.3507,79253,0
BRR.US,60,20250729,170000,10.34,10.39,10.32,10.3415,64918,0
BRR.US,60,20250729,180000,10.36,10.37,10.31,10.33,56559,0
BRR.US,60,20250729,190000,10.33,10.35,10.31,10.35,73512,0
BRR.US,60,20250729,200000,10.35,10.39,10.35,10.38,47674,0
BRR.US,60,20250729,210000,10.38,10.39,10.38,10.38,57584,0
BRR.US,60,20250729,220000,10.39,10.39,10.35,10.37,33935,0
BRR.US,60,20250730,160000,10.355,10.4,10.32,10.32,22270,0
BRR.US,60,20250730,170000,10.32,10.36,10.28,10.33,72462,0
BRR.US,60,20250730,180000,10.33,10.345,10.3,10.345,44853,0
BRR.US,60,20250730,190000,10.3101,10.335,10.31,10.31,10314,0
BRR.US,60,20250730,200000,10.31,10.34,10.31,10.32,16210,0
BRR.US,60,20250730,210000,10.32,10.36,10.31,10.32,31098,0
BRR.US,60,20250730,220000,10.32,10.36,10.31,10.34,69308,0
BRR.US,60,20250731,160000,10.3,10.37,10.2706,10.3695,33563,0
BRR.US,60,20250731,170000,10.333,10.35,10.3,10.31,18716,0
BRR.US,60,20250731,180000,10.31,10.3899,10.28,10.3899,22157,0
BRR.US,60,20250731,190000,10.35,10.365,10.31,10.34,6770,0
BRR.US,60,20250731,200000,10.34,10.35,10.31,10.35,1279,0
BRR.US,60,20250731,210000,10.38,10.39,10.31,10.33,22093,0
BRR.US,60,20250731,220000,10.31,10.36,10.31,10.35,18310,0
BRR.US,60,20250801,160000,10.35,10.35,10.31,10.325,97586,0
BRR.US,60,20250801,170000,10.33,10.33,10.304,10.32,98805,0
BRR.US,60,20250801,180000,10.31,10.355,10.3042,10.3042,45749,0
BRR.US,60,20250801,190000,10.33,10.34,10.32,10.3214,4078,0
BRR.US,60,20250801,200000,10.34,10.34,10.31,10.315,26506,0
BRR.US,60,20250801,210000,10.31,10.3101,10.285,10.31,69198,0
BRR.US,60,20250801,220000,10.31,10.32,10.29,10.3,27043,0
BRR.US,60,20250804,160000,10.31,10.37,10.29,10.29,11731,0
BRR.US,60,20250804,170000,10.3,10.42,10.3,10.4,196335,0
BRR.US,60,20250804,180000,10.4,10.42,10.33,10.35,120244,0
BRR.US,60,20250804,190000,10.37,10.42,10.32,10.375,35460,0
BRR.US,60,20250804,200000,10.36,10.4,10.32,10.4,62917,0
BRR.US,60,20250804,210000,10.35,10.4,10.35,10.3699,57280,0
BRR.US,60,20250804,220000,10.37,10.39,10.36,10.36,54317,0
BRR.US,60,20250805,160000,10.34,10.42,10.26,10.3576,62755,0
BRR.US,60,20250805,170000,10.33,10.3304,10.3062,10.32,13313,0
BRR.US,60,20250805,180000,10.3196,10.33,10.31,10.31,9605,0
BRR.US,60,20250805,190000,10.31,10.32,10.295,10.3,56303,0
BRR.US,60,20250805,200000,10.3199,10.32,10.3,10.31,6790,0
BRR.US,60,20250805,210000,10.3,10.32,10.29,10.32,27592,0
BRR.US,60,20250805,220000,10.31,10.35,10.29,10.35,39267,0
BRR.US,60,20250806,160000,10.35,10.35,10.2801,10.31,8974,0
BRR.US,60,20250806,170000,10.3124,10.3124,10.26,10.3,12754,0
BRR.US,60,20250806,180000,10.3,10.32,10.26,10.27,20072,0
BRR.US,60,20250806,190000,10.29,10.31,10.27,10.29,11797,0
BRR.US,60,20250806,200000,10.28,10.32,10.27,10.2834,47798,0
BRR.US,60,20250806,210000,10.2907,10.32,10.2907,10.31,39534,0
BRR.US,60,20250806,220000,10.3,10.34,10.3,10.34,19902,0
BRR.US,60,20250807,160000,10.34,10.35,10.3201,10.3338,11456,0
BRR.US,60,20250807,170000,10.35,10.35,10.319,10.33,21211,0
BRR.US,60,20250807,180000,10.33,10.33,10.31,10.32,27566,0
BRR.US,60,20250807,190000,10.31,10.33,10.31,10.32,13506,0
BRR.US,60,20250807,200000,10.33,10.33,10.27,10.27,8425,0
BRR.US,60,20250807,210000,10.27,10.2799,10.27,10.2711,53396,0
BRR.US,60,20250807,220000,10.27,10.3,10.27,10.3,9490,0
BRR.US,60,20250808,160000,10.28,10.285,10.27,10.2736,62261,0
BRR.US,60,20250808,170000,10.272,10.29,10.27,10.28,16103,0
BRR.US,60,20250808,180000,10.281,10.29,10.27,10.28,22143,0
BRR.US,60,20250808,190000,10.28,10.3235,10.2771,10.305,47249,0
BRR.US,60,20250808,200000,10.33,10.33,10.28,10.29,206471,0
BRR.US,60,20250808,210000,10.285,10.3063,10.28,10.28,5487,0
BRR.US,60,20250808,220000,10.29,10.34,10.11,10.18,662390,0
BRR.US,60,20250811,160000,10.22,10.28,10.17,10.1737,156033,0
BRR.US,60,20250811,170000,10.19,10.2499,10.19,10.209,42253,0
BRR.US,60,20250811,180000,10.2269,10.2484,10.2,10.2053,6163,0
BRR.US,60,20250811,190000,10.21,10.27,10.21,10.27,32245,0
BRR.US,60,20250811,200000,10.27,10.27,10.23,10.23,3916,0
BRR.US,60,20250811,210000,10.25,10.25,10.2011,10.2195,6049,0
BRR.US,60,20250811,220000,10.2,10.22,10.2,10.21,16910,0
BRR.US,60,20250812,160000,10.23,10.2491,10.15,10.18,57228,0
BRR.US,60,20250812,170000,10.17,10.19,10.15,10.17,31443,0
BRR.US,60,20250812,180000,10.159,10.19,10.15,10.18,38697,0
BRR.US,60,20250812,190000,10.18,10.21,10.1617,10.18,49503,0
BRR.US,60,20250812,200000,10.22,10.22,10.16,10.19,14096,0
BRR.US,60,20250812,210000,10.18,10.21,10.17,10.2,22169,0
BRR.US,60,20250812,220000,10.18,10.205,10.18,10.18,26764,0
BRR.US,60,20250813,160000,10.18,10.2263,10.17,10.22,12369,0
BRR.US,60,20250813,170000,10.23,10.24,10.16,10.205,49924,0
BRR.US,60,20250813,180000,10.205,10.21,10.1803,10.195,5675,0
BRR.US,60,20250813,190000,10.2,10.21,10.19,10.2,17101,0
BRR.US,60,20250813,200000,10.19,10.22,10.18,10.22,24478,0
BRR.US,60,20250813,210000,10.21,10.2188,10.2,10.2,6347,0
BRR.US,60,20250813,220000,10.215,10.22,10.2,10.2,64420,0
BRR.US,60,20250814,160000,10.17,10.213,10.17,10.19,43534,0
BRR.US,60,20250814,170000,10.2,10.21,10.19,10.21,7774,0
BRR.US,60,20250814,180000,10.2,10.2,10.19,10.1957,7515,0
BRR.US,60,20250814,190000,10.1918,10.2,10.18,10.18,19899,0
BRR.US,60,20250814,200000,10.18,10.193,10.18,10.19,3510,0
BRR.US,60,20250814,210000,10.19,10.193,10.18,10.18,10980,0
BRR.US,60,20250814,220000,10.18,10.1872,10.12,10.13,175263,0
BRR.US,60,20250815,160000,10.12,10.19,10.1,10.14,26119,0
BRR.US,60,20250815,170000,10.15,10.19,10.13,10.16,8982,0
BRR.US,60,20250815,180000,10.14,10.17,10.13,10.135,3230,0
BRR.US,60,20250815,190000,10.14,10.16,10.05,10.1,267248,0
BRR.US,60,20250815,200000,10.085,10.11,10.075,10.1,124134,0
BRR.US,60,20250815,210000,10.1,10.11,10.1,10.11,19086,0
BRR.US,60,20250815,220000,10.11,10.11,10.07,10.07,37621,0
BRR.US,60,20250818,160000,10.1,10.1042,10.07,10.0801,32659,0
BRR.US,60,20250818,170000,10.11,10.13,10.1,10.105,71672,0
BRR.US,60,20250818,180000,10.105,10.105,10.1,10.1,26418,0
BRR.US,60,20250818,190000,10.1059,10.11,10.095,10.11,24678,0
BRR.US,60,20250818,200000,10.1,10.11,10.1,10.11,2000,0
BRR.US,60,20250818,210000,10.1,10.105,10.1,10.1,5552,0
BRR.US,60,20250818,220000,10.105,10.115,10.1,10.1,29150,0
BRR.US,60,20250819,160000,10.1,10.13,10.0894,10.09,18434,0
BRR.US,60,20250819,170000,10.116,10.1234,10.09,10.09,23946,0
BRR.US,60,20250819,180000,10.09,10.1,10.08,10.09,60363,0
BRR.US,60,20250819,190000,10.09,10.0954,10.09,10.09,27759,0
BRR.US,60,20250819,200000,10.09,10.1,10.09,10.095,16856,0
BRR.US,60,20250819,210000,10.095,10.0965,10.08,10.095,57631,0
BRR.US,60,20250819,220000,10.095,10.11,10.09,10.1,46545,0
BRR.US,60,20250820,160000,10.09,10.12,10.09,10.105,16307,0
BRR.US,60,20250820,170000,10.095,10.12,10.09,10.1,118754,0
BRR.US,60,20250820,180000,10.095,10.15,10.0935,10.14,89314,0
BRR.US,60,20250820,190000,10.14,10.155,10.14,10.145,29731,0
BRR.US,60,20250820,200000,10.145,10.17,10.14,10.16,33785,0
BRR.US,60,20250820,210000,10.16,10.16,10.14,10.145,22719,0
BRR.US,60,20250820,220000,10.15,10.16,10.14,10.15,47206,0
BRR.US,60,20250821,160000,10.13,10.16,10.13,10.16,5377,0
BRR.US,60,20250821,170000,10.16,10.17,10.1407,10.17,12349,0
BRR.US,60,20250821,180000,10.17,10.17,10.1448,10.15,9838,0
BRR.US,60,20250821,190000,10.16,10.16,10.13,10.14,36955,0
BRR.US,60,20250821,200000,10.15,10.15,10.13,10.14,5037,0
BRR.US,60,20250821,210000,10.14,10.15,10.13,10.14,10127,0
BRR.US,60,20250821,220000,10.14,10.15,10.14,10.14,20172,0
BRR.US,60,20250822,160000,10.14,10.17,10.13,10.16,21396,0
BRR.US,60,20250822,170000,10.16,10.21,10.151,10.183,209946,0
BRR.US,60,20250822,180000,10.1719,10.205,10.1719,10.2,97248,0
BRR.US,60,20250822,190000,10.21,10.235,10.18,10.18,97122,0
BRR.US,60,20250822,200000,10.19,10.19,10.17,10.18,6130,0
BRR.US,60,20250822,210000,10.18,10.18,10.15,10.18,4328,0
BRR.US,60,20250822,220000,10.17,10.205,10.17,10.2,68072,0
BRR.US,60,20250825,160000,10.17,10.1999,10.17,10.19,10020,0
BRR.US,60,20250825,170000,10.191,10.21,10.19,10.205,33193,0
BRR.US,60,20250825,180000,10.205,10.21,10.2003,10.2028,8973,0
BRR.US,60,20250825,190000,10.205,10.21,10.2,10.21,15183,0
BRR.US,60,20250825,200000,10.21,10.21,10.2015,10.21,2995,0
BRR.US,60,20250825,210000,10.205,10.21,10.19,10.19,53844,0
BRR.US,60,20250825,220000,10.19,10.2,10.19,10.19,4644,0
BRR.US,60,20250826,160000,10.19,10.195,10.16,10.16,44150,0
BRR.US,60,20250826,170000,10.1536,10.1536,10.13,10.14,22728,0
BRR.US,60,20250826,180000,10.14,10.14,10.13,10.14,31090,0
BRR.US,60,20250826,190000,10.14,10.1485,10.14,10.14,15167,0
BRR.US,60,20250826,200000,10.13,10.14,10.13,10.14,66794,0
BRR.US,60,20250826,210000,10.14,10.1472,10.14,10.145,19388,0
BRR.US,60,20250826,220000,10.14,10.145,10.14,10.145,6557,0
BRR.US,60,20250827,160000,10.15,10.15,10.13,10.145,110914,0
BRR.US,60,20250827,170000,10.14,10.15,10.13,10.15,24644,0
BRR.US,60,20250827,180000,10.14,10.1457,10.14,10.14,1394,0
BRR.US,60,20250827,190000,10.14,10.145,10.14,10.145,3746,0
BRR.US,60,20250827,200000,10.14,10.15,10.14,10.145,16405,0
BRR.US,60,20250827,210000,10.145,10.145,10.1304,10.14,27396,0
BRR.US,60,20250827,220000,10.14,10.15,10.14,10.14,9662,0
BRR.US,60,20250828,160000,10.16,10.166,10.16,10.166,1619,0
BRR.US,60,20250828,170000,10.16,10.16,10.16,10.16,535,0
BRR.US,60,20250828,180000,10.1558,10.1654,10.14,10.15,3519,0
BRR.US,60,20250828,190000,10.1403,10.1403,10.1403,10.1403,186,0
BRR.US,60,20250828,200000,10.14,10.162,10.14,10.162,1820,0
BRR.US,60,20250828,210000,10.155,10.155,10.14,10.14,8056,0
BRR.US,60,20250828,220000,10.14,10.15,10.14,10.14,33445,0
BRR.US,60,20250829,160000,10.15,10.15,10.1435,10.1446,3195,0
BRR.US,60,20250829,170000,10.15,10.15,10.1,10.1297,75631,0
BRR.US,60,20250829,180000,10.12,10.17,10.12,10.14,38024,0
BRR.US,60,20250829,190000,10.145,10.15,10.14,10.15,27458,0
BRR.US,60,20250829,200000,10.16,10.16,10.1501,10.1501,14461,0
BRR.US,60,20250829,210000,10.155,10.155,10.15,10.155,2413,0
BRR.US,60,20250829,220000,10.16,10.16,10.13,10.14,36672,0
BRR.US,60,20250902,160000,10.13,10.15,10.13,10.14,16223,0
BRR.US,60,20250902,170000,10.13,10.1408,10.13,10.1401,26528,0
BRR.US,60,20250902,180000,10.14,10.142,10.14,10.142,4517,0
BRR.US,60,20250902,190000,10.14,10.1401,10.13,10.13,3882,0
BRR.US,60,20250902,200000,10.1392,10.1392,10.1392,10.1392,100,0
BRR.US,60,20250902,210000,10.14,10.15,10.14,10.145,1000,0
BRR.US,60,20250902,220000,10.145,10.17,10.13,10.16,34387,0
BRR.US,60,20250903,160000,10.17,10.17,10.1402,10.155,2611,0
BRR.US,60,20250903,170000,10.1334,10.15,10.13,10.13,4533,0
BRR.US,60,20250903,180000,10.14,10.19,10.13,10.19,44040,0
BRR.US,60,20250903,190000,10.18,10.18,10.17,10.17,1017,0
BRR.US,60,20250903,200000,10.17,10.17,10.17,10.17,1000,0
BRR.US,60,20250903,210000,10.17,10.17,10.16,10.165,10024,0
BRR.US,60,20250903,220000,10.165,10.17,10.16,10.16,7336,0
BRR.US,60,20250904,160000,10.16,10.16,10.1403,10.1403,1422,0
BRR.US,60,20250904,170000,10.14,10.15,10.135,10.15,5369,0
BRR.US,60,20250904,180000,10.14,10.14,10.13,10.135,7912,0
BRR.US,60,20250904,190000,10.1316,10.1316,10.1316,10.1316,150,0
BRR.US,60,20250904,200000,10.135,10.14,10.11,10.11,49137,0
BRR.US,60,20250904,210000,10.11,10.13,10.1,10.1,370350,0
BRR.US,60,20250904,220000,10.1,10.12,10.1,10.12,199040,0
BRR.US,60,20250905,160000,10.125,10.125,10.1,10.1,290,0
BRR.US,60,20250905,170000,10.15,10.1554,10.11,10.145,32363,0
BRR.US,60,20250905,180000,10.14,10.14,10.13,10.13,2740,0
BRR.US,60,20250905,190000,10.13,10.14,10.12,10.12,8281,0
BRR.US,60,20250905,200000,10.14,10.14,10.1,10.13,4593,0
BRR.US,60,20250905,210000,10.12,10.13,10.11,10.13,2050,0
BRR.US,60,20250905,220000,10.13,10.145,10.12,10.14,33501,0
BRR.US,60,20250908,160000,10.14,10.14,10.13,10.13,483,0
BRR.US,60,20250908,170000,10.1201,10.14,10.12,10.1395,9142,0
BRR.US,60,20250908,180000,10.1224,10.14,10.12,10.12,5552,0
BRR.US,60,20250908,190000,10.12,10.1208,10.1157,10.12,11698,0
BRR.US,60,20250908,200000,10.12,10.12,10.11,10.11,1100,0
BRR.US,60,20250908,210000,10.1268,10.13,10.12,10.13,569,0
BRR.US,60,20250908,220000,10.135,10.135,10.11,10.12,10357,0
BRR.US,60,20250909,160000,10.15,10.15,10.14,10.141,7815,0
BRR.US,60,20250909,170000,10.14,10.1485,10.14,10.14,964,0
BRR.US,60,20250909,180000,10.145,10.145,10.145,10.145,575,0
BRR.US,60,20250909,190000,10.14,10.1481,10.14,10.1401,10850,0
BRR.US,60,20250909,200000,10.145,10.145,10.145,10.145,600,0
BRR.US,60,20250909,210000,10.145,10.145,10.14,10.14,3009,0
BRR.US,60,20250909,220000,10.1442,10.15,10.14,10.14,4115,0
BRR.US,60,20250910,160000,10.1419,10.1488,10.14,10.14,3651,0
BRR.US,60,20250910,170000,10.14,10.15,10.12,10.15,3177,0
BRR.US,60,20250910,180000,10.12,10.15,10.12,10.1302,14625,0
BRR.US,60,20250910,190000,10.14,10.15,10.13,10.1393,16167,0
BRR.US,60,20250910,200000,10.14,10.17,10.14,10.15,11232,0
BRR.US,60,20250910,210000,10.14,10.165,10.14,10.14,3899,0
BRR.US,60,20250910,220000,10.14,10.16,10.14,10.14,15860,0
BRR.US,60,20250911,160000,10.16,10.1603,10.15,10.15,1502,0
BRR.US,60,20250911,170000,10.15,10.1584,10.15,10.1584,200,0
BRR.US,60,20250911,180000,10.1537,10.16,10.153,10.16,696,0
BRR.US,60,20250911,190000,10.1501,10.16,10.15,10.1501,1106,0
BRR.US,60,20250911,200000,10.1491,10.1491,10.14,10.14,3314,0
BRR.US,60,20250911,210000,10.15,10.15,10.14,10.14,1000,0
BRR.US,60,20250911,220000,10.1401,10.15,10.14,10.15,1266,0
BRR.US,60,20250912,160000,10.14,10.1516,10.12,10.15,8339,0
BRR.US,60,20250912,170000,10.16,10.17,10.15,10.165,6769,0
BRR.US,60,20250912,180000,10.1616,10.17,10.16,10.1601,20355,0
BRR.US,60,20250912,190000,10.165,10.1701,10.16,10.16,28151,0
BRR.US,60,20250912,200000,10.16,10.175,10.16,10.17,11777,0
BRR.US,60,20250912,210000,10.17,10.185,10.17,10.17,30639,0
BRR.US,60,20250912,220000,10.17,10.19,10.17,10.18,23236,0
BRR.US,60,20250915,160000,10.18,10.18,10.15,10.15,5387,0
BRR.US,60,20250915,170000,10.15,10.1582,10.15,10.15,2892,0
BRR.US,60,20250915,190000,10.1517,10.1517,10.15,10.1517,2054,0
BRR.US,60,20250915,200000,10.155,10.155,10.155,10.155,150,0
BRR.US,60,20250915,210000,10.15,10.15,10.15,10.15,200,0
BRR.US,60,20250915,220000,10.15,10.1599,10.15,10.15,5043,0
BRR.US,60,20250916,160000,10.15,10.16,10.15,10.1502,48140,0
BRR.US,60,20250916,170000,10.15,10.16,10.11,10.14,16943,0
BRR.US,60,20250916,180000,10.1399,10.1435,10.1399,10.1435,2473,0
BRR.US,60,20250916,190000,10.145,10.155,10.14,10.14,17296,0
BRR.US,60,20250916,200000,10.1416,10.15,10.14,10.14,6567,0
BRR.US,60,20250916,210000,10.1451,10.17,10.14,10.17,85503,0
BRR.US,60,20250916,220000,10.17,10.2,10.1601,10.185,14885,0
BRR.US,60,20250917,160000,10.17,10.17,10.13,10.15,25366,0
BRR.US,60,20250917,170000,10.15,10.15,10.12,10.15,24698,0
BRR.US,60,20250917,180000,10.1439,10.15,10.1415,10.15,4140,0
BRR.US,60,20250917,190000,10.1515,10.155,10.15,10.15,800,0
BRR.US,60,20250917,200000,10.15,10.1502,10.15,10.1502,2358,0
BRR.US,60,20250917,210000,10.15,10.16,10.145,10.15,4146,0
BRR.US,60,20250917,220000,10.15,10.1555,10.13,10.14,15711,0
BRR.US,60,20250918,160000,10.13,10.156,10.13,10.135,14053,0
BRR.US,60,20250918,170000,10.135,10.1499,10.13,10.14,11701,0
BRR.US,60,20250918,180000,10.14,10.16,10.13,10.1555,41689,0
BRR.US,60,20250918,190000,10.16,10.17,10.16,10.17,2212,0
BRR.US,60,20250918,200000,10.15,10.15,10.1301,10.14,14403,0
BRR.US,60,20250918,210000,10.14,10.14,10.135,10.135,1494,0
BRR.US,60,20250918,220000,10.135,10.145,10.13,10.14,65989,0
BRR.US,60,20250919,160000,10.13,10.19,10.12,10.12,89509,0
BRR.US,60,20250919,170000,10.1214,10.13,10.1,10.13,57549,0
BRR.US,60,20250919,180000,10.125,10.1366,10.11,10.13,12027,0
BRR.US,60,20250919,190000,10.1318,10.15,10.13,10.1335,13799,0
BRR.US,60,20250919,200000,10.135,10.1499,10.13,10.13,6345,0
BRR.US,60,20250919,210000,10.1302,10.1463,10.13,10.14,4743,0
BRR.US,60,20250919,220000,10.15,10.15,10.13,10.13,16972,0
BRR.US,60,20250922,160000,10.14,10.18,10.1,10.14,77309,0
BRR.US,60,20250922,170000,10.13,10.13,10.1199,10.1199,8445,0
BRR.US,60,20250922,180000,10.107,10.125,10.09,10.1,25010,0
BRR.US,60,20250922,190000,10.1,10.1243,10.095,10.115,183198,0
BRR.US,60,20250922,200000,10.11,10.13,10.11,10.12,4241,0
BRR.US,60,20250922,210000,10.12,10.12,10.11,10.1108,3287,0
BRR.US,60,20250922,220000,10.11,10.1457,10.11,10.14,59049,0
BRR.US,60,20250923,160000,10.1301,10.14,10.12,10.13,65076,0
BRR.US,60,20250923,170000,10.13,10.1549,10.13,10.145,19854,0
BRR.US,60,20250923,180000,10.14,10.15,10.14,10.14,14510,0
BRR.US,60,20250923,190000,10.1499,10.1499,10.14,10.14,6581,0
BRR.US,60,20250923,200000,10.14,10.14,10.12,10.12,30655,0
BRR.US,60,20250923,210000,10.1281,10.135,10.12,10.135,3142,0
BRR.US,60,20250923,220000,10.135,10.1451,10.12,10.13,43487,0
BRR.US,60,20250924,160000,10.13,10.15,10.13,10.14,54387,0
BRR.US,60,20250924,170000,10.14,10.14,10.13,10.14,30493,0
BRR.US,60,20250924,180000,10.13,10.155,10.13,10.15,17585,0
BRR.US,60,20250924,190000,10.16,10.16,10.155,10.155,991,0
BRR.US,60,20250924,200000,10.1553,10.1553,10.15,10.15,1350,0
BRR.US,60,20250924,210000,10.1514,10.1553,10.15,10.155,7126,0
BRR.US,60,20250924,220000,10.155,10.155,10.13,10.13,32126,0
BRR.US,60,20250925,160000,10.13,10.13,10.1,10.1102,55612,0
BRR.US,60,20250925,170000,10.11,10.115,10.11,10.1101,12024,0
BRR.US,60,20250925,180000,10.115,10.13,10.115,10.12,6722,0
BRR.US,60,20250925,190000,10.11,10.12,10.11,10.115,26464,0
BRR.US,60,20250925,200000,10.12,10.12,10.11,10.115,7391,0
BRR.US,60,20250925,210000,10.12,10.12,10.11,10.11,1295,0
BRR.US,60,20250925,220000,10.1149,10.13,10.11,10.12,31037,0
BRR.US,60,20250926,160000,10.125,10.13,10.1,10.1,9100,0
BRR.US,60,20250926,170000,10.1,10.13,10.1,10.1102,68625,0
BRR.US,60,20250926,180000,10.115,10.115,10.11,10.11,700,0
BRR.US,60,20250926,190000,10.11,10.12,10.11,10.11,2419,0
BRR.US,60,20250926,200000,10.1165,10.1165,10.11,10.11,6970,0
BRR.US,60,20250926,210000,10.11,10.11,10.11,10.11,16379,0
BRR.US,60,20250926,220000,10.11,10.13,10.11,10.11,72807,0
BRR.US,60,20250929,160000,10.12,10.13,10.09,10.11,29288,0
BRR.US,60,20250929,170000,10.12,10.14,10.09,10.1002,44295,0
BRR.US,60,20250929,180000,10.12,10.12,10.115,10.115,3819,0
BRR.US,60,20250929,190000,10.115,10.12,10.115,10.115,3000,0
BRR.US,60,20250929,200000,10.12,10.12,10.12,10.12,100,0
BRR.US,60,20250929,210000,10.115,10.1182,10.11,10.1182,2022,0
BRR.US,60,20250929,220000,10.12,10.135,10.115,10.12,27974,0
BRR.US,60,20250930,160000,10.1,10.1323,10.08,10.09,98533,0
BRR.US,60,20250930,170000,10.115,10.115,10.09,10.0919,1100,0
BRR.US,60,20250930,180000,10.09,10.0991,10.09,10.095,2441,0
BRR.US,60,20250930,190000,10.1,10.1332,10.1,10.125,2534,0
BRR.US,60,20250930,200000,10.1138,10.1138,10.11,10.11,500,0
BRR.US,60,20250930,210000,10.11,10.13,10.11,10.12,12820,0
BRR.US,60,20250930,220000,10.125,10.13,10.12,10.13,22241,0
BRR.US,60,20251001,160000,10.13,10.14,10.1,10.1,16646,0
BRR.US,60,20251001,170000,10.1,10.14,10.1,10.13,40210,0
BRR.US,60,20251001,180000,10.13,10.13,10.13,10.13,650,0
BRR.US,60,20251001,190000,10.13,10.13,10.125,10.13,2968,0
BRR.US,60,20251001,200000,10.1219,10.1264,10.11,10.11,1801,0
BRR.US,60,20251001,210000,10.11,10.12,10.11,10.11,1890,0
BRR.US,60,20251001,220000,10.12,10.12,10.11,10.12,6822,0
BRR.US,60,20251002,160000,10.14,10.15,10.08,10.09,140331,0
BRR.US,60,20251002,170000,10.12,10.12,10.1,10.115,127800,0
BRR.US,60,20251002,180000,10.115,10.13,10.1101,10.13,31898,0
BRR.US,60,20251002,190000,10.13,10.13,10.1102,10.12,6204,0
BRR.US,60,20251002,200000,10.1178,10.13,10.1178,10.13,9320,0
BRR.US,60,20251002,210000,10.13,10.14,10.13,10.13,23383,0
BRR.US,60,20251002,220000,10.1319,10.16,10.1319,10.14,15161,0
BRR.US,60,20251003,160000,10.15,10.15,10.14,10.14,20167,0
BRR.US,60,20251003,170000,10.14,10.15,10.1101,10.125,10448,0
BRR.US,60,20251003,180000,10.1179,10.15,10.1157,10.135,37841,0
BRR.US,60,20251003,190000,10.1438,10.15,10.14,10.1438,7211,0
BRR.US,60,20251003,200000,10.145,10.15,10.14,10.1406,34322,0
BRR.US,60,20251003,210000,10.14,10.15,10.14,10.15,2018,0
BRR.US,60,20251003,220000,10.16,10.16,10.14,10.14,8970,0
BRR.US,60,20251006,160000,10.11,10.16,10.11,10.1447,35781,0
BRR.US,60,20251006,170000,10.1424,10.15,10.14,10.1438,2918,0
BRR.US,60,20251006,180000,10.15,10.18,10.11,10.17,29333,0
BRR.US,60,20251006,190000,10.17,10.18,10.15,10.17,19691,0
BRR.US,60,20251006,200000,10.16,10.16,10.1514,10.1547,5512,0
BRR.US,60,20251006,210000,10.155,10.17,10.1433,10.17,28480,0
BRR.US,60,20251006,220000,10.16,10.165,10.16,10.16,2554,0
BRR.US,60,20251007,160000,10.16,10.1699,10.16,10.16,2847,0
BRR.US,60,20251007,170000,10.15,10.16,10.15,10.16,4182,0
BRR.US,60,20251007,180000,10.16,10.16,10.15,10.16,6246,0
BRR.US,60,20251007,190000,10.16,10.175,10.15,10.17,7523,0
BRR.US,60,20251007,200000,10.161,10.18,10.1501,10.18,3800,0
BRR.US,60,20251007,210000,10.18,10.18,10.17,10.17,600,0
BRR.US,60,20251007,220000,10.19,10.19,10.17,10.18,73262,0
BRR.US,60,20251008,160000,10.15,10.1665,10.15,10.15,2947,0
BRR.US,60,20251008,170000,10.17,10.18,10.1502,10.18,18459,0
BRR.US,60,20251008,180000,10.18,10.2,10.18,10.2,82977,0
BRR.US,60,20251008,190000,10.1902,10.22,10.1902,10.22,7498,0
BRR.US,60,20251008,200000,10.22,10.24,10.22,10.22,7693,0
BRR.US,60,20251008,210000,10.2102,10.215,10.19,10.19,61333,0
BRR.US,60,20251008,220000,10.19,10.21,10.17,10.18,44077,0
BRR.US,60,20251009,160000,10.18,10.23,10.175,10.23,242925,0
BRR.US,60,20251009,170000,10.23,10.24,10.1933,10.24,48396,0
BRR.US,60,20251009,180000,10.24,10.24,10.23,10.24,12900,0
BRR.US,60,20251009,190000,10.24,10.24,10.22,10.24,24086,0
BRR.US,60,20251009,200000,10.22,10.24,10.22,10.23,1310,0
BRR.US,60,20251009,210000,10.24,10.24,10.23,10.24,6518,0
BRR.US,60,20251009,220000,10.235,10.32,10.235,10.27,33918,0
BRR.US,60,20251010,160000,10.26,10.28,10.25,10.28,7897,0
BRR.US,60,20251010,170000,10.2452,10.34,10.2452,10.2701,50452,0
BRR.US,60,20251010,180000,10.28,10.31,10.27,10.27,32471,0
BRR.US,60,20251010,190000,10.27,10.2892,10.25,10.265,10031,0
BRR.US,60,20251010,200000,10.25,10.28,10.25,10.26,328602,0
BRR.US,60,20251010,210000,10.265,10.27,10.26,10.27,9482,0
BRR.US,60,20251010,220000,10.27,10.3,10.25,10.26,62060,0
BRR.US,60,20251013,160000,10.24,10.31,10.24,10.31,9695,0
BRR.US,60,20251013,170000,10.285,10.3,10.2507,10.3,13171,0
BRR.US,60,20251013,180000,10.27,10.3,10.27,10.29,6423,0
BRR.US,60,20251013,190000,10.27,10.3001,10.26,10.3,89375,0
BRR.US,60,20251013,200000,10.3,10.31,10.28,10.3,148392,0
BRR.US,60,20251013,210000,10.3,10.3001,10.29,10.3,15666,0
BRR.US,60,20251013,220000,10.3,10.31,10.2801,10.3,54416,0
BRR.US,60,20251014,160000,10.3,10.3,10.26,10.29,4705,0
BRR.US,60,20251014,170000,10.27,10.3,10.25,10.28,6988,0
BRR.US,60,20251014,180000,10.29,10.29,10.24,10.29,4350,0
BRR.US,60,20251014,190000,10.26,10.27,10.26,10.26,1300,0
BRR.US,60,20251014,200000,10.25,10.2565,10.25,10.2565,659,0
BRR.US,60,20251014,210000,10.26,10.29,10.26,10.29,11033,0
BRR.US,60,20251014,220000,10.27,10.29,10.24,10.24,213112,0
BRR.US,60,20251015,160000,10.25,10.265,10.25,10.265,9827,0
BRR.US,60,20251015,170000,10.26,10.27,10.24,10.26,19107,0
BRR.US,60,20251015,180000,10.26,10.27,10.24,10.24,15995,0
BRR.US,60,20251015,190000,10.24,10.24,10.21,10.23,23382,0
BRR.US,60,20251015,200000,10.22,10.22,10.2104,10.215,1640,0
BRR.US,60,20251015,210000,10.2145,10.23,10.2145,10.22,4696,0
BRR.US,60,20251015,220000,10.2201,10.2295,10.22,10.22,1414,0
BRR.US,60,20251016,160000,10.23,10.23,10.22,10.225,4855,0
BRR.US,60,20251016,170000,10.22,10.245,10.22,10.24,17617,0
BRR.US,60,20251016,180000,10.23,10.2336,10.22,10.22,2905,0
BRR.US,60,20251016,190000,10.225,10.255,10.225,10.25,56724,0
BRR.US,60,20251016,200000,10.23,10.25,10.23,10.235,21198,0
BRR.US,60,20251016,210000,10.235,10.25,10.23,10.2365,25373,0
BRR.US,60,20251016,220000,10.24,10.25,10.22,10.24,42317,0
BRR.US,60,20251017,160000,10.2,10.21,10.19,10.2043,14523,0
BRR.US,60,20251017,170000,10.205,10.205,10.205,10.205,4833,0
BRR.US,60,20251017,180000,10.205,10.21,10.2,10.2012,3129,0
BRR.US,60,20251017,190000,10.21,10.21,10.19,10.19,48454,0
BRR.US,60,20251017,200000,10.21,10.215,10.19,10.1942,128706,0
BRR.US,60,20251017,210000,10.2,10.205,10.19,10.195,36228,0
BRR.US,60,20251017,220000,10.1984,10.2,10.19,10.2,17335,0
BRR.US,60,20251020,160000,10.2,10.2,10.2,10.2,333,0
BRR.US,60,20251020,170000,10.21,10.215,10.19,10.19,40751,0
BRR.US,60,20251020,180000,10.19,10.19,10.18,10.18,1897,0
BRR.US,60,20251020,190000,10.185,10.19,10.1828,10.19,7289,0
BRR.US,60,20251020,200000,10.19,10.19,10.18,10.1844,2897,0
BRR.US,60,20251020,210000,10.19,10.19,10.185,10.19,7864,0
BRR.US,60,20251020,220000,10.195,10.2,10.19,10.19,14012,0
BRR.US,60,20251021,160000,10.275,10.57,10.25,10.3048,1046296,0
BRR.US,60,20251021,170000,10.3082,10.31,10.26,10.285,340076,0
BRR.US,60,20251021,180000,10.2861,10.29,10.27,10.2752,112754,0
BRR.US,60,20251021,190000,10.2701,10.305,10.27,10.29,314135,0
BRR.US,60,20251021,200000,10.285,10.29,10.27,10.275,112339,0
BRR.US,60,20251021,210000,10.2797,10.285,10.27,10.28,74704,0
BRR.US,60,20251021,220000,10.275,10.28,10.24,10.27,254534,0
BRR.US,60,20251022,160000,10.23,10.2416,10.22,10.23,90081,0
BRR.US,60,20251022,170000,10.23,10.24,10.22,10.23,90081,0
BRR.US,60,20251022,180000,10.23,10.2368,10.225,10.2254,48165,0
BRR.US,60,20251022,190000,10.2265,10.23,10.21,10.21,147741,0
BRR.US,60,20251022,200000,10.2135,10.22,10.2,10.2044,59429,0
BRR.US,60,20251022,210000,10.2001,10.2167,10.2001,10.215,16379,0
BRR.US,60,20251022,220000,10.22,10.22,10.205,10.22,58765,0
BRR.US,60,20251023,160000,10.21,10.22,10.2,10.22,25550,0
BRR.US,60,20251023,170000,10.22,10.22,10.2,10.22,14112,0
BRR.US,60,20251023,180000,10.22,10.22,10.21,10.215,11173,0
BRR.US,60,20251023,190000,10.22,10.22,10.215,10.215,17353,0
BRR.US,60,20251023,200000,10.215,10.23,10.215,10.22,39621,0
BRR.US,60,20251023,210000,10.22,10.23,10.22,10.22,13793,0
BRR.US,60,20251023,220000,10.22,10.23,10.21,10.215,74620,0
BRR.US,60,20251024,160000,10.22,10.2254,10.21,10.2165,8862,0
BRR.US,60,20251024,170000,10.215,10.22,10.21,10.21,26794,0
BRR.US,60,20251024,180000,10.21,10.22,10.21,10.2135,25791,0
BRR.US,60,20251024,190000,10.2135,10.22,10.21,10.215,11959,0
BRR.US,60,20251024,200000,10.2144,10.225,10.2144,10.22,40161,0
BRR.US,60,20251024,210000,10.22,10.225,10.21,10.215,11038,0
BRR.US,60,20251024,220000,10.215,10.22,10.21,10.22,20161,0
BRR.US,60,20251027,150000,10.22,10.23,10.22,10.225,8020,0
BRR.US,60,20251027,160000,10.225,10.24,10.21,10.23,49895,0
BRR.US,60,20251027,170000,10.235,10.235,10.21,10.215,21959,0
BRR.US,60,20251027,180000,10.215,10.225,10.2,10.225,267826,0
BRR.US,60,20251027,190000,10.2268,10.2268,10.2144,10.22,30882,0
BRR.US,60,20251027,200000,10.225,10.2288,10.22,10.22,8914,0
BRR.US,60,20251027,210000,10.225,10.23,10.22,10.22,16682,0
BRR.US,60,20251028,150000,10.23,10.23,10.21,10.21,17443,0
BRR.US,60,20251028,160000,10.22,10.25,10.21,10.24,212914,0
BRR.US,60,20251028,170000,10.24,10.25,10.23,10.24,18321,0
BRR.US,60,20251028,180000,10.245,10.25,10.24,10.245,23737,0
BRR.US,60,20251028,190000,10.245,10.25,10.24,10.24,70160,0
BRR.US,60,20251028,200000,10.2403,10.25,10.23,10.235,7465,0
BRR.US,60,20251028,210000,10.235,10.24,10.225,10.23,23305,0
BRR.US,60,20251029,150000,10.22,10.23,10.22,10.2253,3589,0
BRR.US,60,20251029,160000,10.225,10.23,10.22,10.225,29002,0
BRR.US,60,20251029,170000,10.228,10.23,10.22,10.2256,6626,0
BRR.US,60,20251029,180000,10.2284,10.2284,10.19,10.215,263960,0
BRR.US,60,20251029,190000,10.21,10.215,10.21,10.215,3601,0
BRR.US,60,20251029,200000,10.22,10.22,10.2,10.215,83697,0
BRR.US,60,20251029,210000,10.215,10.22,10.2,10.215,243033,0
BRR.US,60,20251030,150000,10.21,10.23,10.21,10.223,3197,0
BRR.US,60,20251030,160000,10.215,10.2161,10.21,10.215,13579,0
BRR.US,60,20251030,170000,10.215,10.215,10.21,10.2125,2722,0
BRR.US,60,20251030,180000,10.21,10.215,10.21,10.215,1750,0
BRR.US,60,20251030,190000,10.21,10.22,10.21,10.22,3109,0
BRR.US,60,20251030,200000,10.215,10.22,10.21,10.21,7113,0
BRR.US,60,20251030,210000,10.21,10.22,10.21,10.215,14607,0
BRR.US,60,20251031,150000,10.21,10.21,10.21,10.21,522,0
BRR.US,60,20251031,160000,10.215,10.22,10.215,10.2199,1634,0
BRR.US,60,20251031,170000,10.2181,10.2181,10.21,10.21,2898,0
BRR.US,60,20251031,180000,10.21,10.215,10.21,10.215,1266,0
BRR.US,60,20251031,190000,10.2142,10.2155,10.21,10.21,26049,0
BRR.US,60,20251031,200000,10.2102,10.22,10.21,10.21,31816,0
BRR.US,60,20251031,210000,10.21,10.215,10.21,10.21,225410,0
BRR.US,60,20251103,160000,10.21,10.22,10.21,10.22,4051,0
BRR.US,60,20251103,170000,10.21,10.22,10.21,10.21,11620,0
BRR.US,60,20251103,180000,10.22,10.22,10.21,10.2165,46139,0
BRR.US,60,20251103,190000,10.21,10.22,10.21,10.21,6442,0
BRR.US,60,20251103,200000,10.21,10.22,10.21,10.21,6253,0
BRR.US,60,20251103,210000,10.21,10.215,10.21,10.215,8760,0
BRR.US,60,20251103,220000,10.21,10.22,10.21,10.22,63595,0
BRR.US,60,20251104,160000,10.21,10.22,10.21,10.21,5473,0
BRR.US,60,20251104,170000,10.215,10.22,10.21,10.21,33301,0
BRR.US,60,20251104,180000,10.21,10.2165,10.21,10.21,6087,0
BRR.US,60,20251104,190000,10.21,10.2155,10.21,10.21,33796,0
BRR.US,60,20251104,200000,10.215,10.22,10.21,10.2101,56487,0
BRR.US,60,20251104,210000,10.21,10.2165,10.205,10.21,85451,0
BRR.US,60,20251104,220000,10.2155,10.2155,10.21,10.215,8544,0
BRR.US,60,20251105,160000,10.21,10.215,10.205,10.21,213801,0
BRR.US,60,20251105,170000,10.21,10.22,10.21,10.22,221929,0
BRR.US,60,20251105,180000,10.21,10.2159,10.205,10.2159,524552,0
BRR.US,60,20251105,190000,10.215,10.215,10.2118,10.2118,7895,0
BRR.US,60,20251105,200000,10.218,10.22,10.21,10.2103,136423,0
BRR.US,60,20251105,210000,10.215,10.22,10.21,10.215,8457,0
BRR.US,60,20251105,220000,10.21,10.2142,10.21,10.21,5603,0
BRR.US,60,20251106,160000,10.2103,10.2104,10.21,10.2101,5751,0
BRR.US,60,20251106,170000,10.21,10.22,10.21,10.2103,69856,0
BRR.US,60,20251106,180000,10.21,10.22,10.21,10.215,4987,0
BRR.US,60,20251106,190000,10.215,10.219,10.21,10.21,25214,0
BRR.US,60,20251106,200000,10.22,10.22,10.21,10.22,10939,0
BRR.US,60,20251106,210000,10.22,10.22,10.21,10.215,1623,0
BRR.US,60,20251106,220000,10.22,10.22,10.21,10.215,697246,0
BRR.US,60,20251107,160000,10.22,10.22,10.21,10.22,5713,0
BRR.US,60,20251107,170000,10.22,10.22,10.21,10.21,15484,0
BRR.US,60,20251107,180000,10.21,10.22,10.21,10.22,1192,0
BRR.US,60,20251107,190000,10.21,10.2155,10.21,10.215,4330,0
BRR.US,60,20251107,200000,10.2109,10.215,10.21,10.21,27356,0
BRR.US,60,20251107,210000,10.215,10.215,10.21,10.21,11394,0
BRR.US,60,20251107,220000,10.215,10.22,10.21,10.21,495157,0
BRR.US,60,20251110,160000,10.21,10.2101,10.19,10.2,67153,0
BRR.US,60,20251110,170000,10.21,10.2165,10.2,10.2165,107270,0
BRR.US,60,20251110,180000,10.21,10.21,10.21,10.21,53400,0
BRR.US,60,20251110,190000,10.21,10.22,10.21,10.22,4696,0
BRR.US,60,20251110,200000,10.21,10.22,10.21,10.21,10913,0
BRR.US,60,20251110,210000,10.21,10.2165,10.205,10.21,59240,0
BRR.US,60,20251110,220000,10.21,10.215,10.205,10.21,47343,0
BRR.US,60,20251111,160000,10.21,10.21,10.19,10.19,33338,0
BRR.US,60,20251111,170000,10.195,10.2,10.18,10.19,130512,0
BRR.US,60,20251111,180000,10.19,10.19,10.185,10.185,39795,0
BRR.US,60,20251111,190000,10.185,10.19,10.185,10.19,110521,0
BRR.US,60,20251111,200000,10.185,10.19,10.18,10.185,72087,0
BRR.US,60,20251111,210000,10.185,10.19,10.185,10.185,4617,0
BRR.US,60,20251111,220000,10.185,10.19,10.18,10.185,40780,0
BRR.US,60,20251112,160000,10.18,10.1855,10.175,10.18,6517,0
BRR.US,60,20251112,170000,10.175,10.1758,10.17,10.175,9142,0
BRR.US,60,20251112,180000,10.175,10.18,10.17,10.175,8500,0
BRR.US,60,20251112,190000,10.175,10.1755,10.17,10.175,17866,0
BRR.US,60,20251112,200000,10.17,10.18,10.17,10.175,5160,0
BRR.US,60,20251112,210000,10.175,10.18,10.17,10.175,37991,0
BRR.US,60,20251112,220000,10.175,10.18,10.16,10.16,569577,0
BRR.US,60,20251113,160000,10.16,10.17,10.16,10.1635,10633,0
BRR.US,60,20251113,170000,10.162,10.1755,10.16,10.175,114605,0
BRR.US,60,20251113,180000,10.175,10.175,10.165,10.17,178004,0
BRR.US,60,20251113,190000,10.17,10.18,10.17,10.178,7337,0
BRR.US,60,20251113,200000,10.17,10.1767,10.17,10.17,5651,0
BRR.US,60,20251113,210000,10.17,10.175,10.17,10.17,20867,0
BRR.US,60,20251113,220000,10.17,10.18,10.165,10.18,44320,0
BRR.US,60,20251114,160000,10.16,10.1702,10.16,10.165,12885,0
BRR.US,60,20251114,170000,10.165,10.17,10.16,10.165,4184,0
BRR.US,60,20251114,180000,10.165,10.165,10.165,10.165,5192,0
BRR.US,60,20251114,190000,10.165,10.17,10.16,10.165,153383,0
BRR.US,60,20251114,200000,10.165,10.17,10.16,10.165,44502,0
BRR.US,60,20251114,210000,10.16,10.17,10.16,10.165,33947,0
BRR.US,60,20251114,220000,10.165,10.17,10.16,10.17,21397,0
BRR.US,60,20251117,160000,10.15,10.1584,10.15,10.1584,9229,0
BRR.US,60,20251117,170000,10.155,10.155,10.14,10.15,159549,0
BRR.US,60,20251117,180000,10.15,10.155,10.15,10.155,6663,0
BRR.US,60,20251117,190000,10.1503,10.155,10.15,10.15,6495,0
BRR.US,60,20251117,200000,10.15,10.1565,10.15,10.15,20430,0
BRR.US,60,20251117,210000,10.15,10.16,10.145,10.15,253333,0
BRR.US,60,20251117,220000,10.15,10.16,10.15,10.15,46133,0
BRR.US,60,20251118,160000,10.14,10.1499,10.14,10.1499,4848,0
BRR.US,60,20251118,170000,10.145,10.16,10.14,10.1502,54765,0
BRR.US,60,20251118,180000,10.155,10.155,10.15,10.15,82330,0
BRR.US,60,20251118,190000,10.15,10.16,10.15,10.15,40028,0
BRR.US,60,20251118,200000,10.15,10.2,10.15,10.185,169788,0
BRR.US,60,20251118,210000,10.185,10.185,10.15,10.155,38754,0
BRR.US,60,20251118,220000,10.155,10.16,10.15,10.15,137335,0
BRR.US,60,20251119,160000,10.15,10.19,10.15,10.16,9569,0
BRR.US,60,20251119,170000,10.16,10.1619,10.15,10.15,31278,0
BRR.US,60,20251119,180000,10.15,10.1555,10.145,10.15,435309,0
BRR.US,60,20251119,190000,10.15,10.155,10.15,10.15,14777,0
BRR.US,60,20251119,200000,10.15,10.155,10.15,10.155,12891,0
BRR.US,60,20251119,210000,10.155,10.16,10.15,10.155,45915,0
BRR.US,60,20251119,220000,10.155,10.16,10.15,10.15,461334,0
BRR.US,60,20251120,160000,10.16,10.165,10.15,10.1599,21165,0
BRR.US,60,20251120,170000,10.165,10.165,10.15,10.155,91687,0
BRR.US,60,20251120,180000,10.155,10.16,10.15,10.155,84445,0
BRR.US,60,20251120,190000,10.155,10.16,10.15,10.15,17303,0
BRR.US,60,20251120,200000,10.15,10.16,10.15,10.155,67250,0
BRR.US,60,20251120,210000,10.155,10.1582,10.145,10.155,115033,0
BRR.US,60,20251120,220000,10.155,10.16,10.14,10.145,164358,0
BRR.US,60,20251121,160000,10.135,10.1458,10.135,10.145,14738,0
BRR.US,60,20251121,170000,10.145,10.145,10.14,10.14,12916,0
BRR.US,60,20251121,180000,10.145,10.1465,10.14,10.1422,38747,0
BRR.US,60,20251121,190000,10.14,10.14,10.14,10.14,53408,0
BRR.US,60,20251121,200000,10.14,10.145,10.14,10.14,16223,0
BRR.US,60,20251121,210000,10.14,10.1407,10.14,10.14,388161,0
BRR.US,60,20251121,220000,10.14,10.15,10.14,10.145,436652,0
BRR.US,60,20251124,160000,10.15,10.155,10.14,10.15,100199,0
BRR.US,60,20251124,170000,10.15,10.16,10.14,10.145,213405,0
BRR.US,60,20251124,180000,10.145,10.145,10.14,10.14,151571,0
BRR.US,60,20251124,190000,10.14,10.1451,10.135,10.14,165284,0
BRR.US,60,20251124,200000,10.14,10.1456,10.13,10.145,908711,0
BRR.US,60,20251124,210000,10.145,10.155,10.14,10.15,267437,0
BRR.US,60,20251124,220000,10.15,10.155,10.14,10.14,231741,0
BRR.US,60,20251125,160000,10.14,10.1484,10.14,10.145,57561,0
BRR.US,60,20251125,170000,10.145,10.1455,10.14,10.145,74255,0
BRR.US,60,20251125,180000,10.145,10.15,10.14,10.145,691865,0
BRR.US,60,20251125,190000,10.145,10.16,10.145,10.16,415334,0
BRR.US,60,20251125,200000,10.155,10.16,10.15,10.155,77757,0
BRR.US,60,20251125,210000,10.15,10.16,10.15,10.155,174928,0
BRR.US,60,20251125,220000,10.155,10.16,10.15,10.15,377622,0
BRR.US,60,20251126,160000,10.16,10.165,10.15,10.16,28438,0
BRR.US,60,20251126,170000,10.17,10.171,10.16,10.16,546971,0
BRR.US,60,20251126,180000,10.16,10.1635,10.16,10.1601,61354,0
BRR.US,60,20251126,190000,10.16,10.165,10.16,10.16,171974,0
BRR.US,60,20251126,200000,10.16,10.1655,10.16,10.16,35197,0
BRR.US,60,20251126,210000,10.16,10.16,10.15,10.155,127859,0
BRR.US,60,20251126,220000,10.155,10.16,10.15,10.155,94233,0
BRR.US,60,20251128,160000,10.15,10.16,10.15,10.155,10882,0
BRR.US,60,20251128,170000,10.155,10.16,9.71,10.155,902195,0
BRR.US,60,20251128,180000,10.1501,10.16,10.15,10.16,87696,0
BRR.US,60,20251128,190000,10.16,10.16,10.15,10.155,83961,0
BRR.US,60,20251128,200000,10.155,10.155,10.15,10.15,16931,0
BRR.US,60,20251201,160000,8.15,8.22,6.7155,6.84,424286,0
BRR.US,60,20251201,170000,6.84,6.84,5.7201,5.99,551021,0
BRR.US,60,20251201,180000,5.99,6.75,5.8079,6.065,597120,0
BRR.US,60,20251201,190000,6.0645,6.1001,5.8101,5.9951,244000,0
BRR.US,60,20251201,200000,5.9914,6.0384,5.9401,5.955,130842,0
BRR.US,60,20251201,210000,5.955,5.9591,5.805,5.875,224921,0
BRR.US,60,20251201,220000,5.8786,5.968,5.725,5.74,202433,0
BRR.US,60,20251202,160000,5.75,5.8522,5.5645,5.8099,62300,0
BRR.US,60,20251202,170000,5.68,5.89,5.4346,5.475,190112,0
BRR.US,60,20251202,180000,5.48,5.6,5.385,5.58,243381,0
BRR.US,60,20251202,190000,5.58,5.7,5.53,5.64,226200,0
BRR.US,60,20251202,200000,5.63,5.63,5.45,5.5601,100860,0
BRR.US,60,20251202,210000,5.5711,5.631,5.5323,5.59,67224,0
BRR.US,60,20251202,220000,5.57,5.57,5.4,5.41,405383,0
BRR.US,60,20251203,160000,4.8,4.91,4.48,4.835,368275,0
BRR.US,60,20251203,170000,4.8128,5.29,4.8128,5.2021,323315,0
BRR.US,60,20251203,180000,5.2,5.43,5.2,5.29,142033,0
BRR.US,60,20251203,190000,5.3,5.3771,5.275,5.285,62178,0
BRR.US,60,20251203,200000,5.285,5.3105,5.25,5.28,84801,0
BRR.US,60,20251203,210000,5.27,5.27,5,5.13,198025,0
BRR.US,60,20251203,220000,5.14,5.2801,5.03,5.18,305624,0
BRR.US,60,20251204,160000,5.1,5.45,5.1,5.24,72404,0
BRR.US,60,20251204,170000,5.24,5.75,5.24,5.5,273966,0
BRR.US,60,20251204,180000,5.58,6.24,5.35,5.35,290174,0
BRR.US,60,20251204,190000,5.57,5.75,5.09,5.35,165421,0
BRR.US,60,20251204,200000,5.35,5.525,5.1,5.42,85004,0
BRR.US,60,20251204,210000,5.43,5.54,5.23,5.38,126556,0
BRR.US,60,20251204,220000,5.38,5.59,5.3,5.33,102285,0
BRR.US,60,20251205,160000,5.8,5.8,4.6,4.94,74015,0
BRR.US,60,20251205,170000,4.92,5.21,4.92,4.99,75581,0
BRR.US,60,20251205,180000,4.9871,5.16,4.4,4.4889,219754,0
BRR.US,60,20251205,190000,4.4899,4.59,4.3025,4.5,203823,0
BRR.US,60,20251205,200000,4.505,4.65,4.355,4.47,209466,0
BRR.US,60,20251205,210000,4.465,4.465,3.75,4.18,295061,0
BRR.US,60,20251205,220000,4.17,4.49,4,4.36,286818,0
BRR.US,60,20251208,160000,4.11,4.19,4.06,4.085,143550,0
BRR.US,60,20251208,170000,4.08,4.1,3.76,3.77,789923,0
BRR.US,60,20251208,180000,3.77,3.81,3.6798,3.78,746347,0
BRR.US,60,20251208,190000,3.785,4,3.76,3.84,572354,0
BRR.US,60,20251208,200000,3.84,3.85,3.74,3.795,343922,0
BRR.US,60,20251208,210000,3.7986,3.98,3.72,3.735,299137,0
BRR.US,60,20251208,220000,3.74,3.99,3.71,3.84,1289530,0
BRR.US,60,20251209,160000,3.99,4.02,3.7,3.75,55909,0
BRR.US,60,20251209,170000,3.735,3.74,3.5625,3.645,469730,0
BRR.US,60,20251209,180000,3.645,3.9,3.605,3.825,500907,0
BRR.US,60,20251209,190000,3.825,3.83,3.72,3.735,967530,0
BRR.US,60,20251209,200000,3.73,3.73,3.51,3.55,483491,0
BRR.US,60,20251209,210000,3.5501,3.585,3.51,3.5737,98386,0
BRR.US,60,20251209,220000,3.57,3.66,3.535,3.59,713648,0
BRR.US,60,20251210,160000,3.72,3.7999,3.54,3.55,54505,0
BRR.US,60,20251210,170000,3.55,3.55,3.42,3.49,199524,0
BRR.US,60,20251210,180000,3.5,3.57,3.49,3.57,60020,0
BRR.US,60,20251210,190000,3.565,3.6,3.54,3.56,469090,0
BRR.US,60,20251210,200000,3.56,3.57,3.53,3.57,120243,0
BRR.US,60,20251210,210000,3.565,3.6319,3.53,3.53,373082,0
BRR.US,60,20251210,220000,3.54,3.59,3.45,3.48,287647,0
BRR.US,60,20251211,160000,3.45,3.48,3.35,3.42,103593,0
BRR.US,60,20251211,170000,3.43,3.52,3.4,3.465,134610,0
BRR.US,60,20251211,180000,3.48,3.55,3.465,3.505,68041,0
BRR.US,60,20251211,190000,3.51,3.63,3.5,3.59,71517,0
BRR.US,60,20251211,200000,3.5945,3.6994,3.565,3.685,107991,0
BRR.US,60,20251211,210000,3.69,3.79,3.6801,3.75,109812,0
BRR.US,60,20251211,220000,3.74,4,3.74,3.83,340915,0
BRR.US,60,20251212,160000,3.69,3.82,3.675,3.82,39762,0
BRR.US,60,20251212,170000,3.82,3.82,3.43,3.48,393223,0
BRR.US,60,20251212,180000,3.47,3.48,3.32,3.405,762113,0
BRR.US,60,20251212,190000,3.405,3.59,3.4,3.5101,382972,0
BRR.US,60,20251212,200000,3.51,3.527,3.43,3.44,683129,0
BRR.US,60,20251212,210000,3.43,3.454555,3.4,3.415,475520,0
BRR.US,60,20251212,220000,3.415,3.42,3.35,3.35,516708,0
BRR.US,60,20251215,160000,3.5,3.5,3.1,3.25,358646,0
BRR.US,60,20251215,170000,3.24,3.2593,3.1402,3.22,212324,0
BRR.US,60,20251215,180000,3.23,3.265,3.23,3.255,77524,0
BRR.US,60,20251215,190000,3.255,3.2599,3.13,3.13,153200,0
BRR.US,60,20251215,200000,3.135,3.25,3.135,3.235,58452,0
BRR.US,60,20251215,210000,3.25,3.3,3.245,3.3,204411,0
BRR.US,60,20251215,220000,3.298,3.33,3.28,3.31,293336,0
BRR.US,60,20251216,160000,3.27,3.2999,3.21,3.29,43572,0
BRR.US,60,20251216,170000,3.29,3.29,3.17,3.24,35237,0
BRR.US,60,20251216,180000,3.23,3.23,3.195,3.205,53107,0
BRR.US,60,20251216,190000,3.2,3.2,3.18,3.19,56128,0
BRR.US,60,20251216,200000,3.1901,3.1901,3.105,3.1713,94134,0
BRR.US,60,20251216,210000,3.17,3.1799,3.13,3.165,20504,0
BRR.US,60,20251216,220000,3.1647,3.17,3.13,3.17,88294,0
BRR.US,60,20251217,160000,3.21,3.38,3.2,3.38,46547,0
BRR.US,60,20251217,170000,3.35,3.39,3.32,3.33,164008,0
BRR.US,60,20251217,180000,3.33,3.39,3.33,3.3376,30548,0
BRR.US,60,20251217,190000,3.3747,3.38,3.32,3.37,290412,0
BRR.US,60,20251217,200000,3.37,3.38,3.25,3.28,111695,0
BRR.US,60,20251217,210000,3.265,3.2675,3.21,3.225,50160,0
BRR.US,60,20251217,220000,3.23,3.25,3.15,3.2,74442,0
BRR.US,60,20251218,160000,3.56,3.59,3.4,3.5099,272229,0
BRR.US,60,20251218,170000,3.51,3.51,3.3001,3.424,92011,0
BRR.US,60,20251218,180000,3.412,3.5,3.41,3.46,77863,0
BRR.US,60,20251218,190000,3.4424,3.45,3.33,3.355,54020,0
BRR.US,60,20251218,200000,3.365,3.37,3.34,3.34,14757,0
BRR.US,60,20251218,210000,3.34,3.4,3.25,3.252,49906,0
BRR.US,60,20251218,220000,3.2612,3.2946,3.18,3.2,106649,0
BRR.US,60,20251219,160000,3.32,3.44,3.32,3.3702,68985,0
BRR.US,60,20251219,170000,3.37,3.4,3.32,3.36,23459,0
BRR.US,60,20251219,180000,3.36,3.36,3.26,3.3,50485,0
BRR.US,60,20251219,190000,3.3,3.308,3.285,3.29,26421,0
BRR.US,60,20251219,200000,3.2856,3.355,3.06,3.08,172161,0
BRR.US,60,20251219,210000,3.0887,3.13,3.0564,3.0677,125073,0
BRR.US,60,20251219,220000,3.07,3.25,3.06,3.07,744486,0
BRR.US,60,20251222,160000,3.15,3.2,3.05,3.065,72015,0
BRR.US,60,20251222,170000,3.0658,3.16,2.98,3.057,306830,0
BRR.US,60,20251222,180000,3.07,3.07,3,3.01,49838,0
BRR.US,60,20251222,190000,3.015,3.035,2.99,3.0175,91591,0
BRR.US,60,20251222,200000,3.015,3.015,3,3.005,84522,0
BRR.US,60,20251222,210000,3,3.02,2.96,3.005,58005,0
BRR.US,60,20251222,220000,3,3.01,2.96,2.98,208895,0
BRR.US,60,20251223,160000,3.1,3.1,2.9,2.91,142423,0
BRR.US,60,20251223,170000,2.9044,2.92,2.78,2.845,188542,0
BRR.US,60,20251223,180000,2.84,3.05,2.81,3.04,269695,0
BRR.US,60,20251223,190000,3.0486,3.0486,3,3.04,23568,0
BRR.US,60,20251223,200000,3.04,3.06,3.02,3.04,58350,0
BRR.US,60,20251223,210000,3.04,3.09,2.97,3.02,124987,0
BRR.US,60,20251223,220000,3.03,3.1,2.85,2.91,452860,0
BRR.US,60,20251224,160000,2.88,2.9799,2.88,2.94,48787,0
BRR.US,60,20251224,170000,2.95,3.2,2.94,3.07,187196,0
BRR.US,60,20251224,180000,3.08,3.1,3.05,3.1,99702,0
BRR.US,60,20251224,190000,3.09,3.2,3.0501,3.15,171939,0
BRR.US,60,20251224,200000,3.16,3.18,3.14,3.17,12940,0
BRR.US,60,20251226,160000,3.19,3.19,2.92,2.99,84252,0
BRR.US,60,20251226,170000,3.03,3.06,2.9709,2.9899,49826,0
BRR.US,60,20251226,180000,2.9835,3,2.9835,2.998,12471,0
BRR.US,60,20251226,190000,2.9901,3.015,2.98,3,89014,0
BRR.US,60,20251226,200000,2.995,3.02,2.995,3,14547,0
BRR.US,60,20251226,210000,3,3.01,2.99,2.995,10875,0
BRR.US,60,20251226,220000,2.995,3.07,2.98,3.02,128799,0
