<TICKER>,<PER>,<DATE>,<TIME>,<OPEN>,<HIGH>,<LOW>,<CLOSE>,<VOL>,<OPENINT>
CCCXW.US,60,20250707,220000,0.57,0.57,0.57,0.57,500,0
CCCXW.US,60,20250708,180000,0.5701,0.5701,0.5701,0.5701,100,0
CCCXW.US,60,20250709,170000,0.65,0.695,0.57,0.57,329764,0
CCCXW.US,60,20250709,190000,0.69,0.7,0.69,0.7,18000,0
CCCXW.US,60,20250710,160000,0.7,0.7,0.7,0.7,1824,0
CCCXW.US,60,20250710,170000,0.7,0.7,0.7,0.7,3769,0
CCCXW.US,60,20250710,180000,0.7,0.7,0.7,0.7,3696,0
CCCXW.US,60,20250710,190000,0.7,0.7,0.7,0.7,3772,0
CCCXW.US,60,20250710,200000,0.7,0.7,0.6999,0.7,3896,0
CCCXW.US,60,20250710,210000,0.7,0.7,0.65,0.7,31096,0
CCCXW.US,60,20250710,220000,0.7,0.7,0.7,0.7,3952,0
CCCXW.US,60,20250711,200000,0.63,0.63,0.63,0.63,6228,0
CCCXW.US,60,20250711,210000,0.67,0.67,0.67,0.67,100,0
CCCXW.US,60,20250711,220000,0.7,0.7,0.7,0.7,923,0
CCCXW.US,60,20250715,170000,0.65,0.65,0.6375,0.6375,1000,0
CCCXW.US,60,20250715,220000,0.6304,0.67,0.63,0.66,74860,0
CCCXW.US,60,20250717,160000,0.6001,0.6001,0.6001,0.6001,100,0
CCCXW.US,60,20250717,170000,0.6,0.6101,0.6,0.61,93200,0
CCCXW.US,60,20250717,220000,0.63,0.63,0.63,0.63,300,0
CCCXW.US,60,20250718,170000,0.63,0.63,0.63,0.63,406,0
CCCXW.US,60,20250718,210000,0.6899,0.7,0.6899,0.7,18700,0
CCCXW.US,60,20250722,160000,0.81,0.81,0.77,0.77,20405,0
CCCXW.US,60,20250722,170000,0.77,0.77,0.7,0.7,2600,0
CCCXW.US,60,20250722,220000,0.77,0.77,0.77,0.77,500,0
CCCXW.US,60,20250723,180000,0.75,0.75,0.75,0.75,250,0
CCCXW.US,60,20250723,190000,0.891,0.8971,0.89,0.89,300,0
CCCXW.US,60,20250723,200000,0.8971,0.8971,0.89,0.8971,700,0
CCCXW.US,60,20250723,220000,0.72,1.05,0.72,1.05,5417,0
CCCXW.US,60,20250724,170000,0.8,0.8,0.8,0.8,953,0
CCCXW.US,60,20250724,180000,0.8,0.82,0.8,0.82,1165,0
CCCXW.US,60,20250724,190000,0.864,0.97,0.864,0.9,8300,0
CCCXW.US,60,20250724,220000,0.84,0.85,0.84,0.85,1400,0
CCCXW.US,60,20250728,160000,0.8,0.8,0.8,0.8,1842,0
CCCXW.US,60,20250728,170000,0.8,0.8,0.79,0.8,7679,0
CCCXW.US,60,20250728,210000,0.8,0.8,0.8,0.8,7200,0
CCCXW.US,60,20250728,220000,0.8,0.8,0.8,0.8,16849,0
CCCXW.US,60,20250729,180000,0.8,0.8,0.8,0.8,6675,0
CCCXW.US,60,20250729,200000,0.774999,0.774999,0.774999,0.774999,400,0
CCCXW.US,60,20250730,190000,0.775,0.8,0.775,0.8,17573,0
CCCXW.US,60,20250730,200000,0.8,0.84,0.7001,0.75,4436,0
CCCXW.US,60,20250730,210000,0.75,0.75,0.75,0.75,1100,0
CCCXW.US,60,20250730,220000,0.75,0.75,0.75,0.75,100,0
CCCXW.US,60,20250731,190000,0.74,0.75,0.7,0.7499,26640,0
CCCXW.US,60,20250731,210000,0.7,0.7,0.7,0.7,30603,0
CCCXW.US,60,20250801,160000,0.7,0.7,0.66,0.66,30000,0
CCCXW.US,60,20250801,170000,0.74,0.74,0.74,0.74,950,0
CCCXW.US,60,20250801,220000,0.7,0.7,0.7,0.7,100000,0
CCCXW.US,60,20250805,170000,0.7,0.7001,0.7,0.7,12000,0
CCCXW.US,60,20250805,180000,0.7,0.7,0.7,0.7,13100,0
CCCXW.US,60,20250805,210000,0.7,0.7,0.7,0.7,10000,0
CCCXW.US,60,20250807,180000,0.7,0.7,0.7,0.7,235,0
CCCXW.US,60,20250807,190000,0.7,0.7,0.7,0.7,200,0
CCCXW.US,60,20250807,200000,0.7,0.7,0.7,0.7,137,0
CCCXW.US,60,20250807,210000,0.7,0.7,0.66,0.7,49434,0
CCCXW.US,60,20250808,190000,0.66,0.66,0.66,0.66,9993,0
CCCXW.US,60,20250808,200000,0.684,0.713,0.684,0.7129,11678,0
CCCXW.US,60,20250812,220000,0.68,0.68,0.63,0.63,4238,0
CCCXW.US,60,20250814,160000,0.68,0.68,0.68,0.68,100,0
CCCXW.US,60,20250820,200000,0.65,0.65,0.65,0.65,143,0
CCCXW.US,60,20250822,180000,0.66,0.66,0.63,0.63,300,0
CCCXW.US,60,20250822,220000,0.63,0.63,0.63,0.63,392,0
CCCXW.US,60,20250905,180000,0.6001,0.6001,0.5001,0.55,8388,0
CCCXW.US,60,20250905,210000,0.5901,0.5901,0.5901,0.5901,100,0
CCCXW.US,60,20250908,160000,1.25,1.26,1.05,1.0995,133781,0
CCCXW.US,60,20250908,170000,1.05,1.17,1.03,1.135,336861,0
CCCXW.US,60,20250908,180000,1.127,1.2,1.127,1.15,139781,0
CCCXW.US,60,20250908,190000,1.14,1.42,1.1,1.35,467434,0
CCCXW.US,60,20250908,200000,1.3,1.3,1.19,1.19,39502,0
CCCXW.US,60,20250908,210000,1.2,1.285,1.2,1.21,16521,0
CCCXW.US,60,20250908,220000,1.21,1.25,1.21,1.22,119217,0
CCCXW.US,60,20250909,160000,1.35,1.365,1.3,1.35,85109,0
CCCXW.US,60,20250909,170000,1.35,1.42,1.34,1.4,82313,0
CCCXW.US,60,20250909,180000,1.4,1.439,1.36,1.4,42267,0
CCCXW.US,60,20250909,190000,1.4,1.42,1.38,1.4,19047,0
CCCXW.US,60,20250909,200000,1.38,1.41,1.38,1.4,45104,0
CCCXW.US,60,20250909,210000,1.405,1.5,1.39,1.44,46975,0
CCCXW.US,60,20250909,220000,1.47,1.5,1.44,1.44,80049,0
CCCXW.US,60,20250910,160000,1.5,1.559,1.5,1.5213,8341,0
CCCXW.US,60,20250910,170000,1.55,1.6019,1.52,1.55,27903,0
CCCXW.US,60,20250910,180000,1.52,1.55,1.51,1.55,35786,0
CCCXW.US,60,20250910,190000,1.55,1.55,1.52,1.55,9303,0
CCCXW.US,60,20250910,200000,1.55,1.55,1.52,1.52,19303,0
CCCXW.US,60,20250910,210000,1.53,1.55,1.52,1.54,4585,0
CCCXW.US,60,20250910,220000,1.538,1.54,1.45,1.45,32696,0
CCCXW.US,60,20250911,160000,1.55,1.55,1.34,1.34,11238,0
CCCXW.US,60,20250911,170000,1.35,1.45,1.33,1.41,7798,0
CCCXW.US,60,20250911,180000,1.49,1.49,1.45,1.45,15100,0
CCCXW.US,60,20250911,190000,1.46,1.47,1.45,1.45,22291,0
CCCXW.US,60,20250911,200000,1.45,1.49,1.45,1.49,2300,0
CCCXW.US,60,20250911,210000,1.45,1.45,1.38,1.38,11617,0
CCCXW.US,60,20250911,220000,1.38,1.45,1.34,1.45,29918,0
CCCXW.US,60,20250912,160000,1.54,1.63,1.45,1.56,33000,0
CCCXW.US,60,20250912,170000,1.47,1.6,1.47,1.59,109548,0
CCCXW.US,60,20250912,180000,1.58,1.65,1.5541,1.63,64341,0
CCCXW.US,60,20250912,190000,1.63,1.68,1.6,1.65,72715,0
CCCXW.US,60,20250912,200000,1.65,1.68,1.62,1.62,16104,0
CCCXW.US,60,20250912,210000,1.625,1.625,1.6,1.6,12311,0
CCCXW.US,60,20250912,220000,1.585,1.6399,1.55,1.56,51316,0
CCCXW.US,60,20250915,160000,1.75,1.765,1.5704,1.65,37938,0
CCCXW.US,60,20250915,170000,1.6001,1.6825,1.5157,1.53,84121,0
CCCXW.US,60,20250915,180000,1.54,1.615,1.51,1.615,84393,0
CCCXW.US,60,20250915,190000,1.615,1.62,1.56,1.6,15646,0
CCCXW.US,60,20250915,200000,1.55,1.72,1.55,1.72,56657,0
CCCXW.US,60,20250915,210000,1.65,1.67,1.58,1.67,29553,0
CCCXW.US,60,20250915,220000,1.67,1.715,1.61,1.66,102063,0
CCCXW.US,60,20250916,160000,1.75,1.8,1.67,1.7,32083,0
CCCXW.US,60,20250916,170000,1.7,1.74,1.66,1.74,49316,0
CCCXW.US,60,20250916,180000,1.73,1.765,1.71,1.7523,32187,0
CCCXW.US,60,20250916,190000,1.72,1.77,1.72,1.77,9649,0
CCCXW.US,60,20250916,200000,1.7798,1.78,1.73,1.755,28348,0
CCCXW.US,60,20250916,210000,1.75,1.88,1.75,1.85,122437,0
CCCXW.US,60,20250916,220000,1.85,1.97,1.85,1.86,102833,0
CCCXW.US,60,20250917,160000,1.96,2,1.9099,1.911,17180,0
CCCXW.US,60,20250917,170000,1.89,2.1,1.835,2.1,79991,0
CCCXW.US,60,20250917,180000,2.09,2.27,2.087,2.2,106476,0
CCCXW.US,60,20250917,190000,2.2,2.255,2.1,2.14,49295,0
CCCXW.US,60,20250917,200000,2.14,2.2,2.1,2.1208,79986,0
CCCXW.US,60,20250917,210000,2.1,2.14,2.06,2.123,4556,0
CCCXW.US,60,20250917,220000,2.1209,2.17,2.1,2.14,41481,0
CCCXW.US,60,20250918,160000,2.39,2.65,2.31,2.4495,38665,0
CCCXW.US,60,20250918,170000,2.44,2.5,2.4,2.41,136369,0
CCCXW.US,60,20250918,180000,2.41,2.48,2.41,2.46,91892,0
CCCXW.US,60,20250918,190000,2.46,2.5,2.35,2.35,61639,0
CCCXW.US,60,20250918,200000,2.35,2.49,2.24,2.4572,112337,0
CCCXW.US,60,20250918,210000,2.42,2.5,2.395,2.5,98995,0
CCCXW.US,60,20250918,220000,2.5,2.5,2.41,2.45,73991,0
CCCXW.US,60,20250919,160000,2.5,2.9,2.5,2.8828,127121,0
CCCXW.US,60,20250919,170000,2.9,2.9,2.85,2.8652,101289,0
CCCXW.US,60,20250919,180000,2.8556,2.9,2.8556,2.895,92464,0
CCCXW.US,60,20250919,190000,2.8957,3.27,2.8957,3.19,150771,0
CCCXW.US,60,20250919,200000,3.17,3.235,3.1,3.175,106216,0
CCCXW.US,60,20250919,210000,3.1934,3.2,3.0675,3.1426,79046,0
CCCXW.US,60,20250919,220000,3.06,3.2,3,3.2,186989,0
CCCXW.US,60,20250922,160000,3.43,3.84,3.38,3.52,265370,0
CCCXW.US,60,20250922,170000,3.41,3.68,3.41,3.51,100738,0
CCCXW.US,60,20250922,180000,3.52,3.66,3.38,3.5,80583,0
CCCXW.US,60,20250922,190000,3.5,3.51,3.3,3.39,37274,0
CCCXW.US,60,20250922,200000,3.43,3.49,3.2706,3.36,41692,0
CCCXW.US,60,20250922,210000,3.37,3.38,3.3,3.38,29926,0
CCCXW.US,60,20250922,220000,3.365,3.38,3.32,3.36,34610,0
CCCXW.US,60,20250923,160000,3.75,3.75,3.42,3.55,35858,0
CCCXW.US,60,20250923,170000,3.55,3.75,3.4,3.56,159610,0
CCCXW.US,60,20250923,180000,3.55,3.6,3.51,3.555,41817,0
CCCXW.US,60,20250923,190000,3.59,3.6,3.52,3.59,14370,0
CCCXW.US,60,20250923,200000,3.59,3.6,3.4302,3.44,82028,0
CCCXW.US,60,20250923,210000,3.44,3.57,3.2751,3.4671,46180,0
CCCXW.US,60,20250923,220000,3.405,3.6,3.4027,3.59,31570,0
CCCXW.US,60,20250924,160000,3.99,4.23,3.88,3.94,49142,0
CCCXW.US,60,20250924,170000,3.9374,4.115,3.8452,3.99,182144,0
CCCXW.US,60,20250924,180000,3.9894,4.234,3.8506,3.89,90377,0
CCCXW.US,60,20250924,190000,3.91,3.96,3.8017,3.95,38849,0
CCCXW.US,60,20250924,200000,3.96,3.9668,3.92,3.92,79836,0
CCCXW.US,60,20250924,210000,3.9288,3.9396,3.88,3.93,37836,0
CCCXW.US,60,20250924,220000,3.91,3.98,3.86,3.92,222766,0
CCCXW.US,60,20250925,160000,3.8,3.98,3.45,3.92,235084,0
CCCXW.US,60,20250925,170000,3.7675,4,3.7675,3.871,167484,0
CCCXW.US,60,20250925,180000,3.88,3.94,3.82,3.92,44778,0
CCCXW.US,60,20250925,190000,3.94,3.94,3.56,3.76,141182,0
CCCXW.US,60,20250925,200000,3.7116,3.8,3.66,3.7,81135,0
CCCXW.US,60,20250925,210000,3.7014,3.8,3.5604,3.65,135106,0
CCCXW.US,60,20250925,220000,3.66,3.9,3.64,3.77,106120,0
CCCXW.US,60,20250926,160000,3.99,3.9975,3.6905,3.72,49702,0
CCCXW.US,60,20250926,170000,3.9,3.9,3.55,3.6871,138525,0
CCCXW.US,60,20250926,180000,3.6,3.67,3.52,3.55,37983,0
CCCXW.US,60,20250926,190000,3.6018,3.71,3.55,3.71,56182,0
CCCXW.US,60,20250926,200000,3.71,3.72,3.55,3.56,42213,0
CCCXW.US,60,20250926,210000,3.605,3.74,3.605,3.65,23727,0
CCCXW.US,60,20250926,220000,3.7,3.985,3.69,3.95,101699,0
CCCXW.US,60,20250929,160000,4,4.42,3.85,3.94,81362,0
CCCXW.US,60,20250929,170000,3.84,3.9,3.67,3.85,114010,0
CCCXW.US,60,20250929,180000,3.785,3.8499,3.71,3.75,10651,0
CCCXW.US,60,20250929,190000,3.75,3.83,3.65,3.65,35930,0
CCCXW.US,60,20250929,200000,3.63,3.7891,3.52,3.61,127643,0
CCCXW.US,60,20250929,210000,3.5996,3.65,3.5996,3.65,35301,0
CCCXW.US,60,20250929,220000,3.66,3.7626,3.35,3.51,62881,0
CCCXW.US,60,20250930,160000,3.53,3.7499,3.16,3.4629,88948,0
CCCXW.US,60,20250930,170000,3.49,3.654,3.49,3.62,33088,0
CCCXW.US,60,20250930,180000,3.7,3.7,3.52,3.55,24674,0
CCCXW.US,60,20250930,190000,3.52,3.56,3.42,3.42,28183,0
CCCXW.US,60,20250930,200000,3.45,3.715,3.38,3.64,31613,0
CCCXW.US,60,20250930,210000,3.63,3.63,3.5,3.5265,11257,0
CCCXW.US,60,20250930,220000,3.55,3.6,3.46,3.6,66153,0
CCCXW.US,60,20251001,160000,3.6,3.74,3.57,3.59,9169,0
CCCXW.US,60,20251001,170000,3.685,3.72,3.43,3.43,7883,0
CCCXW.US,60,20251001,180000,3.6,3.75,3.45,3.65,17983,0
CCCXW.US,60,20251001,190000,3.7,3.7003,3.64,3.64,5446,0
CCCXW.US,60,20251001,200000,3.64,3.69,3.61,3.61,5328,0
CCCXW.US,60,20251001,210000,3.61,3.7,3.6,3.6,31272,0
CCCXW.US,60,20251001,220000,3.5,3.6987,3.47,3.55,18882,0
CCCXW.US,60,20251002,160000,3.675,3.72,3.65,3.675,3514,0
CCCXW.US,60,20251002,170000,3.7,3.8095,3.6,3.74,39197,0
CCCXW.US,60,20251002,180000,3.85,3.85,3.59,3.66,37567,0
CCCXW.US,60,20251002,190000,3.66,3.68,3.63,3.68,11292,0
CCCXW.US,60,20251002,200000,3.741,3.78,3.685,3.715,17685,0
CCCXW.US,60,20251002,210000,3.71,3.78,3.65,3.7,30502,0
CCCXW.US,60,20251002,220000,3.68,3.72,3.64,3.71,47995,0
CCCXW.US,60,20251003,160000,3.99,4.05,3.84,3.975,143801,0
CCCXW.US,60,20251003,170000,3.9601,4.39,3.9,4.3,240801,0
CCCXW.US,60,20251003,180000,4.37,4.9,4.22,4.68,178616,0
CCCXW.US,60,20251003,190000,4.66,4.7,4.4,4.47,166331,0
CCCXW.US,60,20251003,200000,4.5,4.575,4.3,4.3,134020,0
CCCXW.US,60,20251003,210000,4.31,4.48,4.21,4.25,156089,0
CCCXW.US,60,20251003,220000,4.265,4.47,4.265,4.42,52192,0
CCCXW.US,60,20251006,160000,6.63,7.4699,5.44,5.635,223154,0
CCCXW.US,60,20251006,170000,5.575,6.63,5.5604,6.63,243342,0
CCCXW.US,60,20251006,180000,6.65,7.18,6.5,6.72,297239,0
CCCXW.US,60,20251006,190000,6.78,7,6.7,6.71,167890,0
CCCXW.US,60,20251006,200000,6.72,7,6.7,6.71,93783,0
CCCXW.US,60,20251006,210000,6.71,6.73,6.2,6.2995,86512,0
CCCXW.US,60,20251006,220000,6.25,6.455,6.11,6.26,143699,0
CCCXW.US,60,20251007,160000,7.8,8.88,7.32,7.665,250110,0
CCCXW.US,60,20251007,170000,7.665,8.25,6.95,8.09,301464,0
CCCXW.US,60,20251007,180000,8.09,8.17,7.02,7.02,210241,0
CCCXW.US,60,20251007,190000,7.02,7.78,7,7.72,125574,0
CCCXW.US,60,20251007,200000,7.73,8.5,7.52,8.28,146460,0
CCCXW.US,60,20251007,210000,8.45,8.915,8.175,8.915,133397,0
CCCXW.US,60,20251007,220000,8.9,8.99,8,8.24,173860,0
CCCXW.US,60,20251008,160000,8.82,9.25,8.55,9.1,104889,0
CCCXW.US,60,20251008,170000,9.16,9.31,8.52,8.565,189378,0
CCCXW.US,60,20251008,180000,8.575,8.8,8.44,8.8,52612,0
CCCXW.US,60,20251008,190000,8.65,8.9499,8.35,8.515,92841,0
CCCXW.US,60,20251008,200000,8.54,9.35,8.51,9.21,128760,0
CCCXW.US,60,20251008,210000,9.02,9.35,7.5,7.97,152636,0
CCCXW.US,60,20251008,220000,7.99,8.25,7.25,8.24,198838,0
CCCXW.US,60,20251009,160000,8.51,9.35,8.51,9.28,159415,0
CCCXW.US,60,20251009,170000,9.38,10.01,9.28,9.95,260885,0
CCCXW.US,60,20251009,180000,9.95,10,9.7,9.83,82228,0
CCCXW.US,60,20251009,190000,9.81,10.31,9.6005,9.9,176783,0
CCCXW.US,60,20251009,200000,9.9,9.99,9.05,9.465,59026,0
CCCXW.US,60,20251009,210000,9.41,9.6,9.2,9.36,27546,0
CCCXW.US,60,20251009,220000,9.499,10.49,9.31,10.44,159496,0
CCCXW.US,60,20251010,160000,12.29,13.6529,12.2,12.6,198648,0
CCCXW.US,60,20251010,170000,12.7,13.3,12.43,12.55,145549,0
CCCXW.US,60,20251010,180000,12.635,12.92,9.54,12.337,323105,0
CCCXW.US,60,20251010,190000,12.11,12.9999,11.3501,11.4,78853,0
CCCXW.US,60,20251010,200000,11.5,13,10.52,11.4216,131821,0
CCCXW.US,60,20251010,210000,11.36,11.8,10.99,10.99,59516,0
CCCXW.US,60,20251010,220000,11.05,11.4,10.1414,10.9,135347,0
CCCXW.US,60,20251013,160000,13,13.1,12.1,12.65,77160,0
CCCXW.US,60,20251013,170000,12.6,14.3,12.5,13.4,264084,0
CCCXW.US,60,20251013,180000,13.31,14.37,13.31,13.89,97262,0
CCCXW.US,60,20251013,190000,13.85,14.15,13.55,14.15,75957,0
CCCXW.US,60,20251013,200000,14.21,14.77,14.12,14.573755,92368,0
CCCXW.US,60,20251013,210000,14.7493,14.9,14.0518,14.21,58832,0
CCCXW.US,60,20251013,220000,14.22,15,14.2,14.59,63917,0
CCCXW.US,60,20251014,160000,15,15.79,12.81,14.3,260800,0
CCCXW.US,60,20251014,170000,14.26,14.95,13.75,14.66,100260,0
CCCXW.US,60,20251014,180000,14.88,16.42,14.31,15,75932,0
CCCXW.US,60,20251014,190000,14.8201,16.23,14.6,15.635,69027,0
CCCXW.US,60,20251014,200000,15.635,15.77,14.8,14.925,62942,0
CCCXW.US,60,20251014,210000,14.81,15.04,14.6,14.61,52621,0
CCCXW.US,60,20251014,220000,14.62,15,13.21,13.65,114908,0
CCCXW.US,60,20251015,160000,14.96,15.25,13.8,14.35,52809,0
CCCXW.US,60,20251015,170000,14.3821,14.98,13.15,13.43,115842,0
CCCXW.US,60,20251015,180000,13.5,13.5,10.98,11.9,250015,0
CCCXW.US,60,20251015,190000,11.87,12.091,11.4001,11.82,44965,0
CCCXW.US,60,20251015,200000,11.82,11.9175,10.787,11.5968,122852,0
CCCXW.US,60,20251015,210000,11.44,12.6,11.3,12.03,33268,0
CCCXW.US,60,20251015,220000,12.1,12.9,12.01,12.52,38793,0
CCCXW.US,60,20251016,160000,12.81,13,11.25,11.4,58098,0
CCCXW.US,60,20251016,170000,11.5,12.1396,11,11.09,62435,0
CCCXW.US,60,20251016,180000,11.09,11.09,8.22,8.8321,503827,0
CCCXW.US,60,20251016,190000,8.9,9.48,8.63,9.35,209474,0
CCCXW.US,60,20251016,200000,9.5,10.29,9.0391,9.75,76279,0
CCCXW.US,60,20251016,210000,9.7495,9.8,8.68,9.69,96571,0
CCCXW.US,60,20251016,220000,9.65,9.74,8.9,9.16,58115,0
CCCXW.US,60,20251017,160000,9.66,9.66,8.4,9.5,76832,0
CCCXW.US,60,20251017,170000,9.5,9.89,8.8,8.89,139859,0
CCCXW.US,60,20251017,180000,8.8,9.085,8.3,8.95,88704,0
CCCXW.US,60,20251017,190000,9.02,10,8.82,9.75,109670,0
CCCXW.US,60,20251017,200000,9.76,10.11,9.62,9.99,46276,0
CCCXW.US,60,20251017,210000,10,10.98,10,10.95,86835,0
CCCXW.US,60,20251017,220000,10.9,11.1,9.7,10.14,139865,0
CCCXW.US,60,20251020,160000,10.63,10.7,9.99,9.99,131601,0
CCCXW.US,60,20251020,170000,9.698,10.5,9.31,10.246,76047,0
CCCXW.US,60,20251020,180000,10.19,10.4999,9.6,10,86450,0
CCCXW.US,60,20251020,190000,9.8327,10.025,9.58,9.88,39269,0
CCCXW.US,60,20251020,200000,9.76,9.86,9.4,9.6,38511,0
CCCXW.US,60,20251020,210000,9.6,9.88,9.15,9.71,50531,0
CCCXW.US,60,20251020,220000,9.77,10.25,9.45,10.02,45938,0
CCCXW.US,60,20251021,160000,9.62,9.9,8.5,9.45,120375,0
CCCXW.US,60,20251021,170000,9.35,9.89,9.01,9.81,91397,0
CCCXW.US,60,20251021,180000,9.875,10.15,9.6,9.65,103043,0
CCCXW.US,60,20251021,190000,9.69,9.74,9.1,9.17,49867,0
CCCXW.US,60,20251021,200000,9.105,9.38,9.065,9.13,28723,0
CCCXW.US,60,20251021,210000,9.1,9.2,8,8.459,103192,0
CCCXW.US,60,20251021,220000,8.4248,8.5011,7.76,8.2224,158669,0
CCCXW.US,60,20251022,160000,7.45,7.69,7,7.45,133013,0
CCCXW.US,60,20251022,170000,7.4415,7.49,6.61,6.7,212932,0
CCCXW.US,60,20251022,180000,6.745,7.25,6.67,7.14,150956,0
CCCXW.US,60,20251022,190000,7.07,7.14,6.5,6.84,64004,0
CCCXW.US,60,20251022,200000,6.86,7.25,6.86,7.05,69702,0
CCCXW.US,60,20251022,210000,7.23,7.25,6.8708,6.9022,92285,0
CCCXW.US,60,20251022,220000,6.98,7.25,6.95,6.97,69922,0
CCCXW.US,60,20251023,160000,7.85,8.5,7.7,8.3134,113439,0
CCCXW.US,60,20251023,170000,8.42,8.77,8.05,8.71,122113,0
CCCXW.US,60,20251023,180000,8.665,8.665,7.81,8.04,83529,0
CCCXW.US,60,20251023,190000,8.05,8.49,7.96,8.1,58043,0
CCCXW.US,60,20251023,200000,8.138,8.38,7.7,8.18,74389,0
CCCXW.US,60,20251023,210000,8.275,8.6,8.18,8.57,62123,0
CCCXW.US,60,20251023,220000,8.55,8.96,8.2701,8.36,91480,0
CCCXW.US,60,20251024,160000,9.77,9.8488,9.3119,9.36,63450,0
CCCXW.US,60,20251024,170000,9.35,9.65,8.6532,8.9499,96290,0
CCCXW.US,60,20251024,180000,8.94,10.1751,8.89,10.147098,61936,0
CCCXW.US,60,20251024,190000,10.2275,10.4,9.7843,10.12,61675,0
CCCXW.US,60,20251024,200000,10.02,10.21,9.78,10.1508,16670,0
CCCXW.US,60,20251024,210000,10.15,10.2,9.5,9.61,78083,0
CCCXW.US,60,20251024,220000,9.62,9.8799,8.925,9.2,137152,0
CCCXW.US,60,20251027,150000,10.78,10.79,9.4,10.5,94107,0
CCCXW.US,60,20251027,160000,10.35,10.5,9.975,10.5,102059,0
CCCXW.US,60,20251027,170000,10.5,11.3,10.4312,11.23,100420,0
CCCXW.US,60,20251027,180000,11.2481,11.35,10.68,10.975,55072,0
CCCXW.US,60,20251027,190000,11.05,11.11,10.75,10.86,33673,0
CCCXW.US,60,20251027,200000,10.85,11.44,10.8,11,32529,0
CCCXW.US,60,20251027,210000,10.99,11.3,10.1,10.45,67516,0
CCCXW.US,60,20251028,150000,10.5,10.89,9.8081,10.2,84784,0
CCCXW.US,60,20251028,160000,10.1105,11.25,10.01,10.5033,115485,0
CCCXW.US,60,20251028,170000,10.53,11.355,10.5,10.5,76698,0
CCCXW.US,60,20251028,180000,10.42,12,8.13,9.08,227114,0
CCCXW.US,60,20251028,190000,8.8,9.49,8.55,8.95,140469,0
CCCXW.US,60,20251028,200000,8.9569,9.5,8.85,8.9,22853,0
CCCXW.US,60,20251028,210000,8.9,9.25,8.43,9.14,81430,0
CCCXW.US,60,20251029,150000,9.18,9.243,8.51,8.78,55457,0
CCCXW.US,60,20251029,160000,8.77,9.14,8.5,8.57,95280,0
CCCXW.US,60,20251029,170000,8.72,9.12,8.72,9.02,49852,0
CCCXW.US,60,20251029,180000,9.02,9.03,8.6457,8.682,26998,0
CCCXW.US,60,20251029,190000,8.69,8.7085,7.5,8,95635,0
CCCXW.US,60,20251029,200000,8.1,8.54,7.82,8,82441,0
CCCXW.US,60,20251029,210000,8.037,8.38,7.89,8.3,17139,0
CCCXW.US,60,20251030,150000,7.91,8.1988,7.28,8.075,49639,0
CCCXW.US,60,20251030,160000,8.02,8.5,7.6456,7.6456,27243,0
CCCXW.US,60,20251030,170000,7.77,7.9336,7.52,7.76,47451,0
CCCXW.US,60,20251030,180000,7.57,8.1,7.5,7.9,68014,0
CCCXW.US,60,20251030,190000,7.9,7.95,7.85,7.85,4445,0
CCCXW.US,60,20251030,200000,7.85,7.9099,7.45,7.59,29188,0
CCCXW.US,60,20251030,210000,7.5,7.5899,6.5,6.5541,107817,0
CCCXW.US,60,20251031,150000,7.79,7.7999,7.27,7.44,21801,0
CCCXW.US,60,20251031,160000,7.45,7.95,7.37,7.8892,63500,0
CCCXW.US,60,20251031,170000,7.9108,8.49,7.9108,8.1,41608,0
CCCXW.US,60,20251031,180000,7.9792,8.0499,7.42,7.65,22391,0
CCCXW.US,60,20251031,190000,7.65,7.83,7.365,7.75,39575,0
CCCXW.US,60,20251031,200000,7.675,8.24,7.675,8.22,44692,0
CCCXW.US,60,20251031,210000,8.1726,8.36,7.98,8.25,40857,0
CCCXW.US,60,20251103,160000,8.118,8.20344,7.57,7.8672,36588,0
CCCXW.US,60,20251103,170000,7.7509,7.8601,7,7.2,140802,0
CCCXW.US,60,20251103,180000,7.15,7.2,6.75,6.84,108967,0
CCCXW.US,60,20251103,190000,6.87,7.75,6.87,7.7499,104156,0
CCCXW.US,60,20251103,200000,7.664,7.75,7.4015,7.49,23058,0
CCCXW.US,60,20251103,210000,7.46,7.48,7.22,7.25,22185,0
CCCXW.US,60,20251103,220000,7.3,7.3,6.9,6.9,28519,0
CCCXW.US,60,20251104,160000,6.75,7.45,6.58,7.4,56828,0
CCCXW.US,60,20251104,170000,7.4784,7.4784,7,7,36215,0
CCCXW.US,60,20251104,180000,7,7.18,6.63,6.63,50653,0
CCCXW.US,60,20251104,190000,6.6,6.9,6.49,6.7499,95257,0
CCCXW.US,60,20251104,200000,6.7199,6.8,6.49,6.76,71444,0
CCCXW.US,60,20251104,210000,6.75,6.8782,6.3,6.565,56773,0
CCCXW.US,60,20251104,220000,6.57,6.7693,5.86,6.3999,85463,0
CCCXW.US,60,20251105,160000,6.76,7.19,6.4,6.83,60817,0
CCCXW.US,60,20251105,170000,7.14,7.3,6.73,7.25,92602,0
CCCXW.US,60,20251105,180000,7.4,7.98,7.15,7.5,63203,0
CCCXW.US,60,20251105,190000,7.5,7.8,7.4012,7.42,50712,0
CCCXW.US,60,20251105,200000,7.55,8.8069,7.5133,8.7,166143,0
CCCXW.US,60,20251105,210000,8.6001,8.75,8,8.3,66517,0
CCCXW.US,60,20251105,220000,8.3,8.4499,8,8.046,61506,0
CCCXW.US,60,20251106,160000,8.9,8.9,7.8,7.83,29411,0
CCCXW.US,60,20251106,170000,7.95,8.39,7.8,8.02,38837,0
CCCXW.US,60,20251106,180000,8.02,8.074,7.65,7.9,71158,0
CCCXW.US,60,20251106,190000,7.912,8.1,7.59,7.81,29349,0
CCCXW.US,60,20251106,200000,7.88,7.99,7.6,7.735,41137,0
CCCXW.US,60,20251106,210000,7.67,8.25,7.67,8.05,23228,0
CCCXW.US,60,20251106,220000,8.15,8.3,7.75,7.77,21644,0
CCCXW.US,60,20251107,160000,7.26,7.65,6.74,6.9477,69994,0
CCCXW.US,60,20251107,170000,7.074,7.1861,6.55,7.062845,47407,0
CCCXW.US,60,20251107,180000,7.1,7.15,6.9,6.91,12453,0
CCCXW.US,60,20251107,190000,6.9001,7.39,6.9001,7.15,58826,0
CCCXW.US,60,20251107,200000,7.21,7.6,7.19,7.4,11780,0
CCCXW.US,60,20251107,210000,7.5186,8,7.4,8,49861,0
CCCXW.US,60,20251107,220000,7.9,8.15,7.59,8.05,27056,0
CCCXW.US,60,20251110,160000,8.41,8.82,7.41,7.7,27002,0
CCCXW.US,60,20251110,170000,7.62,7.7898,7.2,7.27,77081,0
CCCXW.US,60,20251110,180000,7.27,7.7244,7.14,7.65,7768,0
CCCXW.US,60,20251110,190000,7.7,7.886273,7.36,7.5,11151,0
CCCXW.US,60,20251110,200000,7.5,7.6,7.37,7.48,23722,0
CCCXW.US,60,20251110,210000,7.4,7.5,7.34,7.44,16058,0
CCCXW.US,60,20251110,220000,7.43,7.475,7.14,7.35,24585,0
CCCXW.US,60,20251111,160000,6.64,7.5,6.64,7.2,16429,0
CCCXW.US,60,20251111,170000,7.18,7.35,7,7.3,21654,0
CCCXW.US,60,20251111,180000,7.2,7.95,7.2,7.73,53851,0
CCCXW.US,60,20251111,190000,7.7299,8,7.57,7.79671,29307,0
CCCXW.US,60,20251111,200000,7.85,7.98,7.71,7.9285,9052,0
CCCXW.US,60,20251111,210000,7.98,8.8399,7.92,8.25,92913,0
CCCXW.US,60,20251111,220000,8.11,8.28,7.5,7.91,39094,0
CCCXW.US,60,20251112,160000,7.98,8.6499,7.8,8.57,54152,0
CCCXW.US,60,20251112,170000,8.58,9.35,8.55,8.69,308281,0
CCCXW.US,60,20251112,180000,8.79,8.94,7.98,8.4615,130892,0
CCCXW.US,60,20251112,190000,8.39,8.39,7.95,8.36,74269,0
CCCXW.US,60,20251112,200000,8.31,8.5,7.8,8,107429,0
CCCXW.US,60,20251112,210000,8.07,8.61,7.96,8.25,50069,0
CCCXW.US,60,20251112,220000,8.28,8.477,8.12,8.12,58310,0
CCCXW.US,60,20251113,160000,8.8,8.8,7.4,7.6,64803,0
CCCXW.US,60,20251113,170000,7.8289,8.15,7.4,7.5999,88987,0
CCCXW.US,60,20251113,180000,7.7,7.77,7.3001,7.45,71577,0
CCCXW.US,60,20251113,190000,7.4001,7.69,7.14,7.6,57594,0
CCCXW.US,60,20251113,200000,7.55,7.7,7.2,7.42,19555,0
CCCXW.US,60,20251113,210000,7.44,7.7,7.2301,7.3001,33927,0
CCCXW.US,60,20251113,220000,7.3001,7.525,7.2,7.2,45613,0
CCCXW.US,60,20251114,160000,6.98,7.375,6.5,7.3416,30327,0
CCCXW.US,60,20251114,170000,7.25,7.75,7.15,7.6,27428,0
CCCXW.US,60,20251114,180000,7.52,7.8,7.46,7.68,20244,0
CCCXW.US,60,20251114,190000,7.65,7.9,7.64,7.77,11508,0
CCCXW.US,60,20251114,200000,7.572,7.75,7.3,7.44,23916,0
CCCXW.US,60,20251114,210000,7.43,7.64,7.11,7.2,13815,0
CCCXW.US,60,20251114,220000,7.45,7.46,6.7,7.41,48422,0
CCCXW.US,60,20251117,160000,7.76,7.84,7.3584,7.435,26815,0
CCCXW.US,60,20251117,170000,7.2,7.25,6.6701,6.7924,39199,0
CCCXW.US,60,20251117,180000,6.75,7.027,6.56,6.72,27747,0
CCCXW.US,60,20251117,190000,6.7,6.8021,6.56,6.64,19099,0
CCCXW.US,60,20251117,200000,6.5885,6.5885,5.77,6.16,85508,0
CCCXW.US,60,20251117,210000,6.14,6.55,5.98,6.24,42379,0
CCCXW.US,60,20251117,220000,6.1988,6.25,6.11,6.16,32448,0
CCCXW.US,60,20251118,160000,6.25,6.26,5.95,5.95,12116,0
CCCXW.US,60,20251118,170000,5.9,6.13,5.55,6.06,64024,0
CCCXW.US,60,20251118,180000,6.03,6.89,6,6.26,63482,0
CCCXW.US,60,20251118,190000,6.29,6.6,6.04,6.6,24763,0
CCCXW.US,60,20251118,200000,6.52,6.7,6.4175,6.5,10233,0
CCCXW.US,60,20251118,210000,6.65,6.7,6.45,6.45,7474,0
CCCXW.US,60,20251118,220000,6.6,6.78,6.55,6.7,9594,0
CCCXW.US,60,20251119,160000,6.69,6.85,6.4566,6.85,8733,0
CCCXW.US,60,20251119,170000,6.88,7.03,6.65,6.65,36630,0
CCCXW.US,60,20251119,180000,6.7,6.76,6.4,6.55,9961,0
CCCXW.US,60,20251119,190000,6.52,6.65,6.5,6.62,3686,0
CCCXW.US,60,20251119,200000,6.6,6.6799,6.45,6.45,7350,0
CCCXW.US,60,20251119,210000,6.41,6.529,6.02,6.28,15599,0
CCCXW.US,60,20251119,220000,6.25,6.69,6.25,6.55,13280,0
CCCXW.US,60,20251120,160000,7.59,7.59,7,7,24520,0
CCCXW.US,60,20251120,170000,7.0463,7.2175,6.6006,6.75,23439,0
CCCXW.US,60,20251120,180000,6.55,6.8,6,6.01,28618,0
CCCXW.US,60,20251120,190000,6.02,6.04,5.05,5.55,75717,0
CCCXW.US,60,20251120,200000,5.7,6.3124,5.16,5.2,53732,0
CCCXW.US,60,20251120,210000,5.2,5.2899,4.82,5.09,80017,0
CCCXW.US,60,20251120,220000,5.1,5.239359,4.69,4.98,104074,0
CCCXW.US,60,20251121,160000,5.06,5.4498,5.03,5.05,7298,0
CCCXW.US,60,20251121,170000,5.05,5.3499,4.9001,5.34,55349,0
CCCXW.US,60,20251121,180000,5.12,5.75,5.1,5.75,37888,0
CCCXW.US,60,20251121,190000,5.75,5.75,5.31,5.458,21148,0
CCCXW.US,60,20251121,200000,5.3,5.7949,5.2301,5.49,26079,0
CCCXW.US,60,20251121,210000,5.6,5.71,5.28,5.32,19652,0
CCCXW.US,60,20251121,220000,5.32,5.46,5.3,5.36,6593,0
CCCXW.US,60,20251124,160000,5.31,5.99,5.31,5.73,31590,0
CCCXW.US,60,20251124,170000,5.76,5.99,5.75,5.99,36131,0
CCCXW.US,60,20251124,180000,6.18,6.4208,6.0225,6.25,30689,0
CCCXW.US,60,20251124,190000,6.05,6.25,6,6.25,17819,0
CCCXW.US,60,20251124,200000,6.33,6.33,6.01,6.15,18970,0
CCCXW.US,60,20251124,210000,6.0898,6.2,6.02,6.11,9785,0
CCCXW.US,60,20251124,220000,6.1,6.29,6.05,6.1,30946,0
CCCXW.US,60,20251125,160000,6.29,6.35,5.7,6.02,19628,0
CCCXW.US,60,20251125,170000,5.9957,6.12,5.8326,6.12,7313,0
CCCXW.US,60,20251125,180000,6.09,6.29,6.08,6.18,3595,0
CCCXW.US,60,20251125,190000,6.1,6.15,6.1,6.15,325,0
CCCXW.US,60,20251125,200000,6.042,6.14,6.03,6.0647,3691,0
CCCXW.US,60,20251125,210000,6.06,6.12,6.06,6.12,2441,0
CCCXW.US,60,20251125,220000,6.0954,6.11,6.025,6.03,8551,0
CCCXW.US,60,20251126,160000,6.3,6.5999,5.9784,5.99,15012,0
CCCXW.US,60,20251126,170000,5.99,6.19,5.8,5.88,14946,0
CCCXW.US,60,20251126,180000,5.88,6.2999,5.8675,5.9012,5317,0
CCCXW.US,60,20251126,190000,5.94,6.05,5.8,5.9,31156,0
CCCXW.US,60,20251126,200000,5.9,6.1035,5.9,5.9956,27376,0
CCCXW.US,60,20251126,210000,6.07,6.09,5.8436,6.0014,7553,0
CCCXW.US,60,20251126,220000,6.1269,6.1269,6,6.0302,3100,0
CCCXW.US,60,20251128,160000,6.1,6.49,6.1,6.35,5645,0
CCCXW.US,60,20251128,170000,6.35,6.49,6.24,6.36,17423,0
CCCXW.US,60,20251128,180000,6.2619,6.39,6.25,6.38,7528,0
CCCXW.US,60,20251128,190000,6.38,6.4,6.25,6.25,19648,0
CCCXW.US,60,20251128,200000,6.12,6.12,6.12,6.12,500,0
CCCXW.US,60,20251201,160000,6.15,6.2,6,6.1,17824,0
CCCXW.US,60,20251201,170000,6.03,6.03,5.78,5.938,16613,0
CCCXW.US,60,20251201,180000,5.87,6,5.82,5.98,9207,0
CCCXW.US,60,20251201,190000,5.98,5.9999,5.82,5.98,1323,0
CCCXW.US,60,20251201,200000,5.955,6,5.92,5.93,3692,0
CCCXW.US,60,20251201,210000,5.85,5.85,5.7,5.795,15412,0
CCCXW.US,60,20251201,220000,5.71,6.01,5.71,5.9,25327,0
CCCXW.US,60,20251202,170000,6.02,6.02,5.6,5.65,5940,0
CCCXW.US,60,20251202,180000,5.65,5.76,5.6,5.6001,13355,0
CCCXW.US,60,20251202,190000,5.6,6.03,5.6,5.71,14853,0
CCCXW.US,60,20251202,200000,5.71,5.84,5.6,5.65,14945,0
CCCXW.US,60,20251202,210000,5.615,5.9,5.615,5.81,15513,0
CCCXW.US,60,20251202,220000,5.81,6.057172,5.55,5.69,19502,0
CCCXW.US,60,20251203,160000,5.6764,5.88,5.52,5.545,12429,0
CCCXW.US,60,20251203,170000,5.4772,5.5375,5.37,5.42,38245,0
CCCXW.US,60,20251203,180000,5.405,5.44,5.25,5.25,28468,0
CCCXW.US,60,20251203,190000,5.28,5.41,5.2501,5.36,7229,0
CCCXW.US,60,20251203,200000,5.38,5.48,5.38,5.48,26001,0
CCCXW.US,60,20251203,210000,5.4,5.95,5.3301,5.85,21239,0
CCCXW.US,60,20251203,220000,5.83,6,5.72,5.885,33316,0
CCCXW.US,60,20251204,160000,6.17,6.25,6.05,6.0502,1933,0
CCCXW.US,60,20251204,170000,6.1308,6.8,6.1308,6.75,65125,0
CCCXW.US,60,20251204,180000,6.7,6.86,6.45,6.84,31348,0
CCCXW.US,60,20251204,190000,6.7,6.86,6.6016,6.75,4640,0
CCCXW.US,60,20251204,200000,6.7867,6.98,6.7867,6.92,11650,0
CCCXW.US,60,20251204,210000,6.94,6.94,6.27,6.71,15890,0
CCCXW.US,60,20251204,220000,6.57,6.68,6.3,6.5,25318,0
CCCXW.US,60,20251205,160000,6.4,6.4,6.2,6.2,12260,0
CCCXW.US,60,20251205,170000,6.24,6.5,6.24,6.35,4408,0
CCCXW.US,60,20251205,180000,6.32,6.35,5.85,5.94,16512,0
CCCXW.US,60,20251205,190000,5.95,6.18,5.9,6.18,5546,0
CCCXW.US,60,20251205,200000,6.1,6.17,6.1,6.17,3700,0
CCCXW.US,60,20251205,210000,6.207,6.207,6,6.1,2500,0
CCCXW.US,60,20251205,220000,6.06,6.06,5.5,6.04,52205,0
CCCXW.US,60,20251208,160000,6.11,6.3425,5.95,6.3425,4290,0
CCCXW.US,60,20251208,170000,6.25,6.365,5.9,5.9,22680,0
CCCXW.US,60,20251208,180000,5.86,5.995,5.82,5.865,16240,0
CCCXW.US,60,20251208,190000,5.8877,6.08,5.865,5.9505,10946,0
CCCXW.US,60,20251208,200000,5.95,6.05,5.9,5.9,10807,0
CCCXW.US,60,20251208,210000,5.9,6.0999,5.9,5.97,11800,0
CCCXW.US,60,20251208,220000,5.95,6.23,5.95,6,5865,0
CCCXW.US,60,20251209,160000,6.05,6.1,5.91,6.05,645,0
CCCXW.US,60,20251209,170000,6.03,6.03,6,6.01,3348,0
CCCXW.US,60,20251209,180000,6.13,6.159,6.1,6.1,5861,0
CCCXW.US,60,20251209,190000,6.1,6.1,6.05,6.08,1426,0
CCCXW.US,60,20251209,200000,6.1,6.15,6.04,6.09,7179,0
CCCXW.US,60,20251209,210000,6.06,6.15,6.0514,6.1,6407,0
CCCXW.US,60,20251209,220000,6.125,6.125,6,6.03,1813,0
CCCXW.US,60,20251210,160000,5.92,6.0959,5.92,6.07,850,0
CCCXW.US,60,20251210,170000,5.94,6.01,5.8,5.8,16932,0
CCCXW.US,60,20251210,180000,5.775,5.79,5.6,5.73,21408,0
CCCXW.US,60,20251210,190000,5.735,6,5.7,5.81,18666,0
CCCXW.US,60,20251210,200000,5.72,5.9,5.72,5.85,1450,0
CCCXW.US,60,20251210,210000,5.82,5.95,5.82,5.9,1278,0
CCCXW.US,60,20251210,220000,5.916,6.1,5.77,5.77,3768,0
CCCXW.US,60,20251211,160000,5.77,5.9999,5.77,5.9999,600,0
CCCXW.US,60,20251211,170000,5.88,6.11,5.53,5.53,14878,0
CCCXW.US,60,20251211,180000,5.89,6,5.81,6,2543,0
CCCXW.US,60,20251211,190000,6,6.9,5.9,6.2501,27072,0
CCCXW.US,60,20251211,200000,6.26,6.735,6.25,6.49,33291,0
CCCXW.US,60,20251211,210000,6.5,6.56,6.16,6.44,9950,0
CCCXW.US,60,20251211,220000,6.4,6.5002,6.34,6.416,7103,0
CCCXW.US,60,20251212,160000,6.667,7.1,6.558,6.75,39116,0
CCCXW.US,60,20251212,170000,6.8,7,6.4,6.7095,23726,0
CCCXW.US,60,20251212,180000,6.61,6.655,5.78,6.4,69395,0
CCCXW.US,60,20251212,190000,6.6,6.6,6.36,6.6,5899,0
CCCXW.US,60,20251212,200000,6.5999,7,6.5999,6.843511,27986,0
CCCXW.US,60,20251212,210000,6.84,6.84,6.65,6.69,10062,0
CCCXW.US,60,20251212,220000,6.7963,6.7991,6.4004,6.6989,6727,0
CCCXW.US,60,20251215,160000,6.85,6.9,6.02,6.02,15965,0
CCCXW.US,60,20251215,170000,6.06,6.28,5.69,6.1899,19037,0
CCCXW.US,60,20251215,180000,6.09,6.19,5.92,6.025,5244,0
CCCXW.US,60,20251215,190000,6.03,6.1,5.75,5.77,9559,0
CCCXW.US,60,20251215,200000,5.76,6.043906,5.71,5.85,12290,0
CCCXW.US,60,20251215,210000,5.89,6.05,5.77,5.95,6925,0
CCCXW.US,60,20251215,220000,5.9,6,5.73,5.8,26984,0
CCCXW.US,60,20251216,160000,5.8,5.9,5.7817,5.82,1826,0
CCCXW.US,60,20251216,170000,5.8107,5.8107,5.3337,5.375,42013,0
CCCXW.US,60,20251216,180000,5.4,5.61,5.25,5.56,32646,0
CCCXW.US,60,20251216,190000,5.5017,5.73,5.5017,5.5841,10699,0
CCCXW.US,60,20251216,200000,5.55,5.7,5.55,5.68,28567,0
CCCXW.US,60,20251216,210000,5.68,5.75,5.67,5.72,7634,0
CCCXW.US,60,20251216,220000,5.62,5.95,5.5801,5.9499,37715,0
CCCXW.US,60,20251217,160000,5.85,5.95,5.85,5.95,3688,0
CCCXW.US,60,20251217,170000,5.85,5.8922,5.6,5.74,4650,0
CCCXW.US,60,20251217,180000,5.73,5.73,5.35,5.6,41644,0
CCCXW.US,60,20251217,190000,5.6,5.6566,5.5,5.53,9101,0
CCCXW.US,60,20251217,200000,5.52,5.55,5.48,5.48,12189,0
CCCXW.US,60,20251217,210000,5.5,5.53,5.4506,5.485,9278,0
CCCXW.US,60,20251217,220000,5.4,5.65,5.25,5.6045,38140,0
CCCXW.US,60,20251218,160000,5.7,5.7,5.39,5.55,4190,0
CCCXW.US,60,20251218,170000,5.5,5.76,5.4006,5.5,9013,0
CCCXW.US,60,20251218,180000,5.65,5.72,5.62,5.72,2240,0
CCCXW.US,60,20251218,190000,5.674,5.7,5.55,5.7,13327,0
CCCXW.US,60,20251218,200000,5.695,5.79,5.695,5.7,2350,0
CCCXW.US,60,20251218,210000,5.7249,5.7249,5.7249,5.7249,1000,0
CCCXW.US,60,20251218,220000,5.67,5.74,5.6,5.61,10190,0
CCCXW.US,60,20251219,160000,5.62,5.9,5.62,5.86,31062,0
CCCXW.US,60,20251219,170000,5.8,6.055,5.76,5.85,75467,0
CCCXW.US,60,20251219,180000,5.91,6.09,5.76,5.9,31673,0
CCCXW.US,60,20251219,190000,5.99,6.0399,5.9,5.91,8494,0
CCCXW.US,60,20251219,200000,5.91,6.2,5.9,6.1,28282,0
CCCXW.US,60,20251219,210000,6.1,6.1001,5.9,5.91,8991,0
CCCXW.US,60,20251219,220000,5.99,5.99,5.88,5.9,2426,0
CCCXW.US,60,20251222,160000,6.2,6.37,6.1,6.29,10463,0
CCCXW.US,60,20251222,170000,6.29,6.3,6.19,6.25,17518,0
CCCXW.US,60,20251222,180000,6.21,6.6899,6.2,6.53,27359,0
CCCXW.US,60,20251222,190000,6.6896,6.69,6.4502,6.55,19974,0
CCCXW.US,60,20251222,200000,6.47,6.62,6.4,6.55,29681,0
CCCXW.US,60,20251222,210000,6.5459,6.7,6.5,6.61,21835,0
CCCXW.US,60,20251222,220000,6.68,6.7,6.545,6.66,26234,0
CCCXW.US,60,20251223,160000,6.67,7.36,6.65,6.96,36831,0
CCCXW.US,60,20251223,170000,7,7.7982,6.9,7.49,63919,0
CCCXW.US,60,20251223,180000,7.48,7.5263,7.3,7.45,20919,0
CCCXW.US,60,20251223,190000,7.5,7.705,7.3,7.7,13153,0
CCCXW.US,60,20251223,200000,7.66,8.48,7.61,8.44,60438,0
CCCXW.US,60,20251223,210000,8.33,8.84,8.13,8.149,49834,0
CCCXW.US,60,20251223,220000,8.2,8.4,7.87,8.23,64875,0
CCCXW.US,60,20251224,160000,8.82,8.82,8.275,8.7,27089,0
CCCXW.US,60,20251224,170000,8.67,8.945,8.6,8.85,25699,0
CCCXW.US,60,20251224,180000,8.61,8.83,8.51,8.63,24621,0
CCCXW.US,60,20251224,190000,8.73,9.09,8.67,8.95,52136,0
CCCXW.US,60,20251224,200000,8.88,8.88,8.8501,8.8501,700,0
CCCXW.US,60,20251226,160000,9.1,9.1001,8.48,8.65,8882,0
CCCXW.US,60,20251226,170000,8.6099,8.85,8.47,8.84,7201,0
CCCXW.US,60,20251226,180000,8.9,8.95,8.7,8.75,7882,0
CCCXW.US,60,20251226,190000,8.82,8.8694,8.6,8.63,13070,0
CCCXW.US,60,20251226,200000,8.71,8.89,8.4,8.62,6005,0
CCCXW.US,60,20251226,210000,8.76,8.9,8.62,8.8,12222,0
CCCXW.US,60,20251226,220000,8.805,8.82,8.5,8.73,5499,0
