<TICKER>,<PER>,<DATE>,<TIME>,<OPEN>,<HIGH>,<LOW>,<CLOSE>,<VOL>,<OPENINT>
CCIX.US,60,20240624,160000,10,10.05,10,10.04,1699,0
CCIX.US,60,20240624,180000,10.03,10.03,10.03,10.03,100,0
CCIX.US,60,20240624,190000,10.025,10.03,10.025,10.03,9850,0
CCIX.US,60,20240624,200000,10.03,10.04,10.02,10.03,5500,0
CCIX.US,60,20240624,220000,10.03,10.03,10.03,10.03,1250,0
CCIX.US,60,20240625,160000,10.04,10.04,10.04,10.04,130,0
CCIX.US,60,20240625,170000,10.03,10.03,10.02,10.02,477876,0
CCIX.US,60,20240625,180000,10.02,10.02,10.02,10.02,501,0
CCIX.US,60,20240625,200000,10.02,10.02,10.02,10.02,100200,0
CCIX.US,60,20240625,220000,10.04,10.04,10.04,10.04,300,0
CCIX.US,60,20240626,170000,10.02,10.02,10.02,10.02,2300,0
CCIX.US,60,20240626,180000,10.0159,10.02,10.0159,10.02,25700,0
CCIX.US,60,20240626,190000,10.02,10.04,10.02,10.04,22900,0
CCIX.US,60,20240626,210000,10.0299,10.0299,10.0299,10.0299,100,0
CCIX.US,60,20240627,160000,10.03,10.03,10.03,10.03,4900,0
CCIX.US,60,20240627,170000,10.03,10.03,10.03,10.03,152,0
CCIX.US,60,20240627,180000,10.024,10.024,10.024,10.024,1904,0
CCIX.US,60,20240627,190000,10.024,10.03,10.024,10.03,2200,0
CCIX.US,60,20240627,200000,10.03,10.03,10.03,10.03,26000,0
CCIX.US,60,20240627,210000,10.024,10.03,10.024,10.0291,3200,0
CCIX.US,60,20240628,160000,10.03,10.03,10.03,10.03,1083,0
CCIX.US,60,20240628,180000,10.0276,10.03,10.0276,10.0299,2814,0
CCIX.US,60,20240628,200000,10.03,10.03,10.025,10.0299,3814,0
CCIX.US,60,20240628,220000,10.03,10.03,10.02,10.02,2407,0
CCIX.US,60,20240701,160000,10.02,10.02,10.02,10.02,50000,0
CCIX.US,60,20240701,190000,10.03,10.03,10.03,10.03,26813,0
CCIX.US,60,20240701,200000,10.03,10.03,10.0299,10.0299,5726,0
CCIX.US,60,20240701,220000,10.03,10.03,10.02,10.02,31590,0
CCIX.US,60,20240702,160000,10.02,10.02,10.02,10.02,1166,0
CCIX.US,60,20240702,220000,10.03,10.04,10.03,10.03,6519,0
CCIX.US,60,20240705,160000,10.04,10.04,10.04,10.04,500,0
CCIX.US,60,20240708,190000,10.03,10.03,10.03,10.03,27258,0
CCIX.US,60,20240708,200000,10.03,10.03,10.02,10.02,197497,0
CCIX.US,60,20240708,210000,10.02,10.025,10.02,10.025,10276,0
CCIX.US,60,20240708,220000,10.04,10.04,10.008,10.008,290062,0
CCIX.US,60,20240709,160000,10.02,10.02,10.015,10.015,7105,0
CCIX.US,60,20240709,180000,10.015,10.015,10.015,10.015,100,0
CCIX.US,60,20240709,220000,10.015,10.015,10.015,10.015,200,0
CCIX.US,60,20240710,160000,10.03,10.03,10.03,10.03,200,0
CCIX.US,60,20240710,220000,10.025,10.025,10.025,10.025,200,0
CCIX.US,60,20240711,180000,10.02,10.02,10.02,10.02,9700,0
CCIX.US,60,20240711,220000,10.01,10.015,10.01,10.01,31188,0
CCIX.US,60,20240712,180000,10.01,10.01,10.01,10.01,100,0
CCIX.US,60,20240715,220000,10.015,10.02,10.01,10.015,2588,0
CCIX.US,60,20240716,200000,10.01,10.01,10.01,10.01,152,0
CCIX.US,60,20240718,180000,10.01,10.02,10.01,10.02,151197,0
CCIX.US,60,20240718,190000,10.015,10.02,10.015,10.02,1998,0
CCIX.US,60,20240718,210000,10.015,10.52,10.015,10.02,289468,0
CCIX.US,60,20240718,220000,10.03,10.03,10.02,10.02,4322,0
CCIX.US,60,20240719,180000,10.02,10.02,10.02,10.02,700,0
CCIX.US,60,20240719,190000,10.02,10.02,10.02,10.02,2900,0
CCIX.US,60,20240719,200000,10.02,10.02,10.02,10.02,2800,0
CCIX.US,60,20240719,210000,10.02,10.02,10.02,10.02,3900,0
CCIX.US,60,20240719,220000,10.02,10.02,10.02,10.02,4400,0
CCIX.US,60,20240722,160000,10.03,10.03,10.02,10.02,600,0
CCIX.US,60,20240722,170000,10.02,10.02,10.02,10.02,200,0
CCIX.US,60,20240722,180000,10.0231,10.0231,10.0231,10.0231,100,0
CCIX.US,60,20240722,200000,10.03,10.03,10.03,10.03,300,0
CCIX.US,60,20240722,220000,10.02,10.02,10.02,10.02,2627,0
CCIX.US,60,20240723,160000,10.03,10.03,10.03,10.03,2199,0
CCIX.US,60,20240723,200000,10.03,10.03,10.03,10.03,100,0
CCIX.US,60,20240723,220000,10.02,10.03,10.02,10.03,2408,0
CCIX.US,60,20240724,180000,10.02,10.02,10.02,10.02,100,0
CCIX.US,60,20240726,170000,10.02,10.02,10.02,10.02,100,0
CCIX.US,60,20240726,180000,10.03,10.03,10.03,10.03,15000,0
CCIX.US,60,20240726,200000,10.02,10.02,10.02,10.02,100,0
CCIX.US,60,20240729,160000,10.03,10.03,10.03,10.03,224,0
CCIX.US,60,20240729,170000,10.02,10.02,10.02,10.02,100,0
CCIX.US,60,20240729,220000,10.025,10.025,10.025,10.025,200,0
CCIX.US,60,20240730,160000,10.0235,10.025,10.02,10.02,14000,0
CCIX.US,60,20240730,170000,10.03,10.03,10.0299,10.0299,1475,0
CCIX.US,60,20240730,190000,10.03,10.03,10.02,10.03,15103,0
CCIX.US,60,20240730,200000,10.0263,10.0263,10.0263,10.0263,1825,0
CCIX.US,60,20240730,220000,10.02,10.02,10.01,10.015,94226,0
CCIX.US,60,20240731,160000,10.02,10.02,10.02,10.02,20817,0
CCIX.US,60,20240731,190000,10.02,10.02,10.02,10.02,11938,0
CCIX.US,60,20240802,220000,10.01,10.03,10.01,10.03,123862,0
CCIX.US,60,20240805,160000,10.03,10.03,10.03,10.03,246,0
CCIX.US,60,20240805,210000,10.02,10.03,10.02,10.0295,1900,0
CCIX.US,60,20240807,220000,10.02,10.02,10.02,10.02,179100,0
CCIX.US,60,20240808,160000,10.02,10.02,10.02,10.02,1861,0
CCIX.US,60,20240808,180000,10.02,10.02,10.02,10.02,51310,0
CCIX.US,60,20240808,190000,10.03,10.03,10.02,10.02,76496,0
CCIX.US,60,20240808,220000,10.02,10.03,10.02,10.02,7471,0
CCIX.US,60,20240809,210000,10.03,10.03,10.03,10.03,1000,0
CCIX.US,60,20240809,220000,10.02,10.03,10.02,10.03,65111,0
CCIX.US,60,20240812,170000,10.025,10.03,10.025,10.025,6903,0
CCIX.US,60,20240812,180000,10.03,10.03,10.03,10.03,500,0
CCIX.US,60,20240812,190000,10.03,10.03,10.025,10.03,6113,0
CCIX.US,60,20240812,200000,10.03,10.03,10.03,10.03,400,0
CCIX.US,60,20240812,210000,10.03,10.03,10.03,10.03,300,0
CCIX.US,60,20240812,220000,10.03,10.03,10.025,10.03,1616,0
CCIX.US,60,20240813,200000,10.0219,10.0219,10.0219,10.0219,1600,0
CCIX.US,60,20240813,210000,10.03,10.03,10.03,10.03,500,0
CCIX.US,60,20240814,160000,10.03,10.03,10.03,10.03,141,0
CCIX.US,60,20240814,180000,10.03,10.03,10.02,10.03,19841,0
CCIX.US,60,20240814,190000,10.03,10.03,10.03,10.03,100,0
CCIX.US,60,20240814,200000,10.0272,10.0272,10.0272,10.0272,1386,0
CCIX.US,60,20240814,210000,10.03,10.03,10.028,10.028,900,0
CCIX.US,60,20240815,170000,10.03,10.03,10.02,10.02,25968,0
CCIX.US,60,20240815,180000,10.02,10.02,10.02,10.02,500000,0
CCIX.US,60,20240815,200000,10.03,10.03,10.02,10.02,302,0
CCIX.US,60,20240815,210000,10.025,10.025,10.02,10.02,14000,0
CCIX.US,60,20240816,200000,10.03,10.03,10.02,10.02,25972,0
CCIX.US,60,20240823,210000,10.015,10.015,10.015,10.015,100,0
CCIX.US,60,20240826,190000,10.02,10.02,10.02,10.02,22200,0
CCIX.US,60,20240826,210000,10.02,10.02,10.015,10.02,266800,0
CCIX.US,60,20240826,220000,10.02,10.02,10.015,10.02,23300,0
CCIX.US,60,20240827,160000,10.015,10.015,10.01,10.01,19300,0
CCIX.US,60,20240827,170000,10.01,10.013,10.01,10.01,3869,0
CCIX.US,60,20240827,180000,10.01,10.01,10.005,10.01,36400,0
CCIX.US,60,20240827,210000,10.01,10.02,10.01,10.02,23941,0
CCIX.US,60,20240828,170000,10.01,10.01,10.01,10.01,300,0
CCIX.US,60,20240828,220000,10.015,10.015,10.01,10.01,1700,0
CCIX.US,60,20240829,170000,10.01,10.01,10.01,10.01,109,0
CCIX.US,60,20240829,220000,10.01,10.01,10.01,10.01,18114,0
CCIX.US,60,20240903,170000,10.005,10.01,10,10.01,26000,0
CCIX.US,60,20240903,180000,10,10,10,10,186,0
CCIX.US,60,20240903,200000,10.01,10.01,10.01,10.01,6486,0
CCIX.US,60,20240903,220000,10.005,10.005,9.995,9.995,25789,0
CCIX.US,60,20240906,170000,10,10.01,10,10.01,80317,0
CCIX.US,60,20240906,180000,10.01,10.01,10.01,10.01,80000,0
CCIX.US,60,20240909,190000,10.015,10.015,10.015,10.015,50000,0
CCIX.US,60,20240910,180000,10.02,10.02,10.02,10.02,50000,0
CCIX.US,60,20240911,200000,10.015,10.02,10.01,10.01,11200,0
CCIX.US,60,20240911,210000,10.01,10.01,10.01,10.01,20500,0
CCIX.US,60,20240911,220000,10.01,10.01,10,10.01,201300,0
CCIX.US,60,20240912,200000,10.01,10.02,10.01,10.02,600,0
CCIX.US,60,20240916,210000,10.02,10.02,10.02,10.02,2918,0
CCIX.US,60,20240919,200000,10.02,10.02,10.02,10.02,3100,0
CCIX.US,60,20240920,210000,10.0188,10.0188,10.0188,10.0188,10000,0
CCIX.US,60,20240923,160000,10.02,10.02,10.02,10.02,81600,0
CCIX.US,60,20240923,220000,10.015,10.02,10.015,10.02,18000,0
CCIX.US,60,20240924,170000,10.015,10.015,10.015,10.015,240,0
CCIX.US,60,20240924,190000,10.015,10.015,10.015,10.015,250,0
CCIX.US,60,20240924,220000,10.015,10.015,10.015,10.015,6700,0
CCIX.US,60,20240925,170000,10.015,10.015,10.015,10.015,2400,0
CCIX.US,60,20240925,180000,10.01,10.01,10.01,10.01,148,0
CCIX.US,60,20240925,190000,10.015,10.015,10.015,10.015,6400,0
CCIX.US,60,20240925,210000,10.01,10.01,10.01,10.01,10470,0
CCIX.US,60,20240926,170000,10.02,10.02,10.015,10.015,38300,0
CCIX.US,60,20240926,180000,10.02,10.025,10.02,10.02,24900,0
CCIX.US,60,20240926,210000,10.01,10.01,10.01,10.01,28700,0
CCIX.US,60,20240927,220000,10.015,10.015,10.01,10.01,93300,0
CCIX.US,60,20240930,180000,10.02,10.02,10.02,10.02,686,0
CCIX.US,60,20240930,200000,10.02,10.02,10.02,10.02,50000,0
CCIX.US,60,20241002,180000,10.01,10.03,10.01,10.03,157000,0
CCIX.US,60,20241003,190000,10.03,10.03,10.03,10.03,500,0
CCIX.US,60,20241007,200000,10.02,10.02,10.02,10.02,100,0
CCIX.US,60,20241008,160000,10.03,10.03,10.03,10.03,200,0
CCIX.US,60,20241008,170000,10.02,10.02,10.02,10.02,3600,0
CCIX.US,60,20241008,180000,10.02,10.02,10.02,10.02,25000,0
CCIX.US,60,20241008,210000,10.015,10.03,10.01,10.03,67232,0
CCIX.US,60,20241009,180000,10.025,10.04,10.025,10.04,64041,0
CCIX.US,60,20241010,190000,10.03,10.03,10.02,10.02,1256100,0
CCIX.US,60,20241010,210000,10.035,10.035,10.03,10.03,1000,0
CCIX.US,60,20241011,170000,10.02,10.02,10.02,10.02,1542,0
CCIX.US,60,20241011,220000,10.02,10.02,10.01,10.01,5661,0
CCIX.US,60,20241014,160000,10.05,10.05,10.02,10.02,200,0
CCIX.US,60,20241014,170000,10.02,10.02,10.02,10.02,652,0
CCIX.US,60,20241014,180000,10.02,10.02,10.02,10.02,307,0
CCIX.US,60,20241018,220000,10.04,10.05,10.04,10.05,3216,0
CCIX.US,60,20241023,170000,10.05,10.05,10.0474,10.05,1930,0
CCIX.US,60,20241024,180000,10.0549,10.0549,10.0549,10.0549,2000,0
CCIX.US,60,20241024,190000,10.04,10.04,10.04,10.04,455000,0
CCIX.US,60,20241024,220000,10.06,10.06,10.059,10.0599,6500,0
CCIX.US,60,20241028,170000,10.05,10.05,10.05,10.05,87700,0
CCIX.US,60,20241028,180000,10.04,10.045,10.04,10.045,300,0
CCIX.US,60,20241028,190000,10.05,10.055,10.05,10.05,28887,0
CCIX.US,60,20241029,150000,10.05,10.05,10.05,10.05,8475,0
CCIX.US,60,20241029,160000,10.05,10.05,10.05,10.05,6075,0
CCIX.US,60,20241030,150000,10.05,10.05,10.05,10.05,2325,0
CCIX.US,60,20241030,200000,10.05,10.05,10.05,10.05,50000,0
CCIX.US,60,20241030,210000,10.06,10.06,10.055,10.055,7775,0
CCIX.US,60,20241106,170000,10.04,10.06,10.04,10.06,771,0
CCIX.US,60,20241106,180000,10.04,10.04,10.04,10.04,9557,0
CCIX.US,60,20241106,220000,10.06,10.06,10.06,10.06,394,0
CCIX.US,60,20241114,170000,10.05,10.06,10.04,10.06,38700,0
CCIX.US,60,20241114,190000,10.05,10.05,10.05,10.05,10000,0
CCIX.US,60,20241114,200000,10.05,10.05,10.05,10.05,60000,0
CCIX.US,60,20241114,220000,10.05,10.05,10.05,10.05,2000,0
CCIX.US,60,20241119,170000,10.06,10.07,10.06,10.06,53299,0
CCIX.US,60,20241119,180000,10.06,10.06,10.06,10.06,25000,0
CCIX.US,60,20241119,200000,10.065,10.065,10.065,10.065,499,0
CCIX.US,60,20241120,170000,10.0699,10.08,10.065,10.0799,29200,0
CCIX.US,60,20241120,180000,10.07,10.12,10.07,10.12,202859,0
CCIX.US,60,20241120,190000,10.1,10.12,10.1,10.1,4661,0
CCIX.US,60,20241120,200000,10.125,10.125,10.125,10.125,100,0
CCIX.US,60,20241120,220000,10.145,10.15,10.14,10.15,441569,0
CCIX.US,60,20241121,170000,10.21,11.17,10.15,10.2,6545,0
CCIX.US,60,20241121,180000,10.235,10.2385,10.23,10.23,1150,0
CCIX.US,60,20241121,220000,10.2,10.37,10.2,10.2,98426,0
CCIX.US,60,20241122,170000,10.3,10.38,10.22,10.23,3500,0
CCIX.US,60,20241122,180000,10.26,10.26,10.23,10.23,12976,0
CCIX.US,60,20241122,190000,10.2505,10.26,10.25,10.26,1600,0
CCIX.US,60,20241122,200000,10.3,10.63,10.27,10.3,17600,0
CCIX.US,60,20241122,220000,10.29,10.3,10.29,10.3,128541,0
CCIX.US,60,20241125,160000,10.3,10.3,10.3,10.3,15000,0
CCIX.US,60,20241125,170000,10.325,10.325,10.325,10.325,999,0
CCIX.US,60,20241125,180000,10.35,10.35,10.35,10.35,965,0
CCIX.US,60,20241125,200000,10.32,10.32,10.32,10.32,800300,0
CCIX.US,60,20241125,210000,10.34,10.34,10.34,10.34,100,0
CCIX.US,60,20241125,220000,10.32,10.32,10.32,10.32,200,0
CCIX.US,60,20241126,160000,10.35,10.35,10.35,10.35,200,0
CCIX.US,60,20241126,180000,10.34,10.34,10.32,10.32,196405,0
CCIX.US,60,20241126,190000,10.29,10.29,10.29,10.29,500,0
CCIX.US,60,20241126,220000,10.3,10.3,10.3,10.3,200,0
CCIX.US,60,20241127,170000,10.35,10.35,10.25,10.3,18720,0
CCIX.US,60,20241127,180000,10.35,10.35,10.25,10.26,28950,0
CCIX.US,60,20241127,190000,10.33,10.33,10.33,10.33,99843,0
CCIX.US,60,20241127,220000,10.3499,10.35,10.33,10.33,900,0
CCIX.US,60,20241129,180000,10.39,10.39,10.345,10.39,3700,0
CCIX.US,60,20241129,190000,10.39,10.43,10.3899,10.39,9776,0
CCIX.US,60,20241202,220000,10.37,10.37,10.37,10.37,200,0
CCIX.US,60,20241203,180000,10.32,10.32,10.32,10.32,400,0
CCIX.US,60,20241203,190000,10.32,10.32,10.31,10.32,1864,0
CCIX.US,60,20241203,200000,10.32,10.36,10.28,10.28,13428,0
CCIX.US,60,20241203,210000,10.3,10.35,10.3,10.35,60476,0
CCIX.US,60,20241204,160000,10.31,10.33,10.31,10.31,2900,0
CCIX.US,60,20241204,170000,10.32,10.36,10.32,10.36,160500,0
CCIX.US,60,20241204,190000,10.34,10.34,10.34,10.34,100,0
CCIX.US,60,20241204,200000,10.32,10.32,10.32,10.32,356,0
CCIX.US,60,20241204,210000,10.33,10.33,10.33,10.33,200,0
CCIX.US,60,20241204,220000,10.37,10.37,10.37,10.37,400,0
CCIX.US,60,20241205,190000,10.4,10.4,10.4,10.4,100,0
CCIX.US,60,20241205,210000,10.36,10.36,10.34,10.34,1700,0
CCIX.US,60,20241205,220000,10.34,10.4,10.34,10.4,1100,0
CCIX.US,60,20241206,170000,10.44,10.44,10.3566,10.39,5652,0
CCIX.US,60,20241206,180000,10.39,10.39,10.39,10.39,100,0
CCIX.US,60,20241206,200000,10.39,10.39,10.39,10.39,100,0
CCIX.US,60,20241206,220000,10.37,10.37,10.37,10.37,323,0
CCIX.US,60,20241209,160000,10.3323,10.3323,10.3323,10.3323,2017,0
CCIX.US,60,20241209,180000,10.3556,10.44,10.3556,10.44,52750,0
CCIX.US,60,20241209,190000,10.405,10.405,10.39,10.39,1100,0
CCIX.US,60,20241209,210000,10.41,10.41,10.41,10.41,400,0
CCIX.US,60,20241209,220000,10.39,10.39,10.39,10.39,825,0
CCIX.US,60,20241211,170000,10.6,11.0173,10.6,10.75,5335,0
CCIX.US,60,20241211,180000,10.75,10.75,10.75,10.75,500,0
CCIX.US,60,20241211,190000,10.45,10.45,10.41,10.43,1200,0
CCIX.US,60,20241211,200000,10.42,10.45,10.42,10.45,200,0
CCIX.US,60,20241211,220000,10.4,10.44,10.38,10.44,1500,0
CCIX.US,60,20241212,190000,10.55,10.55,10.55,10.55,100,0
CCIX.US,60,20241212,210000,10.5,10.5,10.5,10.5,5000,0
CCIX.US,60,20241216,170000,10.412,10.412,10.412,10.412,1100,0
CCIX.US,60,20241217,160000,10.46,10.46,10.46,10.46,619,0
CCIX.US,60,20241217,190000,10.55,10.55,10.44,10.44,637,0
CCIX.US,60,20241217,200000,10.44,10.44,10.37,10.37,2477,0
CCIX.US,60,20241218,160000,10.37,10.37,10.37,10.37,867,0
CCIX.US,60,20241218,220000,10.525,10.525,10.525,10.525,2000,0
CCIX.US,60,20241219,160000,10.37,10.37,10.37,10.37,150,0
CCIX.US,60,20241219,220000,10.35,10.35,10.35,10.35,311,0
CCIX.US,60,20241220,160000,10.35,10.35,10.35,10.35,200,0
CCIX.US,60,20241220,170000,10.35,10.35,10.35,10.35,563,0
CCIX.US,60,20241220,180000,10.35,10.35,10.35,10.35,337,0
CCIX.US,60,20241220,190000,10.35,10.35,10.35,10.35,11200,0
CCIX.US,60,20241220,200000,10.21,10.285,10.21,10.285,700,0
CCIX.US,60,20241220,220000,10.285,10.285,10.28,10.28,361,0
CCIX.US,60,20241223,200000,10.25,10.25,10.25,10.25,100,0
CCIX.US,60,20241223,220000,10.26,10.26,10.26,10.26,100,0
CCIX.US,60,20241226,180000,10.22,10.22,10.22,10.22,100,0
CCIX.US,60,20241226,190000,10.2443,10.25,10.2443,10.25,50500,0
CCIX.US,60,20241226,200000,10.22,10.22,10.22,10.22,100,0
CCIX.US,60,20241226,210000,10.3671,10.3671,10.3671,10.3671,116,0
CCIX.US,60,20241227,170000,10.3,10.3411,10.225,10.3411,15528,0
CCIX.US,60,20241227,200000,10.3,10.3,10.3,10.3,205,0
CCIX.US,60,20241227,220000,10.3063,10.3063,10.3063,10.3063,600,0
CCIX.US,60,20241230,170000,10.3,10.3,10.3,10.3,186,0
CCIX.US,60,20241230,180000,10.325,10.325,10.3,10.3063,3237,0
CCIX.US,60,20241230,200000,10.3,10.3,10.3,10.3,105,0
CCIX.US,60,20241231,170000,10.3,10.3,10.3,10.3,273,0
CCIX.US,60,20241231,200000,10.3,10.3,10.3,10.3,129,0
CCIX.US,60,20250102,170000,10.3,10.3,10.3,10.3,287,0
CCIX.US,60,20250102,200000,10.3,10.3,10.3,10.3,154,0
CCIX.US,60,20250103,170000,10.3,10.3,10.3,10.3,136,0
CCIX.US,60,20250106,200000,10.53,10.53,10.53,10.53,100,0
CCIX.US,60,20250107,160000,10.41,10.41,10.41,10.41,403,0
CCIX.US,60,20250107,170000,10.345,10.345,10.345,10.345,500,0
CCIX.US,60,20250107,180000,10.3899,10.39,10.37,10.39,775,0
CCIX.US,60,20250107,190000,10.37,10.37,10.37,10.37,200,0
CCIX.US,60,20250107,200000,10.385,10.395,10.385,10.395,7000,0
CCIX.US,60,20250107,210000,10.395,10.397,10.395,10.395,2200,0
CCIX.US,60,20250107,220000,10.395,10.396,10.395,10.396,200,0
CCIX.US,60,20250108,180000,10.4,10.4,10.4,10.4,100,0
CCIX.US,60,20250108,210000,10.38,10.38,10.38,10.38,300,0
CCIX.US,60,20250110,220000,10.33,10.33,10.33,10.33,1001,0
CCIX.US,60,20250113,170000,10.355,10.355,10.355,10.355,100,0
CCIX.US,60,20250115,190000,10.52,10.52,10.45,10.45,200,0
CCIX.US,60,20250116,160000,10.3,10.3,10.3,10.3,100,0
CCIX.US,60,20250116,220000,10.44,10.44,10.44,10.44,100,0
CCIX.US,60,20250121,170000,10.48,10.48,10.48,10.48,100,0
CCIX.US,60,20250121,180000,10.3074,10.32,10.3,10.32,1571,0
CCIX.US,60,20250121,190000,10.45,10.45,10.45,10.45,100,0
CCIX.US,60,20250121,200000,10.32,10.32,10.32,10.32,824,0
CCIX.US,60,20250122,180000,10.32,10.32,10.3,10.3,25997,0
CCIX.US,60,20250122,190000,10.325,10.325,10.325,10.325,300,0
CCIX.US,60,20250122,200000,10.3,10.3,10.3,10.3,5300,0
CCIX.US,60,20250122,210000,10.3,10.3,10.2999,10.3,3841,0
CCIX.US,60,20250123,160000,10.3,10.35,10.3,10.3,1400,0
CCIX.US,60,20250123,170000,10.32,10.32,10.32,10.32,1000,0
CCIX.US,60,20250124,160000,10.3,10.3,10.3,10.3,3400,0
CCIX.US,60,20250124,220000,10.35,10.35,10.35,10.35,100,0
CCIX.US,60,20250127,180000,10.301,10.3071,10.3,10.3071,1298,0
CCIX.US,60,20250127,190000,10.33,10.33,10.33,10.33,200,0
CCIX.US,60,20250127,200000,10.33,10.33,10.31,10.31,600,0
CCIX.US,60,20250128,220000,10.31,10.35,10.31,10.35,349,0
CCIX.US,60,20250129,170000,10.31,10.35,10.3,10.31,18496,0
CCIX.US,60,20250129,220000,10.3514,10.38,10.35,10.38,13080,0
CCIX.US,60,20250131,170000,10.4,10.4,10.4,10.4,202,0
CCIX.US,60,20250203,190000,10.37,10.3818,10.37,10.3818,200,0
CCIX.US,60,20250206,170000,10.32,10.415,10.31,10.38,4400,0
CCIX.US,60,20250206,180000,10.38,10.38,10.38,10.38,200,0
CCIX.US,60,20250206,190000,10.38,10.38,10.38,10.38,200,0
CCIX.US,60,20250206,200000,10.38,10.38,10.38,10.38,200,0
CCIX.US,60,20250206,210000,10.38,10.38,10.38,10.38,100,0
CCIX.US,60,20250207,180000,10.41,10.41,10.41,10.41,2000,0
CCIX.US,60,20250210,170000,10.41,10.41,10.41,10.41,100,0
CCIX.US,60,20250210,190000,10.39,10.39,10.39,10.39,371,0
CCIX.US,60,20250210,210000,10.37,10.37,10.35,10.35,5695,0
CCIX.US,60,20250210,220000,10.34,10.5,10.34,10.5,4778,0
CCIX.US,60,20250218,210000,10.4085,10.4085,10.4085,10.4085,466,0
CCIX.US,60,20250219,170000,10.39,10.39,10.39,10.39,131096,0
CCIX.US,60,20250219,180000,10.37,10.37,10.37,10.37,100,0
CCIX.US,60,20250219,210000,10.37,10.37,10.37,10.37,200,0
CCIX.US,60,20250219,220000,10.37,10.39,10.37,10.37,141512,0
CCIX.US,60,20250220,170000,10.3554,10.42,10.32,10.42,1200,0
CCIX.US,60,20250220,180000,10.42,10.42,10.41,10.42,5000,0
CCIX.US,60,20250220,190000,10.41,10.48,10.4,10.44,175155,0
CCIX.US,60,20250220,220000,10.46,10.47,10.455,10.46,19318,0
CCIX.US,60,20250221,160000,10.48,10.48,10.45,10.46,12800,0
CCIX.US,60,20250221,170000,10.5,10.55,10.4999,10.5423,28127,0
CCIX.US,60,20250221,180000,10.5368,10.55,10.5342,10.5342,17918,0
CCIX.US,60,20250221,190000,10.55,10.65,10.55,10.65,3876,0
CCIX.US,60,20250221,210000,10.64,10.64,10.51,10.56,641,0
CCIX.US,60,20250224,170000,10.6,10.6,10.6,10.6,227,0
CCIX.US,60,20250224,210000,10.56,10.56,10.5295,10.5295,578,0
CCIX.US,60,20250224,220000,10.56,10.6,10.56,10.56,5100,0
CCIX.US,60,20250225,170000,10.65,10.65,10.61,10.61,1490,0
CCIX.US,60,20250225,180000,10.59,10.59,10.59,10.59,200,0
CCIX.US,60,20250225,190000,10.57,10.59,10.56,10.56,1398,0
CCIX.US,60,20250225,220000,10.55,10.55,10.53,10.5386,1200,0
CCIX.US,60,20250226,170000,10.5201,10.5201,10.5201,10.5201,250,0
CCIX.US,60,20250226,180000,10.53,10.6,10.53,10.6,6063,0
CCIX.US,60,20250226,190000,10.6,10.6,10.575,10.575,2100,0
CCIX.US,60,20250226,210000,10.5675,10.575,10.56,10.575,465,0
CCIX.US,60,20250226,220000,10.56,10.56,10.56,10.56,400,0
CCIX.US,60,20250227,160000,10.56,10.56,10.56,10.56,400,0
CCIX.US,60,20250227,220000,10.57,10.57,10.57,10.57,100,0
CCIX.US,60,20250228,180000,10.57,10.57,10.57,10.57,946,0
CCIX.US,60,20250228,210000,10.55,10.55,10.54,10.54,1800,0
CCIX.US,60,20250228,220000,10.52,10.55,10.52,10.52,19800,0
CCIX.US,60,20250303,180000,10.57,10.65,10.56,10.56,155430,0
CCIX.US,60,20250303,190000,10.57,10.64,10.57,10.6,5000,0
CCIX.US,60,20250303,200000,10.64,10.64,10.64,10.64,100,0
CCIX.US,60,20250303,220000,10.55,10.55,10.55,10.55,1000,0
CCIX.US,60,20250304,180000,10.56,10.6,10.52,10.52,472,0
CCIX.US,60,20250304,210000,10.565,10.565,10.53,10.53,25443,0
CCIX.US,60,20250304,220000,10.565,10.6,10.565,10.6,230,0
CCIX.US,60,20250305,160000,10.6,10.6,10.6,10.6,100,0
CCIX.US,60,20250305,190000,10.52,10.52,10.52,10.52,600,0
CCIX.US,60,20250305,200000,10.6,10.6,10.6,10.6,100,0
CCIX.US,60,20250305,210000,10.532,10.532,10.532,10.532,100,0
CCIX.US,60,20250305,220000,10.5902,10.5902,10.5902,10.5902,257,0
CCIX.US,60,20250307,170000,10.6432,10.6432,10.5757,10.5757,1500,0
CCIX.US,60,20250307,180000,10.6,10.6,10.57,10.5765,9344,0
CCIX.US,60,20250307,190000,10.6,10.6,10.6,10.6,308,0
CCIX.US,60,20250307,200000,10.6207,10.6207,10.58,10.58,600,0
CCIX.US,60,20250307,210000,10.63,10.63,10.63,10.63,100,0
CCIX.US,60,20250307,220000,10.61,10.65,10.61,10.61,6900,0
CCIX.US,60,20250310,150000,10.68,10.68,10.68,10.68,200,0
CCIX.US,60,20250310,160000,10.53,10.68,10.52,10.68,25411,0
CCIX.US,60,20250310,200000,10.58,10.69,10.57,10.69,1000,0
CCIX.US,60,20250310,210000,10.61,10.61,10.61,10.61,300,0
CCIX.US,60,20250311,180000,10.6312,10.68,10.57,10.64,1300,0
CCIX.US,60,20250311,190000,10.6131,10.6131,10.57,10.57,1200,0
CCIX.US,60,20250312,210000,10.62,10.62,10.6,10.61,766,0
CCIX.US,60,20250313,150000,10.82,10.82,10.72,10.72,735,0
CCIX.US,60,20250313,160000,10.66,10.66,10.6,10.6,200,0
CCIX.US,60,20250313,170000,10.6,10.69,10.6,10.62,3800,0
CCIX.US,60,20250313,210000,10.6,10.6,10.57,10.57,2503,0
CCIX.US,60,20250314,160000,10.66,10.66,10.66,10.66,100,0
CCIX.US,60,20250314,170000,10.6059,10.67,10.6059,10.67,200,0
CCIX.US,60,20250314,210000,10.625,10.625,10.6,10.62,600,0
CCIX.US,60,20250317,160000,10.6,10.64,10.6,10.64,553,0
CCIX.US,60,20250317,200000,10.6,10.6,10.6,10.6,1190,0
CCIX.US,60,20250317,210000,10.6,10.62,10.6,10.61,6011,0
CCIX.US,60,20250318,150000,10.61,10.61,10.61,10.61,100,0
CCIX.US,60,20250318,160000,10.5734,10.6,10.57,10.5701,39384,0
CCIX.US,60,20250318,190000,10.59,10.69,10.59,10.69,4635,0
CCIX.US,60,20250319,150000,10.6,10.62,10.6,10.62,2353,0
CCIX.US,60,20250319,160000,10.68,10.68,10.68,10.68,100,0
CCIX.US,60,20250319,190000,10.62,10.65,10.62,10.62,5164,0
CCIX.US,60,20250319,200000,10.68,10.68,10.68,10.68,100,0
CCIX.US,60,20250321,160000,10.68,10.68,10.68,10.68,500,0
CCIX.US,60,20250324,180000,10.6268,10.68,10.6268,10.68,200,0
CCIX.US,60,20250325,170000,10.68,10.68,10.68,10.68,100,0
CCIX.US,60,20250325,210000,10.65,10.65,10.65,10.65,100,0
CCIX.US,60,20250326,180000,10.68,10.79,10.68,10.68,5400,0
CCIX.US,60,20250326,190000,11.01,11.01,10.82,10.82,1200,0
CCIX.US,60,20250326,200000,10.82,11,10.68,10.76,3100,0
CCIX.US,60,20250326,210000,10.7,10.78,10.7,10.78,113359,0
CCIX.US,60,20250327,160000,10.78,10.78,10.78,10.78,135000,0
CCIX.US,60,20250327,170000,10.78,10.865,10.705,10.75,8200,0
CCIX.US,60,20250327,200000,10.75,10.77,10.75,10.77,5300,0
CCIX.US,60,20250328,150000,10.75,10.75,10.75,10.75,1085,0
CCIX.US,60,20250328,160000,10.75,10.8,10.75,10.75,1200,0
CCIX.US,60,20250328,170000,10.8,10.8,10.8,10.8,100,0
CCIX.US,60,20250328,210000,10.75,10.75,10.75,10.75,200,0
CCIX.US,60,20250331,200000,10.75,10.8,10.75,10.8,1000,0
CCIX.US,60,20250331,210000,10.79,10.79,10.79,10.79,100,0
CCIX.US,60,20250401,190000,10.74,10.87,10.66,10.87,6000,0
CCIX.US,60,20250401,220000,10.66,10.8,10.62,10.62,4739,0
CCIX.US,60,20250402,160000,10.7608,10.77,10.69,10.77,300,0
CCIX.US,60,20250402,190000,10.6978,10.6978,10.6978,10.6978,100,0
CCIX.US,60,20250402,220000,10.76,10.8,10.74,10.8,93517,0
CCIX.US,60,20250403,170000,10.61,10.75,10.61,10.75,17563,0
CCIX.US,60,20250403,180000,10.65,10.69,10.61,10.69,11747,0
CCIX.US,60,20250403,210000,10.63,10.69,10.62,10.69,5481,0
CCIX.US,60,20250404,160000,10.6101,10.64,10.6,10.6,14000,0
CCIX.US,60,20250404,180000,10.62,10.62,10.6,10.6,300,0
CCIX.US,60,20250407,190000,10.62,10.7,10.62,10.7,559,0
CCIX.US,60,20250407,210000,10.7,10.9466,10.7,10.9466,400,0
CCIX.US,60,20250409,170000,10.71,10.75,10.71,10.75,600,0
CCIX.US,60,20250409,180000,10.59,10.59,10.59,10.59,494,0
CCIX.US,60,20250409,190000,10.67,10.67,10.67,10.67,300,0
CCIX.US,60,20250410,180000,10.7,10.7,10.7,10.7,366,0
CCIX.US,60,20250410,190000,10.7,10.71,10.7,10.7,1600,0
CCIX.US,60,20250411,210000,10.71,10.71,10.71,10.71,100,0
CCIX.US,60,20250411,220000,10.71,10.71,10.7,10.71,900,0
CCIX.US,60,20250416,170000,10.53,10.53,10.53,10.53,100,0
CCIX.US,60,20250416,200000,10.75,10.75,10.75,10.75,200,0
CCIX.US,60,20250421,180000,10.7,10.7,10.7,10.7,100,0
CCIX.US,60,20250422,160000,10.6,10.71,10.6,10.71,510,0
CCIX.US,60,20250422,210000,10.71,10.71,10.705,10.705,8410,0
CCIX.US,60,20250422,220000,10.82,10.82,10.82,10.82,100,0
CCIX.US,60,20250423,160000,10.65,10.65,10.65,10.65,2500,0
CCIX.US,60,20250423,170000,10.69,10.69,10.67,10.69,6132,0
CCIX.US,60,20250424,180000,10.8,10.8322,10.78,10.83,3151,0
CCIX.US,60,20250424,190000,10.83,10.95,10.83,10.87,107450,0
CCIX.US,60,20250424,210000,10.82,10.835,10.82,10.835,1908,0
CCIX.US,60,20250424,220000,10.84,10.84,10.84,10.84,2000,0
CCIX.US,60,20250425,180000,10.93,10.93,10.87,10.87,333,0
CCIX.US,60,20250425,190000,10.95,10.95,10.9,10.95,1442,0
CCIX.US,60,20250425,200000,10.94,10.95,10.91,10.91,2211,0
CCIX.US,60,20250425,210000,10.9,10.9,10.85,10.85,13284,0
CCIX.US,60,20250428,160000,10.86,10.86,10.86,10.86,2411,0
CCIX.US,60,20250428,170000,10.86,10.86,10.84,10.84,10300,0
CCIX.US,60,20250428,180000,10.9,10.9,10.9,10.9,2875,0
CCIX.US,60,20250428,190000,10.88,10.88,10.87,10.87,6259,0
CCIX.US,60,20250428,200000,10.88,10.94,10.88,10.94,2249,0
CCIX.US,60,20250428,210000,10.9458,10.9458,10.9458,10.9458,4000,0
CCIX.US,60,20250428,220000,10.92,10.92,10.91,10.91,860,0
CCIX.US,60,20250429,160000,11,11.11,11,11.11,5359,0
CCIX.US,60,20250429,170000,11,11.1,11,11.1,22000,0
CCIX.US,60,20250429,180000,11.06,11.1,11,11.08,150400,0
CCIX.US,60,20250429,190000,11.09,11.09,11,11,70500,0
CCIX.US,60,20250429,200000,11.08,11.08,11.035,11.05,9700,0
CCIX.US,60,20250429,210000,11.05,11.1,11.05,11.07,12452,0
CCIX.US,60,20250429,220000,11.06,11.085,11.05,11.075,15700,0
CCIX.US,60,20250430,160000,11.08,11.08,11.08,11.08,200,0
CCIX.US,60,20250430,170000,11.05,11.1,11.05,11.1,100500,0
CCIX.US,60,20250430,180000,11.05,11.05,11.03,11.05,280437,0
CCIX.US,60,20250430,190000,11.06,11.06,11.05,11.05,6500,0
CCIX.US,60,20250430,200000,11.05,11.05,11.05,11.05,2100,0
CCIX.US,60,20250430,210000,11.05,11.05,11.05,11.05,2000,0
CCIX.US,60,20250430,220000,11.05,11.05,11.05,11.05,425595,0
CCIX.US,60,20250501,160000,11.05,11.21,11.05,11.2,93793,0
CCIX.US,60,20250501,170000,11.25,11.25,11.07,11.07,139713,0
CCIX.US,60,20250501,180000,11.1,11.3,11.1,11.22,127888,0
CCIX.US,60,20250501,190000,11.2,11.21,11.15,11.18,42673,0
CCIX.US,60,20250501,200000,11.18,11.2,11.1,11.1,8427,0
CCIX.US,60,20250501,210000,11.1,11.1394,11.09,11.1394,1908,0
CCIX.US,60,20250501,220000,11.1,11.15,11.1,11.12,72680,0
CCIX.US,60,20250502,160000,11.14,11.2,11.14,11.2,3800,0
CCIX.US,60,20250502,170000,11.21,11.21,11.1,11.11,10415,0
CCIX.US,60,20250502,180000,11.15,11.175,11.15,11.175,2701,0
CCIX.US,60,20250502,190000,11.175,11.175,11.15,11.15,2569,0
CCIX.US,60,20250502,200000,11.15,11.15,11.14,11.14,2599,0
CCIX.US,60,20250502,210000,11.19,11.2,11.18,11.18,3888,0
CCIX.US,60,20250502,220000,11.21,11.255,11.21,11.22,7275,0
CCIX.US,60,20250505,160000,11.1,11.1,11,11,1561,0
CCIX.US,60,20250505,170000,11.08,11.4,11.08,11.2,17098,0
CCIX.US,60,20250505,180000,11.325,11.325,11.1,11.105,3043,0
CCIX.US,60,20250505,190000,11.1,11.15,11.02,11.02,2265,0
CCIX.US,60,20250505,200000,11.11,11.11,11.11,11.11,100,0
CCIX.US,60,20250505,210000,11.15,11.19,11.09,11.09,2249,0
CCIX.US,60,20250505,220000,11.105,11.105,11.105,11.105,100,0
CCIX.US,60,20250506,160000,11.4,11.4,11,11,2500,0
CCIX.US,60,20250506,170000,11.15,11.1512,11.1,11.1,1969,0
CCIX.US,60,20250506,180000,11.05,11.09,11.01,11.06,4200,0
CCIX.US,60,20250506,190000,11.06,11.07,11.05,11.06,9004,0
CCIX.US,60,20250506,200000,11.05,11.0799,11.02,11.0799,13100,0
CCIX.US,60,20250506,210000,11.043,11.07,11.01,11.0378,10950,0
CCIX.US,60,20250506,220000,11.035,11.035,11,11.025,3893,0
CCIX.US,60,20250507,160000,11.08,11.08,11.08,11.08,600,0
CCIX.US,60,20250507,170000,11.08,11.1,11.08,11.1,43550,0
CCIX.US,60,20250507,180000,11.1,11.11,11.095,11.11,30114,0
CCIX.US,60,20250507,190000,11.1101,11.1101,11.1,11.1,3400,0
CCIX.US,60,20250507,200000,11.1,11.11,11.1,11.1,16487,0
CCIX.US,60,20250507,210000,11.1,11.2,11.1,11.2,29400,0
CCIX.US,60,20250507,220000,11.12,11.15,11.1,11.12,10900,0
CCIX.US,60,20250508,160000,11.11,11.11,11.11,11.11,211,0
CCIX.US,60,20250508,170000,11.113,11.1547,11.1,11.1,2100,0
CCIX.US,60,20250508,180000,11.15,11.1591,11.15,11.1591,600,0
CCIX.US,60,20250508,190000,11.155,11.16,11.15,11.16,1724,0
CCIX.US,60,20250508,200000,11.16,11.16,11.16,11.16,1036,0
CCIX.US,60,20250508,210000,11.18,11.18,11.16,11.18,2400,0
CCIX.US,60,20250508,220000,11.175,11.175,11.11,11.16,2800,0
CCIX.US,60,20250509,160000,11.1,11.15,11.1,11.15,3140,0
CCIX.US,60,20250509,170000,11.15,11.1742,11.1,11.14,14332,0
CCIX.US,60,20250509,180000,11.1,11.14,11.1,11.12,12900,0
CCIX.US,60,20250509,190000,11.1184,11.14,11.1,11.12,10620,0
CCIX.US,60,20250509,200000,11.12,11.12,11.1,11.11,3990,0
CCIX.US,60,20250509,210000,11.1,11.1146,11.1,11.11,10700,0
CCIX.US,60,20250509,220000,11.1146,11.14,11.1,11.14,8911,0
CCIX.US,60,20250512,160000,11.05,11.16,11.05,11.16,300,0
CCIX.US,60,20250512,170000,11.29,11.29,11.19,11.19,22382,0
CCIX.US,60,20250512,180000,11.24,11.24,11.24,11.24,100,0
CCIX.US,60,20250512,190000,11.24,11.24,11.19,11.19,600,0
CCIX.US,60,20250512,200000,11.24,11.24,11.24,11.24,100,0
CCIX.US,60,20250512,210000,11.24,11.24,11.2,11.2,600,0
CCIX.US,60,20250512,220000,11.19,11.29,11.19,11.255,30208,0
CCIX.US,60,20250513,170000,11.225,11.3,11,11.05,75450,0
CCIX.US,60,20250513,190000,11.22,11.22,11.135,11.203,630,0
CCIX.US,60,20250513,200000,11.135,11.135,11.11,11.11,280,0
CCIX.US,60,20250513,210000,11.1,11.1,11.05,11.1,13000,0
CCIX.US,60,20250513,220000,11.15,11.15,11.0515,11.11,15155,0
CCIX.US,60,20250514,160000,11.11,11.11,11.11,11.11,157,0
CCIX.US,60,20250514,170000,11.2,11.415,11.1,11.21,62150,0
CCIX.US,60,20250514,180000,11.25,11.35,11.22,11.22,57400,0
CCIX.US,60,20250514,200000,11.38,11.39,11.34,11.35,1599,0
CCIX.US,60,20250514,210000,11.3,11.3,11.3,11.3,100,0
CCIX.US,60,20250514,220000,11.34,11.61,11.295,11.48,35197,0
CCIX.US,60,20250515,160000,11.41,11.445,11.4,11.445,4400,0
CCIX.US,60,20250515,170000,11.4,11.48,11.36,11.36,11760,0
CCIX.US,60,20250515,180000,11.35,11.36,11.32,11.35,21530,0
CCIX.US,60,20250515,200000,11.35,11.35,11.35,11.35,100,0
CCIX.US,60,20250515,210000,11.315,11.3264,11.315,11.3264,300,0
CCIX.US,60,20250515,220000,11.3299,11.415,11.3,11.35,15580,0
CCIX.US,60,20250516,160000,11.5,11.5,11.5,11.5,3000,0
CCIX.US,60,20250516,170000,11.3784,11.4,11.31,11.36,15148,0
CCIX.US,60,20250516,210000,11.25,11.25,11.25,11.25,2100,0
CCIX.US,60,20250516,220000,11.2208,11.26,11.22,11.26,7398,0
CCIX.US,60,20250519,160000,11.51,11.51,11.455,11.455,400,0
CCIX.US,60,20250519,190000,11.25,11.25,11.25,11.25,100,0
CCIX.US,60,20250519,200000,11.22,11.22,11.22,11.22,48100,0
CCIX.US,60,20250519,220000,11.095,11.1,11.08,11.08,4008,0
CCIX.US,60,20250520,160000,11.15,11.4,11.1,11.2,7600,0
CCIX.US,60,20250520,200000,11.15,11.15,11.09,11.1,92700,0
CCIX.US,60,20250520,210000,11.1,11.1,11.0001,11.1,21000,0
CCIX.US,60,20250520,220000,11.1,11.1,11.09,11.1,6734,0
CCIX.US,60,20250521,160000,11.1001,11.1001,11,11,19225,0
CCIX.US,60,20250521,180000,11,11.05,11,11.05,10200,0
CCIX.US,60,20250521,190000,11.14,11.14,11.05,11.05,469,0
CCIX.US,60,20250521,200000,11,11,11,11,414,0
CCIX.US,60,20250521,210000,11.007,11.1,11.007,11.1,1200,0
CCIX.US,60,20250521,220000,11.1,11.1,11.05,11.06,76100,0
CCIX.US,60,20250522,180000,11.1398,11.2,11.075,11.1,2975,0
CCIX.US,60,20250522,190000,11.1008,11.1008,11.1008,11.1008,500,0
CCIX.US,60,20250522,200000,11.1,11.1,11.1,11.1,200,0
CCIX.US,60,20250522,210000,11.1,11.1,11.1,11.1,100,0
CCIX.US,60,20250522,220000,11.01,11.1,11,11.1,4688,0
CCIX.US,60,20250523,160000,11.45,11.66,11.246,11.66,25228,0
CCIX.US,60,20250523,170000,11.47,11.5574,11.2,11.21,6230,0
CCIX.US,60,20250523,180000,11.2153,11.3,11.15,11.288,11926,0
CCIX.US,60,20250523,190000,11.24,11.3,11.2,11.2,6130,0
CCIX.US,60,20250523,200000,11.25,11.2587,11.16,11.1918,4562,0
CCIX.US,60,20250523,210000,11.18,11.2,11.18,11.2,40022,0
CCIX.US,60,20250523,220000,11.2,11.29,11.195,11.2,433084,0
CCIX.US,60,20250527,160000,11.4,11.49,11.33,11.4,19458,0
CCIX.US,60,20250527,170000,11.4,11.4386,11.16,11.22,13985,0
CCIX.US,60,20250527,180000,11.2,11.22,11.2,11.2,10571,0
CCIX.US,60,20250527,190000,11.2024,11.218,11.2,11.2,642,0
CCIX.US,60,20250527,200000,11.2,11.2,11.2,11.2,100,0
CCIX.US,60,20250527,210000,11.21,11.219,11.2,11.2,1000,0
CCIX.US,60,20250527,220000,11.22,11.22,11.2,11.2,4136,0
CCIX.US,60,20250528,160000,11.4,11.42,11.335,11.4,3900,0
CCIX.US,60,20250528,170000,11.22,11.4,11.04,11.4,49928,0
CCIX.US,60,20250528,190000,11.1495,11.1495,11.1424,11.1424,1000,0
CCIX.US,60,20250528,200000,11.1,11.1,11.1,11.1,100,0
CCIX.US,60,20250528,220000,11.125,11.13,11.1,11.1,700,0
CCIX.US,60,20250529,160000,11.1,11.1,11.1,11.1,100,0
CCIX.US,60,20250529,170000,11.08,11.23,11.07,11.07,2519,0
CCIX.US,60,20250529,180000,11.11,11.11,11.05,11.09,11688,0
CCIX.US,60,20250529,190000,11.05,11.06,11,11.0067,26470,0
CCIX.US,60,20250529,200000,11.025,11.05,11.025,11.025,900,0
CCIX.US,60,20250529,210000,11.025,11.07,11,11.07,6494,0
CCIX.US,60,20250529,220000,11.06,11.125,11.06,11.11,5549,0
CCIX.US,60,20250530,160000,11.13,11.13,11.13,11.13,100,0
CCIX.US,60,20250530,170000,11.13,11.13,11,11.04,12809,0
CCIX.US,60,20250530,180000,11.01,11.01,11.01,11.01,100,0
CCIX.US,60,20250530,190000,11.08,11.14,11.05,11.14,55761,0
CCIX.US,60,20250530,200000,11.05,11.05,11.05,11.05,400,0
CCIX.US,60,20250530,220000,11.12,11.13,11.07,11.09,2200,0
CCIX.US,60,20250602,160000,11.1,11.4,11.1,11.21,36977,0
CCIX.US,60,20250602,170000,11.21,11.3,11.2,11.29,7141,0
CCIX.US,60,20250602,180000,11.27,11.3,11.11,11.23,8342,0
CCIX.US,60,20250602,190000,11.1,11.264,11.05,11.2001,70907,0
CCIX.US,60,20250602,200000,11.25,11.2934,11.25,11.2934,6452,0
CCIX.US,60,20250602,210000,11.275,11.275,11.275,11.275,697,0
CCIX.US,60,20250602,220000,11.25,11.25,11.2,11.2,5749,0
CCIX.US,60,20250603,160000,11.4,11.4,11.2,11.2,7400,0
CCIX.US,60,20250603,170000,11.305,11.3756,11.11,11.15,9900,0
CCIX.US,60,20250603,180000,11.15,11.2,11.11,11.18,2898,0
CCIX.US,60,20250603,190000,11.18,11.185,11.13,11.185,8664,0
CCIX.US,60,20250603,200000,11.145,11.2,11.135,11.15,2544,0
CCIX.US,60,20250603,210000,11.135,11.15,11.11,11.12,3903,0
CCIX.US,60,20250603,220000,11.12,11.17,11.11,11.11,14965,0
CCIX.US,60,20250604,170000,11.11,11.11,11.05,11.0855,22779,0
CCIX.US,60,20250604,180000,11.11,11.2865,11.11,11.2865,14600,0
CCIX.US,60,20250604,190000,11.2,11.2,11.2,11.2,50000,0
CCIX.US,60,20250604,200000,11.2,11.21,11.2,11.21,2059,0
CCIX.US,60,20250604,210000,11.19,11.1903,11.17,11.18,5800,0
CCIX.US,60,20250604,220000,11.1822,11.19,11.11,11.11,18621,0
CCIX.US,60,20250605,160000,10.85,10.855,10.65,10.68,1045089,0
CCIX.US,60,20250605,170000,10.68,10.7,10.6,10.62,803599,0
CCIX.US,60,20250605,180000,10.625,10.65,10.61,10.625,365748,0
CCIX.US,60,20250605,190000,10.64,10.68,10.63,10.651516,95425,0
CCIX.US,60,20250605,200000,10.6608,10.68,10.65,10.65,432907,0
CCIX.US,60,20250605,210000,10.67,10.69,10.65,10.68,119438,0
CCIX.US,60,20250605,220000,10.665,10.68,10.6,10.64,304978,0
CCIX.US,60,20250606,160000,10.62,10.7,10.62,10.66,19032,0
CCIX.US,60,20250606,170000,10.63,10.67,10.6,10.63,11503,0
CCIX.US,60,20250606,180000,10.63,10.66,10.63,10.66,159629,0
CCIX.US,60,20250606,190000,10.65,10.67,10.645,10.67,217965,0
CCIX.US,60,20250606,200000,10.67,10.67,10.65,10.655,27242,0
CCIX.US,60,20250606,210000,10.66,10.66,10.6301,10.65,35033,0
CCIX.US,60,20250606,220000,10.65,10.67,10.64,10.67,121080,0
CCIX.US,60,20250609,160000,10.7,10.7,10.685,10.685,4892,0
CCIX.US,60,20250609,170000,10.67,10.68,10.6401,10.6401,2610,0
CCIX.US,60,20250609,180000,10.64,10.64,10.56,10.62,38798,0
CCIX.US,60,20250609,190000,10.65,10.65,10.62,10.625,114262,0
CCIX.US,60,20250609,200000,10.62,10.64,10.6,10.64,9365,0
CCIX.US,60,20250609,210000,10.64,10.64,10.6,10.62,7600,0
CCIX.US,60,20250609,220000,10.62,10.62,10.6,10.62,1962,0
CCIX.US,60,20250610,160000,10.63,10.63,10.62,10.62,21958,0
CCIX.US,60,20250610,170000,10.62,10.625,10.6,10.61,634596,0
CCIX.US,60,20250610,180000,10.62,10.62,10.6,10.61,3600,0
CCIX.US,60,20250610,190000,10.61,10.62,10.6,10.6,55267,0
CCIX.US,60,20250610,200000,10.6,10.61,10.57,10.58,89113,0
CCIX.US,60,20250610,210000,10.58,10.62,10.58,10.6,26223,0
CCIX.US,60,20250610,220000,10.6,10.6,10.59,10.6,3703,0
CCIX.US,60,20250611,160000,10.58,10.63,10.58,10.58,8102,0
CCIX.US,60,20250611,170000,10.575,10.59,10.575,10.58,1598,0
CCIX.US,60,20250611,180000,10.59,10.65,10.55,10.59,90966,0
CCIX.US,60,20250611,190000,10.59,10.62,10.59,10.62,4203,0
CCIX.US,60,20250611,200000,10.62,10.62,10.6,10.6,4667,0
CCIX.US,60,20250611,210000,10.59,10.605,10.59,10.59,1200,0
CCIX.US,60,20250611,220000,10.6,10.605,10.59,10.6,5960,0
CCIX.US,60,20250612,160000,10.61,10.61,10.6,10.6,533,0
CCIX.US,60,20250612,170000,10.59,10.6,10.59,10.6,5517,0
CCIX.US,60,20250612,180000,10.58,10.61,10.58,10.61,800,0
CCIX.US,60,20250612,190000,10.6,10.6036,10.6,10.6,4048,0
CCIX.US,60,20250612,200000,10.6,10.6,10.59,10.59,7700,0
CCIX.US,60,20250612,210000,10.59,10.61,10.59,10.5902,34758,0
CCIX.US,60,20250612,220000,10.61,10.625,10.6,10.61,232564,0
CCIX.US,60,20250613,160000,10.57,10.6,10.57,10.6,6711,0
CCIX.US,60,20250613,170000,10.575,10.6169,10.575,10.6,16795,0
CCIX.US,60,20250613,180000,10.6,10.62,10.56,10.62,3101,0
CCIX.US,60,20250613,190000,10.58,10.58,10.5505,10.5505,4952,0
CCIX.US,60,20250613,200000,10.58,10.59,10.58,10.59,2400,0
CCIX.US,60,20250613,210000,10.59,10.59,10.58,10.58,5953,0
CCIX.US,60,20250613,220000,10.5957,10.5957,10.5705,10.58,19538,0
CCIX.US,60,20250616,160000,10.605,10.64,10.6,10.6,10125,0
CCIX.US,60,20250616,170000,10.62,10.62,10.58,10.62,2300,0
CCIX.US,60,20250616,180000,10.58,10.6146,10.56,10.58,19081,0
CCIX.US,60,20250616,190000,10.6,10.6008,10.575,10.58,5082,0
CCIX.US,60,20250616,200000,10.6037,10.63,10.6,10.63,15191,0
CCIX.US,60,20250616,210000,10.62,10.62,10.6,10.6,12634,0
CCIX.US,60,20250616,220000,10.61,10.61,10.59,10.6,5088,0
CCIX.US,60,20250617,160000,10.57,10.59,10.56,10.57,13109,0
CCIX.US,60,20250617,170000,10.56,10.6398,10.56,10.57,81358,0
CCIX.US,60,20250617,180000,10.56,10.59,10.56,10.58,12543,0
CCIX.US,60,20250617,190000,10.56,10.62,10.56,10.56,22134,0
CCIX.US,60,20250617,200000,10.56,10.6,10.56,10.58,12499,0
CCIX.US,60,20250617,210000,10.56,10.575,10.55,10.55,16993,0
CCIX.US,60,20250617,220000,10.58,10.5999,10.55,10.58,40582,0
CCIX.US,60,20250618,160000,10.56,10.574,10.56,10.574,1100,0
CCIX.US,60,20250618,170000,10.5843,10.59,10.5843,10.59,2600,0
CCIX.US,60,20250618,190000,10.59,10.59,10.5627,10.5627,925,0
CCIX.US,60,20250618,200000,10.59,10.59,10.59,10.59,100,0
CCIX.US,60,20250618,210000,10.58,10.58,10.56,10.56,355,0
CCIX.US,60,20250618,220000,10.57,10.59,10.57,10.59,2732,0
CCIX.US,60,20250620,160000,10.5553,10.57,10.5553,10.57,381,0
CCIX.US,60,20250620,170000,10.5546,10.59,10.55,10.55,5700,0
CCIX.US,60,20250620,180000,10.55,10.57,10.55,10.57,1500,0
CCIX.US,60,20250620,200000,10.57,10.57,10.57,10.57,1000,0
CCIX.US,60,20250620,220000,10.59,10.61,10.56,10.56,101730,0
CCIX.US,60,20250623,160000,10.63,10.7,10.6,10.675,18935,0
CCIX.US,60,20250623,170000,10.675,10.7,10.675,10.68,16306,0
CCIX.US,60,20250623,180000,10.68,10.68,10.6005,10.65,16359,0
CCIX.US,60,20250623,190000,10.65,10.65,10.58,10.62,11691,0
CCIX.US,60,20250623,200000,10.63,10.66,10.61,10.65,55594,0
CCIX.US,60,20250623,210000,10.65,10.7,10.65,10.68,3300,0
CCIX.US,60,20250623,220000,10.69,10.69,10.59,10.59,34692,0
CCIX.US,60,20250624,160000,10.6044,10.62,10.58,10.58,6968,0
CCIX.US,60,20250624,170000,10.58,10.58,10.58,10.58,790,0
CCIX.US,60,20250624,180000,10.58,10.585,10.56,10.56,2262,0
CCIX.US,60,20250624,190000,10.56,10.5893,10.56,10.57,13888,0
CCIX.US,60,20250624,200000,10.58,10.5864,10.57,10.57,5579,0
CCIX.US,60,20250624,210000,10.57,10.58,10.57,10.58,1120,0
CCIX.US,60,20250624,220000,10.5779,10.62,10.57,10.6,15206,0
CCIX.US,60,20250625,160000,10.62,10.6299,10.56,10.6,1418,0
CCIX.US,60,20250625,170000,10.6,10.6,10.58,10.58,1144,0
CCIX.US,60,20250625,180000,10.58,10.6,10.56,10.6,2300,0
CCIX.US,60,20250625,190000,10.58,10.58,10.56,10.57,199355,0
CCIX.US,60,20250625,200000,10.56,10.58,10.55,10.57,109034,0
CCIX.US,60,20250625,210000,10.57,10.58,10.55,10.565,61339,0
CCIX.US,60,20250625,220000,10.565,10.59,10.54,10.55,27022,0
CCIX.US,60,20250626,160000,10.56,10.61,10.56,10.6025,32907,0
CCIX.US,60,20250626,170000,10.5801,10.61,10.58,10.5994,8850,0
CCIX.US,60,20250626,180000,10.595,10.61,10.567,10.567,4544,0
CCIX.US,60,20250626,190000,10.57,10.57,10.5338,10.55,3700,0
CCIX.US,60,20250626,200000,10.5325,10.54,10.53,10.54,17971,0
CCIX.US,60,20250626,210000,10.54,10.6,10.535,10.55,41879,0
CCIX.US,60,20250626,220000,10.545,10.59,10.52,10.53,69790,0
CCIX.US,60,20250627,160000,10.6003,10.61,10.59,10.59,14860,0
CCIX.US,60,20250627,170000,10.5344,10.59,10.52,10.59,5929,0
CCIX.US,60,20250627,180000,10.53,10.57,10.5,10.57,28527,0
CCIX.US,60,20250627,190000,10.55,10.565,10.55,10.565,1100,0
CCIX.US,60,20250627,200000,10.56,10.58,10.56,10.565,746,0
CCIX.US,60,20250627,210000,10.5906,10.5906,10.5906,10.5906,471,0
CCIX.US,60,20250627,220000,10.55,10.55,10.53,10.535,1979,0
CCIX.US,60,20250630,160000,10.6,10.6113,10.6,10.6,29079,0
CCIX.US,60,20250630,170000,10.6,10.6484,10.6,10.63,20059,0
CCIX.US,60,20250630,180000,10.63,10.63,10.63,10.63,927,0
CCIX.US,60,20250630,190000,10.6281,10.6281,10.61,10.61,3000,0
CCIX.US,60,20250630,200000,10.6,10.605,10.6,10.6,1451,0
CCIX.US,60,20250630,210000,10.6099,10.61,10.6,10.605,3871,0
CCIX.US,60,20250630,220000,10.61,10.61,10.555,10.555,16060,0
CCIX.US,60,20250701,160000,10.6,10.6,10.5789,10.5992,14285,0
CCIX.US,60,20250701,170000,10.56,10.56,10.56,10.56,100,0
CCIX.US,60,20250701,180000,10.584,10.6,10.545,10.6,36935,0
CCIX.US,60,20250701,190000,10.6,10.6,10.56,10.565,15420,0
CCIX.US,60,20250701,200000,10.5694,10.6,10.56,10.565,18730,0
CCIX.US,60,20250701,210000,10.56,10.565,10.545,10.55,16825,0
CCIX.US,60,20250701,220000,10.545,10.55,10.52,10.53,31283,0
CCIX.US,60,20250702,160000,10.59,10.59,10.59,10.59,150,0
CCIX.US,60,20250702,170000,10.565,10.565,10.565,10.565,100,0
CCIX.US,60,20250702,180000,10.54,10.57,10.54,10.57,3100,0
CCIX.US,60,20250702,190000,10.57,10.58,10.56,10.57,3206,0
CCIX.US,60,20250702,200000,10.57,10.58,10.56,10.57,3100,0
CCIX.US,60,20250702,210000,10.56,10.57,10.55,10.558,280237,0
CCIX.US,60,20250702,220000,10.55,10.55,10.55,10.55,9582,0
CCIX.US,60,20250703,170000,10.56,10.56,10.56,10.56,100,0
CCIX.US,60,20250703,190000,10.53,10.62,10.53,10.58,3843,0
CCIX.US,60,20250703,200000,10.62,10.62,10.59,10.59,2219,0
CCIX.US,60,20250707,160000,10.66,10.66,10.57,10.57,3813,0
CCIX.US,60,20250707,170000,10.57,10.635,10.57,10.6,2510,0
CCIX.US,60,20250707,180000,10.63,10.63,10.6,10.6012,1450,0
CCIX.US,60,20250707,200000,10.5912,10.5912,10.52,10.59,1289,0
CCIX.US,60,20250707,210000,10.555,10.59,10.53,10.53,3981,0
CCIX.US,60,20250707,220000,10.5627,10.58,10.54,10.54,2546,0
CCIX.US,60,20250708,160000,10.6,10.6,10.58,10.59,300,0
CCIX.US,60,20250708,170000,10.59,10.5937,10.515,10.535,12846,0
CCIX.US,60,20250708,180000,10.54,10.54,10.53,10.53,2000,0
CCIX.US,60,20250708,190000,10.54,10.54,10.52,10.53,6600,0
CCIX.US,60,20250708,200000,10.53,10.56,10.52,10.54,3841,0
CCIX.US,60,20250708,210000,10.56,10.56,10.52,10.53,6720,0
CCIX.US,60,20250708,220000,10.536,10.54,10.52,10.54,11053,0
CCIX.US,60,20250709,160000,10.52,10.52,10.52,10.52,200,0
CCIX.US,60,20250709,170000,10.54,10.5401,10.52,10.53,14271,0
CCIX.US,60,20250709,180000,10.53,10.535,10.52,10.53,1700,0
CCIX.US,60,20250709,190000,10.535,10.54,10.53,10.535,10980,0
CCIX.US,60,20250709,200000,10.535,10.535,10.535,10.535,100,0
CCIX.US,60,20250709,210000,10.5372,10.5476,10.53,10.54,402847,0
CCIX.US,60,20250709,220000,10.53,10.55,10.53,10.54,3733,0
CCIX.US,60,20250710,160000,10.55,10.57,10.55,10.55,20650,0
CCIX.US,60,20250710,170000,10.56,10.56,10.55,10.55,820,0
CCIX.US,60,20250710,180000,10.57,10.57,10.55,10.55,800,0
CCIX.US,60,20250710,190000,10.55,10.5607,10.55,10.55,6631,0
CCIX.US,60,20250710,200000,10.55,10.5635,10.55,10.559,3000,0
CCIX.US,60,20250710,210000,10.55,10.56,10.55,10.55,407,0
CCIX.US,60,20250710,220000,10.55,10.56,10.55,10.55,5506,0
CCIX.US,60,20250711,180000,10.53,10.53,10.53,10.53,8399,0
CCIX.US,60,20250711,190000,10.56,10.56,10.551,10.551,1000,0
CCIX.US,60,20250711,200000,10.55,10.55,10.515,10.53,35305,0
CCIX.US,60,20250711,210000,10.53,10.53,10.53,10.53,1100,0
CCIX.US,60,20250711,220000,10.5393,10.547,10.53,10.54,2332,0
CCIX.US,60,20250714,160000,10.82,10.82,10.545,10.545,21269,0
CCIX.US,60,20250714,170000,10.56,10.56,10.545,10.55,699,0
CCIX.US,60,20250714,180000,10.55,10.55,10.5468,10.5468,2324,0
CCIX.US,60,20250714,190000,10.54,10.54,10.54,10.54,390,0
CCIX.US,60,20250714,200000,10.54,10.54,10.54,10.54,100,0
CCIX.US,60,20250714,210000,10.53,10.55,10.53,10.55,1000,0
CCIX.US,60,20250714,220000,10.53,10.55,10.52,10.54,13247,0
CCIX.US,60,20250715,160000,10.56,10.56,10.535,10.535,1214,0
CCIX.US,60,20250715,180000,10.56,10.56,10.545,10.545,500,0
CCIX.US,60,20250715,190000,10.545,10.56,10.53,10.56,7692,0
CCIX.US,60,20250715,210000,10.54,10.54,10.54,10.54,100,0
CCIX.US,60,20250715,220000,10.53,10.551,10.53,10.53,1695,0
CCIX.US,60,20250716,170000,10.56,10.56,10.535,10.535,200,0
CCIX.US,60,20250716,180000,10.5383,10.5586,10.51,10.53,6843,0
CCIX.US,60,20250716,190000,10.53,10.532,10.53,10.532,290,0
CCIX.US,60,20250716,200000,10.54,10.56,10.54,10.56,16231,0
CCIX.US,60,20250716,210000,10.55,10.55,10.53,10.53,1200,0
CCIX.US,60,20250716,220000,10.53,10.56,10.53,10.56,739,0
CCIX.US,60,20250717,160000,10.59,10.6,10.59,10.6,233,0
CCIX.US,60,20250717,170000,10.55,10.6,10.545,10.6,12700,0
CCIX.US,60,20250717,180000,10.6,10.6,10.5675,10.575,400,0
CCIX.US,60,20250717,190000,10.575,10.6,10.575,10.6,1910,0
CCIX.US,60,20250717,200000,10.575,10.592,10.5545,10.592,980,0
CCIX.US,60,20250717,210000,10.575,10.575,10.55,10.55,4850,0
CCIX.US,60,20250717,220000,10.5495,10.55,10.53,10.53,2130,0
CCIX.US,60,20250718,160000,10.51,10.5233,10.51,10.5233,2164,0
CCIX.US,60,20250718,170000,10.535,10.535,10.535,10.535,100,0
CCIX.US,60,20250718,180000,10.53,10.53,10.53,10.53,200,0
CCIX.US,60,20250718,190000,10.535,10.54,10.53,10.54,1540,0
CCIX.US,60,20250718,200000,10.535,10.535,10.525,10.525,9282,0
CCIX.US,60,20250718,210000,10.53,10.53,10.525,10.53,1900,0
CCIX.US,60,20250718,220000,10.5201,10.53,10.52,10.53,1731,0
CCIX.US,60,20250721,160000,10.52,10.52,10.51,10.51,200,0
CCIX.US,60,20250721,170000,10.52,10.53,10.52,10.52,11706,0
CCIX.US,60,20250721,180000,10.5299,10.53,10.52,10.528,1100,0
CCIX.US,60,20250721,190000,10.52,10.53,10.52,10.53,11300,0
CCIX.US,60,20250721,200000,10.53,10.53,10.525,10.525,2000,0
CCIX.US,60,20250721,210000,10.52,10.53,10.52,10.5299,1020,0
CCIX.US,60,20250721,220000,10.53,10.53,10.52,10.52,8723,0
CCIX.US,60,20250722,170000,10.52,10.53,10.52,10.5267,1400,0
CCIX.US,60,20250722,180000,10.52,10.53,10.52,10.53,979,0
CCIX.US,60,20250722,190000,10.5201,10.53,10.5201,10.53,1100,0
CCIX.US,60,20250722,200000,10.53,10.535,10.53,10.53,600,0
CCIX.US,60,20250722,210000,10.53,10.53,10.53,10.53,200,0
CCIX.US,60,20250722,220000,10.53,10.53,10.53,10.53,1073,0
CCIX.US,60,20250723,160000,10.53,10.53,10.53,10.53,643,0
CCIX.US,60,20250723,200000,10.52,10.52,10.52,10.52,200,0
CCIX.US,60,20250723,210000,10.5407,10.5407,10.5407,10.5407,300,0
CCIX.US,60,20250723,220000,10.5356,10.5356,10.52,10.53,662,0
CCIX.US,60,20250724,160000,10.53,10.53,10.53,10.53,201,0
CCIX.US,60,20250724,190000,10.546,10.546,10.546,10.546,1500,0
CCIX.US,60,20250724,210000,10.56,10.56,10.54,10.55,615,0
CCIX.US,60,20250724,220000,10.55,10.55,10.545,10.545,300,0
CCIX.US,60,20250725,170000,10.5301,10.5301,10.53,10.53,700,0
CCIX.US,60,20250725,180000,10.525,10.5288,10.525,10.5252,2700,0
CCIX.US,60,20250725,190000,10.52,10.53,10.51,10.52,11649,0
CCIX.US,60,20250725,200000,10.52,10.53,10.52,10.53,13355,0
CCIX.US,60,20250725,210000,10.54,10.54,10.54,10.54,100,0
CCIX.US,60,20250725,220000,10.535,10.54,10.53,10.53,1330,0
CCIX.US,60,20250728,170000,10.5584,10.5584,10.5584,10.5584,800,0
CCIX.US,60,20250728,220000,10.54,10.54,10.53,10.53,200,0
CCIX.US,60,20250729,160000,10.51,10.58,10.51,10.55,400,0
CCIX.US,60,20250729,170000,10.57,10.57,10.552,10.5688,925,0
CCIX.US,60,20250729,180000,10.54,10.54,10.54,10.54,39559,0
CCIX.US,60,20250729,190000,10.55,10.55,10.54,10.54,1900,0
CCIX.US,60,20250729,200000,10.53,10.53,10.53,10.53,100,0
CCIX.US,60,20250729,210000,10.55,10.55,10.54,10.54,200,0
CCIX.US,60,20250729,220000,10.53,10.53,10.53,10.53,4635,0
CCIX.US,60,20250730,160000,10.51,10.55,10.51,10.55,300,0
CCIX.US,60,20250730,180000,10.53,10.53,10.53,10.53,201,0
CCIX.US,60,20250730,200000,10.5385,10.5385,10.5385,10.5385,300,0
CCIX.US,60,20250730,210000,10.53,10.53,10.53,10.53,271,0
CCIX.US,60,20250730,220000,10.52,10.52,10.51,10.52,4489,0
CCIX.US,60,20250731,160000,10.51,10.5145,10.51,10.5145,300,0
CCIX.US,60,20250731,170000,10.5292,10.5292,10.525,10.525,300,0
CCIX.US,60,20250731,180000,10.51,10.52,10.51,10.51,1600,0
CCIX.US,60,20250731,190000,10.5298,10.5298,10.5298,10.5298,300,0
CCIX.US,60,20250731,200000,10.52,10.52,10.5139,10.5139,2912,0
CCIX.US,60,20250731,210000,10.53,10.54,10.52,10.53,47285,0
CCIX.US,60,20250731,220000,10.53,10.5311,10.524,10.5311,2200,0
CCIX.US,60,20250801,160000,10.51,10.54,10.51,10.525,765,0
CCIX.US,60,20250801,170000,10.5125,10.525,10.5125,10.525,1200,0
CCIX.US,60,20250801,180000,10.52,10.56,10.51,10.55,5536,0
CCIX.US,60,20250801,200000,10.52,10.52,10.52,10.52,100,0
CCIX.US,60,20250801,210000,10.53,10.57,10.53,10.57,1715,0
CCIX.US,60,20250801,220000,10.55,10.56,10.54,10.56,692,0
CCIX.US,60,20250804,210000,10.56,10.56,10.56,10.56,100,0
CCIX.US,60,20250805,170000,10.52,10.58,10.52,10.57,300,0
CCIX.US,60,20250805,190000,10.58,10.58,10.58,10.58,101,0
CCIX.US,60,20250806,180000,10.56,10.56,10.56,10.56,100,0
CCIX.US,60,20250806,190000,10.54,10.56,10.54,10.56,3709,0
CCIX.US,60,20250806,210000,10.55,10.56,10.55,10.56,25010,0
CCIX.US,60,20250806,220000,10.56,10.56,10.55,10.55,200,0
CCIX.US,60,20250807,160000,10.54,10.54,10.54,10.54,100,0
CCIX.US,60,20250807,170000,10.54,10.54,10.54,10.54,610,0
CCIX.US,60,20250807,180000,10.54,10.55,10.54,10.54,20100,0
CCIX.US,60,20250807,200000,10.54,10.54,10.54,10.54,5000,0
CCIX.US,60,20250807,220000,10.5419,10.55,10.54,10.55,1540,0
CCIX.US,60,20250808,160000,10.5226,10.55,10.51,10.54,925,0
CCIX.US,60,20250808,190000,10.5225,10.5225,10.5225,10.5225,100,0
CCIX.US,60,20250808,200000,10.54,10.54,10.53,10.54,10384,0
CCIX.US,60,20250808,210000,10.54,10.54,10.525,10.525,16289,0
CCIX.US,60,20250808,220000,10.5295,10.54,10.525,10.54,1688,0
CCIX.US,60,20250811,170000,10.54,10.548,10.54,10.548,10300,0
CCIX.US,60,20250811,180000,10.54,10.55,10.535,10.535,11883,0
CCIX.US,60,20250811,220000,10.52,10.52,10.52,10.52,300,0
CCIX.US,60,20250812,170000,10.5255,10.5255,10.5255,10.5255,100,0
CCIX.US,60,20250812,180000,10.52,10.535,10.52,10.535,1200,0
CCIX.US,60,20250812,200000,10.535,10.535,10.535,10.535,200,0
CCIX.US,60,20250812,210000,10.535,10.535,10.535,10.535,100,0
CCIX.US,60,20250812,220000,10.535,10.535,10.535,10.535,100,0
CCIX.US,60,20250813,160000,10.55,10.55,10.55,10.55,600,0
CCIX.US,60,20250813,190000,10.6,10.6,10.6,10.6,300,0
CCIX.US,60,20250813,200000,10.5543,10.575,10.5543,10.575,210,0
CCIX.US,60,20250813,220000,10.575,10.575,10.575,10.575,300,0
CCIX.US,60,20250814,160000,10.59,10.59,10.53,10.53,200,0
CCIX.US,60,20250814,170000,10.52,10.55,10.52,10.55,1213,0
CCIX.US,60,20250814,180000,10.55,10.55,10.55,10.55,1752,0
CCIX.US,60,20250814,190000,10.52,10.52,10.52,10.52,100,0
CCIX.US,60,20250814,200000,10.52,10.525,10.515,10.52,2617,0
CCIX.US,60,20250814,210000,10.5201,10.5201,10.5201,10.5201,100,0
CCIX.US,60,20250814,220000,10.52,10.575,10.52,10.55,1822,0
CCIX.US,60,20250815,180000,10.5499,10.55,10.53,10.53,6925,0
CCIX.US,60,20250815,190000,10.53,10.53,10.53,10.53,200,0
CCIX.US,60,20250815,200000,10.52,10.53,10.52,10.53,1198,0
CCIX.US,60,20250815,210000,10.54,10.54,10.54,10.54,100,0
CCIX.US,60,20250815,220000,10.53,10.5473,10.53,10.54,1319,0
CCIX.US,60,20250818,160000,10.52,10.52,10.52,10.52,500,0
CCIX.US,60,20250818,170000,10.57,10.57,10.55,10.55,200,0
CCIX.US,60,20250818,210000,10.5444,10.5444,10.5444,10.5444,250,0
CCIX.US,60,20250819,170000,10.5201,10.55,10.5201,10.54,2000,0
CCIX.US,60,20250819,180000,10.555,10.57,10.5436,10.555,819,0
CCIX.US,60,20250819,190000,10.5459,10.5459,10.5459,10.5459,100,0
CCIX.US,60,20250819,200000,10.54,10.545,10.54,10.545,1545,0
CCIX.US,60,20250819,210000,10.54,10.54,10.53,10.54,28412,0
CCIX.US,60,20250819,220000,10.532,10.55,10.52,10.535,4303,0
CCIX.US,60,20250820,160000,10.6,10.6,10.6,10.6,800,0
CCIX.US,60,20250820,170000,10.54,10.5401,10.54,10.54,1352,0
CCIX.US,60,20250820,180000,10.56,10.56,10.55,10.55,700,0
CCIX.US,60,20250820,190000,10.5586,10.5586,10.55,10.55,774,0
CCIX.US,60,20250820,200000,10.5408,10.5408,10.5408,10.5408,432,0
CCIX.US,60,20250820,210000,10.545,10.55,10.54,10.545,111300,0
CCIX.US,60,20250820,220000,10.545,10.55,10.54,10.541,121534,0
CCIX.US,60,20250821,170000,10.56,10.56,10.5412,10.5412,1199,0
CCIX.US,60,20250821,180000,10.5508,10.5508,10.54,10.54,2200,0
CCIX.US,60,20250821,190000,10.5103,10.54,10.5103,10.525,800,0
CCIX.US,60,20250821,200000,10.54,10.54,10.535,10.54,1600,0
CCIX.US,60,20250821,210000,10.54,10.55,10.51,10.54,29300,0
CCIX.US,60,20250821,220000,10.53,10.55,10.53,10.55,735,0
CCIX.US,60,20250822,180000,10.5402,10.5446,10.54,10.54,57716,0
CCIX.US,60,20250822,210000,10.55,10.55,10.5465,10.5465,405,0
CCIX.US,60,20250822,220000,10.55,10.565,10.545,10.55,99643,0
CCIX.US,60,20250825,160000,10.56,10.56,10.5464,10.5465,540,0
CCIX.US,60,20250825,210000,10.54,10.54,10.54,10.54,13347,0
CCIX.US,60,20250826,180000,10.553,10.553,10.553,10.553,175,0
CCIX.US,60,20250826,190000,10.544,10.56,10.544,10.56,394,0
CCIX.US,60,20250826,200000,10.5434,10.56,10.5434,10.56,400,0
CCIX.US,60,20250827,170000,10.545,10.545,10.545,10.545,100,0
CCIX.US,60,20250827,190000,10.51,10.55,10.51,10.55,2400,0
CCIX.US,60,20250827,200000,10.53,10.535,10.52,10.535,1652,0
CCIX.US,60,20250827,210000,10.535,10.55,10.535,10.55,300,0
CCIX.US,60,20250827,220000,10.5524,10.58,10.5524,10.58,900,0
CCIX.US,60,20250828,160000,10.58,10.58,10.58,10.58,189,0
CCIX.US,60,20250828,210000,10.5538,10.58,10.5538,10.58,323,0
CCIX.US,60,20250828,220000,10.58,10.58,10.565,10.565,1093,0
CCIX.US,60,20250829,160000,10.56,10.56,10.51,10.51,10268,0
CCIX.US,60,20250829,170000,10.53,10.53,10.53,10.53,420,0
CCIX.US,60,20250829,180000,10.53,10.56,10.514,10.56,15030,0
CCIX.US,60,20250829,220000,10.56,10.56,10.54,10.55,11926,0
CCIX.US,60,20250902,160000,10.54,10.555,10.52,10.52,7650,0
CCIX.US,60,20250902,170000,10.51,10.54,10.5,10.54,3200,0
CCIX.US,60,20250902,180000,10.52,10.52,10.52,10.52,100,0
CCIX.US,60,20250902,190000,10.5424,10.55,10.5,10.5,51400,0
CCIX.US,60,20250902,200000,10.52,10.52,10.51,10.52,8500,0
CCIX.US,60,20250902,210000,10.525,10.54,10.525,10.54,3000,0
CCIX.US,60,20250902,220000,10.54,10.54,10.54,10.54,414,0
CCIX.US,60,20250903,160000,10.55,10.55,10.51,10.52,13954,0
CCIX.US,60,20250903,170000,10.53,10.5445,10.53,10.5445,1200,0
CCIX.US,60,20250903,180000,10.53,10.53,10.53,10.53,149,0
CCIX.US,60,20250903,190000,10.53,10.54,10.53,10.54,349,0
CCIX.US,60,20250903,200000,10.53,10.54,10.518,10.54,497,0
CCIX.US,60,20250903,210000,10.53,10.53,10.53,10.53,1522,0
CCIX.US,60,20250903,220000,10.53,10.55,10.51,10.55,1000,0
CCIX.US,60,20250904,160000,10.55,10.55,10.5,10.5,12725,0
CCIX.US,60,20250904,170000,10.53,10.53,10.515,10.52,1390,0
CCIX.US,60,20250904,180000,10.512,10.53,10.512,10.53,1800,0
CCIX.US,60,20250904,190000,10.5195,10.5195,10.51,10.51,886,0
CCIX.US,60,20250904,200000,10.5208,10.5208,10.5208,10.5208,200,0
CCIX.US,60,20250904,220000,10.52,10.53,10.52,10.52,796,0
CCIX.US,60,20250905,160000,10.5,10.54,10.47,10.515,11292,0
CCIX.US,60,20250905,170000,10.5163,10.5163,10.5,10.515,1441,0
CCIX.US,60,20250905,180000,10.51,10.51,10.51,10.51,100,0
CCIX.US,60,20250905,190000,10.51,10.51,10.51,10.51,404,0
CCIX.US,60,20250905,200000,10.51,10.51,10.5,10.5,2607,0
CCIX.US,60,20250905,210000,10.5,10.52,10.5,10.52,5749,0
CCIX.US,60,20250905,220000,10.51,10.52,10.51,10.51,567,0
CCIX.US,60,20250908,160000,10.54,10.54,10.5,10.525,21639,0
CCIX.US,60,20250908,170000,10.51,10.54,10.5,10.51,4371,0
CCIX.US,60,20250908,180000,10.52,10.52,10.5138,10.5138,350,0
CCIX.US,60,20250908,200000,10.5191,10.5214,10.5,10.5214,650,0
CCIX.US,60,20250908,210000,10.51,10.51,10.505,10.505,540,0
CCIX.US,60,20250908,220000,10.51,10.52,10.51,10.51,7771,0
CCIX.US,60,20250909,160000,10.54,10.55,10.49,10.5401,11919,0
CCIX.US,60,20250909,170000,10.54,10.54,10.54,10.54,2500,0
CCIX.US,60,20250909,180000,10.54,10.54,10.54,10.54,300,0
CCIX.US,60,20250909,190000,10.5472,10.5472,10.53,10.53,13209,0
CCIX.US,60,20250909,200000,10.54,10.54,10.5384,10.54,500,0
CCIX.US,60,20250909,210000,10.53,10.54,10.53,10.54,600,0
CCIX.US,60,20250909,220000,10.54,10.54,10.53,10.535,1160,0
CCIX.US,60,20250910,160000,10.55,10.55,10.5,10.53,11142,0
CCIX.US,60,20250910,170000,10.542,10.542,10.54,10.54,300,0
CCIX.US,60,20250910,190000,10.5442,10.5442,10.54,10.5401,600,0
CCIX.US,60,20250910,220000,10.53,10.53,10.52,10.52,783,0
CCIX.US,60,20250911,160000,10.51,10.51,10.51,10.51,5600,0
CCIX.US,60,20250911,180000,10.525,10.58,10.525,10.55,39828,0
CCIX.US,60,20250911,190000,10.55,10.55,10.45,10.5,40681,0
CCIX.US,60,20250911,200000,10.5183,10.52,10.5,10.505,4300,0
CCIX.US,60,20250911,210000,10.505,10.52,10.505,10.51,800,0
CCIX.US,60,20250911,220000,10.515,10.515,10.5,10.5,1019,0
CCIX.US,60,20250912,160000,10.5,10.5124,10.47,10.5124,10500,0
CCIX.US,60,20250912,170000,10.5,10.5,10.49,10.5,1337,0
CCIX.US,60,20250912,180000,10.5,10.5,10.5,10.5,1738,0
CCIX.US,60,20250912,210000,10.505,10.505,10.5,10.505,318,0
CCIX.US,60,20250912,220000,10.51,10.51,10.495,10.5,25096,0
CCIX.US,60,20250915,160000,10.5,10.5,10.49,10.49,10742,0
CCIX.US,60,20250915,170000,10.5,10.5,10.5,10.5,100,0
CCIX.US,60,20250915,180000,10.5,10.5,10.4827,10.4886,6700,0
CCIX.US,60,20250915,190000,10.5,10.5,10.5,10.5,1100,0
CCIX.US,60,20250915,200000,10.49,10.49,10.49,10.49,200,0
CCIX.US,60,20250915,210000,10.5,10.51,10.5,10.5,2713,0
CCIX.US,60,20250915,220000,10.5,10.5,10.49,10.4901,9500,0
CCIX.US,60,20250916,160000,10.51,10.51,10.48,10.49,11124,0
CCIX.US,60,20250916,170000,10.5137,10.5137,10.495,10.495,450,0
CCIX.US,60,20250916,190000,10.49,10.5,10.49,10.5,1680,0
CCIX.US,60,20250916,200000,10.5,10.51,10.5,10.5002,500,0
CCIX.US,60,20250916,210000,10.51,10.51,10.51,10.51,250,0
CCIX.US,60,20250916,220000,10.5,10.52,10.49,10.52,3566,0
CCIX.US,60,20250917,160000,10.48,10.5,10.48,10.48,11741,0
CCIX.US,60,20250917,170000,10.49,10.51,10.49,10.51,1325,0
CCIX.US,60,20250917,180000,10.5143,10.5143,10.5143,10.5143,100,0
CCIX.US,60,20250917,200000,10.5143,10.5143,10.5106,10.5106,200,0
CCIX.US,60,20250917,210000,10.5155,10.5193,10.5143,10.5193,1358,0
CCIX.US,60,20250917,220000,10.51,10.52,10.5001,10.52,555,0
CCIX.US,60,20250918,160000,10.52,10.52,10.49,10.5,9305,0
CCIX.US,60,20250918,170000,10.49,10.5,10.48,10.5,32245,0
CCIX.US,60,20250918,180000,10.5,10.5,10.495,10.495,1132,0
CCIX.US,60,20250918,190000,10.495,10.5,10.495,10.5,25057,0
CCIX.US,60,20250918,200000,10.5,10.5,10.4938,10.5,1130,0
CCIX.US,60,20250918,210000,10.5,10.53,10.4945,10.52,73679,0
CCIX.US,60,20250918,220000,10.5235,10.53,10.515,10.515,2800,0
CCIX.US,60,20250919,160000,10.53,10.53,10.49,10.5,16186,0
CCIX.US,60,20250919,170000,10.51,10.515,10.5,10.5,9900,0
CCIX.US,60,20250919,190000,10.5011,10.505,10.5011,10.505,300,0
CCIX.US,60,20250919,210000,10.505,10.505,10.49,10.5,18311,0
CCIX.US,60,20250919,220000,10.53,10.53,10.52,10.52,406,0
CCIX.US,60,20250922,160000,10.53,10.53,10.48,10.4921,18770,0
CCIX.US,60,20250922,170000,10.5,10.5048,10.49,10.49,1247,0
CCIX.US,60,20250922,190000,10.5,10.5,10.5,10.5,200,0
CCIX.US,60,20250922,200000,10.51,10.52,10.505,10.52,740,0
CCIX.US,60,20250922,210000,10.51,10.51,10.5,10.5,6730,0
CCIX.US,60,20250922,220000,10.49,10.51,10.49,10.49,3416,0
CCIX.US,60,20250923,160000,10.49,10.52,10.49,10.52,11691,0
CCIX.US,60,20250923,170000,10.515,10.52,10.508,10.508,2743,0
CCIX.US,60,20250923,180000,10.52,10.5399,10.5,10.52,16900,0
CCIX.US,60,20250923,200000,10.51,10.52,10.5,10.5,41850,0
CCIX.US,60,20250923,220000,10.5013,10.52,10.5013,10.52,2326,0
CCIX.US,60,20250924,160000,10.5499,10.5499,10.46,10.525,20799,0
CCIX.US,60,20250924,170000,10.5215,10.53,10.5102,10.5102,3500,0
CCIX.US,60,20250924,180000,10.51,10.5151,10.5035,10.5035,4972,0
CCIX.US,60,20250924,190000,10.53,10.53,10.5043,10.5043,1300,0
CCIX.US,60,20250924,200000,10.5034,10.5034,10.5034,10.5034,1000,0
CCIX.US,60,20250924,210000,10.521,10.521,10.5,10.515,146166,0
CCIX.US,60,20250924,220000,10.515,10.5658,10.515,10.55,22757,0
CCIX.US,60,20250925,160000,10.5,10.5394,10.46,10.495,23077,0
CCIX.US,60,20250925,170000,10.52,10.52,10.51,10.51,400,0
CCIX.US,60,20250925,180000,10.51,10.52,10.51,10.52,6395,0
CCIX.US,60,20250925,190000,10.54,10.56,10.52,10.5599,752800,0
CCIX.US,60,20250925,210000,10.56,10.56,10.533,10.55,2078,0
CCIX.US,60,20250925,220000,10.54,10.6,10.54,10.56,499645,0
CCIX.US,60,20250926,160000,10.51,10.53,10.5,10.53,47135,0
CCIX.US,60,20250926,170000,10.53,10.53,10.52,10.52,48483,0
CCIX.US,60,20250926,180000,10.52,10.5386,10.52,10.5386,1100,0
CCIX.US,60,20250926,190000,10.52,10.52,10.52,10.52,2700,0
CCIX.US,60,20250926,200000,10.53,10.53,10.52,10.52,50092,0
CCIX.US,60,20250926,210000,10.52,10.535,10.52,10.535,4800,0
CCIX.US,60,20250926,220000,10.535,10.55,10.52,10.535,4747,0
CCIX.US,60,20250929,160000,10.51,10.51,10.48,10.48,53572,0
CCIX.US,60,20250929,170000,10.51,10.54,10.51,10.54,1050,0
CCIX.US,60,20250929,180000,10.54,10.54,10.54,10.54,500,0
CCIX.US,60,20250929,190000,10.52,10.52,10.52,10.52,2689,0
CCIX.US,60,20250929,200000,10.52,10.52,10.52,10.52,169420,0
CCIX.US,60,20250929,210000,10.51,10.53,10.51,10.53,7650,0
CCIX.US,60,20250929,220000,10.51,10.53,10.51,10.51,4492,0
CCIX.US,60,20250930,160000,10.49,10.49,10.46,10.46,61740,0
CCIX.US,60,20250930,170000,10.47,10.47,10.47,10.47,200,0
CCIX.US,60,20250930,180000,10.48,10.48,10.48,10.48,7400,0
CCIX.US,60,20250930,190000,10.48,10.48,10.48,10.48,1000,0
CCIX.US,60,20250930,200000,10.48,10.48,10.48,10.48,1500,0
CCIX.US,60,20250930,210000,10.48,10.48,10.48,10.48,1020,0
CCIX.US,60,20250930,220000,10.48,10.49,10.48,10.48,9723,0
CCIX.US,60,20251001,160000,10.48,10.49,10.48,10.48,28694,0
CCIX.US,60,20251001,170000,10.48,10.485,10.48,10.48,18140,0
CCIX.US,60,20251001,180000,10.4959,10.4959,10.4959,10.4959,141,0
CCIX.US,60,20251001,190000,10.5023,10.51,10.5,10.5,8275,0
CCIX.US,60,20251001,220000,10.505,10.505,10.5,10.5,839,0
CCIX.US,60,20251002,160000,10.48,10.48,10.48,10.48,12717,0
CCIX.US,60,20251002,170000,10.48,10.48,10.46,10.48,33367,0
CCIX.US,60,20251002,180000,10.47,10.4781,10.47,10.475,9983,0
CCIX.US,60,20251002,190000,10.48,10.49,10.48,10.49,11400,0
CCIX.US,60,20251002,200000,10.49,10.49,10.49,10.49,1000,0
CCIX.US,60,20251002,210000,10.5,10.5,10.49,10.49,2523,0
CCIX.US,60,20251002,220000,10.49,10.5,10.49,10.49,22398,0
CCIX.US,60,20251003,160000,10.4999,10.4999,10.47,10.48,25118,0
CCIX.US,60,20251003,170000,10.48,10.49,10.46,10.485,31083,0
CCIX.US,60,20251003,190000,10.48,10.49,10.48,10.49,7664,0
CCIX.US,60,20251003,200000,10.49,10.495,10.49,10.495,7051,0
CCIX.US,60,20251003,210000,10.495,10.495,10.49,10.495,17460,0
CCIX.US,60,20251003,220000,10.495,10.5,10.49,10.49,7625,0
CCIX.US,60,20251006,160000,10.49,10.51,10.48,10.51,46435,0
CCIX.US,60,20251006,170000,10.51,10.51,10.5027,10.5027,2869,0
CCIX.US,60,20251006,180000,10.5,10.51,10.5,10.501,1080,0
CCIX.US,60,20251006,190000,10.51,10.51,10.51,10.51,125000,0
CCIX.US,60,20251006,200000,10.505,10.51,10.505,10.51,1200,0
CCIX.US,60,20251006,210000,10.51,10.515,10.505,10.51,6543,0
CCIX.US,60,20251006,220000,10.51,10.52,10.51,10.52,3451,0
CCIX.US,60,20251007,160000,10.52,10.5232,10.49,10.4909,41995,0
CCIX.US,60,20251007,170000,10.5,10.51,10.5,10.5,2500,0
CCIX.US,60,20251007,180000,10.505,10.505,10.49,10.49,600,0
CCIX.US,60,20251007,190000,10.505,10.505,10.505,10.505,377,0
CCIX.US,60,20251007,200000,10.52,10.52,10.5193,10.52,2301,0
CCIX.US,60,20251007,220000,10.52,10.53,10.52,10.53,1880,0
CCIX.US,60,20251008,160000,10.49,10.495,10.49,10.49,36888,0
CCIX.US,60,20251008,170000,10.495,10.52,10.49,10.52,16470,0
CCIX.US,60,20251008,180000,10.53,10.56,10.525,10.56,50526,0
CCIX.US,60,20251008,190000,10.57,10.59,10.57,10.58,2605,0
CCIX.US,60,20251008,200000,10.565,10.58,10.55,10.5561,23910,0
CCIX.US,60,20251008,210000,10.58,10.59,10.58,10.59,42331,0
CCIX.US,60,20251008,220000,10.6,10.61,10.595,10.61,87253,0
CCIX.US,60,20251009,160000,10.6,10.6,10.54,10.57,49892,0
CCIX.US,60,20251009,170000,10.57,10.6097,10.57,10.6,7094,0
CCIX.US,60,20251009,180000,10.6001,10.61,10.6001,10.61,26222,0
CCIX.US,60,20251009,190000,10.62,10.67,10.62,10.67,329260,0
CCIX.US,60,20251009,200000,10.66,10.85,10.64,10.6784,6163,0
CCIX.US,60,20251009,210000,10.7,10.72,10.69,10.71,23325,0
CCIX.US,60,20251009,220000,10.71,10.78,10.7,10.77,15008,0
CCIX.US,60,20251010,160000,10.97,10.97,10.78,10.82,60790,0
CCIX.US,60,20251010,170000,10.82,10.82,10.79,10.8,32469,0
CCIX.US,60,20251010,180000,10.8,10.8,10.7,10.745,71876,0
CCIX.US,60,20251010,190000,10.7708,10.78,10.7,10.77,120289,0
CCIX.US,60,20251010,200000,10.78,10.79,10.78,10.79,17774,0
CCIX.US,60,20251010,210000,10.79,10.84,10.79,10.81,41987,0
CCIX.US,60,20251010,220000,10.83,10.83,10.77,10.78,18912,0
CCIX.US,60,20251013,160000,10.71,10.84,10.71,10.79,5230,0
CCIX.US,60,20251013,170000,10.79,10.8,10.77,10.7947,86205,0
CCIX.US,60,20251013,180000,10.79,10.8,10.7819,10.79,7090,0
CCIX.US,60,20251013,190000,10.79,10.8,10.7818,10.79,7567,0
CCIX.US,60,20251013,200000,10.79,10.8,10.78,10.78,12936,0
CCIX.US,60,20251013,210000,10.78,10.78,10.75,10.77,7500,0
CCIX.US,60,20251013,220000,10.77,10.77,10.76,10.765,15875,0
CCIX.US,60,20251014,160000,10.8,10.88,10.78,10.78,2638,0
CCIX.US,60,20251014,170000,10.82,10.82,10.7705,10.7995,5579,0
CCIX.US,60,20251014,180000,10.785,10.83,10.77,10.83,11783,0
CCIX.US,60,20251014,190000,10.8299,10.84,10.82,10.82,28459,0
CCIX.US,60,20251014,200000,10.84,10.86,10.82,10.825,39762,0
CCIX.US,60,20251014,210000,10.82,10.8499,10.82,10.835,19347,0
CCIX.US,60,20251014,220000,10.84,10.84,10.8,10.8,21087,0
CCIX.US,60,20251015,160000,10.8,10.84,10.72,10.8,6822,0
CCIX.US,60,20251015,170000,10.8,10.8,10.74,10.8,18418,0
CCIX.US,60,20251015,180000,10.79,10.8,10.75,10.765,7792,0
CCIX.US,60,20251015,190000,10.7605,10.7758,10.74,10.74,8820,0
CCIX.US,60,20251015,200000,10.745,10.765,10.7112,10.7397,11466,0
CCIX.US,60,20251015,210000,10.74,10.785,10.735,10.785,6920,0
CCIX.US,60,20251015,220000,10.785,10.84,10.7535,10.76,10028,0
CCIX.US,60,20251016,160000,10.75,10.76,10.7351,10.75,8459,0
CCIX.US,60,20251016,170000,10.74,10.75,10.74,10.75,2630,0
CCIX.US,60,20251016,180000,10.743,10.8299,10.74,10.8,60270,0
CCIX.US,60,20251016,190000,10.8,10.83,10.77,10.8,35490,0
CCIX.US,60,20251016,200000,10.8,10.82,10.798,10.82,132663,0
CCIX.US,60,20251016,210000,10.82,10.84,10.82,10.83,10089,0
CCIX.US,60,20251016,220000,10.83,10.84,10.8,10.84,68270,0
CCIX.US,60,20251017,160000,10.84,10.84,10.8,10.8,13963,0
CCIX.US,60,20251017,170000,10.82,10.82,10.8,10.82,101800,0
CCIX.US,60,20251017,180000,10.8,10.82,10.8,10.8032,13792,0
CCIX.US,60,20251017,190000,10.81,10.82,10.8,10.8,2998,0
CCIX.US,60,20251017,200000,10.82,10.82,10.82,10.82,1000,0
CCIX.US,60,20251017,210000,10.82,10.82,10.8,10.8,24562,0
CCIX.US,60,20251017,220000,10.81,10.83,10.8,10.8,24136,0
CCIX.US,60,20251020,160000,10.85,10.85,10.7863,10.82,20948,0
CCIX.US,60,20251020,170000,10.82,10.82,10.8,10.82,36500,0
CCIX.US,60,20251020,180000,10.827612,10.827612,10.8,10.82,13359,0
CCIX.US,60,20251020,190000,10.82,10.8394,10.8,10.8,42880,0
CCIX.US,60,20251020,200000,10.8,10.81,10.78,10.8,36269,0
CCIX.US,60,20251020,210000,10.8,10.8,10.77,10.8,31860,0
CCIX.US,60,20251020,220000,10.8,10.81,10.73,10.77,48454,0
CCIX.US,60,20251021,160000,10.8,10.8,10.74,10.74,12500,0
CCIX.US,60,20251021,170000,10.7904,10.81,10.785,10.81,18353,0
CCIX.US,60,20251021,180000,10.8,10.8085,10.79,10.79,12436,0
CCIX.US,60,20251021,190000,10.8,10.81,10.8,10.81,110599,0
CCIX.US,60,20251021,200000,10.8,10.8,10.8,10.8,5505,0
CCIX.US,60,20251021,210000,10.8,10.8,10.8,10.8,7368,0
CCIX.US,60,20251021,220000,10.8,10.81,10.8,10.8,18978,0
CCIX.US,60,20251022,160000,10.8194,10.8194,10.77,10.8,16389,0
CCIX.US,60,20251022,170000,10.8,10.805,10.8,10.8001,56828,0
CCIX.US,60,20251022,180000,10.8,10.8021,10.8,10.8,172153,0
CCIX.US,60,20251022,190000,10.8,10.81,10.8,10.8025,13293,0
CCIX.US,60,20251022,200000,10.8,10.8,10.8,10.8,5275,0
CCIX.US,60,20251022,220000,10.8,10.81,10.8,10.8,2950,0
CCIX.US,60,20251023,160000,10.8,10.8,10.8,10.8,500,0
CCIX.US,60,20251023,170000,10.775,10.79,10.76,10.76,780,0
CCIX.US,60,20251023,180000,10.76,10.76,10.735,10.735,995,0
CCIX.US,60,20251023,190000,10.735,10.8,10.735,10.78,10695,0
CCIX.US,60,20251023,200000,10.765,10.765,10.765,10.765,4082,0
CCIX.US,60,20251023,210000,10.765,10.8,10.765,10.79,12271,0
CCIX.US,60,20251023,220000,10.8,10.8,10.62,10.62,19764,0
CCIX.US,60,20251024,160000,10.67,10.79,10.67,10.7204,4323,0
CCIX.US,60,20251024,170000,10.72,10.72,10.68,10.68,2741,0
CCIX.US,60,20251024,180000,10.7,10.735,10.7,10.725,2294,0
CCIX.US,60,20251024,190000,10.725,10.7323,10.71,10.725,1390,0
CCIX.US,60,20251024,200000,10.725,10.725,10.71,10.7232,1400,0
CCIX.US,60,20251024,210000,10.725,10.74,10.725,10.725,3251,0
CCIX.US,60,20251024,220000,10.74,10.74,10.72,10.73,9333,0
CCIX.US,60,20251027,150000,10.78,10.8,10.75,10.77,29901,0
CCIX.US,60,20251027,160000,10.77,10.775,10.7599,10.775,2800,0
CCIX.US,60,20251027,170000,10.79,11.32,10.78,10.79,77466,0
CCIX.US,60,20251027,180000,10.79,10.7933,10.79,10.79,509,0
CCIX.US,60,20251027,190000,10.7839,10.806688,10.78,10.8061,11301,0
CCIX.US,60,20251027,200000,10.8112,10.8112,10.8,10.8,550,0
CCIX.US,60,20251027,210000,10.8199,10.8199,10.79,10.8,1934,0
CCIX.US,60,20251028,150000,10.76,10.76,10.76,10.76,1000,0
CCIX.US,60,20251028,160000,10.8,10.8,10.73,10.73,200,0
CCIX.US,60,20251028,170000,10.77,10.7802,10.74,10.74,2000,0
CCIX.US,60,20251028,180000,10.7401,10.7519,10.7401,10.75,630,0
CCIX.US,60,20251028,190000,10.7417,10.7417,10.74,10.74,947,0
CCIX.US,60,20251028,200000,10.765,10.8,10.73,10.74,9516,0
CCIX.US,60,20251028,210000,10.74,10.74,10.74,10.74,300,0
CCIX.US,60,20251029,150000,10.74,10.84,10.74,10.84,2017,0
CCIX.US,60,20251029,160000,10.75,10.75,10.75,10.75,100,0
CCIX.US,60,20251029,170000,10.7776,10.7776,10.7776,10.7776,100,0
CCIX.US,60,20251029,180000,10.78,10.78,10.76,10.7741,1390,0
CCIX.US,60,20251029,210000,10.7804,10.7804,10.76,10.76,431,0
CCIX.US,60,20251030,150000,10.7837,10.7837,10.7837,10.7837,300,0
CCIX.US,60,20251030,160000,10.7846,10.7857,10.777,10.777,950,0
CCIX.US,60,20251030,170000,10.8,10.8,10.79,10.79,200,0
CCIX.US,60,20251030,180000,10.74,10.74,10.74,10.74,984,0
CCIX.US,60,20251030,190000,10.7615,10.7615,10.7615,10.7615,280,0
CCIX.US,60,20251030,200000,10.76,10.76,10.76,10.76,341,0
CCIX.US,60,20251030,210000,10.7636,10.7636,10.76,10.76,1300,0
CCIX.US,60,20251031,150000,10.78,10.79,10.73,10.73,779,0
CCIX.US,60,20251031,160000,10.73,10.769,10.73,10.76,1880,0
CCIX.US,60,20251031,170000,10.7541,10.7545,10.75,10.7545,1200,0
CCIX.US,60,20251031,180000,10.751,10.76,10.7252,10.73,12429,0
CCIX.US,60,20251031,190000,10.73,10.73,10.73,10.73,249,0
CCIX.US,60,20251031,200000,10.735,10.735,10.72,10.72,2160,0
CCIX.US,60,20251031,210000,10.722,10.722,10.71,10.71,1341,0
CCIX.US,60,20251103,170000,10.6966,10.6966,10.6966,10.6966,300,0
CCIX.US,60,20251103,180000,10.69,10.692,10.69,10.692,250,0
CCIX.US,60,20251103,210000,10.71,10.71,10.68,10.68,425,0
CCIX.US,60,20251103,220000,10.68,10.68,10.67,10.67,804,0
CCIX.US,60,20251104,160000,10.65,10.65,10.65,10.65,1142,0
CCIX.US,60,20251104,170000,10.6411,10.65,10.64,10.64,2200,0
CCIX.US,60,20251104,180000,10.65,10.65,10.64,10.65,6655,0
CCIX.US,60,20251104,190000,10.64,10.64,10.64,10.64,3236,0
CCIX.US,60,20251104,200000,10.6828,10.6828,10.64,10.64,742,0
CCIX.US,60,20251104,210000,10.6646,10.6646,10.64,10.64,10692,0
CCIX.US,60,20251104,220000,10.64,10.65,10.64,10.64,16748,0
CCIX.US,60,20251105,160000,10.64,10.73,10.64,10.73,330,0
CCIX.US,60,20251105,170000,10.68,10.68,10.65,10.6638,2700,0
CCIX.US,60,20251105,210000,10.7,10.7,10.6999,10.6999,2800,0
CCIX.US,60,20251105,220000,10.7,10.705,10.7,10.705,12116,0
CCIX.US,60,20251106,160000,10.66,10.66,10.66,10.66,700,0
CCIX.US,60,20251106,170000,10.6729,10.6729,10.66,10.66,510,0
CCIX.US,60,20251106,180000,10.6769,10.6769,10.6769,10.6769,100,0
CCIX.US,60,20251106,190000,10.67,10.67,10.67,10.67,530,0
CCIX.US,60,20251106,200000,10.6815,10.6815,10.6815,10.6815,200,0
CCIX.US,60,20251106,210000,10.68,10.68,10.68,10.68,100,0
CCIX.US,60,20251106,220000,10.695,10.84,10.651,10.6798,303254,0
CCIX.US,60,20251107,160000,10.64,10.66,10.64,10.65,13274,0
CCIX.US,60,20251107,170000,10.66,10.66,10.65,10.65,22098,0
CCIX.US,60,20251107,180000,10.65,10.65,10.65,10.65,100,0
CCIX.US,60,20251107,190000,10.66,10.66,10.64,10.64,11042,0
CCIX.US,60,20251107,200000,10.64,10.66,10.64,10.66,2192,0
CCIX.US,60,20251107,210000,10.64,10.6576,10.64,10.6576,2200,0
CCIX.US,60,20251107,220000,10.67,10.67,10.66,10.66,985,0
CCIX.US,60,20251110,160000,10.65,10.67,10.65,10.65,1231,0
CCIX.US,60,20251110,170000,10.6613,10.7,10.65,10.7,3408,0
CCIX.US,60,20251110,180000,10.7223,10.7223,10.65,10.675,18334,0
CCIX.US,60,20251110,190000,10.66,10.675,10.65,10.675,900,0
CCIX.US,60,20251110,200000,10.66,10.675,10.65,10.66,1280,0
CCIX.US,60,20251110,210000,10.66,10.7,10.66,10.66,588,0
CCIX.US,60,20251110,220000,10.66,10.675,10.66,10.66,500,0
CCIX.US,60,20251111,160000,10.65,10.65,10.65,10.65,100,0
CCIX.US,60,20251111,190000,10.65,10.65,10.65,10.65,100,0
CCIX.US,60,20251111,200000,10.714,10.72,10.6547,10.66,600,0
CCIX.US,60,20251111,210000,10.66,10.66,10.65,10.66,10680,0
CCIX.US,60,20251111,220000,10.66,10.6691,10.66,10.66,433,0
CCIX.US,60,20251112,160000,10.66,10.66,10.65,10.65,749,0
CCIX.US,60,20251112,180000,10.65,10.65,10.65,10.65,400,0
CCIX.US,60,20251112,210000,10.65,10.65,10.65,10.65,100,0
CCIX.US,60,20251112,220000,10.67,10.685,10.65,10.65,48042,0
CCIX.US,60,20251113,170000,10.66,10.66,10.64,10.653,3265,0
CCIX.US,60,20251113,180000,10.65,10.65,10.64,10.65,13431,0
CCIX.US,60,20251113,190000,10.65,10.65,10.65,10.65,100,0
CCIX.US,60,20251113,200000,10.65,10.651,10.645,10.65,19026,0
CCIX.US,60,20251113,210000,10.65,10.65,10.65,10.65,500,0
CCIX.US,60,20251113,220000,10.65,10.65,10.625,10.65,71339,0
CCIX.US,60,20251114,160000,10.63,10.6407,10.595,10.63,54470,0
CCIX.US,60,20251114,170000,10.6387,10.6433,10.61,10.63,67303,0
CCIX.US,60,20251114,180000,10.642,10.642,10.55,10.6,142412,0
CCIX.US,60,20251114,190000,10.63,10.65,10.62,10.64,6948,0
CCIX.US,60,20251114,200000,10.63,10.64,10.63,10.63,2932,0
CCIX.US,60,20251114,210000,10.63,10.65,10.61,10.61,9118,0
CCIX.US,60,20251114,220000,10.62,10.64,10.6,10.62,20523,0
CCIX.US,60,20251117,160000,10.62,10.6301,10.62,10.6301,22166,0
CCIX.US,60,20251117,170000,10.63,10.63,10.605,10.63,19143,0
CCIX.US,60,20251117,180000,10.63,10.6301,10.63,10.63,950,0
CCIX.US,60,20251117,190000,10.64,10.64,10.64,10.64,495,0
CCIX.US,60,20251117,210000,10.65,10.65,10.64,10.64,2384,0
CCIX.US,60,20251117,220000,10.64,10.6401,10.64,10.6401,5428,0
CCIX.US,60,20251118,160000,10.64,10.64,10.63,10.63,735,0
CCIX.US,60,20251118,170000,10.633,10.6401,10.63,10.64,1879,0
CCIX.US,60,20251118,180000,10.64,10.64,10.64,10.64,2500,0
CCIX.US,60,20251118,200000,10.64,10.64,10.635,10.64,500200,0
CCIX.US,60,20251118,210000,10.63,10.63,10.63,10.63,212,0
CCIX.US,60,20251118,220000,10.64,10.65,10.63,10.65,3865,0
CCIX.US,60,20251119,170000,10.61,10.61,10.61,10.61,1072,0
CCIX.US,60,20251119,180000,10.61,10.631,10.61,10.63,650,0
CCIX.US,60,20251119,190000,10.637,10.637,10.63,10.63,900,0
CCIX.US,60,20251119,200000,10.6339,10.6339,10.6339,10.6339,1553,0
CCIX.US,60,20251119,210000,10.6304,10.6304,10.63,10.6301,550,0
CCIX.US,60,20251119,220000,10.63,10.63,10.63,10.63,133,0
CCIX.US,60,20251120,160000,10.62,10.63,10.62,10.63,1696,0
CCIX.US,60,20251120,170000,10.6301,10.6301,10.63,10.63,668,0
CCIX.US,60,20251120,180000,10.63,10.6301,10.63,10.63,1200,0
CCIX.US,60,20251120,190000,10.64,10.64,10.62,10.63,25470,0
CCIX.US,60,20251120,200000,10.639,10.639,10.63,10.6301,54499,0
CCIX.US,60,20251120,210000,10.63,10.63,10.63,10.63,529,0
CCIX.US,60,20251120,220000,10.63,10.64,10.63,10.63,674,0
CCIX.US,60,20251121,160000,10.63,10.63,10.63,10.63,11748,0
CCIX.US,60,20251121,170000,10.63,10.635,10.63,10.63,140650,0
CCIX.US,60,20251121,190000,10.603,10.63,10.6,10.63,3726,0
CCIX.US,60,20251121,200000,10.63,10.63,10.62,10.62,24794,0
CCIX.US,60,20251121,210000,10.635,10.635,10.63,10.6301,1100,0
CCIX.US,60,20251121,220000,10.63,10.6306,10.63,10.6306,600,0
CCIX.US,60,20251124,160000,10.64,10.64,10.62,10.64,6576,0
CCIX.US,60,20251124,180000,10.635,10.64,10.63,10.64,5432,0
CCIX.US,60,20251124,190000,10.63,10.64,10.63,10.64,3904,0
CCIX.US,60,20251124,200000,10.645,10.65,10.64,10.64,35618,0
CCIX.US,60,20251124,220000,10.64,10.64,10.63,10.63,13096,0
CCIX.US,60,20251125,160000,10.63,10.64,10.63,10.63,3839,0
CCIX.US,60,20251125,170000,10.63,10.64,10.63,10.635,796,0
CCIX.US,60,20251125,180000,10.64,10.64,10.635,10.635,420,0
CCIX.US,60,20251125,200000,10.635,10.635,10.63,10.63,2000,0
CCIX.US,60,20251126,160000,10.63,10.63,10.63,10.63,580,0
CCIX.US,60,20251126,170000,10.63,10.64,10.63,10.63,13015,0
CCIX.US,60,20251126,180000,10.635,10.635,10.63,10.63,6122,0
CCIX.US,60,20251126,200000,10.64,10.64,10.635,10.64,543,0
CCIX.US,60,20251126,210000,10.635,10.635,10.63,10.63,550,0
CCIX.US,60,20251126,220000,10.63,10.63,10.63,10.63,2551,0
CCIX.US,60,20251128,160000,10.63,10.63,10.63,10.63,611,0
CCIX.US,60,20251128,170000,10.63,10.63,10.63,10.63,700,0
CCIX.US,60,20251128,180000,10.63,10.63,10.63,10.63,300,0
CCIX.US,60,20251128,190000,10.635,10.64,10.63,10.64,697,0
CCIX.US,60,20251201,160000,10.64,10.64,10.63,10.64,3000,0
CCIX.US,60,20251201,170000,10.63,10.64,10.63,10.635,4187,0
CCIX.US,60,20251201,180000,10.63,10.63,10.63,10.63,100,0
CCIX.US,60,20251201,200000,10.635,10.635,10.635,10.635,58576,0
CCIX.US,60,20251201,210000,10.63,10.63,10.63,10.63,100,0
CCIX.US,60,20251202,220000,10.63,10.63,10.61,10.62,215292,0
CCIX.US,60,20251203,160000,10.61,10.63,10.61,10.63,2212,0
CCIX.US,60,20251203,170000,10.62,10.63,10.61,10.61,17556,0
CCIX.US,60,20251203,180000,10.6211,10.6211,10.61,10.61,17597,0
CCIX.US,60,20251203,190000,10.61,10.61,10.61,10.61,200,0
CCIX.US,60,20251203,200000,10.61,10.61,10.61,10.61,300,0
CCIX.US,60,20251203,210000,10.605,10.605,10.6,10.6,4900,0
CCIX.US,60,20251203,220000,10.6,10.6,10.59,10.6,14090,0
CCIX.US,60,20251204,160000,10.6,10.6,10.59,10.6,32341,0
CCIX.US,60,20251204,170000,10.6,10.6,10.6,10.6,100,0
CCIX.US,60,20251204,180000,10.61,10.61,10.595,10.595,1720,0
CCIX.US,60,20251204,190000,10.59,10.6022,10.59,10.6022,5100,0
CCIX.US,60,20251204,200000,10.6,10.6,10.6,10.6,4400,0
CCIX.US,60,20251204,210000,10.6,10.61,10.6,10.6,5797,0
CCIX.US,60,20251204,220000,10.6,10.605,10.59,10.59,6646,0
CCIX.US,60,20251205,160000,10.6,10.6,10.6,10.6,105,0
CCIX.US,60,20251205,200000,10.6349,10.6349,10.6,10.625,400,0
CCIX.US,60,20251205,220000,10.59,10.59,10.59,10.59,413,0
CCIX.US,60,20251208,180000,10.61,10.61,10.6,10.6,60905,0
CCIX.US,60,20251208,200000,10.59,10.59,10.59,10.59,11106,0
CCIX.US,60,20251208,210000,10.5931,10.5931,10.5931,10.5931,128,0
CCIX.US,60,20251208,220000,10.6,10.6,10.6,10.6,576,0
CCIX.US,60,20251209,160000,10.62,10.64,10.6,10.64,5158,0
CCIX.US,60,20251209,200000,10.5935,10.6,10.58,10.58,29738,0
CCIX.US,60,20251209,220000,10.6,10.6,10.585,10.59,20487,0
CCIX.US,60,20251210,170000,10.59,10.59,10.59,10.59,20000,0
CCIX.US,60,20251210,180000,10.58,10.585,10.57,10.57,85475,0
CCIX.US,60,20251210,190000,10.57,10.5791,10.57,10.57,175838,0
CCIX.US,60,20251210,200000,10.57,10.58,10.57,10.58,1100,0
CCIX.US,60,20251210,210000,10.56,10.57,10.56,10.57,860,0
CCIX.US,60,20251210,220000,10.58,10.58,10.57,10.57,671,0
CCIX.US,60,20251211,160000,10.57,10.5714,10.57,10.5714,465,0
CCIX.US,60,20251211,180000,10.56,10.57,10.56,10.57,200200,0
CCIX.US,60,20251211,220000,10.565,10.565,10.56,10.56,627,0
CCIX.US,60,20251212,160000,10.578,10.578,10.578,10.578,1000,0
CCIX.US,60,20251212,170000,10.57,10.57,10.57,10.57,1000,0
CCIX.US,60,20251212,180000,10.5701,10.5701,10.5701,10.5701,951,0
CCIX.US,60,20251212,200000,10.57,10.57,10.57,10.57,193546,0
CCIX.US,60,20251212,220000,10.57,10.57,10.57,10.57,127,0
CCIX.US,60,20251215,170000,10.58,10.585,10.57,10.57,44121,0
CCIX.US,60,20251215,190000,10.571,10.571,10.57,10.57,500,0
CCIX.US,60,20251215,210000,10.585,10.5946,10.585,10.585,2100,0
CCIX.US,60,20251215,220000,10.57,10.57,10.57,10.57,20408,0
CCIX.US,60,20251216,160000,10.57,10.57,10.57,10.57,250,0
CCIX.US,60,20251216,180000,10.59,10.59,10.59,10.59,100,0
CCIX.US,60,20251216,220000,10.573,10.573,10.573,10.573,280,0
CCIX.US,60,20251217,160000,10.57,10.58,10.57,10.58,307,0
CCIX.US,60,20251217,170000,10.58,10.58,10.58,10.58,100,0
CCIX.US,60,20251217,180000,10.575,10.575,10.575,10.575,472,0
CCIX.US,60,20251217,190000,10.58,10.58,10.58,10.58,4585,0
CCIX.US,60,20251217,200000,10.58,10.58,10.58,10.58,100000,0
CCIX.US,60,20251217,210000,10.58,10.59,10.575,10.59,6222,0
CCIX.US,60,20251217,220000,10.58,10.58,10.58,10.58,95601,0
CCIX.US,60,20251218,180000,10.5947,10.5947,10.5867,10.5867,2800,0
CCIX.US,60,20251218,210000,10.58,10.58,10.58,10.58,288,0
CCIX.US,60,20251218,220000,10.59,10.59,10.59,10.59,137,0
CCIX.US,60,20251219,160000,10.59,10.59,10.59,10.59,1200,0
CCIX.US,60,20251219,170000,10.6,10.61,10.6,10.61,1000,0
CCIX.US,60,20251219,200000,10.6,10.6,10.6,10.6,250,0
CCIX.US,60,20251219,220000,10.6,10.6,10.6,10.6,10190,0
CCIX.US,60,20251222,170000,10.6034,10.6034,10.6034,10.6034,300,0
CCIX.US,60,20251222,180000,10.61,10.62,10.61,10.62,450,0
CCIX.US,60,20251222,190000,10.605,10.605,10.605,10.605,820,0
CCIX.US,60,20251222,200000,10.6,10.605,10.6,10.6,2980,0
CCIX.US,60,20251222,210000,10.6,10.6,10.6,10.6,5000,0
CCIX.US,60,20251222,220000,10.6,10.6,10.59,10.59,11516,0
CCIX.US,60,20251223,160000,10.6065,10.6065,10.6065,10.6065,300,0
CCIX.US,60,20251223,170000,10.6,10.6,10.6,10.6,2096,0
CCIX.US,60,20251223,190000,10.6,10.6,10.6,10.6,100,0
CCIX.US,60,20251223,200000,10.6001,10.6134,10.6001,10.6134,700,0
CCIX.US,60,20251223,210000,10.6128,10.62,10.6128,10.62,499,0
CCIX.US,60,20251223,220000,10.6143,10.6143,10.58,10.58,2316,0
CCIX.US,60,20251224,160000,10.6,10.64,10.6,10.64,353,0
CCIX.US,60,20251224,170000,10.63,10.64,10.63,10.64,1000,0
CCIX.US,60,20251224,200000,10.6,10.6,10.6,10.6,894,0
CCIX.US,60,20251226,160000,10.64,10.65,10.625,10.625,2750,0
CCIX.US,60,20251226,200000,10.64,10.64,10.6388,10.6388,300,0
CCIX.US,60,20251226,220000,10.64,10.64,10.6,10.6,5165,0
