<TICKER>,<PER>,<DATE>,<TIME>,<OPEN>,<HIGH>,<LOW>,<CLOSE>,<VOL>,<OPENINT>
CHAC.US,60,20250520,160000,9.9,9.905,9.895,9.895,86948,0
CHAC.US,60,20250520,170000,9.9,9.9,9.9,9.9,1000,0
CHAC.US,60,20250520,190000,9.9,9.9,9.9,9.9,234,0
CHAC.US,60,20250520,210000,9.9,9.9,9.9,9.9,600,0
CHAC.US,60,20250520,220000,9.9,9.92,9.9,9.91,92364,0
CHAC.US,60,20250521,160000,9.91,9.91,9.91,9.91,492,0
CHAC.US,60,20250521,170000,9.9,9.905,9.9,9.9,378855,0
CHAC.US,60,20250521,200000,9.9,9.9,9.9,9.9,147870,0
CHAC.US,60,20250521,210000,9.91,9.91,9.9,9.91,283092,0
CHAC.US,60,20250521,220000,9.91,9.91,9.9,9.9,101904,0
CHAC.US,60,20250522,200000,9.905,9.91,9.9,9.91,324900,0
CHAC.US,60,20250522,210000,9.91,9.915,9.905,9.91,70019,0
CHAC.US,60,20250522,220000,9.91,9.915,9.905,9.915,480163,0
CHAC.US,60,20250523,160000,9.91,9.91,9.91,9.91,16901,0
CHAC.US,60,20250523,180000,9.9,9.9,9.9,9.9,2059,0
CHAC.US,60,20250523,220000,9.91,9.91,9.9,9.905,20913,0
CHAC.US,60,20250527,210000,9.91,9.91,9.9035,9.9035,428,0
CHAC.US,60,20250528,160000,9.9,9.9,9.9,9.9,100,0
CHAC.US,60,20250528,170000,9.905,9.905,9.905,9.905,300,0
CHAC.US,60,20250528,180000,9.905,9.905,9.905,9.905,400,0
CHAC.US,60,20250528,190000,9.905,9.91,9.9,9.91,24284,0
CHAC.US,60,20250528,200000,9.91,9.915,9.91,9.915,200,0
CHAC.US,60,20250528,210000,9.91,9.91,9.91,9.91,400,0
CHAC.US,60,20250528,220000,9.91,9.91,9.91,9.91,19453,0
CHAC.US,60,20250529,200000,9.92,9.92,9.9,9.9,201500,0
CHAC.US,60,20250529,220000,9.91,9.91,9.91,9.91,123,0
CHAC.US,60,20250530,180000,9.915,9.92,9.915,9.92,700,0
CHAC.US,60,20250530,190000,9.915,9.915,9.915,9.915,200,0
CHAC.US,60,20250530,200000,9.915,9.915,9.905,9.905,17900,0
CHAC.US,60,20250530,220000,9.91,9.91,9.9,9.91,1219,0
CHAC.US,60,20250602,180000,9.92,9.97,9.92,9.93,132761,0
CHAC.US,60,20250602,190000,9.935,9.935,9.935,9.935,2400,0
CHAC.US,60,20250602,210000,9.9303,9.9303,9.9303,9.9303,175,0
CHAC.US,60,20250602,220000,9.94,9.94,9.94,9.94,190,0
CHAC.US,60,20250603,170000,9.94,9.94,9.94,9.94,617,0
CHAC.US,60,20250603,220000,9.935,9.935,9.935,9.935,510,0
CHAC.US,60,20250604,170000,9.94,9.945,9.9392,9.945,14899,0
CHAC.US,60,20250604,180000,9.945,9.96,9.945,9.96,30990,0
CHAC.US,60,20250604,190000,9.95,9.95,9.95,9.95,250000,0
CHAC.US,60,20250604,200000,9.96,9.96,9.96,9.96,535,0
CHAC.US,60,20250604,210000,9.96,9.96,9.96,9.96,2000,0
CHAC.US,60,20250604,220000,9.96,9.975,9.96,9.975,753,0
CHAC.US,60,20250605,170000,9.96,9.96,9.96,9.96,100,0
CHAC.US,60,20250605,180000,9.95,9.96,9.95,9.96,19100,0
CHAC.US,60,20250605,190000,9.98,9.98,9.98,9.98,100,0
CHAC.US,60,20250605,210000,9.98,9.98,9.96,9.96,22373,0
CHAC.US,60,20250605,220000,9.96,9.965,9.955,9.96,147812,0
CHAC.US,60,20250606,170000,9.96,9.96,9.96,9.96,415,0
CHAC.US,60,20250606,180000,9.96,9.96,9.96,9.96,700,0
CHAC.US,60,20250606,210000,9.97,9.97,9.97,9.97,381,0
CHAC.US,60,20250606,220000,9.97,9.98,9.97,9.98,153658,0
CHAC.US,60,20250609,200000,9.9623,9.98,9.9623,9.98,1582,0
CHAC.US,60,20250609,210000,9.975,9.98,9.975,9.98,5000,0
CHAC.US,60,20250609,220000,9.9777,9.9777,9.975,9.975,5200,0
CHAC.US,60,20250610,160000,9.9795,9.98,9.9781,9.9787,11266,0
CHAC.US,60,20250610,180000,9.98,9.98,9.98,9.98,1600,0
CHAC.US,60,20250610,210000,9.98,9.98,9.98,9.98,1324,0
CHAC.US,60,20250610,220000,9.97,9.97,9.97,9.97,2100,0
CHAC.US,60,20250611,160000,9.978,9.98,9.978,9.98,139657,0
CHAC.US,60,20250611,170000,9.98,9.98,9.98,9.98,600,0
CHAC.US,60,20250611,190000,9.985,9.985,9.985,9.985,6680,0
CHAC.US,60,20250611,200000,9.99,9.995,9.99,9.99,48620,0
CHAC.US,60,20250611,210000,9.995,9.995,9.995,9.995,600,0
CHAC.US,60,20250611,220000,9.995,10,9.995,10,709,0
CHAC.US,60,20250612,200000,10.0014,10.0014,10.0014,10.0014,1200,0
CHAC.US,60,20250613,220000,10.01,10.01,10.01,10.01,1313,0
CHAC.US,60,20250616,170000,10.01,10.015,10.01,10.01,13200,0
CHAC.US,60,20250616,180000,10.01,10.01,10.01,10.01,1800,0
CHAC.US,60,20250617,220000,10.01,10.02,10.01,10.02,142051,0
CHAC.US,60,20250620,200000,10.04,10.04,10.04,10.04,150000,0
CHAC.US,60,20250620,220000,10.039,10.09,10.035,10.05,50340,0
CHAC.US,60,20250623,160000,10.1,10.145,10.1,10.1,11918,0
CHAC.US,60,20250623,170000,10.08,10.09,10.07,10.08,258007,0
CHAC.US,60,20250623,180000,10.08,10.08,10.07,10.075,13700,0
CHAC.US,60,20250623,190000,10.08,10.08,10.08,10.08,500,0
CHAC.US,60,20250623,200000,10.08,10.09,10.08,10.08,16700,0
CHAC.US,60,20250623,210000,10.0764,10.08,10.0764,10.08,17060,0
CHAC.US,60,20250623,220000,10.08,10.085,10.075,10.075,53383,0
CHAC.US,60,20250624,160000,10.08,10.1,10.075,10.0999,40810,0
CHAC.US,60,20250624,170000,10.095,10.14,10.095,10.11,37500,0
CHAC.US,60,20250624,180000,10.11,10.11,10.105,10.105,10494,0
CHAC.US,60,20250624,190000,10.105,10.105,10.1,10.1,8800,0
CHAC.US,60,20250624,200000,10.1,10.1,10.1,10.1,171,0
CHAC.US,60,20250624,210000,10.1,10.1,10.1,10.1,4029,0
CHAC.US,60,20250624,220000,10.1,10.11,10.09,10.095,57432,0
CHAC.US,60,20250625,170000,10.095,10.095,10.095,10.095,200,0
CHAC.US,60,20250625,180000,10.095,10.095,10.09,10.09,21600,0
CHAC.US,60,20250625,200000,10.09,10.09,10.08,10.08,15761,0
CHAC.US,60,20250625,210000,10.075,10.075,10.0618,10.0618,27100,0
CHAC.US,60,20250625,220000,10.06,10.065,10.06,10.065,1892,0
CHAC.US,60,20250626,170000,10.09,10.09,10.09,10.09,1000,0
CHAC.US,60,20250626,180000,10.07,10.08,10.07,10.07,7300,0
CHAC.US,60,20250626,190000,10.07,10.07,10.07,10.07,3630,0
CHAC.US,60,20250626,210000,10.0602,10.07,10.0602,10.07,2758,0
CHAC.US,60,20250626,220000,10.07,10.07,10.06,10.06,2076,0
CHAC.US,60,20250627,200000,10.06,10.06,10.06,10.06,100,0
CHAC.US,60,20250630,160000,10.07,10.07,10.06,10.06,15500,0
CHAC.US,60,20250630,170000,10.06,10.06,10.06,10.06,9000,0
CHAC.US,60,20250630,180000,10.06,10.06,10.06,10.06,100,0
CHAC.US,60,20250630,190000,10.0681,10.0681,10.0681,10.0681,154,0
CHAC.US,60,20250630,200000,10.06,10.06,10.06,10.06,1700,0
CHAC.US,60,20250630,220000,10.07,10.07,10.07,10.07,242,0
CHAC.US,60,20250701,160000,10.06,10.06,10.06,10.06,1000,0
CHAC.US,60,20250701,190000,10.065,10.065,10.065,10.065,100,0
CHAC.US,60,20250701,220000,10.06,10.06,10.06,10.06,259,0
CHAC.US,60,20250702,170000,10.06,10.06,10.05,10.05,6973,0
CHAC.US,60,20250707,160000,10.035,10.05,10.02,10.04,2491,0
CHAC.US,60,20250707,190000,10.03,10.03,10.03,10.03,300,0
CHAC.US,60,20250707,210000,10.01,10.03,10.01,10.03,1200,0
CHAC.US,60,20250707,220000,10.03,10.03,10.03,10.03,353,0
CHAC.US,60,20250708,160000,10.01,10.03,10,10.03,10300,0
CHAC.US,60,20250708,170000,10,10,10,10,200,0
CHAC.US,60,20250708,180000,10,10.02,10,10.02,500,0
CHAC.US,60,20250708,220000,10.02,10.03,10.01,10.01,1631,0
CHAC.US,60,20250709,160000,10.0252,10.03,10.0252,10.03,400,0
CHAC.US,60,20250709,190000,10.03,10.03,10.03,10.03,899,0
CHAC.US,60,20250709,200000,10.05,10.05,10.05,10.05,200,0
CHAC.US,60,20250709,210000,10.05,10.05,10.05,10.05,201,0
CHAC.US,60,20250709,220000,10.05,10.05,10.05,10.05,161,0
CHAC.US,60,20250710,170000,10.024,10.024,10.024,10.024,4000,0
CHAC.US,60,20250710,180000,10.01,10.02,10,10.02,32000,0
CHAC.US,60,20250710,200000,10.03,10.03,10.03,10.03,300,0
CHAC.US,60,20250711,220000,10.01,10.03,10,10.02,6136,0
CHAC.US,60,20250714,160000,10.04,10.04,10.04,10.04,300,0
CHAC.US,60,20250714,220000,10,10.01,9.99,9.99,6438,0
CHAC.US,60,20250715,160000,10.03,10.03,10.03,10.03,300,0
CHAC.US,60,20250715,180000,9.99,10,9.99,10,14100,0
CHAC.US,60,20250715,220000,9.99,9.99,9.98,9.98,246,0
CHAC.US,60,20250716,160000,10,10,10,10,200,0
CHAC.US,60,20250716,170000,9.99,10,9.99,10,1000,0
CHAC.US,60,20250716,200000,10,10,10,10,5990,0
CHAC.US,60,20250716,210000,10.02,10.02,10.02,10.02,200,0
CHAC.US,60,20250716,220000,10,10,10,10,143,0
CHAC.US,60,20250717,160000,9.98,10.02,9.98,10.02,2238,0
CHAC.US,60,20250717,170000,9.96,10.02,9.96,10.02,400,0
CHAC.US,60,20250717,220000,10.01,10.01,10.01,10.01,406,0
CHAC.US,60,20250718,180000,10.01,10.02,10.01,10.0199,4092,0
CHAC.US,60,20250718,190000,10.03,10.03,10.03,10.03,200,0
CHAC.US,60,20250722,220000,10.03,10.04,10.02,10.02,1421,0
CHAC.US,60,20250723,160000,10.04,10.04,10.04,10.04,200,0
CHAC.US,60,20250723,220000,10.0389,10.04,10.0389,10.04,1447,0
CHAC.US,60,20250725,170000,10.04,10.05,10.04,10.0432,9867,0
CHAC.US,60,20250728,220000,10.05,10.05,10.045,10.045,2357,0
CHAC.US,60,20250729,180000,10.05,10.05,10.05,10.05,100,0
CHAC.US,60,20250729,220000,10.0475,10.0475,10.0475,10.0475,990,0
CHAC.US,60,20250730,200000,10.042,10.05,10.04,10.05,6138,0
CHAC.US,60,20250730,220000,10.045,10.05,10.045,10.0475,4583,0
CHAC.US,60,20250731,160000,10.04,10.04,10.04,10.04,100,0
CHAC.US,60,20250731,180000,10.05,10.06,10.05,10.06,19222,0
CHAC.US,60,20250731,200000,10.04,10.07,10.04,10.07,300,0
CHAC.US,60,20250731,220000,10.06,10.07,10.05,10.07,11306,0
CHAC.US,60,20250801,160000,10.04,10.04,10.0363,10.0363,6558,0
CHAC.US,60,20250801,180000,10.03,10.03,10.03,10.03,6714,0
CHAC.US,60,20250801,220000,10.05,10.07,10.05,10.055,994,0
CHAC.US,60,20250804,180000,10.0499,10.0499,10.0401,10.0401,200,0
CHAC.US,60,20250804,190000,10.07,10.07,10.07,10.07,300,0
CHAC.US,60,20250806,180000,10.05,10.07,10.05,10.07,1800,0
CHAC.US,60,20250807,160000,10.07,10.11,10.07,10.11,5300,0
CHAC.US,60,20250807,170000,10.05,10.09,10.05,10.09,9100,0
CHAC.US,60,20250807,180000,10.0303,10.0552,10.0303,10.0361,1050,0
CHAC.US,60,20250807,200000,10.08,10.08,10.08,10.08,150,0
CHAC.US,60,20250808,160000,10.1,10.1,10.1,10.1,1000,0
CHAC.US,60,20250808,170000,10.06,10.065,10.0509,10.065,10100,0
CHAC.US,60,20250811,160000,10.1,10.1,10.05,10.05,2000,0
CHAC.US,60,20250811,170000,10.04,10.05,10.04,10.05,304099,0
CHAC.US,60,20250811,180000,10.0793,10.0793,10.0793,10.0793,100,0
CHAC.US,60,20250811,200000,10.05,10.05,10.05,10.05,80000,0
CHAC.US,60,20250811,210000,10.05,10.05,10.05,10.05,200000,0
CHAC.US,60,20250812,160000,10.05,10.08,10.05,10.05,10300,0
CHAC.US,60,20250812,170000,10.05,10.05,10.04,10.05,109300,0
CHAC.US,60,20250812,180000,10.045,10.045,10.045,10.045,200,0
CHAC.US,60,20250812,200000,10.045,10.045,10.045,10.045,2300,0
CHAC.US,60,20250812,210000,10.04,10.045,10.04,10.045,2661,0
CHAC.US,60,20250813,160000,10.07,10.07,10.07,10.07,100,0
CHAC.US,60,20250813,180000,10.08,10.08,10.08,10.08,100,0
CHAC.US,60,20250813,190000,10.06,10.08,10.06,10.08,3500,0
CHAC.US,60,20250813,210000,10.05,10.05,10.05,10.05,100,0
CHAC.US,60,20250813,220000,10.045,10.045,10.045,10.045,100,0
CHAC.US,60,20250814,160000,10.1,10.1,10.1,10.1,1000,0
CHAC.US,60,20250814,210000,10.03,10.03,10.03,10.03,100,0
CHAC.US,60,20250814,220000,10.045,10.045,10.032,10.032,500,0
CHAC.US,60,20250815,170000,10.08,10.08,10.08,10.08,100,0
CHAC.US,60,20250815,200000,10.06,10.06,10.06,10.06,100,0
CHAC.US,60,20250815,220000,10.03,10.03,10.03,10.03,100,0
CHAC.US,60,20250818,170000,10.03,10.03,10.03,10.03,100,0
CHAC.US,60,20250818,210000,10.03,10.03,10.03,10.03,109,0
CHAC.US,60,20250819,160000,10.03,10.06,10.03,10.06,980,0
CHAC.US,60,20250819,170000,10.03,10.03,10.03,10.03,100,0
CHAC.US,60,20250819,180000,10.045,10.045,10.045,10.045,150000,0
CHAC.US,60,20250819,200000,10.03,10.045,10.03,10.045,104100,0
CHAC.US,60,20250819,210000,10.04,10.04,10.04,10.04,100,0
CHAC.US,60,20250819,220000,10.04,10.04,10.04,10.04,360,0
CHAC.US,60,20250820,160000,10.04,10.04,10.04,10.04,100,0
CHAC.US,60,20250820,200000,10.045,10.045,10.045,10.045,100000,0
CHAC.US,60,20250821,170000,10.04,10.04,10.04,10.04,100,0
CHAC.US,60,20250821,180000,10.05,10.05,10.04,10.045,8122,0
CHAC.US,60,20250821,190000,10.04,10.04,10.04,10.04,100,0
CHAC.US,60,20250821,210000,10.04,10.04,10.035,10.04,2874,0
CHAC.US,60,20250825,190000,10.04,10.04,10.02,10.03,10545,0
CHAC.US,60,20250825,200000,10.08,10.08,10.03,10.03,400,0
CHAC.US,60,20250825,210000,10.08,10.08,10.08,10.08,200,0
CHAC.US,60,20250826,160000,10.03,10.08,10.03,10.08,1200,0
CHAC.US,60,20250826,170000,10.03,10.03,10.03,10.03,100,0
CHAC.US,60,20250826,190000,10.03,10.04,10.03,10.03,15213,0
CHAC.US,60,20250826,200000,10.03,10.03,10.03,10.03,100,0
CHAC.US,60,20250826,220000,10.03,10.03,10.03,10.03,200,0
CHAC.US,60,20250827,160000,10.08,10.08,10.08,10.08,100,0
CHAC.US,60,20250827,170000,10.0442,10.0442,10.0442,10.0442,3452,0
CHAC.US,60,20250827,200000,10.04,10.04,10.04,10.04,200,0
CHAC.US,60,20250828,160000,10.08,10.08,10.08,10.08,100,0
CHAC.US,60,20250828,170000,10.04,10.04,10.04,10.04,100,0
CHAC.US,60,20250828,180000,10.04,10.045,10.04,10.04,10966,0
CHAC.US,60,20250828,210000,10.03,10.03,10.03,10.03,100,0
CHAC.US,60,20250829,160000,10.08,10.08,10.08,10.08,100,0
CHAC.US,60,20250829,180000,10.03,10.03,10.03,10.03,100,0
CHAC.US,60,20250829,200000,10.04,10.04,10.03,10.03,925,0
CHAC.US,60,20250829,210000,10.05,10.05,10.05,10.05,100,0
CHAC.US,60,20250829,220000,10.03,10.035,10.03,10.035,5158,0
CHAC.US,60,20250902,160000,10.05,10.05,10.05,10.05,100,0
CHAC.US,60,20250902,210000,10.03,10.035,10.03,10.035,5600,0
CHAC.US,60,20250903,160000,10.05,10.05,10.05,10.05,100,0
CHAC.US,60,20250903,200000,10.04,10.04,10.04,10.04,177,0
CHAC.US,60,20250903,210000,10.02,10.03,10.02,10.03,10200,0
CHAC.US,60,20250904,160000,10.03,10.05,10.03,10.05,13600,0
CHAC.US,60,20250904,170000,10.02,10.02,10.02,10.02,73305,0
CHAC.US,60,20250904,190000,10.02,10.02,10.02,10.02,36405,0
CHAC.US,60,20250904,210000,10.025,10.025,10.025,10.025,100,0
CHAC.US,60,20250904,220000,10.025,10.025,10.015,10.015,49042,0
CHAC.US,60,20250905,190000,10.03,10.03,10.025,10.03,20800,0
CHAC.US,60,20250909,200000,10.02,10.02,10.01,10.02,19400,0
CHAC.US,60,20250910,180000,10.0111,10.0169,10.0111,10.0169,3500,0
CHAC.US,60,20250911,200000,10.025,10.025,10.02,10.02,2500,0
CHAC.US,60,20250911,220000,10.025,10.025,10.01,10.01,12500,0
CHAC.US,60,20250912,160000,10.03,10.03,10.03,10.03,200,0
CHAC.US,60,20250912,170000,10.02,10.02,10.02,10.02,1000,0
CHAC.US,60,20250912,190000,10.02,10.02,10.01,10.02,6900,0
CHAC.US,60,20250912,210000,10.025,10.025,10.015,10.02,41781,0
CHAC.US,60,20250912,220000,10.02,10.02,10.02,10.02,519,0
CHAC.US,60,20250915,160000,10.1,10.1,10.1,10.1,100,0
CHAC.US,60,20250915,220000,10.02,10.02,10.02,10.02,11600,0
CHAC.US,60,20250916,180000,10.02,10.02,10.02,10.02,11102,0
CHAC.US,60,20250916,190000,10.05,10.05,10.05,10.05,100,0
CHAC.US,60,20250918,180000,10.03,10.03,10.03,10.03,10700,0
CHAC.US,60,20250918,200000,10.03,10.03,10.03,10.03,1033,0
CHAC.US,60,20250918,210000,10.04,10.04,10.03,10.03,300,0
CHAC.US,60,20250918,220000,10.03,10.03,10.03,10.03,100,0
CHAC.US,60,20250919,170000,10.09,10.09,10.09,10.09,100,0
CHAC.US,60,20250919,190000,10.02,10.045,10.02,10.045,250,0
CHAC.US,60,20250923,170000,10.03,10.08,10.02,10.08,880,0
CHAC.US,60,20250923,190000,10.03,10.04,10.03,10.04,25100,0
CHAC.US,60,20250923,200000,10.05,10.05,10.03,10.03,350,0
CHAC.US,60,20250924,170000,10.08,10.08,10.08,10.08,150,0
CHAC.US,60,20250924,180000,10.03,10.03,10.03,10.03,100,0
CHAC.US,60,20250924,190000,10.05,10.07,10.05,10.07,200,0
CHAC.US,60,20250924,200000,10.04,10.04,10.03,10.04,20503,0
CHAC.US,60,20250924,210000,10.055,10.055,10.04,10.04,200,0
CHAC.US,60,20250924,220000,10.05,10.05,10.04,10.04,300,0
CHAC.US,60,20250925,160000,10.06,10.07,10.06,10.07,1800,0
CHAC.US,60,20250925,180000,10.05,10.05,10.05,10.05,100,0
CHAC.US,60,20250925,190000,10.06,10.08,10.06,10.079,3226,0
CHAC.US,60,20250925,200000,10.08,10.1,10.077,10.094,56453,0
CHAC.US,60,20250925,210000,10.0946,10.185,10.0946,10.13,49453,0
CHAC.US,60,20250925,220000,10.12,10.15,10.12,10.15,28289,0
CHAC.US,60,20250926,160000,10.15,10.15,10.15,10.15,324,0
CHAC.US,60,20250926,170000,10.1,10.15,10.1,10.11,3700,0
CHAC.US,60,20250926,180000,10.11,10.11,10.11,10.11,5500,0
CHAC.US,60,20250926,190000,10.14,10.15,10.14,10.15,5700,0
CHAC.US,60,20250926,200000,10.14,10.18,10.14,10.16,30865,0
CHAC.US,60,20250926,210000,10.16,10.17,10.15,10.17,2200,0
CHAC.US,60,20250926,220000,10.16,10.265,10.1594,10.21,82766,0
CHAC.US,60,20250929,160000,10.15,10.175,10.14,10.14,4400,0
CHAC.US,60,20250929,170000,10.19,10.19,10.16,10.1664,1600,0
CHAC.US,60,20250929,180000,10.16,10.16,10.11,10.12,2849,0
CHAC.US,60,20250929,190000,10.13,10.13,10.13,10.13,700,0
CHAC.US,60,20250929,200000,10.13,10.13,10.13,10.13,198,0
CHAC.US,60,20250929,220000,10.13,10.13,10.13,10.13,302,0
CHAC.US,60,20250930,180000,10.11,10.12,10.1,10.12,13003,0
CHAC.US,60,20250930,190000,10.115,10.115,10.115,10.115,200,0
CHAC.US,60,20250930,200000,10.14,10.14,10.14,10.14,250,0
CHAC.US,60,20251001,180000,10.12,10.135,10.12,10.12,25400,0
CHAC.US,60,20251001,190000,10.12,10.135,10.12,10.12,2500,0
CHAC.US,60,20251001,200000,10.12,10.135,10.12,10.135,2828,0
CHAC.US,60,20251001,210000,10.12,10.135,10.12,10.135,7049,0
CHAC.US,60,20251001,220000,10.12,10.12,10.11,10.11,1200,0
CHAC.US,60,20251003,170000,10.24,10.24,10.24,10.24,100,0
CHAC.US,60,20251003,180000,10.2,10.22,10.17,10.17,14757,0
CHAC.US,60,20251003,190000,10.155,10.19,10.155,10.19,200,0
CHAC.US,60,20251003,200000,10.155,10.19,10.155,10.19,203,0
CHAC.US,60,20251003,210000,10.19,10.19,10.19,10.19,100,0
CHAC.US,60,20251003,220000,10.19,10.19,10.14,10.14,500,0
CHAC.US,60,20251006,170000,10.13,10.1416,10.126,10.1284,500,0
CHAC.US,60,20251006,180000,10.207,10.245,10.1795,10.19,37330,0
CHAC.US,60,20251006,190000,10.21,10.21,10.21,10.21,100,0
CHAC.US,60,20251006,200000,10.1994,10.2,10.18,10.19,14433,0
CHAC.US,60,20251006,210000,10.21,10.21,10.21,10.21,100,0
CHAC.US,60,20251006,220000,10.2,10.2,10.195,10.2,1106800,0
CHAC.US,60,20251007,160000,10.2,10.21,10.19,10.21,14218,0
CHAC.US,60,20251007,170000,10.21,10.21,10.1905,10.21,3925,0
CHAC.US,60,20251007,180000,10.21,10.24,10.197,10.225,31811,0
CHAC.US,60,20251007,190000,10.24,10.24,10.22,10.24,13871,0
CHAC.US,60,20251007,200000,10.24,10.24,10.23,10.24,2080,0
CHAC.US,60,20251007,210000,10.24,10.25,10.22,10.24,11000,0
CHAC.US,60,20251007,220000,10.24,10.25,10.2205,10.24,49796,0
CHAC.US,60,20251008,160000,10.25,10.25,10.25,10.25,300,0
CHAC.US,60,20251008,170000,10.25,10.25,10.2386,10.2386,2295,0
CHAC.US,60,20251008,180000,10.24,10.25,10.239,10.245,7213,0
CHAC.US,60,20251008,190000,10.2465,10.2465,10.24,10.24,844,0
CHAC.US,60,20251008,200000,10.24,10.24,10.23,10.23,600,0
CHAC.US,60,20251008,210000,10.24,10.26,10.23,10.26,10180,0
CHAC.US,60,20251008,220000,10.2415,10.26,10.24,10.24,7122,0
CHAC.US,60,20251009,180000,10.26,10.26,10.26,10.26,100,0
CHAC.US,60,20251009,190000,10.24,10.24,10.23,10.23,14600,0
CHAC.US,60,20251009,200000,10.24,10.24,10.2371,10.24,11200,0
CHAC.US,60,20251009,220000,10.24,10.24,10.24,10.24,100,0
CHAC.US,60,20251010,180000,10.2435,10.26,10.24,10.24,9342,0
CHAC.US,60,20251010,190000,10.24,10.24,10.23,10.24,11396,0
CHAC.US,60,20251010,200000,10.24,10.24,10.2301,10.2301,700,0
CHAC.US,60,20251010,210000,10.235,10.235,10.235,10.235,200,0
CHAC.US,60,20251010,220000,10.24,10.24,10.23,10.235,6076,0
CHAC.US,60,20251013,160000,10.24,10.27,10.24,10.2696,13138,0
CHAC.US,60,20251013,170000,10.2401,10.2447,10.2401,10.2447,200,0
CHAC.US,60,20251013,190000,10.26,10.27,10.2599,10.26,3793,0
CHAC.US,60,20251013,210000,10.2598,10.26,10.2598,10.26,300,0
CHAC.US,60,20251013,220000,10.26,10.47,10.26,10.28,33952,0
CHAC.US,60,20251014,200000,10.51,10.8,10.3472,10.3899,7205,0
CHAC.US,60,20251014,210000,10.38,10.39,10.33,10.37,9300,0
CHAC.US,60,20251014,220000,10.35,10.37,10.3477,10.35,260990,0
CHAC.US,60,20251015,180000,10.4,10.4,10.3675,10.4,15750,0
CHAC.US,60,20251015,200000,10.375,10.4,10.375,10.4,10006,0
CHAC.US,60,20251015,210000,10.42,10.45,10.4197,10.45,16983,0
CHAC.US,60,20251015,220000,10.435,10.475,10.427,10.47,36199,0
CHAC.US,60,20251016,160000,10.4999,10.5,10.4331,10.5,132527,0
CHAC.US,60,20251016,170000,10.5,10.55,10.5,10.5,70606,0
CHAC.US,60,20251016,200000,10.52,10.52,10.5199,10.52,4894,0
CHAC.US,60,20251016,210000,10.52,10.52,10.5,10.5,54101,0
CHAC.US,60,20251016,220000,10.5,10.53,10.49,10.5,12902,0
CHAC.US,60,20251017,160000,10.5,10.5,10.485,10.485,22159,0
CHAC.US,60,20251017,170000,10.5099,10.59,10.5,10.536,5600,0
CHAC.US,60,20251017,180000,10.53,10.53,10.5,10.5,2742,0
CHAC.US,60,20251017,190000,10.49,10.49,10.49,10.49,2000,0
CHAC.US,60,20251017,200000,10.52,10.52,10.52,10.52,100,0
CHAC.US,60,20251017,210000,10.4501,10.4501,10.4501,10.4501,400,0
CHAC.US,60,20251017,220000,10.53,10.57,10.49,10.57,4626,0
CHAC.US,60,20251020,170000,10.5899,10.5899,10.525,10.54,3943,0
CHAC.US,60,20251020,200000,10.55,10.55,10.5499,10.55,2622,0
CHAC.US,60,20251020,210000,10.55,10.57,10.55,10.57,52201,0
CHAC.US,60,20251020,220000,10.5799,10.675,10.5601,10.675,37836,0
CHAC.US,60,20251021,160000,10.67,10.6799,10.67,10.67,750,0
CHAC.US,60,20251021,170000,10.67,10.67,10.51,10.63,10949,0
CHAC.US,60,20251021,180000,10.63,10.76,10.6299,10.76,76181,0
CHAC.US,60,20251021,190000,10.75,10.78,10.75,10.78,10986,0
CHAC.US,60,20251021,200000,10.79,10.825,10.75,10.825,128347,0
CHAC.US,60,20251021,210000,10.84,10.84,10.8,10.82,21253,0
CHAC.US,60,20251021,220000,10.82,10.95,10.82,10.95,197704,0
CHAC.US,60,20251022,160000,10.95,10.95,10.775,10.94,6200,0
CHAC.US,60,20251022,170000,10.9,10.91,10.89,10.91,116983,0
CHAC.US,60,20251022,180000,10.8807,10.92,10.8807,10.92,4200,0
CHAC.US,60,20251022,190000,10.93,10.95,10.93,10.95,10571,0
CHAC.US,60,20251022,200000,10.95,10.95,10.95,10.95,12177,0
CHAC.US,60,20251022,210000,10.95,10.95,10.92,10.95,21185,0
CHAC.US,60,20251022,220000,10.95,10.95,10.9,10.93,40304,0
CHAC.US,60,20251023,160000,10.91,10.94,10.9,10.9,12447,0
CHAC.US,60,20251023,170000,10.886,10.886,10.886,10.886,1000,0
CHAC.US,60,20251023,190000,10.89,10.9,10.8701,10.9,6950,0
CHAC.US,60,20251023,200000,10.8832,10.9,10.8832,10.89,2000,0
CHAC.US,60,20251023,210000,10.8832,10.925,10.8832,10.9,74446,0
CHAC.US,60,20251023,220000,10.9,10.925,10.887,10.9,31119,0
CHAC.US,60,20251024,160000,10.95,10.96,10.95,10.96,16573,0
CHAC.US,60,20251024,170000,10.96,10.99,10.95,10.98,51404,0
CHAC.US,60,20251024,180000,10.99,11,10.96,10.975,48534,0
CHAC.US,60,20251024,190000,10.9601,10.99,10.96,10.99,26144,0
CHAC.US,60,20251024,200000,10.99,10.99,10.98,10.9898,54543,0
CHAC.US,60,20251024,210000,10.99,11,10.9601,11,44290,0
CHAC.US,60,20251024,220000,10.9601,11,10.9601,11,20749,0
CHAC.US,60,20251027,150000,10.9258,11.01,10.915,10.99,22572,0
CHAC.US,60,20251027,160000,11.0082,11.0082,10.95,11,27079,0
CHAC.US,60,20251027,170000,11.06,11.06,11.06,11.06,100,0
CHAC.US,60,20251027,180000,11.015,11.015,11.015,11.015,100,0
CHAC.US,60,20251027,190000,11,11.04,11,11.02,12893,0
CHAC.US,60,20251027,200000,11.0249,11.05,11.01,11.05,22090,0
CHAC.US,60,20251027,210000,11.045,11.06,11,11.05,133065,0
CHAC.US,60,20251028,150000,11.01,11.0864,11,11.0864,3516,0
CHAC.US,60,20251028,160000,11.05,11.06,11.02,11.06,33333,0
CHAC.US,60,20251028,170000,11.06,11.06,11.06,11.06,1280,0
CHAC.US,60,20251028,180000,11.07,11.07,11.045,11.07,20108,0
CHAC.US,60,20251028,190000,11.07,11.07,11.05,11.05,3656,0
CHAC.US,60,20251028,200000,11.055,11.06,11.055,11.06,500,0
CHAC.US,60,20251028,210000,11.0535,11.06,11.05,11.05,28945,0
CHAC.US,60,20251029,150000,11.05,11.09,11.05,11.05,37286,0
CHAC.US,60,20251029,160000,11.05,11.07,11.05,11.07,154790,0
CHAC.US,60,20251029,170000,11.07,11.07,11.0699,11.07,2900,0
CHAC.US,60,20251029,180000,11.065,11.08,11.0644,11.07,13037,0
CHAC.US,60,20251029,190000,11.08,11.09,11.08,11.09,6450,0
CHAC.US,60,20251029,200000,11.09,11.41,11.09,11.1,56203,0
CHAC.US,60,20251029,210000,11.1,11.12,11.09,11.12,179400,0
CHAC.US,60,20251030,150000,11.1397,11.14,11.12,11.12,7410,0
CHAC.US,60,20251030,160000,11.14,11.145,11.1205,11.145,4074,0
CHAC.US,60,20251030,170000,11.1499,11.24,11.1499,11.16,35200,0
CHAC.US,60,20251030,180000,11.14,11.14,11.13,11.14,14222,0
CHAC.US,60,20251030,190000,11.14,11.15,11.114,11.1444,21226,0
CHAC.US,60,20251030,200000,11.1457,11.15,11.14,11.14,2167,0
CHAC.US,60,20251030,210000,11.128,11.165,11.128,11.165,100494,0
CHAC.US,60,20251031,150000,11.18,11.23,11.18,11.1962,4900,0
CHAC.US,60,20251031,160000,11.19,11.19,11.19,11.19,500,0
CHAC.US,60,20251031,170000,11.12,11.12,11.12,11.12,25000,0
CHAC.US,60,20251031,180000,11.1816,11.1816,11.17,11.17,1000,0
CHAC.US,60,20251031,190000,11.15,11.16,11.14,11.14,20500,0
CHAC.US,60,20251031,200000,11.15,11.175,11.145,11.175,1114159,0
CHAC.US,60,20251031,210000,11.1999,11.1999,11.15,11.1556,14991,0
CHAC.US,60,20251103,160000,13.1,13.27,13.06,13.2,1059544,0
CHAC.US,60,20251103,170000,13.2,13.25,12.83,12.855,777964,0
CHAC.US,60,20251103,180000,12.855,13.08,12.18,12.5168,387611,0
CHAC.US,60,20251103,190000,12.5,12.58,12.4,12.49,345757,0
CHAC.US,60,20251103,200000,12.49,12.916,12.406,12.9,251032,0
CHAC.US,60,20251103,210000,12.775,12.835,12.28,12.31,406830,0
CHAC.US,60,20251103,220000,12.31,12.76,12.22,12.45,524458,0
CHAC.US,60,20251104,160000,13,13.14,12.7,12.895,301836,0
CHAC.US,60,20251104,170000,12.895,12.92,12.72,12.775,120035,0
CHAC.US,60,20251104,180000,12.775,12.815,12.62,12.62,94697,0
CHAC.US,60,20251104,190000,12.62,12.93,12.5,12.9,103791,0
CHAC.US,60,20251104,200000,12.895,12.9,12.55,12.62,64911,0
CHAC.US,60,20251104,210000,12.75,12.86,12.55,12.79,54594,0
CHAC.US,60,20251104,220000,12.825,12.9,12.75,12.85,166645,0
CHAC.US,60,20251105,160000,13.09,13.1,12.863,12.9,73586,0
CHAC.US,60,20251105,170000,12.9,12.9,12.38,12.71,144758,0
CHAC.US,60,20251105,180000,12.7,12.7,12.43,12.675,111407,0
CHAC.US,60,20251105,190000,12.7,12.7174,12.52,12.56,70717,0
CHAC.US,60,20251105,200000,12.57,12.94,12.5,12.94,157967,0
CHAC.US,60,20251105,210000,12.94,13,12.77,12.98,278523,0
CHAC.US,60,20251105,220000,12.97,13.01,12.82,12.91,182032,0
CHAC.US,60,20251106,160000,12.95,13.07,12.75,12.75,89856,0
CHAC.US,60,20251106,170000,12.75,12.79,12.41,12.5059,136159,0
CHAC.US,60,20251106,180000,12.51,12.7188,12.46,12.5,66300,0
CHAC.US,60,20251106,190000,12.5,12.58,12.45,12.58,91407,0
CHAC.US,60,20251106,200000,12.57,12.695,12.5,12.55,25718,0
CHAC.US,60,20251106,210000,12.55,12.6174,12.47,12.6174,48217,0
CHAC.US,60,20251106,220000,12.57,12.65,12.38,12.38,80871,0
CHAC.US,60,20251107,160000,12.51,12.51,12.22,12.32,78710,0
CHAC.US,60,20251107,170000,12.25,12.3899,12.1001,12.13,54915,0
CHAC.US,60,20251107,180000,12.13,12.175,12.02,12.13,52167,0
CHAC.US,60,20251107,190000,12.11,12.22,12.05,12.14,48792,0
CHAC.US,60,20251107,200000,12.17,12.2399,12.13,12.185,46170,0
CHAC.US,60,20251107,210000,12.17,12.5,12.15,12.45,180766,0
CHAC.US,60,20251107,220000,12.424,12.5,12.32,12.46,107505,0
CHAC.US,60,20251110,160000,12.8,12.801,12.4,12.483,110116,0
CHAC.US,60,20251110,170000,12.4795,12.53,12.3442,12.410001,90601,0
CHAC.US,60,20251110,180000,12.42,12.4349,12.34,12.39,29705,0
CHAC.US,60,20251110,190000,12.4,12.5,12.386,12.4699,28453,0
CHAC.US,60,20251110,200000,12.49,12.555,12.37,12.42,91140,0
CHAC.US,60,20251110,210000,12.42,12.46,12.38,12.41,14290,0
CHAC.US,60,20251110,220000,12.41,12.5,12.36,12.43,40122,0
CHAC.US,60,20251111,160000,12.49,12.6592,12.4601,12.55,199023,0
CHAC.US,60,20251111,170000,12.5,12.7506,12.485,12.55,249762,0
CHAC.US,60,20251111,180000,12.55,12.75,12.4999,12.52,157077,0
CHAC.US,60,20251111,190000,12.52,12.61,12.5,12.6,106947,0
CHAC.US,60,20251111,200000,12.6,12.6798,12.55,12.62,195329,0
CHAC.US,60,20251111,210000,12.62,12.76,12.58,12.66,169489,0
CHAC.US,60,20251111,220000,12.685,12.69,12.5101,12.57,101598,0
CHAC.US,60,20251112,160000,12.77,12.77,12.51,12.72,82649,0
CHAC.US,60,20251112,170000,12.7462,12.97,12.655,12.67,196634,0
CHAC.US,60,20251112,180000,12.71,12.71,12.46,12.46,34770,0
CHAC.US,60,20251112,190000,12.5,12.74,12.48,12.69,24735,0
CHAC.US,60,20251112,200000,12.7,12.74,12.61,12.685,14716,0
CHAC.US,60,20251112,210000,12.72,12.72,12.43,12.6342,72078,0
CHAC.US,60,20251112,220000,12.67,12.75,12.59,12.6509,84418,0
CHAC.US,60,20251113,160000,12.6,12.73,12.4,12.4695,74404,0
CHAC.US,60,20251113,170000,12.43,12.45,11.93,12,321606,0
CHAC.US,60,20251113,180000,12.005,12.1,11.83,11.97,70421,0
CHAC.US,60,20251113,190000,11.97,12.18,11.9,12.0106,93066,0
CHAC.US,60,20251113,200000,12.0102,12.08,11.9,11.99,95269,0
CHAC.US,60,20251113,210000,11.9585,11.99,11.76,11.89,85373,0
CHAC.US,60,20251113,220000,11.91,12.08,11.81,12.015,49273,0
CHAC.US,60,20251114,160000,11.82,12.19,11.7,12.135,62464,0
CHAC.US,60,20251114,170000,12.17,12.18,11.92,12.1,48675,0
CHAC.US,60,20251114,180000,12.05,12.1828,12.05,12.06,27736,0
CHAC.US,60,20251114,190000,12.06,12.06,11.94,11.96,19221,0
CHAC.US,60,20251114,200000,12.0073,12.0583,11.97,12,24161,0
CHAC.US,60,20251114,210000,12.035,12.035,11.81,11.8494,82934,0
CHAC.US,60,20251114,220000,11.89,11.97,11.77,11.8426,63393,0
CHAC.US,60,20251117,160000,11.75,11.8493,11.66,11.735,22025,0
CHAC.US,60,20251117,170000,11.8,11.93,11.65,11.66,85189,0
CHAC.US,60,20251117,180000,11.705,11.72,11.6,11.66,74039,0
CHAC.US,60,20251117,190000,11.66,11.72,11.66,11.67,37348,0
CHAC.US,60,20251117,200000,11.67,11.7,11.65,11.7,21963,0
CHAC.US,60,20251117,210000,11.66,11.7,11.55,11.595,206118,0
CHAC.US,60,20251117,220000,11.595,11.62,11.55,11.61,64719,0
CHAC.US,60,20251118,160000,11.65,11.7942,11.57,11.615,24206,0
CHAC.US,60,20251118,170000,11.615,11.7208,11.47,11.53,306927,0
CHAC.US,60,20251118,180000,11.4701,11.65,11.4701,11.54,90372,0
CHAC.US,60,20251118,190000,11.54,11.65,11.51,11.58,63990,0
CHAC.US,60,20251118,200000,11.61,11.66,11.58,11.65,88210,0
CHAC.US,60,20251118,210000,11.64,11.74,11.63,11.74,106196,0
CHAC.US,60,20251118,220000,11.74,11.75,11.67,11.73,49180,0
CHAC.US,60,20251119,160000,11.83,11.96,11.5801,11.6835,75534,0
CHAC.US,60,20251119,170000,11.7371,11.85,11.65,11.65,229673,0
CHAC.US,60,20251119,180000,11.65,11.8,11.55,11.55,65473,0
CHAC.US,60,20251119,190000,11.55,11.6077,11.5,11.6077,40023,0
CHAC.US,60,20251119,200000,11.63,11.63,11.51,11.52,35307,0
CHAC.US,60,20251119,210000,11.52,11.62,11.49,11.5,51255,0
CHAC.US,60,20251119,220000,11.49,11.55,11.315,11.43,187816,0
CHAC.US,60,20251120,160000,11.5,11.7,11.435,11.435,101037,0
CHAC.US,60,20251120,170000,11.435,11.49,11.36,11.43,54122,0
CHAC.US,60,20251120,180000,11.41,11.44,11.17,11.2,128354,0
CHAC.US,60,20251120,190000,11.17,11.28,10.97,11,268000,0
CHAC.US,60,20251120,200000,11,11.1199,10.97,10.98,132465,0
CHAC.US,60,20251120,210000,10.98,11.06,10.97,11.01,198180,0
CHAC.US,60,20251120,220000,11.02,11.04,10.9,10.946,210353,0
CHAC.US,60,20251121,160000,10.82,11.0399,10.82,10.94,67222,0
CHAC.US,60,20251121,170000,10.9799,10.9799,10.82,10.82,112668,0
CHAC.US,60,20251121,180000,10.89,11.24,10.82,11.16,180197,0
CHAC.US,60,20251121,190000,11.165,11.24,11.06,11.0701,80526,0
CHAC.US,60,20251121,200000,11.15,11.22,11.0925,11.1083,23867,0
CHAC.US,60,20251121,210000,11.15,11.25,11.0898,11.12,27937,0
CHAC.US,60,20251121,220000,11.16,11.23,11.06,11.23,53114,0
CHAC.US,60,20251124,160000,11.35,11.45,11.245,11.4,28825,0
CHAC.US,60,20251124,170000,11.45,11.58,11.3701,11.45,61693,0
CHAC.US,60,20251124,180000,11.4366,11.47,11.38,11.4,71741,0
CHAC.US,60,20251124,190000,11.44,11.54,11.4,11.4101,22433,0
CHAC.US,60,20251124,200000,11.42,11.42,11.39,11.4,18275,0
CHAC.US,60,20251124,210000,11.42,11.42,11.3,11.3,47044,0
CHAC.US,60,20251124,220000,11.3,11.38,11.3,11.38,8451,0
CHAC.US,60,20251125,160000,11.33,11.5,11.11,11.2,77810,0
CHAC.US,60,20251125,170000,11.18,11.4382,11.18,11.27,41087,0
CHAC.US,60,20251125,180000,11.42,11.42,11.27,11.28,24211,0
CHAC.US,60,20251125,190000,11.28,11.38,11.28,11.28,11624,0
CHAC.US,60,20251125,200000,11.29,11.36,11.28,11.3,6200,0
CHAC.US,60,20251125,210000,11.3,11.33,11.15,11.26,22041,0
CHAC.US,60,20251125,220000,11.16,11.34,11.16,11.32,8258,0
CHAC.US,60,20251126,160000,11.36,11.39,11.2,11.283,7860,0
CHAC.US,60,20251126,170000,11.3445,11.39,11.22,11.22,13718,0
CHAC.US,60,20251126,180000,11.23,11.38,11.2,11.3013,48617,0
CHAC.US,60,20251126,190000,11.33,11.33,11.33,11.33,100,0
CHAC.US,60,20251126,200000,11.295,11.295,11.25,11.25,13304,0
CHAC.US,60,20251126,210000,11.255,11.31,11.255,11.2601,24213,0
CHAC.US,60,20251126,220000,11.3,11.31,11.27,11.31,21283,0
CHAC.US,60,20251128,160000,11.26,11.49,11.16,11.42,76662,0
CHAC.US,60,20251128,170000,11.32,11.5,11.32,11.4101,84779,0
CHAC.US,60,20251128,180000,11.41,11.54,11.36,11.4,74818,0
CHAC.US,60,20251128,190000,11.47,11.49,11.36,11.36,47202,0
CHAC.US,60,20251128,200000,11.45,11.45,11.45,11.45,218,0
CHAC.US,60,20251201,160000,11.36,11.42,11.07,11.16,91964,0
CHAC.US,60,20251201,170000,11.1917,11.44,11.1917,11.2582,46284,0
CHAC.US,60,20251201,180000,11.2,11.24,11.07,11.19,72251,0
CHAC.US,60,20251201,190000,11.194,11.2599,11.18,11.24,15943,0
CHAC.US,60,20251201,200000,11.2232,11.29,11.22,11.2353,4051,0
CHAC.US,60,20251201,210000,11.26,11.26,11.25,11.25,5700,0
CHAC.US,60,20251201,220000,11.18,11.2,11.12,11.17,10246,0
CHAC.US,60,20251202,160000,11.26,11.26,11.26,11.26,505,0
CHAC.US,60,20251202,170000,11.2299,11.2299,11.11,11.12,47609,0
CHAC.US,60,20251202,180000,11.12,11.23,11.1,11.14,24248,0
CHAC.US,60,20251202,190000,11.13,11.2,11.11,11.11,25743,0
CHAC.US,60,20251202,200000,11.18,11.23,11.12,11.137,7050,0
CHAC.US,60,20251202,210000,11.17,11.23,11.11,11.15,48432,0
CHAC.US,60,20251202,220000,11.2899,11.39,11.2,11.255,27517,0
CHAC.US,60,20251203,160000,11.2,11.4,11.2,11.3801,28371,0
CHAC.US,60,20251203,170000,11.38,11.39,11.15,11.21,24353,0
CHAC.US,60,20251203,180000,11.2101,11.24,11.12,11.18,36951,0
CHAC.US,60,20251203,190000,11.13,11.14,11.02,11.04,66258,0
CHAC.US,60,20251203,200000,11.04,11.15,11.04,11.07,7167,0
CHAC.US,60,20251203,210000,11.07,11.24,11.07,11.15,44655,0
CHAC.US,60,20251203,220000,11.17,11.265,11.15,11.25,66484,0
CHAC.US,60,20251204,160000,11.26,11.43,11.24,11.3,67282,0
CHAC.US,60,20251204,170000,11.325,11.5,11.21,11.46,202010,0
CHAC.US,60,20251204,180000,11.48,11.88,11.4799,11.8,196425,0
CHAC.US,60,20251204,190000,11.75,11.79,11.5,11.5304,121977,0
CHAC.US,60,20251204,200000,11.58,11.65,11.5,11.58,84950,0
CHAC.US,60,20251204,210000,11.58,11.58,11.5,11.52,65825,0
CHAC.US,60,20251204,220000,11.515,11.54,11.43,11.5,214385,0
CHAC.US,60,20251205,160000,11.59,11.5976,11.5,11.5,29663,0
CHAC.US,60,20251205,170000,11.5,11.5,11.31,11.36,54076,0
CHAC.US,60,20251205,180000,11.3802,11.3885,11.31,11.33,32046,0
CHAC.US,60,20251205,190000,11.33,11.4015,11.22,11.23,45332,0
CHAC.US,60,20251205,200000,11.28,11.35,11.24,11.3,20808,0
CHAC.US,60,20251205,210000,11.25,11.36,11.2401,11.36,13665,0
CHAC.US,60,20251205,220000,11.28,11.39,11.17,11.2,61896,0
CHAC.US,60,20251208,160000,11.28,11.3,11.16,11.16,27522,0
CHAC.US,60,20251208,170000,11.16,11.2,11.01,11.01,110242,0
CHAC.US,60,20251208,180000,11.01,11.26,11,11.07,48804,0
CHAC.US,60,20251208,190000,11.1157,11.14,11.01,11.06,49004,0
CHAC.US,60,20251208,200000,11.0628,11.09,11,11,30877,0
CHAC.US,60,20251208,210000,11,11.04,10.96,11,48784,0
CHAC.US,60,20251208,220000,11.04,11.11,10.94,11.11,40578,0
CHAC.US,60,20251209,160000,11.06,11.1373,11,11,15165,0
CHAC.US,60,20251209,170000,11,11.0194,10.96,10.99,38245,0
CHAC.US,60,20251209,180000,10.9948,11.1,10.99,11.1,47539,0
CHAC.US,60,20251209,190000,11.0665,11.13,11,11.03,20269,0
CHAC.US,60,20251209,200000,11.0102,11.0497,11.01,11.02,2924,0
CHAC.US,60,20251209,210000,11.01,11.02,10.945,10.9545,61336,0
CHAC.US,60,20251209,220000,10.9545,11.065,10.95,10.97,48192,0
CHAC.US,60,20251210,160000,11.02,11.02,10.91,10.94,10614,0
CHAC.US,60,20251210,170000,10.984,11.015,10.92,10.95,11963,0
CHAC.US,60,20251210,180000,10.93,10.98,10.92,10.94,15086,0
CHAC.US,60,20251210,190000,10.94,10.98,10.91,10.9201,14625,0
CHAC.US,60,20251210,200000,10.9,10.925,10.85,10.875,25644,0
CHAC.US,60,20251210,210000,10.925,10.99,10.75,10.85,155533,0
CHAC.US,60,20251210,220000,10.835,10.95,10.8,10.88,110759,0
CHAC.US,60,20251211,160000,10.9,10.9,10.77,10.84,48346,0
CHAC.US,60,20251211,170000,10.81,10.98,10.79,10.9,48748,0
CHAC.US,60,20251211,180000,10.91,10.945,10.9,10.945,28140,0
CHAC.US,60,20251211,190000,10.92,10.98,10.92,10.93,6405,0
CHAC.US,60,20251211,200000,10.9401,11.05,10.93,11.01,71938,0
CHAC.US,60,20251211,210000,11,11.021,10.96,10.96,21020,0
CHAC.US,60,20251211,220000,10.96,11,10.96,10.96,16502,0
CHAC.US,60,20251212,160000,10.99,11.04,10.96,10.96,47275,0
CHAC.US,60,20251212,170000,10.96,11,10.88,10.88,34904,0
CHAC.US,60,20251212,180000,10.89,10.89,10.82,10.85,30010,0
CHAC.US,60,20251212,190000,10.88,10.92,10.875,10.9,1930,0
CHAC.US,60,20251212,200000,10.89,10.96,10.86,10.96,17750,0
CHAC.US,60,20251212,210000,10.96,10.99,10.94,10.945,7119,0
CHAC.US,60,20251212,220000,10.96,10.965,10.91,10.92,7847,0
CHAC.US,60,20251215,160000,10.96,11.13,10.96,11.13,162510,0
CHAC.US,60,20251215,170000,11.07,11.13,11.03,11.05,39935,0
CHAC.US,60,20251215,180000,11.05,11.1,10.96,10.98,89827,0
CHAC.US,60,20251215,190000,10.98,11.02,10.97,10.98,23485,0
CHAC.US,60,20251215,200000,10.9939,11.03,10.98,10.98,16959,0
CHAC.US,60,20251215,210000,11.0157,11.04,10.99,11.01,11760,0
CHAC.US,60,20251215,220000,11.01,11.05,10.98,11.05,38823,0
CHAC.US,60,20251216,160000,11.01,11.1,10.96,11.02,11100,0
CHAC.US,60,20251216,170000,11.0469,11.0948,10.96,10.96,33198,0
CHAC.US,60,20251216,180000,10.96,10.98,10.95,10.95,3600,0
CHAC.US,60,20251216,190000,10.97,10.97,10.9642,10.9642,200,0
CHAC.US,60,20251216,200000,10.9552,10.96,10.92,10.92,7856,0
CHAC.US,60,20251216,210000,10.92,10.9371,10.85,10.85,44699,0
CHAC.US,60,20251216,220000,10.86,10.98,10.83,10.87,17332,0
CHAC.US,60,20251217,160000,10.92,10.9636,10.91,10.9175,9922,0
CHAC.US,60,20251217,170000,10.92,10.96,10.86,10.86,4321,0
CHAC.US,60,20251217,180000,10.87,10.8899,10.7499,10.78,54872,0
CHAC.US,60,20251217,190000,10.77,10.82,10.74,10.8,33670,0
CHAC.US,60,20251217,200000,10.76,10.78,10.75,10.75,6200,0
CHAC.US,60,20251217,210000,10.7665,10.78,10.75,10.75,5953,0
CHAC.US,60,20251217,220000,10.79,10.79,10.72,10.78,104042,0
CHAC.US,60,20251218,160000,10.8465,10.85,10.79,10.79,8165,0
CHAC.US,60,20251218,170000,10.8,10.84,10.79,10.8,7715,0
CHAC.US,60,20251218,180000,10.8,10.8145,10.8,10.8145,8198,0
CHAC.US,60,20251218,190000,10.8,10.81,10.795,10.8,3510,0
CHAC.US,60,20251218,200000,10.7801,10.8,10.7801,10.795,3796,0
CHAC.US,60,20251218,210000,10.8,10.8,10.74,10.7599,27760,0
CHAC.US,60,20251218,220000,10.76,10.77,10.74,10.75,5351,0
CHAC.US,60,20251219,160000,10.73,10.845,10.73,10.77,20264,0
CHAC.US,60,20251219,170000,10.79,10.88,10.79,10.82,17205,0
CHAC.US,60,20251219,180000,10.82,10.928,10.82,10.855,32590,0
CHAC.US,60,20251219,190000,10.85,10.8572,10.8,10.84,9200,0
CHAC.US,60,20251219,200000,10.83,10.835,10.81,10.8226,7123,0
CHAC.US,60,20251219,210000,10.82,10.836,10.82,10.83,2200,0
CHAC.US,60,20251219,220000,10.83,10.84,10.8,10.81,33542,0
CHAC.US,60,20251222,160000,10.92,11,10.85,10.9,114859,0
CHAC.US,60,20251222,170000,10.9,11,10.86,10.97,198331,0
CHAC.US,60,20251222,180000,10.98,11,10.87,11,213547,0
CHAC.US,60,20251222,190000,11,11.165,10.97,11,270662,0
CHAC.US,60,20251222,200000,11,11.06,10.92,10.93,73966,0
CHAC.US,60,20251222,210000,10.9398,11.01,10.9,11.01,112936,0
CHAC.US,60,20251222,220000,11,11.06,10.94,10.95,175884,0
CHAC.US,60,20251223,160000,11.05,11.0856,10.91,10.93,36275,0
CHAC.US,60,20251223,170000,10.935,11.0128,10.93,10.97,39802,0
CHAC.US,60,20251223,180000,10.96,11,10.95,10.95,110116,0
CHAC.US,60,20251223,190000,10.95,10.96,10.95,10.95,44185,0
CHAC.US,60,20251223,200000,10.95,10.98,10.89,10.95,82446,0
CHAC.US,60,20251223,210000,10.935,11.02,10.93,10.99,257094,0
CHAC.US,60,20251223,220000,11,11.02,10.95,11.02,219655,0
CHAC.US,60,20251224,160000,10.9201,10.98,10.9201,10.964,14195,0
CHAC.US,60,20251224,170000,10.9601,11,10.9601,10.9801,25069,0
CHAC.US,60,20251224,180000,11,11.078,10.99,11,174042,0
CHAC.US,60,20251224,190000,11,11.0201,10.98,11,64333,0
CHAC.US,60,20251224,200000,10.99,10.99,10.99,10.99,451,0
CHAC.US,60,20251226,160000,11.04,11.055,10.96,10.98,6654,0
CHAC.US,60,20251226,170000,10.95,10.9902,10.94,10.965,45183,0
CHAC.US,60,20251226,180000,10.96,10.97,10.9304,10.97,33375,0
CHAC.US,60,20251226,190000,10.965,10.98,10.94,10.96,23570,0
CHAC.US,60,20251226,200000,10.96,10.96,10.95,10.95,2016,0
CHAC.US,60,20251226,210000,10.93,10.95,10.92,10.9272,13123,0
CHAC.US,60,20251226,220000,10.92,10.9234,10.87,10.87,62524,0
