<TICKER>,<PER>,<DATE>,<TIME>,<OPEN>,<HIGH>,<LOW>,<CLOSE>,<VOL>,<OPENINT>
CJMB.US,60,20250205,180000,4,4.6,3.91,4.03,131276,0
CJMB.US,60,20250205,190000,4.025,4.85,4.01,4.4,80274,0
CJMB.US,60,20250205,200000,4.3,4.5,4.23,4.3996,9176,0
CJMB.US,60,20250205,210000,4.36,4.4,4.15,4.36,14523,0
CJMB.US,60,20250205,220000,4.25,4.35,4.1,4.1,31279,0
CJMB.US,60,20250206,160000,5.9392,7.7599,5.12,5.3189,1528903,0
CJMB.US,60,20250206,170000,5.32,5.3857,4.17,5.1212,964069,0
CJMB.US,60,20250206,180000,5.0515,5.17,4.68,4.94,159170,0
CJMB.US,60,20250206,190000,4.95,5.4899,4.9,5.41,123496,0
CJMB.US,60,20250206,200000,5.425,6,5.2,5.22,337398,0
CJMB.US,60,20250206,210000,5.2201,5.452,4.8,4.88,47721,0
CJMB.US,60,20250206,220000,4.98,6.48,4.9,6.32,278666,0
CJMB.US,60,20250207,160000,5.11,5.81,5,5,45053,0
CJMB.US,60,20250207,170000,4.9701,5.11,4.5,4.83,76348,0
CJMB.US,60,20250207,180000,4.82,4.89,4.3,4.6096,43628,0
CJMB.US,60,20250207,190000,4.6037,4.75,4.25,4.25,27435,0
CJMB.US,60,20250207,200000,4.27,4.7499,4.27,4.7499,22808,0
CJMB.US,60,20250207,210000,4.61,4.73,4.4,4.549,5609,0
CJMB.US,60,20250207,220000,4.74,4.74,4.45,4.5,13779,0
CJMB.US,60,20250210,160000,4.01,4.6799,4.01,4.353,12847,0
CJMB.US,60,20250210,170000,4.3,5.5644,4.02,4.7228,180169,0
CJMB.US,60,20250210,180000,4.84,5.1964,4.7255,5.1083,59522,0
CJMB.US,60,20250210,190000,5,5.5784,4.881,5.41,114539,0
CJMB.US,60,20250210,200000,5.5,5.8,5.14,5.24,83900,0
CJMB.US,60,20250210,210000,5.2101,5.61,5.21,5.55,33288,0
CJMB.US,60,20250210,220000,5.55,5.591,4.6,4.81,45386,0
CJMB.US,60,20250211,160000,5.1531,6.01,5.1,5.73,115617,0
CJMB.US,60,20250211,170000,5.8,5.8,5.3,5.5,48711,0
CJMB.US,60,20250211,180000,5.4,5.4993,5.13,5.208,26294,0
CJMB.US,60,20250211,190000,5.285,5.3,5.2,5.3,9038,0
CJMB.US,60,20250211,200000,5.25,5.5,5.11,5.11,10607,0
CJMB.US,60,20250211,210000,5.16,5.5,5.1301,5.38,26437,0
CJMB.US,60,20250211,220000,5.3,5.35,5.2101,5.2845,4892,0
CJMB.US,60,20250212,160000,5.1,5.3,5.1,5.3,10784,0
CJMB.US,60,20250212,170000,5.1745,5.28,4.93,4.94,22520,0
CJMB.US,60,20250212,180000,4.94,5.2,4.94,5.1734,1563,0
CJMB.US,60,20250212,190000,4.985,5.0779,4.65,4.93,14929,0
CJMB.US,60,20250212,200000,4.93,4.93,4.83,4.83,1254,0
CJMB.US,60,20250212,210000,4.8649,4.87,4.825,4.87,1940,0
CJMB.US,60,20250212,220000,4.825,4.84,4.59,4.655,5011,0
CJMB.US,60,20250213,160000,4.9526,4.959,4.51,4.6101,7213,0
CJMB.US,60,20250213,170000,4.8334,5.09,4.62,4.81,4598,0
CJMB.US,60,20250213,180000,4.815,4.9567,4.7,4.7,4746,0
CJMB.US,60,20250213,190000,4.8,4.8,4.5001,4.59,48136,0
CJMB.US,60,20250213,200000,4.59,4.59,4.52,4.55,1271,0
CJMB.US,60,20250213,210000,4.8,4.8,4.5632,4.5632,4181,0
CJMB.US,60,20250213,220000,4.58,4.72,4.55,4.6,10469,0
CJMB.US,60,20250214,160000,4.66,4.93,4.6,4.7706,13809,0
CJMB.US,60,20250214,170000,4.6601,4.6601,4.42,4.5674,14017,0
CJMB.US,60,20250214,180000,4.4278,4.54,4.4278,4.49,1367,0
CJMB.US,60,20250214,190000,4.4312,4.49,4.33,4.35,10640,0
CJMB.US,60,20250214,200000,4.34,4.34,4.05,4.05,8055,0
CJMB.US,60,20250214,210000,4.03,4.2388,3.95,4.125,7841,0
CJMB.US,60,20250214,220000,4.11,4.28,3.38,3.73,62431,0
CJMB.US,60,20250218,160000,3.94,3.94,3.4001,3.4001,13263,0
CJMB.US,60,20250218,170000,3.4332,3.74,3.4332,3.55,17871,0
CJMB.US,60,20250218,180000,3.55,3.9379,3.55,3.62,26056,0
CJMB.US,60,20250218,190000,3.73,3.8,3.69,3.75,28964,0
CJMB.US,60,20250218,200000,3.81,3.81,3.67,3.79,30059,0
CJMB.US,60,20250218,210000,3.79,3.81,3.78,3.8,1500,0
CJMB.US,60,20250218,220000,3.81,3.92,3.79,3.89,11906,0
CJMB.US,60,20250219,160000,3.7547,3.9,3.7,3.75,35726,0
CJMB.US,60,20250219,170000,3.75,3.84,3.75,3.8034,23442,0
CJMB.US,60,20250219,180000,3.7707,3.8895,3.7601,3.8695,6260,0
CJMB.US,60,20250219,190000,3.85,4.15,3.85,4.07,10097,0
CJMB.US,60,20250219,200000,4.05,4.1,4.01,4.01,10883,0
CJMB.US,60,20250219,210000,4,4.15,3.91,4.15,20143,0
CJMB.US,60,20250219,220000,4.15,4.35,4.03,4.23,10822,0
CJMB.US,60,20250220,160000,4.2,4.3295,4.2,4.28,10750,0
CJMB.US,60,20250220,170000,4.3299,4.3299,4.17,4.182,5586,0
CJMB.US,60,20250220,180000,4.15,4.245,4.05,4.148,4850,0
CJMB.US,60,20250220,190000,4.148,5.49,4.148,5.075,277843,0
CJMB.US,60,20250220,200000,5.05,5.198,4.75,4.81,53998,0
CJMB.US,60,20250220,210000,4.82,5.2,4.82,4.97,44362,0
CJMB.US,60,20250220,220000,4.8314,5.04,4.83,5.04,51777,0
CJMB.US,60,20250221,160000,5.09,5.35,5.0252,5.35,9143,0
CJMB.US,60,20250221,170000,5.2,5.34,4.8,4.875,27665,0
CJMB.US,60,20250221,180000,4.77,4.87,4.72,4.8,13632,0
CJMB.US,60,20250221,190000,4.84,4.94,4.47,4.825,22475,0
CJMB.US,60,20250221,200000,4.825,5.35,4.81,5.14,49509,0
CJMB.US,60,20250221,210000,5.28,5.81,5.19,5.43,124458,0
CJMB.US,60,20250221,220000,5.54,5.65,5.432,5.54,48678,0
CJMB.US,60,20250224,160000,5.4,5.4,4.7,5,6536,0
CJMB.US,60,20250224,170000,5.001,5.15,4.35,4.93,12880,0
CJMB.US,60,20250224,180000,4.93,5.06,4.8013,4.928,19502,0
CJMB.US,60,20250224,190000,4.865,4.93,4.8094,4.8793,3600,0
CJMB.US,60,20250224,200000,4.8,4.85,4.51,4.74,23260,0
CJMB.US,60,20250224,210000,4.7507,4.7507,4.7507,4.7507,2000,0
CJMB.US,60,20250224,220000,4.78,5.09,4.78,4.91,4145,0
CJMB.US,60,20250225,160000,4.76,5.0899,4.76,4.9336,3110,0
CJMB.US,60,20250225,170000,5.02,5.02,4.75,4.75,33307,0
CJMB.US,60,20250225,180000,4.85,4.85,4.356,4.5784,24190,0
CJMB.US,60,20250225,190000,4.57,4.61,4.57,4.6,1100,0
CJMB.US,60,20250225,200000,4.61,4.75,4.53,4.74,10986,0
CJMB.US,60,20250225,210000,4.73,4.73,4.585,4.73,1095,0
CJMB.US,60,20250225,220000,4.64,4.88,4.45,4.595,18989,0
CJMB.US,60,20250226,160000,4.98,4.98,4.62,4.9,7049,0
CJMB.US,60,20250226,170000,4.86,4.945,4.73,4.8082,8534,0
CJMB.US,60,20250226,180000,4.81,4.88,4.81,4.87,2900,0
CJMB.US,60,20250226,190000,4.89,5.05,4.8311,5.05,5805,0
CJMB.US,60,20250226,200000,5.0635,5.0635,4.87,4.9,4114,0
CJMB.US,60,20250226,210000,4.925,4.93,4.5601,4.93,11700,0
CJMB.US,60,20250226,220000,4.76,4.76,4.5,4.5533,8863,0
CJMB.US,60,20250227,160000,4.85,5.1,4.6,4.6,6893,0
CJMB.US,60,20250227,170000,4.68,4.99,4.68,4.99,2500,0
CJMB.US,60,20250227,180000,4.675,4.75,4.61,4.75,2274,0
CJMB.US,60,20250227,190000,4.7,4.71,4.65,4.66,2108,0
CJMB.US,60,20250227,200000,4.72,4.72,4.72,4.72,100,0
CJMB.US,60,20250227,210000,4.68,4.72,4.615,4.615,1848,0
CJMB.US,60,20250227,220000,4.6101,4.69,4.5,4.61,9975,0
CJMB.US,60,20250228,160000,4.5,4.62,4.28,4.4731,2114,0
CJMB.US,60,20250228,170000,4.595,4.74,4.1884,4.74,7362,0
CJMB.US,60,20250228,180000,4.5836,4.73,4.4,4.73,2500,0
CJMB.US,60,20250228,190000,4.59,4.71,4.59,4.71,1164,0
CJMB.US,60,20250228,200000,4.6,4.7,4.5,4.5,6078,0
CJMB.US,60,20250228,210000,4.5,4.6,4.5,4.6,2200,0
CJMB.US,60,20250228,220000,4.51,4.7,4.1501,4.41,41124,0
CJMB.US,60,20250303,160000,4.5,4.75,4.34,4.75,20952,0
CJMB.US,60,20250303,170000,4.8,4.87,4.5035,4.75,9683,0
CJMB.US,60,20250303,180000,4.66,5.3717,4.51,4.8511,55560,0
CJMB.US,60,20250303,190000,4.98,5.1786,4.86,4.9,21641,0
CJMB.US,60,20250303,200000,4.81,5.0844,4.81,4.91,20669,0
CJMB.US,60,20250303,210000,4.91,5,4.9,4.9566,7672,0
CJMB.US,60,20250303,220000,4.8,4.87,4.54,4.65,27197,0
CJMB.US,60,20250304,160000,4.73,5.0564,4.5,5.04,1924,0
CJMB.US,60,20250304,170000,4.61,4.64,4.51,4.57,3141,0
CJMB.US,60,20250304,190000,4.53,5,4.52,4.85,1638,0
CJMB.US,60,20250304,200000,4.9,4.96,4.79,4.9399,5127,0
CJMB.US,60,20250304,210000,4.93,4.99,4.81,4.83,5753,0
CJMB.US,60,20250304,220000,4.948,4.98,4.82,4.88,2897,0
CJMB.US,60,20250305,160000,4.8,4.8,4.8,4.8,100,0
CJMB.US,60,20250305,170000,4.8,4.8,4.67,4.7,1920,0
CJMB.US,60,20250305,180000,4.8899,4.8899,4.66,4.66,220,0
CJMB.US,60,20250305,190000,4.78,4.78,4.51,4.605,6176,0
CJMB.US,60,20250305,200000,4.61,4.61,4.53,4.56,2270,0
CJMB.US,60,20250305,210000,4.7,4.7,4.61,4.61,800,0
CJMB.US,60,20250305,220000,4.62,4.83,4.62,4.72,2600,0
CJMB.US,60,20250306,160000,4.88,4.88,4.815,4.815,300,0
CJMB.US,60,20250306,170000,4.8,4.8682,4.53,4.8682,3696,0
CJMB.US,60,20250306,180000,4.6321,4.6321,4.6321,4.6321,200,0
CJMB.US,60,20250306,190000,4.73,4.76,4.6769,4.6769,7193,0
CJMB.US,60,20250306,200000,4.7047,4.795,4.7,4.7127,13470,0
CJMB.US,60,20250306,210000,4.7,4.72,4.6399,4.6399,11345,0
CJMB.US,60,20250306,220000,4.6,4.65,4.6,4.6,6882,0
CJMB.US,60,20250307,160000,4.52,4.76,4.52,4.745,6440,0
CJMB.US,60,20250307,170000,4.6176,4.6176,4.2,4.26,17458,0
CJMB.US,60,20250307,180000,4.325,4.35,4.25,4.25,2932,0
CJMB.US,60,20250307,190000,4.105,4.3999,4.105,4.3999,14065,0
CJMB.US,60,20250307,200000,4.18,4.2,4.1201,4.19,2160,0
CJMB.US,60,20250307,210000,4.1608,4.4,4.1608,4.275,2336,0
CJMB.US,60,20250307,220000,4.3,4.36,4.22,4.35,7061,0
CJMB.US,60,20250310,150000,4.39,4.5878,4.39,4.48,3003,0
CJMB.US,60,20250310,160000,4.18,4.39,4.18,4.38,1006,0
CJMB.US,60,20250310,170000,4.18,4.265,4.18,4.1918,971,0
CJMB.US,60,20250310,180000,4.2,4.34,4.1943,4.27,617,0
CJMB.US,60,20250310,190000,4.34,4.34,4.19,4.19,1247,0
CJMB.US,60,20250310,200000,4.18,4.18,4,4.02,10235,0
CJMB.US,60,20250310,210000,4.14,4.14,4.13,4.14,2250,0
CJMB.US,60,20250311,150000,4.02,4.1279,4.02,4.1279,454,0
CJMB.US,60,20250311,160000,4.19,4.25,4.08,4.13,1050,0
CJMB.US,60,20250311,170000,4.19,4.19,4.01,4.17,8192,0
CJMB.US,60,20250311,180000,4.1,4.19,4.09,4.15,1676,0
CJMB.US,60,20250311,190000,4.11,4.14,4.11,4.13,1359,0
CJMB.US,60,20250311,200000,4.29,4.69,4.27,4.51,11791,0
CJMB.US,60,20250311,210000,4.41,4.58,4.41,4.58,5741,0
CJMB.US,60,20250312,150000,4.69,4.69,4.34,4.47,7194,0
CJMB.US,60,20250312,160000,4.31,4.5,4.15,4.16,14515,0
CJMB.US,60,20250312,170000,4.2207,4.2999,4.15,4.29,2935,0
CJMB.US,60,20250312,180000,4.29,4.55,4.29,4.55,4828,0
CJMB.US,60,20250312,190000,4.57,4.57,4.57,4.57,100,0
CJMB.US,60,20250312,200000,4.58,4.68,4.57,4.68,2302,0
CJMB.US,60,20250312,210000,4.6,4.66,4.45,4.66,18839,0
CJMB.US,60,20250313,150000,4.4679,4.62,4.4679,4.5,4202,0
CJMB.US,60,20250313,160000,4.57,4.57,4.57,4.57,200,0
CJMB.US,60,20250313,170000,4.5,4.5,4.5,4.5,587,0
CJMB.US,60,20250313,180000,4.39,4.39,4.39,4.39,100,0
CJMB.US,60,20250313,190000,4.5,4.5,4.3984,4.3984,1607,0
CJMB.US,60,20250313,200000,4.31,4.42,4.31,4.42,1480,0
CJMB.US,60,20250313,210000,4.335,4.4,4.335,4.4,512,0
CJMB.US,60,20250314,150000,4.5,4.5,4.5,4.5,874,0
CJMB.US,60,20250314,160000,4.5,4.515,4.49,4.49,800,0
CJMB.US,60,20250314,170000,4.5134,4.755,4.5134,4.67,6957,0
CJMB.US,60,20250314,180000,4.755,5,4.68,5,14105,0
CJMB.US,60,20250314,190000,4.85,5.0424,4.85,4.9982,6212,0
CJMB.US,60,20250314,200000,4.95,5.6,4.95,5.13,23290,0
CJMB.US,60,20250314,210000,5.2157,5.3872,5.209,5.3137,8347,0
CJMB.US,60,20250317,150000,5.6,5.73,5.18,5.18,5651,0
CJMB.US,60,20250317,160000,5.1899,5.4,5.13,5.25,2863,0
CJMB.US,60,20250317,170000,5.375,5.375,5.185,5.202,1744,0
CJMB.US,60,20250317,180000,5.25,5.47,5.25,5.28,3588,0
CJMB.US,60,20250317,190000,5.18,5.38,5.18,5.38,400,0
CJMB.US,60,20250317,200000,5.29,5.29,5.25,5.29,800,0
CJMB.US,60,20250317,210000,5.1,5.87,5.1,5.71,11399,0
CJMB.US,60,20250318,150000,5.51,5.7201,5.51,5.7,2174,0
CJMB.US,60,20250318,160000,5.77,6.12,5.77,6.01,8649,0
CJMB.US,60,20250318,170000,6,6.05,5.8,5.81,2950,0
CJMB.US,60,20250318,180000,5.8049,6,5.8,6,14885,0
CJMB.US,60,20250318,190000,5.67,5.9,5.67,5.81,800,0
CJMB.US,60,20250318,200000,5.898,5.9843,5.85,5.85,3500,0
CJMB.US,60,20250318,210000,5.85,5.9385,5.6249,5.76,5226,0
CJMB.US,60,20250319,150000,5.62,5.95,5.5,5.85,5227,0
CJMB.US,60,20250319,160000,5.72,5.99,5.72,5.9799,2960,0
CJMB.US,60,20250319,170000,5.8,5.9176,5.65,5.76,3195,0
CJMB.US,60,20250319,180000,5.74,5.86,5.74,5.85,3279,0
CJMB.US,60,20250319,200000,5.582,6.13,5.5601,5.85,9643,0
CJMB.US,60,20250319,210000,5.9535,5.9535,5.55,5.7,22412,0
CJMB.US,60,20250320,150000,5.5,5.5,5.5,5.5,101,0
CJMB.US,60,20250320,160000,5.4,5.8538,5,5,11731,0
CJMB.US,60,20250320,170000,5.25,5.39,5,5.2,5620,0
CJMB.US,60,20250320,180000,5.2,5.2,5.2,5.2,100,0
CJMB.US,60,20250320,190000,5.255,5.34,5.255,5.34,200,0
CJMB.US,60,20250320,200000,5.1778,5.41,5.1778,5.4,632,0
CJMB.US,60,20250320,210000,5.3,5.51,5.3,5.35,9563,0
CJMB.US,60,20250321,160000,5.185,5.185,5.01,5.15,1761,0
CJMB.US,60,20250321,170000,5.1,5.1,4.8219,4.8219,9210,0
CJMB.US,60,20250321,180000,5,5.8,5,5.655,21440,0
CJMB.US,60,20250321,190000,5.72,5.75,5.2,5.34,14284,0
CJMB.US,60,20250321,200000,5.05,5.1686,5.05,5.1686,300,0
CJMB.US,60,20250321,210000,5.1,5.23,4.9,5.0001,9132,0
CJMB.US,60,20250324,150000,5.1,5.7,5,5.2654,7928,0
CJMB.US,60,20250324,160000,5.1452,5.2,4.9233,5.1,1300,0
CJMB.US,60,20250324,170000,5.2,5.21,5,5.2,5339,0
CJMB.US,60,20250324,180000,5.2351,5.2351,5.1,5.1145,2100,0
CJMB.US,60,20250324,190000,5.1,5.1,5.1,5.1,100,0
CJMB.US,60,20250324,200000,5.05,5.05,5,5,600,0
CJMB.US,60,20250324,210000,5,5,4.84,4.84,1556,0
CJMB.US,60,20250325,150000,5.08,5.0891,4.8289,4.8289,750,0
CJMB.US,60,20250325,160000,4.94,5.04,4.6,4.8,6457,0
CJMB.US,60,20250325,170000,4.9657,4.9657,4.9499,4.9499,600,0
CJMB.US,60,20250325,180000,4.71,4.71,4.7,4.7,1975,0
CJMB.US,60,20250325,200000,4.67,4.825,4.67,4.7,2999,0
CJMB.US,60,20250325,210000,4.775,4.775,4.68,4.68,3693,0
CJMB.US,60,20250326,160000,4.6,4.6,4.5,4.577,764,0
CJMB.US,60,20250326,170000,4.67,4.68,4.55,4.68,1348,0
CJMB.US,60,20250326,180000,4.55,4.5754,4.55,4.5754,600,0
CJMB.US,60,20250326,190000,4.52,4.52,4.5008,4.5008,1000,0
CJMB.US,60,20250326,200000,4.59,4.68,4.48,4.68,5617,0
CJMB.US,60,20250326,210000,4.6,4.94,4.6,4.8,2490,0
CJMB.US,60,20250327,150000,4.9,4.9,4.552,4.552,947,0
CJMB.US,60,20250327,160000,4.56,4.74,4.56,4.5601,2814,0
CJMB.US,60,20250327,170000,4.57,4.6,4.5601,4.57,5451,0
CJMB.US,60,20250327,180000,4.6528,4.6528,4.6528,4.6528,633,0
CJMB.US,60,20250327,190000,4.57,4.66,4.25,4.2501,58483,0
CJMB.US,60,20250327,200000,4.25,4.35,3.6916,4.1499,35986,0
CJMB.US,60,20250327,210000,4.15,4.56,4.15,4.35,16929,0
CJMB.US,60,20250328,150000,4.7,4.7,4.7,4.7,350,0
CJMB.US,60,20250328,160000,4.6001,4.81,4.5526,4.58,6470,0
CJMB.US,60,20250328,170000,4.3927,4.438,4.127,4.23,9283,0
CJMB.US,60,20250328,180000,4.21,4.271,4.07,4.271,6579,0
CJMB.US,60,20250328,190000,4.37,4.37,4.0117,4.0117,7267,0
CJMB.US,60,20250328,200000,4.11,4.3806,4.08,4.3806,8625,0
CJMB.US,60,20250328,210000,4.3806,4.3863,4.22,4.23,1170,0
CJMB.US,60,20250331,160000,4.23,4.5,4.2,4.5,3123,0
CJMB.US,60,20250331,170000,4.5,4.5,4.1714,4.25,1199,0
CJMB.US,60,20250331,180000,4.2,4.2,4.16,4.16,506,0
CJMB.US,60,20250331,200000,4.35,4.35,4.35,4.35,611,0
CJMB.US,60,20250331,210000,4.42,4.42,4.42,4.42,130,0
CJMB.US,60,20250331,220000,4.51,4.52,4.48,4.49,1400,0
CJMB.US,60,20250401,170000,4.2,4.5,4.2,4.5,5449,0
CJMB.US,60,20250401,190000,4.32,4.4477,4.31,4.34,3506,0
CJMB.US,60,20250401,200000,4.35,4.35,4.35,4.35,378,0
CJMB.US,60,20250401,210000,4.39,4.39,4.312,4.353,3322,0
CJMB.US,60,20250401,220000,4.4759,4.5099,4.3364,4.41,8523,0
CJMB.US,60,20250402,160000,4.5441,4.7,4.4175,4.7,2100,0
CJMB.US,60,20250402,170000,4.55,4.55,4.55,4.55,485,0
CJMB.US,60,20250402,190000,4.55,4.55,4.4663,4.4663,651,0
CJMB.US,60,20250402,200000,4.47,4.47,4.47,4.47,100,0
CJMB.US,60,20250402,210000,4.48,4.5398,4.35,4.35,4549,0
CJMB.US,60,20250402,220000,4.26,4.35,4.25,4.25,2994,0
CJMB.US,60,20250403,160000,4.06,4.06,4.06,4.06,100,0
CJMB.US,60,20250403,170000,4.06,4.08,4.06,4.08,718,0
CJMB.US,60,20250403,180000,4.2,4.2,4.0322,4.0322,2300,0
CJMB.US,60,20250403,190000,4.135,4.135,4.135,4.135,100,0
CJMB.US,60,20250403,200000,4.15,4.1822,4.15,4.15,1832,0
CJMB.US,60,20250403,210000,4.1,4.1,4.025,4.0484,2121,0
CJMB.US,60,20250403,220000,4.025,4.0865,3.92,3.92,3112,0
CJMB.US,60,20250404,170000,4.105,4.105,3.941,3.98,1620,0
CJMB.US,60,20250404,180000,4.0375,4.1278,4.0375,4.1278,1616,0
CJMB.US,60,20250404,190000,4.045,4.15,3.97,4.14,3152,0
CJMB.US,60,20250404,200000,4.1,4.1,4.1,4.1,100,0
CJMB.US,60,20250404,210000,4.11,4.15,4.02,4.0221,6150,0
CJMB.US,60,20250404,220000,4.14,4.15,4.13,4.13,1683,0
CJMB.US,60,20250407,160000,3.73,3.73,3.72,3.72,200,0
CJMB.US,60,20250407,220000,3.94,4.08,3.86,3.91,2115,0
CJMB.US,60,20250408,160000,4.055,4.085,4.055,4.085,1500,0
CJMB.US,60,20250408,170000,4.14,4.14,4.1,4.1,528,0
CJMB.US,60,20250408,180000,4.0885,4.0885,4.0885,4.0885,200,0
CJMB.US,60,20250408,190000,4.07,4.25,3.79,3.89,21622,0
CJMB.US,60,20250408,200000,3.76,3.76,3.76,3.76,200,0
CJMB.US,60,20250408,220000,4.065,4.15,3.8,3.89,3350,0
CJMB.US,60,20250409,180000,4.0507,4.0507,4.0507,4.0507,180,0
CJMB.US,60,20250409,190000,4.0133,4.0133,4,4,464,0
CJMB.US,60,20250409,200000,4.06,4.1199,3.95,4.0982,7321,0
CJMB.US,60,20250409,210000,4.11,4.11,4.11,4.11,969,0
CJMB.US,60,20250409,220000,3.9997,3.9997,3.8547,3.88,7494,0
CJMB.US,60,20250410,180000,3.89,4.3308,3.78,4.05,30256,0
CJMB.US,60,20250410,190000,3.9119,3.965,3.9119,3.965,200,0
CJMB.US,60,20250410,200000,4.04,4.58,3.9758,4.08,75669,0
CJMB.US,60,20250410,210000,4.4166,4.4166,4.1001,4.16,15674,0
CJMB.US,60,20250410,220000,4.1,4.1,4.09,4.09,1100,0
CJMB.US,60,20250411,180000,4.09,4.3,4.05,4.05,2509,0
CJMB.US,60,20250411,190000,4.01,4.08,4.01,4.07,1520,0
CJMB.US,60,20250411,200000,4.07,4.08,4.07,4.08,1393,0
CJMB.US,60,20250411,210000,4.08,4.11,4.04,4.11,996,0
CJMB.US,60,20250411,220000,4.085,4.1,4.05,4.1,545,0
CJMB.US,60,20250414,160000,4.15,4.15,4.15,4.15,623,0
CJMB.US,60,20250414,170000,3.985,3.985,3.98,3.98,915,0
CJMB.US,60,20250414,180000,3.83,4,3.83,4,3597,0
CJMB.US,60,20250414,190000,4.02,4.0535,3.9584,3.986,2973,0
CJMB.US,60,20250414,200000,3.9511,4.43,3.9511,4.38,43033,0
CJMB.US,60,20250414,210000,4.33,4.36,4.0201,4.18,27691,0
CJMB.US,60,20250414,220000,4.1999,4.4,4.1999,4.25,3469,0
CJMB.US,60,20250415,160000,4.33,4.55,4.33,4.33,3430,0
CJMB.US,60,20250415,170000,4.35,4.43,4.12,4.2933,7062,0
CJMB.US,60,20250415,200000,4.15,4.26,4.14,4.15,2843,0
CJMB.US,60,20250415,220000,4.02,4.02,4.01,4.01,200,0
CJMB.US,60,20250416,160000,4,4,4,4,1200,0
CJMB.US,60,20250416,170000,3.94,4.08,3.94,4.08,525,0
CJMB.US,60,20250416,180000,4,4.5,4,4.11,8080,0
CJMB.US,60,20250416,190000,4.11,4.24,4.1,4.24,1900,0
CJMB.US,60,20250416,200000,4.22,4.26,4.12,4.17,7402,0
CJMB.US,60,20250416,210000,4.225,4.225,4.09,4.12,11174,0
CJMB.US,60,20250416,220000,4.15,4.19,4.1,4.14,7035,0
CJMB.US,60,20250417,170000,4.3647,4.3647,4.07,4.24,1128,0
CJMB.US,60,20250417,180000,4.11,4.25,4.11,4.14,1801,0
CJMB.US,60,20250417,210000,4.175,4.175,4.15,4.15,200,0
CJMB.US,60,20250417,220000,4.19,4.19,4.02,4.02,832,0
CJMB.US,60,20250421,160000,3.9,3.99,3.9,3.99,788,0
CJMB.US,60,20250421,200000,4.09,4.09,4.09,4.09,900,0
CJMB.US,60,20250421,210000,4.08,4.2,4.08,4.09,2171,0
CJMB.US,60,20250421,220000,4.12,4.14,4.1,4.14,2124,0
CJMB.US,60,20250422,170000,4.225,4.225,4.225,4.225,355,0
CJMB.US,60,20250422,180000,4.15,4.22,4.14,4.15,2669,0
CJMB.US,60,20250422,210000,4.14,4.14,4.1,4.1,304,0
CJMB.US,60,20250423,170000,4.1556,4.1556,4.1,4.1,200,0
CJMB.US,60,20250423,180000,4.1209,4.1209,4.1206,4.1206,1250,0
CJMB.US,60,20250424,170000,4.2967,4.4,4.15,4.2,4298,0
CJMB.US,60,20250424,180000,4.215,4.25,4.1664,4.22,2500,0
CJMB.US,60,20250424,190000,4.21,4.22,4.21,4.22,200,0
CJMB.US,60,20250424,200000,4.35,4.62,4.35,4.3685,5049,0
CJMB.US,60,20250424,210000,4.5,4.7655,4.3533,4.4257,6103,0
CJMB.US,60,20250424,220000,4.6799,4.83,4.58,4.82,12396,0
CJMB.US,60,20250425,160000,5.175,5.28,4.8,4.8,2987,0
CJMB.US,60,20250425,170000,4.99,4.99,4.6498,4.6498,730,0
CJMB.US,60,20250425,180000,4.74,4.74,4.65,4.7,561,0
CJMB.US,60,20250425,200000,4.8,4.8,4.8,4.8,184,0
CJMB.US,60,20250425,210000,4.6851,4.6851,4.6851,4.6851,100,0
CJMB.US,60,20250425,220000,4.81,4.9273,4.81,4.85,1844,0
CJMB.US,60,20250428,170000,4.5,4.655,4.5,4.655,2023,0
CJMB.US,60,20250428,190000,4.32,4.9761,4.3001,4.4634,38917,0
CJMB.US,60,20250428,200000,4.36,4.36,4.24,4.24,1200,0
CJMB.US,60,20250428,210000,4.28,4.28,4.28,4.28,200,0
CJMB.US,60,20250428,220000,4.36,4.44,4.36,4.44,1699,0
CJMB.US,60,20250429,170000,4.2653,4.3681,4.24,4.3,1378,0
CJMB.US,60,20250429,190000,4.38,4.3996,4.325,4.325,2767,0
CJMB.US,60,20250429,200000,4.4,4.94,4.4,4.68,53479,0
CJMB.US,60,20250429,210000,4.66,4.75,4.65,4.74,3199,0
CJMB.US,60,20250429,220000,4.71,4.86,4.555,4.68,2120,0
CJMB.US,60,20250430,160000,4.4,4.4401,4.4,4.4401,3000,0
CJMB.US,60,20250430,180000,4.5692,5.21,4.5692,5.06,94141,0
CJMB.US,60,20250430,190000,5.03,5.79,4.99,5.16,37331,0
CJMB.US,60,20250430,200000,5.28,5.28,5.1832,5.19,2299,0
CJMB.US,60,20250430,210000,5.3,5.4,5.3,5.3001,1570,0
CJMB.US,60,20250430,220000,5.3474,5.41,5.11,5.3,8443,0
CJMB.US,60,20250501,160000,5.19,5.6899,5.0663,5.2544,5682,0
CJMB.US,60,20250501,170000,5.2829,5.5,5.2829,5.3337,4164,0
CJMB.US,60,20250501,180000,5.4,5.4,5.09,5.1,1890,0
CJMB.US,60,20250501,200000,5.245,5.245,5.245,5.245,200,0
CJMB.US,60,20250501,210000,5.1188,5.47,5.1188,5.2515,24496,0
CJMB.US,60,20250501,220000,5.1,5.25,5.09,5.25,2914,0
CJMB.US,60,20250502,160000,4.96,5.28,4.72,5.28,580,0
CJMB.US,60,20250502,170000,4.9151,4.9151,4.9151,4.9151,167,0
CJMB.US,60,20250502,180000,5.1,5.59,5.1,5.28,5010,0
CJMB.US,60,20250502,190000,5.3,5.3,5.205,5.205,1900,0
CJMB.US,60,20250502,210000,5.34,5.34,5.34,5.34,150,0
CJMB.US,60,20250502,220000,5.19,5.61,4.98,5.16,12804,0
CJMB.US,60,20250505,160000,5,5,4.8898,4.8898,1649,0
CJMB.US,60,20250505,180000,5.315,5.315,5.04,5.04,200,0
CJMB.US,60,20250505,190000,5.04,5.04,5.04,5.04,520,0
CJMB.US,60,20250506,160000,4.82,4.82,4.82,4.82,111,0
CJMB.US,60,20250506,170000,4.79,4.79,4.7501,4.7501,2608,0
CJMB.US,60,20250506,200000,4.765,4.765,4.765,4.765,995,0
CJMB.US,60,20250506,210000,4.81,4.93,4.81,4.9155,438,0
CJMB.US,60,20250507,170000,5.0372,5.0372,5.0372,5.0372,100,0
CJMB.US,60,20250507,180000,4.98,5,4.55,4.765,16772,0
CJMB.US,60,20250507,220000,4.61,4.72,4.5,4.72,1100,0
CJMB.US,60,20250508,170000,4.6066,4.6066,4.6066,4.6066,196,0
CJMB.US,60,20250508,180000,4.59,4.87,4.59,4.81,640,0
CJMB.US,60,20250508,190000,4.73,4.73,4.73,4.73,100,0
CJMB.US,60,20250508,200000,4.81,4.85,4.81,4.85,600,0
CJMB.US,60,20250508,220000,4.85,5.24,4.85,5.24,395,0
CJMB.US,60,20250509,160000,4.9618,5.35,4.7692,5.35,1269,0
CJMB.US,60,20250509,170000,4.77,4.77,4.77,4.77,500,0
CJMB.US,60,20250509,180000,4.69,5.28,4.55,4.97,4363,0
CJMB.US,60,20250509,190000,4.7505,5.1,4.7505,5.04,927,0
CJMB.US,60,20250509,200000,5.03,5.04,5.03,5.04,224,0
CJMB.US,60,20250509,210000,5.29,5.29,5.29,5.29,300,0
CJMB.US,60,20250509,220000,4.9,4.9,4.5601,4.7,2176,0
CJMB.US,60,20250512,160000,4.65,4.85,4.65,4.85,450,0
CJMB.US,60,20250512,210000,4.8,4.8,4.8,4.8,100,0
CJMB.US,60,20250513,160000,4.88,4.99,4.88,4.99,1563,0
CJMB.US,60,20250513,170000,5,5.5,5,5.2233,17623,0
CJMB.US,60,20250513,180000,5.3,5.31,5.15,5.15,2275,0
CJMB.US,60,20250513,190000,5.15,5.38,5.14,5.38,3929,0
CJMB.US,60,20250513,200000,5.15,5.16,5.15,5.16,200,0
CJMB.US,60,20250513,210000,5.22,5.24,5.1602,5.24,400,0
CJMB.US,60,20250513,220000,5.1961,5.239,4.95,4.95,2790,0
CJMB.US,60,20250514,170000,5.1,5.1757,5.02,5.14,600,0
CJMB.US,60,20250514,180000,5.135,5.3,5.135,5.23,6418,0
CJMB.US,60,20250514,190000,5.2938,5.3539,5.2938,5.3539,1125,0
CJMB.US,60,20250514,200000,5.0822,5.0822,5.08,5.08,200,0
CJMB.US,60,20250514,210000,5.16,5.16,5.04,5.04,1579,0
CJMB.US,60,20250514,220000,5.16,5.16,5.04,5.04,758,0
CJMB.US,60,20250515,180000,5.15,5.15,5.02,5.13,5449,0
CJMB.US,60,20250515,190000,5.125,5.41,5.125,5.2598,4225,0
CJMB.US,60,20250515,200000,5.2,5.49,5.1901,5.45,2596,0
CJMB.US,60,20250515,210000,5.4376,5.45,5.3773,5.45,720,0
CJMB.US,60,20250515,220000,5.2301,5.5879,5.2301,5.5879,4458,0
CJMB.US,60,20250516,160000,5.5,5.5,5.2123,5.3359,3716,0
CJMB.US,60,20250516,170000,5.28,5.4729,5.1134,5.4729,2857,0
CJMB.US,60,20250516,180000,5.355,5.55,5.3,5.55,3038,0
CJMB.US,60,20250516,200000,5.5,5.5,5.5,5.5,882,0
CJMB.US,60,20250516,210000,5.28,5.57,5.28,5.5059,5277,0
CJMB.US,60,20250516,220000,5.49,5.74,5.49,5.55,6311,0
CJMB.US,60,20250519,160000,5.68,5.68,5.321,5.321,7285,0
CJMB.US,60,20250519,170000,5.4505,5.49,5.41,5.44,939,0
CJMB.US,60,20250519,180000,5.43,5.43,5.43,5.43,552,0
CJMB.US,60,20250519,190000,5.32,5.32,5.32,5.32,250,0
CJMB.US,60,20250519,200000,5.43,5.43,5.3911,5.4,2284,0
CJMB.US,60,20250519,210000,5.3909,5.3909,5.39,5.39,1450,0
CJMB.US,60,20250519,220000,5.3901,5.48,5.3901,5.48,990,0
CJMB.US,60,20250520,160000,5.0417,5.2,4.953,5.2,1515,0
CJMB.US,60,20250520,180000,5.26,5.26,5.26,5.26,2000,0
CJMB.US,60,20250520,190000,5.24,5.25,5.06,5.0942,2491,0
CJMB.US,60,20250520,200000,5.2411,5.25,5.155,5.25,8379,0
CJMB.US,60,20250520,210000,5.22,5.3,5.22,5.3,13777,0
CJMB.US,60,20250520,220000,5.4,5.4805,5.4,5.4805,700,0
CJMB.US,60,20250521,160000,5.5,5.5,5.5,5.5,100,0
CJMB.US,60,20250521,170000,5.255,5.61,5.2168,5.2168,2822,0
CJMB.US,60,20250521,180000,5.4697,5.4697,5.4697,5.4697,100,0
CJMB.US,60,20250521,190000,5.23,5.3,5.11,5.3,2453,0
CJMB.US,60,20250521,200000,5.2,5.2,5.2,5.2,130,0
CJMB.US,60,20250521,210000,5.05,5.4415,5.05,5.21,6445,0
CJMB.US,60,20250521,220000,5.23,5.37,5.0599,5.06,3117,0
CJMB.US,60,20250522,160000,5.1,5.6387,5.1,5.2,1150,0
CJMB.US,60,20250522,170000,5.55,5.55,5.39,5.5379,1890,0
CJMB.US,60,20250522,180000,5.445,5.671,5.445,5.65,3002,0
CJMB.US,60,20250522,190000,5.5,5.7,5.5,5.7,950,0
CJMB.US,60,20250522,200000,5.7,5.7,5.5401,5.62,1200,0
CJMB.US,60,20250522,210000,5.62,5.62,5.62,5.62,700,0
CJMB.US,60,20250522,220000,5.6806,5.6806,5.53,5.53,250,0
CJMB.US,60,20250523,160000,5.2552,5.2552,5.2552,5.2552,100,0
CJMB.US,60,20250523,170000,5.3373,5.3373,5.3373,5.3373,671,0
CJMB.US,60,20250523,180000,5.52,5.7,5.52,5.6999,1317,0
CJMB.US,60,20250523,190000,5.52,5.61,5.52,5.52,2106,0
CJMB.US,60,20250523,200000,5.6868,5.6868,5.5,5.5001,2024,0
CJMB.US,60,20250523,210000,5.485,5.485,5.475,5.475,476,0
CJMB.US,60,20250523,220000,5.53,5.68,5.53,5.54,750,0
CJMB.US,60,20250527,160000,5.648,5.648,5.5,5.5,200,0
CJMB.US,60,20250527,170000,5.525,5.525,5.525,5.525,100,0
CJMB.US,60,20250527,180000,5.41,5.525,5.4001,5.525,800,0
CJMB.US,60,20250527,200000,5.3552,5.49,5.3552,5.49,1587,0
CJMB.US,60,20250527,210000,5.62,5.62,5.4222,5.4222,492,0
CJMB.US,60,20250528,170000,5.35,5.74,5.35,5.74,355,0
CJMB.US,60,20250528,180000,5.51,5.62,5.51,5.62,200,0
CJMB.US,60,20250528,210000,5.51,5.51,5.51,5.51,1000,0
CJMB.US,60,20250528,220000,5.56,5.56,5.23,5.465,9676,0
CJMB.US,60,20250529,160000,5.142,5.142,5.142,5.142,200,0
CJMB.US,60,20250529,200000,5.25,5.3985,5.25,5.3985,2036,0
CJMB.US,60,20250529,210000,5.335,5.335,5.335,5.335,1500,0
CJMB.US,60,20250529,220000,5.335,5.4,5.335,5.4,588,0
CJMB.US,60,20250530,160000,5.42,5.42,5.42,5.42,200,0
CJMB.US,60,20250530,200000,5.3154,5.3154,5.2,5.2,1902,0
CJMB.US,60,20250530,210000,5.2876,5.2876,5.147,5.2,3475,0
CJMB.US,60,20250530,220000,5.14,5.1947,5.1,5.175,818,0
CJMB.US,60,20250602,160000,5.6,5.6,5.52,5.52,619,0
CJMB.US,60,20250602,170000,5.5083,5.5083,5.5083,5.5083,200,0
CJMB.US,60,20250602,210000,5.3899,5.3899,4.66,4.755,11122,0
CJMB.US,60,20250602,220000,4.892,4.93,4.68,4.8,4414,0
CJMB.US,60,20250603,170000,5,5.11,5,5.11,200,0
CJMB.US,60,20250603,180000,4.84,5.0809,4.84,5.02,7261,0
CJMB.US,60,20250603,190000,5.02,5.02,5.02,5.02,200,0
CJMB.US,60,20250603,210000,4.87,5.11,4.8305,4.94,700,0
CJMB.US,60,20250603,220000,4.94,4.94,4.9,4.9,300,0
CJMB.US,60,20250604,170000,4.84,4.84,4.715,4.73,1200,0
CJMB.US,60,20250604,190000,4.75,4.9,4.75,4.9,2202,0
CJMB.US,60,20250604,200000,4.9,4.95,4.8,4.81,7767,0
CJMB.US,60,20250604,210000,4.805,4.88,4.805,4.88,700,0
CJMB.US,60,20250604,220000,4.86,4.8799,4.86,4.8799,400,0
CJMB.US,60,20250605,160000,4.5,4.5,4.5,4.5,1000,0
CJMB.US,60,20250605,170000,4.9,4.9,4.9,4.9,100,0
CJMB.US,60,20250605,180000,4.795,4.795,4.795,4.795,200,0
CJMB.US,60,20250605,200000,4.69,4.86,4.69,4.75,4732,0
CJMB.US,60,20250605,220000,4.825,4.85,4.825,4.85,326,0
CJMB.US,60,20250606,170000,4.81,5.14,4.81,5.14,3941,0
CJMB.US,60,20250606,190000,5.26,5.26,5.26,5.26,499,0
CJMB.US,60,20250606,200000,5.25,5.25,5.25,5.25,1350,0
CJMB.US,60,20250606,220000,5.1,5.1,5.1,5.1,428,0
CJMB.US,60,20250609,160000,5.28,5.28,5.28,5.28,525,0
CJMB.US,60,20250609,180000,5.1,5.1,5.1,5.1,2032,0
CJMB.US,60,20250609,210000,5,5,5,5,100,0
CJMB.US,60,20250609,220000,4.95,4.95,4.95,4.95,500,0
CJMB.US,60,20250610,160000,4.8465,5.0025,4.8465,5,4397,0
CJMB.US,60,20250610,170000,5,5,5,5,508,0
CJMB.US,60,20250610,180000,5,5,5,5,374,0
CJMB.US,60,20250610,190000,4.8,4.8,4.8,4.8,992,0
CJMB.US,60,20250610,220000,4.93,4.93,4.86,4.86,4000,0
CJMB.US,60,20250611,170000,5.1,5.1,5.005,5.005,4500,0
CJMB.US,60,20250611,180000,4.84,5.095,4.75,4.89,18709,0
CJMB.US,60,20250611,220000,4.87,4.87,4.87,4.87,314,0
CJMB.US,60,20250612,160000,4.78,4.78,4.7,4.7,824,0
CJMB.US,60,20250612,170000,4.72,4.72,4.72,4.72,100,0
CJMB.US,60,20250612,210000,4.73,4.73,4.71,4.71,354,0
CJMB.US,60,20250613,160000,4.63,4.63,4.63,4.63,500,0
CJMB.US,60,20250613,190000,4.5,4.5,4.5,4.5,200,0
CJMB.US,60,20250613,200000,4.6252,4.71,4.308,4.71,6369,0
CJMB.US,60,20250616,160000,4.65,4.65,4.65,4.65,217,0
CJMB.US,60,20250616,170000,4.43,4.84,4.43,4.79,5357,0
CJMB.US,60,20250616,190000,4.72,4.72,4.72,4.72,100,0
CJMB.US,60,20250616,200000,4.431,4.431,4.431,4.431,200,0
CJMB.US,60,20250616,210000,4.5718,4.5718,4.5718,4.5718,1000,0
CJMB.US,60,20250616,220000,4.475,4.475,4,4.2,6676,0
CJMB.US,60,20250617,160000,4.2,4.375,4.152,4.375,1115,0
CJMB.US,60,20250617,170000,4.375,4.375,3.8458,3.8458,9011,0
CJMB.US,60,20250617,190000,4.0227,4.225,4.01,4.01,8905,0
CJMB.US,60,20250617,200000,4.03,4.0675,4.03,4.03,900,0
CJMB.US,60,20250617,210000,4.09,4.418,4.0732,4.0732,1403,0
CJMB.US,60,20250617,220000,4.1118,4.1118,4.05,4.07,1650,0
CJMB.US,60,20250618,160000,4.27,4.27,4.27,4.27,115,0
CJMB.US,60,20250618,170000,4.05,4.28,4.02,4.02,6051,0
CJMB.US,60,20250618,180000,4.1549,4.1549,4.1549,4.1549,183,0
CJMB.US,60,20250620,160000,4.23,4.23,4.1301,4.1301,3275,0
CJMB.US,60,20250620,170000,4.16,4.22,4.13,4.22,641,0
CJMB.US,60,20250620,180000,4.0711,4.0711,4.0711,4.0711,200,0
CJMB.US,60,20250620,190000,4.1012,4.1048,4.1012,4.1048,2057,0
CJMB.US,60,20250620,200000,4.21,4.5382,4.2,4.39,4191,0
CJMB.US,60,20250620,210000,4.225,4.225,4.225,4.225,211,0
CJMB.US,60,20250620,220000,4.25,4.25,4.25,4.25,200,0
CJMB.US,60,20250623,160000,4.25,4.6,4.06,4.6,2115,0
CJMB.US,60,20250623,170000,4.36,4.45,4.36,4.45,1453,0
CJMB.US,60,20250623,180000,4.45,4.45,4.3,4.3,236,0
CJMB.US,60,20250623,210000,4.3,4.3,4.3,4.3,210,0
CJMB.US,60,20250623,220000,4.285,4.285,4.18,4.18,600,0
CJMB.US,60,20250624,160000,4.44,4.45,4.22,4.22,642,0
CJMB.US,60,20250624,170000,4.36,4.5,4.29,4.425,15276,0
CJMB.US,60,20250624,180000,4.4998,4.4998,4.43,4.43,511,0
CJMB.US,60,20250624,190000,4.4999,4.6,4.49,4.6,6090,0
CJMB.US,60,20250624,210000,4.5014,4.76,4.5014,4.76,935,0
CJMB.US,60,20250624,220000,4.7,4.7864,4.69,4.7864,1550,0
CJMB.US,60,20250625,160000,4.76,4.76,4.76,4.76,100,0
CJMB.US,60,20250625,170000,4.76,5,4.62,4.915,2159,0
CJMB.US,60,20250625,180000,4.7396,4.92,4.7396,4.9,727,0
CJMB.US,60,20250625,190000,4.965,5,4.94,5,2284,0
CJMB.US,60,20250625,200000,5.085,5.138,4.9735,4.9735,951,0
CJMB.US,60,20250625,210000,4.9735,4.98,4.9735,4.98,400,0
CJMB.US,60,20250625,220000,4.99,4.99,4.99,4.99,100,0
CJMB.US,60,20250626,160000,5.01,5.01,5.01,5.01,107,0
CJMB.US,60,20250626,170000,5,5,5,5,100,0
CJMB.US,60,20250626,180000,5.01,5.01,5.01,5.01,100,0
CJMB.US,60,20250626,190000,5.24,5.24,5.24,5.24,100,0
CJMB.US,60,20250626,200000,5.15,5.15,5.09,5.1,838,0
CJMB.US,60,20250626,210000,5.05,5.05,5.01,5.01,1000,0
CJMB.US,60,20250626,220000,5,5,4.56,4.66,14730,0
CJMB.US,60,20250627,170000,5,5.11,4.73,4.85,7098,0
CJMB.US,60,20250627,180000,4.8,4.8,4.8,4.8,100,0
CJMB.US,60,20250627,200000,4.8,4.8,4.8,4.8,103,0
CJMB.US,60,20250627,210000,4.82,4.95,4.82,4.95,1250,0
CJMB.US,60,20250630,160000,4.9862,4.9862,4.9862,4.9862,200,0
CJMB.US,60,20250630,180000,4.9577,5.07,4.95,5.07,3620,0
CJMB.US,60,20250630,190000,5.0128,5.0128,5.0128,5.0128,1000,0
CJMB.US,60,20250630,200000,4.98,5.03,4.98,5.03,1694,0
CJMB.US,60,20250630,210000,5.0912,5.0912,5,5.0599,7291,0
CJMB.US,60,20250630,220000,5.06,5.125,5.06,5.125,1198,0
CJMB.US,60,20250701,160000,5,5.1981,5,5.1981,3642,0
CJMB.US,60,20250701,170000,5.04,5.0401,5.04,5.0401,600,0
CJMB.US,60,20250701,180000,5,5,4.9,4.93,18181,0
CJMB.US,60,20250701,190000,5.0009,5.0009,5,5,3392,0
CJMB.US,60,20250701,200000,5.02,5.08,5.02,5.08,790,0
CJMB.US,60,20250701,220000,5.05,5.05,5.05,5.05,208,0
CJMB.US,60,20250702,160000,5.05,5.05,5.05,5.05,115,0
CJMB.US,60,20250702,170000,5.0721,5.0721,5.0721,5.0721,500,0
CJMB.US,60,20250702,180000,5.09,5.09,5.05,5.05,500,0
CJMB.US,60,20250702,190000,5.0999,5.0999,5.0999,5.0999,200,0
CJMB.US,60,20250702,200000,5.045,5.045,5.045,5.045,200,0
CJMB.US,60,20250702,210000,5.05,5.05,5.05,5.05,100,0
CJMB.US,60,20250702,220000,5.02,5.05,5.02,5.04,1300,0
CJMB.US,60,20250703,160000,5,5,5,5,2100,0
CJMB.US,60,20250703,180000,5,5,4.96,4.96,900,0
CJMB.US,60,20250703,190000,5,5,5,5,100,0
CJMB.US,60,20250703,200000,4.86,4.86,4.86,4.86,119,0
CJMB.US,60,20250707,160000,4.92,4.92,4.81,4.81,463,0
CJMB.US,60,20250707,170000,4.995,4.995,4.95,4.95,750,0
CJMB.US,60,20250707,180000,4.95,5.04,4.915,4.95,2179,0
CJMB.US,60,20250707,190000,5.0235,5.0235,5.0235,5.0235,1000,0
CJMB.US,60,20250707,200000,4.98,4.98,4.98,4.98,103,0
CJMB.US,60,20250707,210000,4.9389,4.9389,4.9389,4.9389,100,0
CJMB.US,60,20250707,220000,5,5,5,5,400,0
CJMB.US,60,20250708,160000,4.9603,4.9603,4.9603,4.9603,100,0
CJMB.US,60,20250708,170000,5.1431,5.1431,5.1431,5.1431,2000,0
CJMB.US,60,20250708,180000,5,5,5,5,800,0
CJMB.US,60,20250708,190000,5.07,5.24,5.07,5.2,24272,0
CJMB.US,60,20250708,200000,5.16,5.29,5.1523,5.29,4245,0
CJMB.US,60,20250708,210000,5.26,5.26,5.26,5.26,100,0
CJMB.US,60,20250708,220000,5.28,5.3,5.15,5.15,1673,0
CJMB.US,60,20250709,160000,5.28,5.28,5.28,5.28,100,0
CJMB.US,60,20250709,170000,5.06,5.06,4.89,4.89,4647,0
CJMB.US,60,20250709,180000,4.9,5.0824,4.63,4.9,22381,0
CJMB.US,60,20250709,190000,4.8999,5.2999,4.76,4.908,9496,0
CJMB.US,60,20250709,200000,5.05,5.08,4.75,4.91,5018,0
CJMB.US,60,20250709,210000,5,5.145,4.94,4.94,2450,0
CJMB.US,60,20250709,220000,4.865,4.865,4.77,4.82,5240,0
CJMB.US,60,20250710,160000,5.2554,5.2554,5.05,5.05,307,0
CJMB.US,60,20250710,170000,5.2262,5.2262,5.1327,5.1327,595,0
CJMB.US,60,20250710,180000,5.195,5.2575,5.135,5.135,2188,0
CJMB.US,60,20250710,190000,5.25,5.26,5.135,5.135,438,0
CJMB.US,60,20250710,210000,5.2446,5.2446,4.8401,4.8401,800,0
CJMB.US,60,20250710,220000,5.14,5.155,5.1,5.1,700,0
CJMB.US,60,20250711,200000,5.135,5.135,5.1,5.1,799,0
CJMB.US,60,20250711,210000,5.12,5.12,5.12,5.12,100,0
CJMB.US,60,20250711,220000,5.07,5.155,5.02,5.1,1352,0
CJMB.US,60,20250714,160000,5.25,5.505,5.25,5.46,2948,0
CJMB.US,60,20250714,170000,5.5175,5.6,5.29,5.29,3134,0
CJMB.US,60,20250714,190000,5.455,5.455,5.38,5.38,400,0
CJMB.US,60,20250714,200000,5.35,5.35,5.35,5.35,998,0
CJMB.US,60,20250714,220000,5.36,5.36,5.34,5.34,200,0
CJMB.US,60,20250715,160000,5.48,5.49,5.44,5.48,1200,0
CJMB.US,60,20250715,170000,5.48,5.4988,5.3802,5.4705,2850,0
CJMB.US,60,20250715,180000,5.47,5.47,5.39,5.39,200,0
CJMB.US,60,20250715,190000,5.4923,5.4994,5.45,5.4847,2309,0
CJMB.US,60,20250715,200000,5.49,5.5501,5.49,5.525,11589,0
CJMB.US,60,20250715,210000,5.501,5.5421,5.5,5.53,4298,0
CJMB.US,60,20250715,220000,5.5586,5.56,5.52,5.55,3004,0
CJMB.US,60,20250716,160000,5.63,5.63,5.15,5.43,3401,0
CJMB.US,60,20250716,170000,5.5,5.57,5.47,5.47,600,0
CJMB.US,60,20250716,210000,5.47,5.47,5.43,5.43,3542,0
CJMB.US,60,20250716,220000,5.55,5.7,5.48,5.5,2444,0
CJMB.US,60,20250717,160000,5.5009,5.53,5.36,5.3601,3516,0
CJMB.US,60,20250717,170000,5.405,5.4077,5.36,5.3601,1676,0
CJMB.US,60,20250717,180000,5.3601,5.3601,5.3601,5.3601,2999,0
CJMB.US,60,20250717,190000,5.4,5.4,5.4,5.4,100,0
CJMB.US,60,20250717,200000,5.445,5.445,5.37,5.37,534,0
CJMB.US,60,20250717,210000,5.375,5.4,5.35,5.35,893,0
CJMB.US,60,20250717,220000,5.17,5.17,5.17,5.17,295,0
CJMB.US,60,20250718,160000,5.2952,5.2952,5.2952,5.2952,200,0
CJMB.US,60,20250718,170000,5.16,5.38,5.16,5.1691,1168,0
CJMB.US,60,20250718,180000,5.2696,5.37,5.265,5.2696,684,0
CJMB.US,60,20250718,190000,5.2998,5.3619,5.16,5.16,1201,0
CJMB.US,60,20250721,160000,5.22,5.22,5.17,5.17,546,0
CJMB.US,60,20250721,170000,5.325,5.49,5.325,5.49,1200,0
CJMB.US,60,20250721,180000,5.404,5.71,5.404,5.455,8218,0
CJMB.US,60,20250721,210000,5.515,5.64,5.515,5.57,400,0
CJMB.US,60,20250721,220000,5.515,5.515,5.5,5.5,542,0
CJMB.US,60,20250722,160000,5.57,5.57,5.544,5.544,1414,0
CJMB.US,60,20250722,170000,5.445,5.6172,5.41,5.544,1800,0
CJMB.US,60,20250722,180000,5.4,5.7,5.4,5.56,4803,0
CJMB.US,60,20250722,190000,5.695,5.695,5.695,5.695,100,0
CJMB.US,60,20250722,200000,5.55,5.55,5.55,5.55,100,0
CJMB.US,60,20250722,210000,5.58,5.58,5.58,5.58,500,0
CJMB.US,60,20250722,220000,5.59,5.88,5.59,5.72,3431,0
CJMB.US,60,20250723,160000,5.82,5.82,5.435,5.435,2353,0
CJMB.US,60,20250723,170000,5.37,5.5,5.3,5.5,3025,0
CJMB.US,60,20250723,180000,5.3,5.48,5.29,5.39,1650,0
CJMB.US,60,20250723,190000,5.48,5.48,5.48,5.48,100,0
CJMB.US,60,20250723,200000,5.3944,5.3944,5.3944,5.3944,100,0
CJMB.US,60,20250723,210000,5.39,5.39,5.39,5.39,207,0
CJMB.US,60,20250723,220000,5.28,5.28,5.28,5.28,300,0
CJMB.US,60,20250724,160000,5.3,5.3,5.2,5.2,1848,0
CJMB.US,60,20250724,170000,5.244,5.405,5.244,5.405,7791,0
CJMB.US,60,20250724,180000,5.46,5.46,5.46,5.46,100,0
CJMB.US,60,20250724,190000,5.38,5.38,5.3201,5.3201,533,0
CJMB.US,60,20250724,200000,5.3702,5.38,5.26,5.331,1848,0
CJMB.US,60,20250724,210000,5.3244,5.4201,5.2,5.2,1701,0
CJMB.US,60,20250725,160000,5.15,5.1505,5.1267,5.1267,950,0
CJMB.US,60,20250725,170000,5.12,5.12,4.9,4.925,8287,0
CJMB.US,60,20250725,180000,4.9,4.94,4.9,4.94,2819,0
CJMB.US,60,20250725,190000,4.92,4.92,4.91,4.91,260,0
CJMB.US,60,20250725,200000,4.9818,4.9938,4.92,4.92,700,0
CJMB.US,60,20250725,210000,4.92,4.95,4.9,4.9,2245,0
CJMB.US,60,20250725,220000,4.79,4.8735,4.75,4.75,1498,0
CJMB.US,60,20250728,160000,4.76,5.19,4.76,5,4668,0
CJMB.US,60,20250728,170000,4.95,4.95,4.95,4.95,100,0
CJMB.US,60,20250728,180000,5.16,5.16,4.8833,5,13514,0
CJMB.US,60,20250728,190000,4.9745,4.9745,4.87,4.87,300,0
CJMB.US,60,20250728,200000,4.78,4.78,4.78,4.78,100,0
CJMB.US,60,20250728,210000,4.86,4.91,4.76,4.8,1632,0
CJMB.US,60,20250728,220000,4.83,4.83,4.83,4.83,199,0
CJMB.US,60,20250729,160000,4.7,5,4.59,4.59,12718,0
CJMB.US,60,20250729,170000,4.66,4.66,4.66,4.66,145,0
CJMB.US,60,20250729,180000,4.745,4.76,4.5801,4.61,2391,0
CJMB.US,60,20250729,190000,4.75,4.75,4.75,4.75,1000,0
CJMB.US,60,20250729,200000,4.85,4.9168,4.66,4.9168,11554,0
CJMB.US,60,20250729,210000,4.92,4.92,4.721,4.75,2863,0
CJMB.US,60,20250729,220000,4.8,4.98,4.8,4.9201,5104,0
CJMB.US,60,20250730,160000,4.8,4.904,4.8,4.8001,1500,0
CJMB.US,60,20250730,170000,4.8,4.895,4.8,4.895,1200,0
CJMB.US,60,20250730,190000,4.9,4.9896,4.9,4.9896,300,0
CJMB.US,60,20250730,210000,4.99,4.99,4.99,4.99,100,0
CJMB.US,60,20250730,220000,4.8,4.8,4.8,4.8,454,0
CJMB.US,60,20250731,160000,4.56,4.766,4.5501,4.766,4065,0
CJMB.US,60,20250731,180000,4.8,4.9,4.76,4.76,4244,0
CJMB.US,60,20250731,190000,4.73,4.73,4.665,4.69,600,0
CJMB.US,60,20250731,200000,4.7799,4.86,4.7799,4.78,1300,0
CJMB.US,60,20250731,210000,4.7,4.7,4.7,4.7,184,0
CJMB.US,60,20250731,220000,4.96,4.98,4.7028,4.825,435,0
CJMB.US,60,20250801,160000,4.8819,4.8819,4.76,4.76,500,0
CJMB.US,60,20250801,170000,4.8,4.873,4.8,4.873,1000,0
CJMB.US,60,20250801,180000,4.8796,4.8796,4.8796,4.8796,100,0
CJMB.US,60,20250801,190000,4.76,4.815,4.755,4.76,1050,0
CJMB.US,60,20250801,200000,4.8,4.8,4.8,4.8,200,0
CJMB.US,60,20250804,160000,4.9318,4.9318,4.7022,4.75,3000,0
CJMB.US,60,20250804,170000,4.7305,4.7305,4.7305,4.7305,131,0
CJMB.US,60,20250804,190000,4.8508,4.8508,4.8508,4.8508,100,0
CJMB.US,60,20250804,200000,4.73,4.73,4.73,4.73,197,0
CJMB.US,60,20250805,160000,4.67,4.67,4.67,4.67,701,0
CJMB.US,60,20250805,200000,4.86,4.86,4.86,4.86,100,0
CJMB.US,60,20250806,160000,4.98,4.98,4.56,4.78,527,0
CJMB.US,60,20250806,170000,4.96,4.96,4.96,4.96,200,0
CJMB.US,60,20250807,190000,5,5,4.99,4.99,297,0
CJMB.US,60,20250807,200000,4.81,4.83,4.81,4.83,300,0
CJMB.US,60,20250807,210000,4.98,4.98,4.98,4.98,100,0
CJMB.US,60,20250808,160000,4.5895,4.5895,4.5895,4.5895,101,0
CJMB.US,60,20250808,170000,4.99,4.99,4.99,4.99,200,0
CJMB.US,60,20250808,200000,4.9244,4.9244,4.9244,4.9244,100,0
CJMB.US,60,20250808,210000,4.66,4.94,4.66,4.94,300,0
CJMB.US,60,20250808,220000,4.66,4.92,4.65,4.65,300,0
CJMB.US,60,20250811,160000,4.6,4.78,4.6,4.78,542,0
CJMB.US,60,20250811,170000,4.65,4.65,4.6,4.6,600,0
CJMB.US,60,20250811,190000,4.64,4.64,4.57,4.57,700,0
CJMB.US,60,20250811,210000,4.65,4.65,4.65,4.65,100,0
CJMB.US,60,20250811,220000,4.63,4.63,4.63,4.63,100,0
CJMB.US,60,20250812,160000,4.7,4.76,4.7,4.76,620,0
CJMB.US,60,20250812,170000,4.9761,5,4.9761,5,1300,0
CJMB.US,60,20250812,180000,4.86,4.89,4.86,4.89,1174,0
CJMB.US,60,20250812,200000,4.73,4.73,4.73,4.73,100,0
CJMB.US,60,20250813,160000,4.95,5,4.89,5,1581,0
CJMB.US,60,20250813,170000,5,5,4.9,4.9,897,0
CJMB.US,60,20250813,180000,4.875,5,4.875,5,225,0
CJMB.US,60,20250813,190000,4.95,4.95,4.95,4.95,125,0
CJMB.US,60,20250813,200000,5,5,5,5,170,0
CJMB.US,60,20250813,210000,4.99,4.99,4.99,4.99,200,0
CJMB.US,60,20250813,220000,4.81,4.81,4.75,4.75,1304,0
CJMB.US,60,20250814,160000,4.95,5,4.95,5,1093,0
CJMB.US,60,20250814,170000,5,5,5,5,126,0
CJMB.US,60,20250814,190000,4.97,4.97,4.96,4.97,1214,0
CJMB.US,60,20250814,200000,4.97,4.97,4.97,4.97,365,0
CJMB.US,60,20250814,220000,4.96,4.96,4.96,4.96,121,0
CJMB.US,60,20250815,160000,5,5.2,4.8507,4.93,6137,0
CJMB.US,60,20250815,170000,4.925,4.925,4.925,4.925,200,0
CJMB.US,60,20250815,180000,4.93,4.95,4.86,4.87,901,0
CJMB.US,60,20250815,190000,4.8,5,4.8,5,790,0
CJMB.US,60,20250815,200000,4.61,4.8,4.61,4.8,500,0
CJMB.US,60,20250815,210000,4.805,4.805,4.805,4.805,248,0
CJMB.US,60,20250818,160000,5,5,4.85,4.85,710,0
CJMB.US,60,20250818,170000,4.71,4.9998,4.71,4.9998,400,0
CJMB.US,60,20250818,180000,4.9131,4.9131,4.9131,4.9131,270,0
CJMB.US,60,20250818,210000,4.7,5,4.7,4.96,8423,0
CJMB.US,60,20250818,220000,4.97,4.97,4.97,4.97,200,0
CJMB.US,60,20250819,180000,4.81,4.81,4.81,4.81,500,0
CJMB.US,60,20250819,190000,4.92,4.92,4.92,4.92,100,0
CJMB.US,60,20250819,200000,4.9975,4.9975,4.9975,4.9975,100,0
CJMB.US,60,20250819,210000,4.96,4.999,4.96,4.999,400,0
CJMB.US,60,20250820,160000,4.9999,4.9999,4.875,4.875,400,0
CJMB.US,60,20250820,180000,4.7713,4.7713,4.7713,4.7713,200,0
CJMB.US,60,20250820,210000,4.99,4.99,4.99,4.99,250,0
CJMB.US,60,20250821,160000,5,5.2,4.9067,4.9067,2276,0
CJMB.US,60,20250821,170000,4.76,4.7601,4.7508,4.7508,1400,0
CJMB.US,60,20250822,160000,4.81,4.81,4.75,4.75,1470,0
CJMB.US,60,20250822,170000,4.82,4.82,4.82,4.82,100,0
CJMB.US,60,20250822,180000,5.19,5.19,5.1812,5.1812,5153,0
CJMB.US,60,20250822,190000,5.102,5.102,4.61,4.65,5139,0
CJMB.US,60,20250822,200000,5.095,5.095,5.095,5.095,350,0
CJMB.US,60,20250822,210000,4.89,4.9,4.755,4.755,430,0
CJMB.US,60,20250822,220000,4.76,4.76,4.76,4.76,120,0
CJMB.US,60,20250825,160000,4.7,4.76,4.7,4.76,459,0
CJMB.US,60,20250825,170000,4.72,4.74,4.72,4.74,510,0
CJMB.US,60,20250825,180000,4.95,4.95,4.95,4.95,1017,0
CJMB.US,60,20250825,190000,5.07,5.1463,5.015,5.1,10442,0
CJMB.US,60,20250825,200000,5.09,5.09,4.95,5.09,3919,0
CJMB.US,60,20250825,210000,5,5.14,4.9206,5.14,5187,0
CJMB.US,60,20250826,160000,5.12,5.12,4.87,4.87,300,0
CJMB.US,60,20250826,170000,4.87,5.05,4.83,5.0325,8880,0
CJMB.US,60,20250826,180000,4.9,5.01,4.87,5.01,900,0
CJMB.US,60,20250826,190000,4.83,4.8437,4.83,4.8437,500,0
CJMB.US,60,20250826,200000,5,5,5,5,100,0
CJMB.US,60,20250826,210000,4.925,4.925,4.925,4.925,100,0
CJMB.US,60,20250827,160000,4.99,4.99,4.84,4.84,1195,0
CJMB.US,60,20250827,180000,4.76,5,4.66,4.66,18869,0
CJMB.US,60,20250827,190000,4.83,4.83,4.83,4.83,100,0
CJMB.US,60,20250827,200000,4.7228,4.7228,4.7228,4.7228,100,0
CJMB.US,60,20250827,220000,4.73,4.81,4.73,4.81,303,0
CJMB.US,60,20250828,160000,4.77,4.9699,4.77,4.9699,200,0
CJMB.US,60,20250828,220000,4.8104,4.82,4.8104,4.82,500,0
CJMB.US,60,20250829,160000,4.66,4.66,4.64,4.64,225,0
CJMB.US,60,20250829,170000,4.845,4.845,4.64,4.64,600,0
CJMB.US,60,20250829,210000,4.95,4.98,4.95,4.98,250,0
CJMB.US,60,20250829,220000,4.815,4.815,4.815,4.815,400,0
CJMB.US,60,20250902,160000,4.98,4.98,4.57,4.57,451,0
CJMB.US,60,20250902,180000,4.878,4.878,4.85,4.86,380,0
CJMB.US,60,20250902,210000,4.65,4.65,4.65,4.65,100,0
CJMB.US,60,20250903,160000,4.83,4.83,4.83,4.83,140,0
CJMB.US,60,20250903,190000,4.98,4.98,4.98,4.98,250,0
CJMB.US,60,20250903,220000,4.8,4.8,4.8,4.8,241,0
CJMB.US,60,20250904,160000,4.87,4.95,4.87,4.95,600,0
CJMB.US,60,20250904,220000,4.86,4.86,4.86,4.86,100,0
CJMB.US,60,20250905,180000,4.915,4.915,4.86,4.87,515,0
CJMB.US,60,20250908,160000,4.63,4.88,4.56,4.805,656,0
CJMB.US,60,20250908,170000,4.717,4.717,4.71,4.71,844,0
CJMB.US,60,20250908,200000,4.95,4.95,4.91,4.94,500,0
CJMB.US,60,20250908,220000,4.94,4.94,4.855,4.855,625,0
CJMB.US,60,20250909,160000,4.94,4.94,4.75,4.75,200,0
CJMB.US,60,20250909,170000,4.6026,4.6026,4.6026,4.6026,750,0
CJMB.US,60,20250910,160000,5.3,5.5,5.25,5.2797,14726,0
CJMB.US,60,20250910,170000,5.2649,5.33,5.24,5.2505,23478,0
CJMB.US,60,20250910,180000,5.313,5.313,5.25,5.25,13897,0
CJMB.US,60,20250910,190000,5.21,5.21,5.21,5.21,100,0
CJMB.US,60,20250910,200000,5.19,5.2,5.14,5.16,2570,0
CJMB.US,60,20250910,210000,5.2,5.2,5.19,5.19,300,0
CJMB.US,60,20250910,220000,5.2,5.25,5,5.02,4718,0
CJMB.US,60,20250911,160000,5.12,5.2436,5.12,5.2436,6150,0
CJMB.US,60,20250911,180000,5.2338,5.24,5.2338,5.24,300,0
CJMB.US,60,20250911,190000,5.24,5.25,5.234,5.2488,1500,0
CJMB.US,60,20250911,200000,5.175,5.2,5.12,5.12,4506,0
CJMB.US,60,20250911,210000,5.12,5.12,5.12,5.12,100,0
CJMB.US,60,20250911,220000,5.1915,5.2,5.1915,5.2,620,0
CJMB.US,60,20250912,160000,5.2,5.2,5.2,5.2,315,0
CJMB.US,60,20250912,200000,5.0016,5.0016,5.0016,5.0016,161,0
CJMB.US,60,20250912,210000,4.94,4.94,4.94,4.94,100,0
CJMB.US,60,20250912,220000,5.19,5.19,5.18,5.18,1100,0
CJMB.US,60,20250915,160000,4.94,4.94,4.6,4.925,3211,0
CJMB.US,60,20250915,170000,4.88,4.88,4.88,4.88,385,0
CJMB.US,60,20250915,180000,4.952,4.952,4.952,4.952,400,0
CJMB.US,60,20250915,190000,4.95,4.95,4.95,4.95,714,0
CJMB.US,60,20250915,220000,4.81,4.81,4.81,4.81,302,0
CJMB.US,60,20250916,160000,4.71,4.9498,4.71,4.9498,1295,0
CJMB.US,60,20250916,170000,5.1851,5.1851,5.1851,5.1851,202,0
CJMB.US,60,20250916,180000,4.88,5.09,4.88,5.08,1970,0
CJMB.US,60,20250917,160000,5.01,5.01,4.75,4.76,1117,0
CJMB.US,60,20250917,170000,4.96,4.96,4.71,4.71,300,0
CJMB.US,60,20250917,210000,4.99,5.0005,4.7841,4.8501,5713,0
CJMB.US,60,20250917,220000,5.1899,5.1899,4.78,4.78,500,0
CJMB.US,60,20250918,160000,4.87,5.025,4.8325,5.025,875,0
CJMB.US,60,20250918,170000,5.025,5.025,4.86,4.86,200,0
CJMB.US,60,20250918,190000,4.86,4.9,4.8501,4.9,2502,0
CJMB.US,60,20250918,200000,4.87,4.91,4.87,4.91,400,0
CJMB.US,60,20250918,220000,4.91,4.91,4.9,4.9,700,0
CJMB.US,60,20250919,160000,4.78,5.025,4.78,5.025,682,0
CJMB.US,60,20250919,180000,4.86,4.965,4.85,4.8501,1591,0
CJMB.US,60,20250919,200000,4.9,4.9,4.9,4.9,148,0
CJMB.US,60,20250919,220000,4.99,4.99,4.99,4.99,312,0
CJMB.US,60,20250922,210000,4.8,4.8,4.8,4.8,403,0
CJMB.US,60,20250922,220000,5.0482,5.0482,4.82,4.82,4000,0
CJMB.US,60,20250923,170000,4.8055,4.8055,4.8055,4.8055,1540,0
CJMB.US,60,20250923,190000,4.9,4.9,4.9,4.9,131,0
CJMB.US,60,20250923,220000,4.89,4.8901,4.89,4.8901,800,0
CJMB.US,60,20250925,160000,4.86,4.94,4.86,4.94,341,0
CJMB.US,60,20250925,170000,4.9,4.99,4.9,4.95,3992,0
CJMB.US,60,20250925,180000,4.95,4.95,4.95,4.95,880,0
CJMB.US,60,20250925,200000,4.95,4.95,4.95,4.95,1000,0
CJMB.US,60,20250925,220000,4.97,4.97,4.97,4.97,102,0
CJMB.US,60,20250926,160000,4.91,4.91,4.91,4.91,100,0
CJMB.US,60,20250926,170000,4.9098,4.91,4.9,4.91,500,0
CJMB.US,60,20250926,180000,4.97,4.97,4.97,4.97,100,0
CJMB.US,60,20250926,210000,4.97,4.97,4.97,4.97,150,0
CJMB.US,60,20250929,160000,5,5,4.925,4.98,431,0
CJMB.US,60,20250929,180000,4.9391,5.1,4.9391,5.0519,1757,0
CJMB.US,60,20250929,190000,5.03,5.03,5.03,5.03,100,0
CJMB.US,60,20250929,200000,4.95,4.95,4.95,4.95,100,0
CJMB.US,60,20250930,160000,4.86,4.86,4.86,4.86,586,0
CJMB.US,60,20250930,180000,4.919,4.92,4.9135,4.92,500,0
CJMB.US,60,20250930,190000,4.92,4.92,4.92,4.92,225,0
CJMB.US,60,20250930,210000,4.91,4.91,4.87,4.87,844,0
CJMB.US,60,20250930,220000,4.96,4.96,4.88,4.88,213,0
CJMB.US,60,20251001,170000,4.88,4.88,4.86,4.88,4223,0
CJMB.US,60,20251001,180000,4.87,4.87,4.78,4.78,250,0
CJMB.US,60,20251001,190000,4.78,4.78,4.78,4.78,102,0
CJMB.US,60,20251001,220000,4.83,4.88,4.83,4.88,600,0
CJMB.US,60,20251002,160000,4.73,4.73,4.73,4.73,100,0
CJMB.US,60,20251002,170000,4.73,4.73,4.73,4.73,500,0
CJMB.US,60,20251002,190000,4.73,4.73,4.73,4.73,300,0
CJMB.US,60,20251002,210000,4.715,4.73,4.715,4.73,936,0
CJMB.US,60,20251003,160000,4.55,4.825,4.55,4.825,689,0
CJMB.US,60,20251003,170000,4.9,4.9,4.84,4.86,2050,0
CJMB.US,60,20251003,180000,4.56,4.56,4.56,4.56,100,0
CJMB.US,60,20251003,210000,4.77,4.85,4.77,4.85,600,0
CJMB.US,60,20251006,180000,4.58,4.59,4.55,4.59,950,0
CJMB.US,60,20251006,190000,4.7,4.7,4.7,4.7,150,0
CJMB.US,60,20251006,200000,4.85,4.85,4.75,4.75,1100,0
CJMB.US,60,20251007,160000,4.58,4.58,4.58,4.58,188,0
CJMB.US,60,20251007,170000,4.72,4.88,4.57,4.88,1700,0
CJMB.US,60,20251007,180000,4.65,4.88,4.55,4.7,6169,0
CJMB.US,60,20251007,190000,4.7,4.78,4.62,4.72,2145,0
CJMB.US,60,20251007,200000,4.72,4.88,4.56,4.56,1699,0
CJMB.US,60,20251007,210000,4.66,4.68,4.65,4.68,800,0
CJMB.US,60,20251007,220000,4.65,4.83,4.64,4.83,8856,0
CJMB.US,60,20251008,160000,4.5896,4.88,4.5896,4.7403,466,0
CJMB.US,60,20251008,190000,4.7,4.7,4.7,4.7,100,0
CJMB.US,60,20251008,200000,4.7001,4.71,4.7,4.7,550,0
CJMB.US,60,20251008,210000,4.6,4.71,4.5,4.6,5050,0
CJMB.US,60,20251008,220000,4.6,4.61,4.53,4.6,3247,0
CJMB.US,60,20251009,160000,4.5,4.6,4.2601,4.6,3959,0
CJMB.US,60,20251009,170000,4.56,4.58,4.56,4.58,300,0
CJMB.US,60,20251009,180000,4.59,4.59,4.52,4.52,400,0
CJMB.US,60,20251009,190000,4.36,4.54,4.36,4.54,576,0
CJMB.US,60,20251009,210000,4.5,4.5,4.5,4.5,100,0
CJMB.US,60,20251009,220000,4.5,4.51,4.5,4.5,800,0
CJMB.US,60,20251010,160000,4.43,4.6,4.29,4.6,1000,0
CJMB.US,60,20251010,170000,4.43,4.43,4.43,4.43,200,0
CJMB.US,60,20251010,180000,4.26,4.58,4.26,4.27,850,0
CJMB.US,60,20251010,200000,4.43,4.43,4.27,4.27,500,0
CJMB.US,60,20251010,210000,4.43,4.43,4.2802,4.3,644,0
CJMB.US,60,20251010,220000,4.3005,4.42,4.27,4.28,650,0
CJMB.US,60,20251013,160000,4.3947,4.3947,4.3947,4.3947,500,0
CJMB.US,60,20251013,180000,4.28,4.42,4.28,4.35,945,0
CJMB.US,60,20251013,190000,4.27,4.28,4.27,4.28,200,0
CJMB.US,60,20251013,210000,4.2625,4.385,4.26,4.26,522,0
CJMB.US,60,20251013,220000,4.24,4.24,4.24,4.24,200,0
CJMB.US,60,20251014,170000,4.18,4.2,4.18,4.2,300,0
CJMB.US,60,20251014,180000,4.18,4.25,4.155,4.17,900,0
CJMB.US,60,20251014,190000,4.122,4.185,4.085,4.185,1700,0
CJMB.US,60,20251015,170000,4.3,4.3,4.3,4.3,200,0
CJMB.US,60,20251015,180000,4.16,4.16,4.15,4.15,200,0
CJMB.US,60,20251015,210000,4.14,4.28,4.1,4.13,2600,0
CJMB.US,60,20251015,220000,4.12,4.12,4.12,4.12,100,0
CJMB.US,60,20251016,160000,4.09,4.09,3.925,3.925,517,0
CJMB.US,60,20251016,170000,4.08,4.09,3.805,4.03,1141,0
CJMB.US,60,20251016,180000,3.89,4,3.61,3.92,1875,0
CJMB.US,60,20251016,190000,3.7,3.855,3.7,3.855,400,0
CJMB.US,60,20251016,200000,3.875,4,3.875,4,1225,0
CJMB.US,60,20251016,220000,3.815,3.98,3.815,3.98,900,0
CJMB.US,60,20251017,170000,3.775,3.97,3.775,3.97,1500,0
CJMB.US,60,20251017,220000,3.99,4.29,3.89,4.29,8419,0
CJMB.US,60,20251020,160000,4.24,4.35,4,4.35,3246,0
CJMB.US,60,20251020,170000,4.3399,4.34,4.17,4.25,1150,0
CJMB.US,60,20251020,180000,4.24,4.25,4.23,4.25,494,0
CJMB.US,60,20251020,190000,4.225,4.3,4.155,4.3,5619,0
CJMB.US,60,20251020,200000,4.25,4.3,4.1,4.1833,5705,0
CJMB.US,60,20251020,210000,4.21,4.3,4.05,4.3,300,0
CJMB.US,60,20251020,220000,4.155,4.1941,4.155,4.1941,1000,0
CJMB.US,60,20251021,160000,4.06,4.32,4,4.17,2722,0
CJMB.US,60,20251021,170000,4.13,4.24,4.04,4.24,1480,0
CJMB.US,60,20251021,180000,4.26,4.26,4.01,4.01,325,0
CJMB.US,60,20251021,190000,4.26,4.29,4.05,4.14,5384,0
CJMB.US,60,20251021,200000,4.2,4.2,4.06,4.2,1300,0
CJMB.US,60,20251021,210000,4.2,4.3,4.17,4.3,400,0
CJMB.US,60,20251021,220000,4.3,4.3,4.06,4.07,1089,0
CJMB.US,60,20251022,160000,4.07,4.21,4.07,4.19,321,0
CJMB.US,60,20251022,180000,3.9623,4.15,3.9623,4.04,1254,0
CJMB.US,60,20251022,190000,4.18,4.22,4.03,4.22,2090,0
CJMB.US,60,20251022,200000,4.11,4.22,4,4,2719,0
CJMB.US,60,20251022,210000,4.21,4.21,4.18,4.18,386,0
CJMB.US,60,20251022,220000,4.12,4.17,4.12,4.17,338,0
CJMB.US,60,20251023,160000,4.04,4.04,4.04,4.04,156,0
CJMB.US,60,20251023,170000,4.0763,4.08,4.0763,4.08,1275,0
CJMB.US,60,20251023,180000,3.8724,4.0151,3.8724,4.0151,1125,0
CJMB.US,60,20251023,190000,4.03,4.18,4.02,4.02,2172,0
CJMB.US,60,20251023,200000,4.02,4.02,4.02,4.02,1100,0
CJMB.US,60,20251023,210000,4.1,4.1,4.02,4.02,225,0
CJMB.US,60,20251023,220000,4.11,4.18,4.03,4.18,485,0
CJMB.US,60,20251024,170000,4.175,4.175,4.175,4.175,230,0
CJMB.US,60,20251024,200000,4.11,4.11,4.11,4.11,100,0
CJMB.US,60,20251028,150000,4.05,4.29,4,4.29,953,0
CJMB.US,60,20251028,160000,4.21,4.21,4.03,4.03,200,0
CJMB.US,60,20251028,170000,4.11,4.11,4.11,4.11,100,0
CJMB.US,60,20251028,180000,4.0211,4.2,4.0211,4.2,220,0
CJMB.US,60,20251028,190000,4.0217,4.03,4.0217,4.03,302,0
CJMB.US,60,20251028,200000,4.1,4.1,4.1,4.1,200,0
CJMB.US,60,20251029,150000,4.05,4.2,4.03,4.2,925,0
CJMB.US,60,20251029,160000,4.1,4.17,4.01,4.01,500,0
CJMB.US,60,20251029,200000,4.14,4.14,4.14,4.14,100,0
CJMB.US,60,20251029,210000,4.02,4.1,4.02,4.1,600,0
CJMB.US,60,20251030,150000,4.14,4.14,4.14,4.14,103,0
CJMB.US,60,20251030,160000,4.1,4.1,4.1,4.1,100,0
CJMB.US,60,20251030,170000,4.075,4.075,4.05,4.06,1619,0
CJMB.US,60,20251030,210000,4.05,4.05,4.05,4.05,100,0
CJMB.US,60,20251031,150000,4.13,4.13,4.13,4.13,120,0
CJMB.US,60,20251031,200000,3.9901,4.1,3.9529,4.1,1892,0
CJMB.US,60,20251031,210000,3.9717,4.02,3.9717,4.02,700,0
CJMB.US,60,20251103,160000,4.08,4.1,4.04,4.04,1036,0
CJMB.US,60,20251103,170000,3.97,4.09,3.89,4.09,2545,0
CJMB.US,60,20251103,190000,3.987,3.987,3.987,3.987,183,0
CJMB.US,60,20251103,220000,3.88,3.88,3.88,3.88,100,0
CJMB.US,60,20251104,160000,3.92,3.92,3.92,3.92,146,0
CJMB.US,60,20251104,170000,3.9797,3.9797,3.9797,3.9797,291,0
CJMB.US,60,20251104,180000,4.01,4.01,4.01,4.01,100,0
CJMB.US,60,20251104,190000,3.85,3.99,3.81,3.82,800,0
CJMB.US,60,20251104,200000,3.82,3.91,3.82,3.91,1100,0
CJMB.US,60,20251104,210000,3.84,3.84,3.84,3.84,100,0
CJMB.US,60,20251104,220000,3.98,3.98,3.83,3.895,1100,0
CJMB.US,60,20251105,160000,3.77,3.89,3.77,3.89,263,0
CJMB.US,60,20251105,180000,3.8999,3.8999,3.82,3.85,1099,0
CJMB.US,60,20251105,190000,3.85,3.98,3.85,3.98,1125,0
CJMB.US,60,20251105,220000,3.95,3.95,3.91,3.91,503,0
CJMB.US,60,20251106,190000,4,4,3.94,3.94,802,0
CJMB.US,60,20251106,200000,3.905,3.905,3.81,3.905,2910,0
CJMB.US,60,20251106,210000,3.82,3.82,3.82,3.82,100,0
CJMB.US,60,20251106,220000,3.99,3.99,3.99,3.99,100,0
CJMB.US,60,20251107,170000,3.81,4,3.81,3.83,3559,0
CJMB.US,60,20251107,180000,3.82,3.82,3.58,3.58,451,0
CJMB.US,60,20251107,190000,3.76,3.99,3.6,3.99,1150,0
CJMB.US,60,20251107,200000,3.88,3.88,3.88,3.88,100,0
CJMB.US,60,20251107,210000,3.99,3.99,3.99,3.99,100,0
CJMB.US,60,20251107,220000,3.82,3.99,3.82,3.99,600,0
CJMB.US,60,20251110,160000,3.86,4,3.86,4,600,0
CJMB.US,60,20251111,180000,3.8083,3.94,3.7999,3.94,1000,0
CJMB.US,60,20251111,220000,3.83,3.89,3.63,3.89,903,0
CJMB.US,60,20251112,180000,3.6,3.78,3.55,3.705,3752,0
CJMB.US,60,20251112,190000,3.62,3.8,3.62,3.79,960,0
CJMB.US,60,20251112,200000,3.62,3.62,3.62,3.62,100,0
CJMB.US,60,20251112,210000,3.78,3.8,3.78,3.8,200,0
CJMB.US,60,20251112,220000,3.62,3.79,3.62,3.79,200,0
CJMB.US,60,20251113,160000,3.58,3.89,3.58,3.89,323,0
CJMB.US,60,20251113,220000,3.55,3.55,3.44,3.44,286,0
CJMB.US,60,20251114,160000,3.74,3.95,3.5,3.52,1848,0
CJMB.US,60,20251114,170000,3.53,3.53,3.53,3.53,100,0
CJMB.US,60,20251114,180000,3.59,3.63,3.59,3.63,661,0
CJMB.US,60,20251114,210000,3.51,3.61,3.51,3.61,200,0
CJMB.US,60,20251117,160000,3.58,3.68,3.58,3.68,302,0
CJMB.US,60,20251117,190000,3.61,3.61,3.61,3.61,100,0
CJMB.US,60,20251117,210000,3.25,3.38,3.25,3.38,500,0
CJMB.US,60,20251117,220000,3.38,3.74,3.38,3.74,2976,0
CJMB.US,60,20251118,160000,3.6,3.6,3.6,3.6,100,0
CJMB.US,60,20251118,170000,3.77,3.78,3.58,3.58,1500,0
CJMB.US,60,20251118,180000,3.51,3.58,3.35,3.525,7477,0
CJMB.US,60,20251118,190000,3.34,3.57,3.34,3.545,1400,0
CJMB.US,60,20251118,200000,3.3,3.4,3.25,3.31,2080,0
CJMB.US,60,20251118,210000,3.28,3.35,3.11,3.33,7333,0
CJMB.US,60,20251118,220000,3.255,3.39,3.15,3.3,884,0
CJMB.US,60,20251119,190000,3.27,3.27,3.25,3.25,1672,0
CJMB.US,60,20251119,200000,3.2,3.2,3.2,3.2,300,0
CJMB.US,60,20251120,180000,3.34,3.34,3.31,3.31,1752,0
CJMB.US,60,20251121,170000,3.3502,3.55,3.35,3.39,3052,0
CJMB.US,60,20251121,180000,3.39,3.39,3.39,3.39,102,0
CJMB.US,60,20251121,190000,3.25,3.37,3.12,3.29,1116,0
CJMB.US,60,20251121,200000,3.11,3.26,3.08,3.26,746,0
CJMB.US,60,20251121,210000,3,3.26,3,3.26,450,0
CJMB.US,60,20251121,220000,3.16,3.27,3.16,3.26,1206,0
CJMB.US,60,20251124,160000,2.95,2.95,2.95,2.95,200,0
CJMB.US,60,20251124,180000,3.08,3.1,3.03,3.03,1400,0
CJMB.US,60,20251124,210000,3.016,3.016,2.93,2.965,1800,0
CJMB.US,60,20251125,160000,2.46,2.8499,2.46,2.765,12803,0
CJMB.US,60,20251125,170000,2.84,2.84,2.83,2.83,231,0
CJMB.US,60,20251125,190000,2.765,2.78,2.51,2.78,2488,0
CJMB.US,60,20251125,200000,2.6258,2.655,2.37,2.5,9864,0
CJMB.US,60,20251125,210000,2.5,2.5,2.455,2.455,473,0
CJMB.US,60,20251125,220000,2.42,2.49,2.085,2.49,18365,0
CJMB.US,60,20251126,160000,2.43,2.51,2.25,2.51,6459,0
CJMB.US,60,20251126,170000,2.52,2.6999,2.4,2.5,7239,0
CJMB.US,60,20251126,180000,2.47,2.5,2.45,2.48,1028,0
CJMB.US,60,20251126,190000,2.48,2.48,2.41,2.41,300,0
CJMB.US,60,20251126,200000,2.45,2.45,2.44,2.44,300,0
CJMB.US,60,20251128,170000,2.4921,2.85,2.34,2.4,23295,0
CJMB.US,60,20251128,180000,2.5,2.5,2.385,2.385,850,0
CJMB.US,60,20251128,190000,2.495,2.5,2.31,2.5,500,0
CJMB.US,60,20251201,160000,2.54,2.54,2.3,2.5,2168,0
CJMB.US,60,20251201,170000,2.49,2.4995,2.49,2.4995,200,0
CJMB.US,60,20251201,180000,2.4308,2.4308,2.4308,2.4308,100,0
CJMB.US,60,20251201,190000,2.595,2.595,2.595,2.595,100,0
CJMB.US,60,20251201,210000,2.36,2.36,2.36,2.36,100,0
CJMB.US,60,20251201,220000,2.32,2.35,2.27,2.35,400,0
CJMB.US,60,20251202,160000,2.24,2.25,2.24,2.25,1272,0
CJMB.US,60,20251202,170000,2.26,2.26,2.26,2.26,100,0
CJMB.US,60,20251202,180000,2.3,2.42,2.3,2.42,375,0
CJMB.US,60,20251202,190000,2.22,2.27,2.22,2.27,600,0
CJMB.US,60,20251202,200000,2.196,2.26,2.16,2.16,3733,0
CJMB.US,60,20251202,210000,2.2154,2.2154,2.16,2.16,1200,0
CJMB.US,60,20251202,220000,2.15,2.26,2.1,2.11,4377,0
CJMB.US,60,20251203,160000,2.0707,2.2,1.98,2,6417,0
CJMB.US,60,20251203,170000,1.74,2.1,1.65,1.96,19858,0
CJMB.US,60,20251203,180000,1.96,2,1.66,1.75,11789,0
CJMB.US,60,20251203,190000,1.75,1.75,1.66,1.68,10000,0
CJMB.US,60,20251203,200000,1.71,1.71,1.63,1.67,2921,0
CJMB.US,60,20251203,210000,1.66,1.705,1.54,1.61,16690,0
CJMB.US,60,20251203,220000,1.55,1.63,1.4,1.4,40303,0
CJMB.US,60,20251204,160000,1.4,1.51,1.4,1.42,15647,0
CJMB.US,60,20251204,170000,1.42,1.494,1.42,1.45,3132,0
CJMB.US,60,20251204,180000,1.445,1.445,1.22,1.22,12931,0
CJMB.US,60,20251204,190000,1.24,1.28,1.1999,1.26,21931,0
CJMB.US,60,20251204,200000,1.25,1.2699,1.21,1.23,13966,0
CJMB.US,60,20251204,210000,1.23,1.36,1.22,1.34,23458,0
CJMB.US,60,20251204,220000,1.3254,1.475,1.3254,1.47,17801,0
CJMB.US,60,20251205,160000,1.4,1.46,1.4,1.435,2415,0
CJMB.US,60,20251205,170000,1.4372,1.4372,1.35,1.38,6800,0
CJMB.US,60,20251205,180000,1.39,1.4,1.3501,1.3501,8406,0
CJMB.US,60,20251205,190000,1.3557,1.45,1.3557,1.36,1456,0
CJMB.US,60,20251205,200000,1.46,1.46,1.44,1.44,205,0
CJMB.US,60,20251205,210000,1.4441,1.46,1.44,1.46,1350,0
CJMB.US,60,20251205,220000,1.43,1.57,1.3601,1.57,16288,0
CJMB.US,60,20251208,160000,1.52,1.625,1.45,1.45,19091,0
CJMB.US,60,20251208,170000,1.485,1.485,1.48,1.48,595,0
CJMB.US,60,20251208,180000,1.46,1.47,1.41,1.41,2116,0
CJMB.US,60,20251208,190000,1.46,1.46,1.38,1.4182,8990,0
CJMB.US,60,20251208,200000,1.4189,1.64,1.4165,1.51,16110,0
CJMB.US,60,20251208,210000,1.5,1.5,1.44,1.49,4778,0
CJMB.US,60,20251208,220000,1.49,1.63,1.46,1.51,14948,0
CJMB.US,60,20251209,170000,1.52,1.68,1.52,1.61,25768,0
CJMB.US,60,20251209,180000,1.65,2.01,1.62,1.7,76239,0
CJMB.US,60,20251209,190000,1.765,1.82,1.71,1.71,13093,0
CJMB.US,60,20251209,200000,1.7,1.7696,1.7,1.74,5764,0
CJMB.US,60,20251209,210000,1.73,1.92,1.72,1.83,12771,0
CJMB.US,60,20251209,220000,1.765,1.84,1.71,1.75,5673,0
CJMB.US,60,20251210,160000,1.77,1.77,1.59,1.67,5218,0
CJMB.US,60,20251210,170000,1.74,1.74,1.6705,1.695,920,0
CJMB.US,60,20251210,180000,1.695,1.695,1.55,1.599,15766,0
CJMB.US,60,20251210,190000,1.6001,1.665,1.6001,1.635,2800,0
CJMB.US,60,20251210,200000,1.6185,1.7599,1.6185,1.7599,6827,0
CJMB.US,60,20251210,210000,1.7107,1.8099,1.7,1.755,10496,0
CJMB.US,60,20251210,220000,1.84,1.84,1.7,1.82,2475,0
CJMB.US,60,20251211,160000,1.79,1.835,1.76,1.76,1807,0
CJMB.US,60,20251211,170000,1.795,1.795,1.795,1.795,100,0
CJMB.US,60,20251211,180000,1.78,1.795,1.74,1.79,2237,0
CJMB.US,60,20251211,190000,1.78,1.8,1.76,1.8,4175,0
CJMB.US,60,20251211,200000,1.8,1.86,1.8,1.84,747,0
CJMB.US,60,20251211,210000,1.8399,1.84,1.8399,1.84,400,0
CJMB.US,60,20251211,220000,1.78,1.81,1.78,1.81,300,0
CJMB.US,60,20251212,160000,1.89,1.89,1.75,1.8,4835,0
CJMB.US,60,20251212,170000,1.8,1.8,1.8,1.8,300,0
CJMB.US,60,20251212,180000,1.7501,1.7999,1.75,1.78,4751,0
CJMB.US,60,20251212,190000,1.73,1.74,1.73,1.73,801,0
CJMB.US,60,20251212,200000,1.73,1.75,1.73,1.74,855,0
CJMB.US,60,20251212,220000,1.77,1.82,1.75,1.775,8239,0
CJMB.US,60,20251215,160000,1.86,1.86,1.86,1.86,200,0
CJMB.US,60,20251215,170000,1.78,1.78,1.64,1.7,8420,0
CJMB.US,60,20251215,180000,1.6,1.65,1.6,1.64,1998,0
CJMB.US,60,20251215,190000,1.634,1.67,1.634,1.67,250,0
CJMB.US,60,20251215,200000,1.67,1.75,1.67,1.69,6097,0
CJMB.US,60,20251215,210000,1.69,1.7,1.69,1.69,2977,0
CJMB.US,60,20251215,220000,1.68,1.7,1.68,1.7,6146,0
CJMB.US,60,20251216,160000,1.69,1.71,1.69,1.71,1500,0
CJMB.US,60,20251216,170000,1.6476,1.71,1.6476,1.66,6411,0
CJMB.US,60,20251216,180000,1.65,1.735,1.6301,1.66,1721,0
CJMB.US,60,20251216,190000,1.67,1.715,1.67,1.68,3059,0
CJMB.US,60,20251216,200000,1.7799,1.7799,1.7799,1.7799,1000,0
CJMB.US,60,20251216,210000,1.72,1.72,1.72,1.72,100,0
CJMB.US,60,20251216,220000,1.69,1.76,1.69,1.76,4864,0
CJMB.US,60,20251217,170000,1.675,1.675,1.675,1.675,200,0
CJMB.US,60,20251217,180000,1.73,1.73,1.73,1.73,100,0
CJMB.US,60,20251217,190000,1.6,1.715,1.6,1.715,10031,0
CJMB.US,60,20251217,200000,1.6,1.64,1.6,1.6205,2453,0
CJMB.US,60,20251217,210000,1.61,1.685,1.61,1.685,3587,0
CJMB.US,60,20251217,220000,1.68,1.745,1.68,1.73,6176,0
CJMB.US,60,20251218,160000,1.645,1.645,1.645,1.645,800,0
CJMB.US,60,20251218,170000,1.61,1.6401,1.61,1.64,700,0
CJMB.US,60,20251218,180000,1.58,1.6069,1.58,1.6069,329,0
CJMB.US,60,20251218,190000,1.625,1.665,1.62,1.63,600,0
CJMB.US,60,20251218,200000,1.66,1.66,1.36,1.5,47028,0
CJMB.US,60,20251218,210000,1.45,1.54,1.4,1.54,10210,0
CJMB.US,60,20251218,220000,1.51,1.515,1.39,1.515,9075,0
CJMB.US,60,20251219,160000,1.52,1.52,1.35,1.395,9934,0
CJMB.US,60,20251219,170000,1.53,1.53,1.4,1.435,10479,0
CJMB.US,60,20251219,180000,1.39,1.5,1.37,1.41,3486,0
CJMB.US,60,20251219,190000,1.3941,1.44,1.39,1.4,3321,0
CJMB.US,60,20251219,200000,1.405,1.415,1.405,1.415,400,0
CJMB.US,60,20251219,210000,1.405,1.42,1.4,1.4,1666,0
CJMB.US,60,20251219,220000,1.39,1.44,1.39,1.43,614,0
CJMB.US,60,20251222,160000,1.46,1.5,1.445,1.5,2200,0
CJMB.US,60,20251222,170000,1.46,1.46,1.46,1.46,300,0
CJMB.US,60,20251222,180000,1.391,1.5,1.38,1.38,5139,0
CJMB.US,60,20251222,190000,1.4,1.435,1.38,1.43,500,0
CJMB.US,60,20251222,200000,1.41,1.41,1.36,1.36,1762,0
CJMB.US,60,20251222,210000,1.36,1.36,1.36,1.36,700,0
CJMB.US,60,20251222,220000,1.3899,1.405,1.3899,1.4,2004,0
CJMB.US,60,20251223,160000,1.4,1.44,1.4,1.44,636,0
CJMB.US,60,20251223,170000,1.4,1.4,1.37,1.4,489,0
CJMB.US,60,20251223,190000,1.35,1.355,1.23,1.35,4732,0
CJMB.US,60,20251223,200000,1.31,1.4399,1.27,1.38,44031,0
CJMB.US,60,20251223,210000,1.35,1.385,1.31,1.31,9444,0
CJMB.US,60,20251223,220000,1.35,1.39,1.35,1.36,1639,0
CJMB.US,60,20251224,160000,1.3599,1.36,1.33,1.33,2870,0
CJMB.US,60,20251224,170000,1.37,1.3799,1.32,1.32,8010,0
CJMB.US,60,20251224,180000,1.38,1.38,1.34,1.34,2100,0
CJMB.US,60,20251224,190000,1.38,1.39,1.38,1.39,300,0
CJMB.US,60,20251224,200000,1.4,1.4,1.39,1.39,900,0
CJMB.US,60,20251226,170000,1.3598,1.38,1.35,1.38,1083,0
CJMB.US,60,20251226,180000,1.3816,1.43,1.38,1.43,1378,0
CJMB.US,60,20251226,190000,1.39,1.39,1.38,1.38,200,0
CJMB.US,60,20251226,210000,1.37,1.37,1.3,1.3,3141,0
CJMB.US,60,20251226,220000,1.34,1.35,1.31,1.33,3039,0
