<TICKER>,<PER>,<DATE>,<TIME>,<OPEN>,<HIGH>,<LOW>,<CLOSE>,<VOL>,<OPENINT>
DNMXU.US,60,20251030,160000,10.12,10.15,10.12,10.135,3138741,0
DNMXU.US,60,20251030,170000,10.135,10.14,10.13,10.13,844385,0
DNMXU.US,60,20251030,180000,10.13,10.14,10.13,10.13,403019,0
DNMXU.US,60,20251030,190000,10.13,10.135,10.12,10.125,870620,0
DNMXU.US,60,20251030,200000,10.125,10.13,10.12,10.125,686766,0
DNMXU.US,60,20251030,210000,10.125,10.13,10.12,10.12,214748,0
DNMXU.US,60,20251031,150000,10.12,10.14,10.12,10.135,181544,0
DNMXU.US,60,20251031,160000,10.14,10.14,10.1244,10.1244,40239,0
DNMXU.US,60,20251031,170000,10.12,10.1218,10.12,10.1218,69900,0
DNMXU.US,60,20251031,180000,10.13,10.135,10.13,10.13,101738,0
DNMXU.US,60,20251031,190000,10.13,10.14,10.13,10.135,17622,0
DNMXU.US,60,20251031,200000,10.135,10.14,10.12,10.12,40465,0
DNMXU.US,60,20251031,210000,10.125,10.13,10.12,10.13,33871,0
DNMXU.US,60,20251103,160000,10.15,10.15,10.14,10.15,160233,0
DNMXU.US,60,20251103,170000,10.15,10.16,10.145,10.145,69934,0
DNMXU.US,60,20251103,180000,10.145,10.1494,10.145,10.145,2000,0
DNMXU.US,60,20251103,190000,10.145,10.15,10.145,10.145,18062,0
DNMXU.US,60,20251103,200000,10.15,10.15,10.145,10.145,1900,0
DNMXU.US,60,20251103,210000,10.145,10.15,10.145,10.145,122484,0
DNMXU.US,60,20251103,220000,10.145,10.15,10.145,10.145,22604,0
DNMXU.US,60,20251104,160000,10.15,10.15,10.15,10.15,108695,0
DNMXU.US,60,20251104,170000,10.15,10.15,10.15,10.15,26946,0
DNMXU.US,60,20251104,180000,10.15,10.15,10.15,10.15,100,0
DNMXU.US,60,20251104,190000,10.1455,10.16,10.145,10.15,351982,0
DNMXU.US,60,20251104,200000,10.15,10.1599,10.15,10.1599,24621,0
DNMXU.US,60,20251104,210000,10.1599,10.16,10.15,10.155,28601,0
DNMXU.US,60,20251104,220000,10.155,10.1551,10.15,10.15,172347,0
DNMXU.US,60,20251105,160000,10.16,10.16,10.14,10.14,700,0
DNMXU.US,60,20251105,170000,10.14,10.14,10.135,10.135,3750,0
DNMXU.US,60,20251105,180000,10.135,10.135,10.135,10.135,600,0
DNMXU.US,60,20251105,190000,10.135,10.1388,10.13,10.1388,6504,0
DNMXU.US,60,20251105,200000,10.135,10.135,10.13,10.135,1826,0
DNMXU.US,60,20251105,210000,10.14,10.14,10.135,10.135,267,0
DNMXU.US,60,20251105,220000,10.135,10.15,10.135,10.145,140775,0
DNMXU.US,60,20251106,170000,10.14,10.15,10.14,10.15,2000,0
DNMXU.US,60,20251106,180000,10.145,10.145,10.145,10.145,200,0
DNMXU.US,60,20251106,190000,10.14,10.145,10.14,10.145,6354,0
DNMXU.US,60,20251106,210000,10.145,10.145,10.145,10.145,104,0
DNMXU.US,60,20251106,220000,10.14,10.14,10.14,10.14,7500,0
DNMXU.US,60,20251107,160000,10.14,10.1402,10.14,10.14,25000,0
DNMXU.US,60,20251107,170000,10.14,10.1401,10.14,10.14,5499,0
DNMXU.US,60,20251107,180000,10.14,10.145,10.14,10.145,4500,0
DNMXU.US,60,20251107,190000,10.1403,10.1403,10.14,10.14,46441,0
DNMXU.US,60,20251107,200000,10.14,10.14,10.14,10.14,434028,0
DNMXU.US,60,20251107,210000,10.14,10.14,10.13,10.13,532285,0
DNMXU.US,60,20251107,220000,10.14,10.14,10.14,10.14,100,0
DNMXU.US,60,20251110,160000,10.18,10.18,10.18,10.18,225,0
DNMXU.US,60,20251111,190000,10.1473,10.16,10.13,10.1501,3727,0
DNMXU.US,60,20251111,220000,10.17,10.17,10.15,10.15,2127,0
DNMXU.US,60,20251112,160000,10.13,10.13,10.13,10.13,300,0
DNMXU.US,60,20251112,180000,10.14,10.1405,10.14,10.1405,7650,0
DNMXU.US,60,20251113,200000,10.155,10.155,10.155,10.155,100,0
DNMXU.US,60,20251113,210000,10.16,10.16,10.16,10.16,269,0
DNMXU.US,60,20251113,220000,10.135,10.14,10.13,10.135,12732,0
DNMXU.US,60,20251114,170000,10.135,10.135,10.135,10.135,3398,0
DNMXU.US,60,20251114,180000,10.126,10.13,10.126,10.13,2600,0
DNMXU.US,60,20251114,220000,10.13,10.13,10.13,10.13,1689,0
DNMXU.US,60,20251117,160000,10.1265,10.13,10.1,10.13,10800,0
DNMXU.US,60,20251117,170000,10.117,10.125,10.117,10.125,400,0
DNMXU.US,60,20251117,180000,10.13,10.135,10.13,10.135,11500,0
DNMXU.US,60,20251117,190000,10.14,10.14,10.135,10.135,933,0
DNMXU.US,60,20251117,210000,10.13,10.13,10.125,10.13,44591,0
DNMXU.US,60,20251117,220000,10.13,10.13,10.11,10.11,21378,0
DNMXU.US,60,20251118,160000,10.1,10.11,10.1,10.1,89800,0
DNMXU.US,60,20251118,170000,10.1,10.1,10.1,10.1,300,0
DNMXU.US,60,20251118,180000,10.1,10.1004,10.1,10.1004,3400,0
DNMXU.US,60,20251118,220000,10.1,10.11,10.1,10.1076,98400,0
DNMXU.US,60,20251119,160000,10.1372,10.1628,10.1,10.1,30500,0
DNMXU.US,60,20251119,170000,10.2,10.2,10.12,10.12,5567,0
DNMXU.US,60,20251119,180000,10.12,10.12,10.12,10.12,51300,0
DNMXU.US,60,20251119,190000,10.12,10.1201,10.12,10.1201,2000,0
DNMXU.US,60,20251119,200000,10.12,10.12,10.11,10.11,18500,0
DNMXU.US,60,20251119,210000,10.11,10.11,10.09,10.09,26100,0
DNMXU.US,60,20251119,220000,10.1,10.1,10.1,10.1,239,0
DNMXU.US,60,20251120,170000,10.11,10.11,10.11,10.11,500,0
DNMXU.US,60,20251120,180000,10.11,10.11,10.1,10.1,6213,0
DNMXU.US,60,20251120,190000,10.1,10.1,10.1,10.1,200,0
DNMXU.US,60,20251120,200000,10.1,10.105,10.1,10.1001,2000,0
DNMXU.US,60,20251120,220000,10.1,10.1,10.095,10.095,7500,0
DNMXU.US,60,20251121,180000,10.09,10.1,10.09,10.1,2520,0
DNMXU.US,60,20251121,190000,10.12,10.12,10.1,10.1,50700,0
DNMXU.US,60,20251121,220000,10.1,10.1,10.09,10.09,1600,0
DNMXU.US,60,20251124,160000,10.12,10.12,10.095,10.0995,3800,0
DNMXU.US,60,20251124,170000,10.08,10.08,10.08,10.08,100,0
DNMXU.US,60,20251124,180000,10.09,10.09,10.09,10.09,300,0
DNMXU.US,60,20251124,190000,10.08,10.08,10.08,10.08,100,0
DNMXU.US,60,20251125,160000,10.12,10.12,10.12,10.12,300,0
DNMXU.US,60,20251125,170000,10.08,10.08,10.08,10.08,100,0
DNMXU.US,60,20251125,180000,10.1,10.1107,10.1,10.1071,800,0
DNMXU.US,60,20251125,190000,10.12,10.12,10.1,10.1,307,0
DNMXU.US,60,20251125,220000,10.09,10.09,10.09,10.09,100,0
DNMXU.US,60,20251126,160000,10.12,10.13,10.12,10.13,700,0
DNMXU.US,60,20251126,180000,10.09,10.09,10.09,10.09,100,0
DNMXU.US,60,20251126,200000,10.116,10.116,10.116,10.116,100,0
DNMXU.US,60,20251126,210000,10.11,10.11,10.11,10.11,100,0
DNMXU.US,60,20251126,220000,10.13,10.13,10.13,10.13,100,0
DNMXU.US,60,20251128,190000,10.1,10.1,10.1,10.1,100,0
DNMXU.US,60,20251201,160000,10.13,10.13,10.09,10.09,500,0
DNMXU.US,60,20251201,180000,10.1,10.1,10.09,10.095,5200,0
DNMXU.US,60,20251201,190000,10.0964,10.1,10.095,10.1,600,0
DNMXU.US,60,20251201,200000,10.095,10.095,10.095,10.095,21074,0
DNMXU.US,60,20251201,210000,10.095,10.095,10.08,10.08,3500,0
DNMXU.US,60,20251201,220000,10.0751,10.08,10.055,10.08,34259,0
DNMXU.US,60,20251202,170000,10.0801,10.0847,10.08,10.08,600,0
DNMXU.US,60,20251202,180000,10.08,10.09,10.08,10.08,700,0
DNMXU.US,60,20251202,190000,10.08,10.08,10.08,10.08,500,0
DNMXU.US,60,20251202,200000,10.0801,10.0905,10.08,10.08,2600,0
DNMXU.US,60,20251202,220000,10.09,10.0907,10.08,10.08,6796,0
DNMXU.US,60,20251203,160000,10.09,10.09,10.08,10.08,1700,0
DNMXU.US,60,20251203,170000,10.085,10.085,10.08,10.08,3212,0
DNMXU.US,60,20251203,180000,10.09,10.09,10.065,10.065,10600,0
DNMXU.US,60,20251203,190000,10.075,10.075,10.05,10.07,8979,0
DNMXU.US,60,20251203,200000,10.08,10.0807,10.07,10.07,1500,0
DNMXU.US,60,20251203,210000,10.07,10.08,10.07,10.08,500,0
DNMXU.US,60,20251203,220000,10.0701,10.08,10.07,10.07,1898,0
DNMXU.US,60,20251204,160000,10.0801,10.0907,10.08,10.0801,3100,0
DNMXU.US,60,20251204,170000,10.0801,10.0847,10.08,10.0801,6701,0
DNMXU.US,60,20251204,180000,10.07,10.07,10.07,10.07,100,0
DNMXU.US,60,20251204,200000,10.07,10.085,10.06,10.06,7800,0
DNMXU.US,60,20251204,210000,10.06,10.0601,10.06,10.06,2966,0
DNMXU.US,60,20251204,220000,10.06,10.06,10.06,10.06,430,0
DNMXU.US,60,20251205,160000,10.0893,10.0893,10.08,10.08,4600,0
DNMXU.US,60,20251205,170000,10.08,10.08,10.08,10.08,626,0
DNMXU.US,60,20251208,160000,10.08,10.08,10.08,10.08,500,0
DNMXU.US,60,20251208,180000,10.08,10.08,10.08,10.08,100,0
DNMXU.US,60,20251209,170000,10.08,10.08,10.08,10.08,2000,0
DNMXU.US,60,20251209,200000,10.0835,10.0835,10.0835,10.0835,100,0
DNMXU.US,60,20251211,160000,10.08,10.1,10.08,10.1,1048,0
DNMXU.US,60,20251211,210000,10.1,10.1,10.1,10.1,300,0
DNMXU.US,60,20251212,160000,10.1,10.1,10.1,10.1,200,0
DNMXU.US,60,20251212,170000,10.08,10.08,10.08,10.08,100,0
DNMXU.US,60,20251212,190000,10.0885,10.0885,10.0885,10.0885,3300,0
DNMXU.US,60,20251212,220000,10.09,10.09,10.09,10.09,25000,0
DNMXU.US,60,20251215,180000,10.0953,10.0953,10.0846,10.0899,3400,0
DNMXU.US,60,20251215,190000,10.0846,10.09,10.0846,10.0876,1300,0
DNMXU.US,60,20251215,200000,10.0899,10.09,10.08,10.0899,3700,0
DNMXU.US,60,20251215,210000,10.0846,10.09,10.0846,10.0899,1500,0
DNMXU.US,60,20251215,220000,10.0876,10.09,10.0876,10.0876,500,0
DNMXU.US,60,20251216,170000,10.09,10.09,10.09,10.09,1000,0
DNMXU.US,60,20251216,210000,10.09,10.1,10.09,10.1,300,0
DNMXU.US,60,20251216,220000,10.08,10.0801,10.0746,10.08,6300,0
DNMXU.US,60,20251217,160000,10.1,10.1,10.1,10.1,358,0
DNMXU.US,60,20251217,170000,10.0995,10.1161,10.08,10.08,5600,0
DNMXU.US,60,20251217,180000,10.0884,10.0884,10.0884,10.0884,200,0
DNMXU.US,60,20251217,200000,10.09,10.09,10.08,10.0899,1400,0
DNMXU.US,60,20251217,220000,10.08,10.08,10.08,10.08,102,0
DNMXU.US,60,20251218,180000,10.09,10.115,10.09,10.09,1700,0
DNMXU.US,60,20251218,190000,10.08,10.08,10.08,10.08,176,0
DNMXU.US,60,20251218,200000,10.08,10.09,10.08,10.09,3000,0
DNMXU.US,60,20251218,210000,10.08,10.08,10.08,10.08,100,0
DNMXU.US,60,20251218,220000,10.1,10.1,10.08,10.08,202,0
DNMXU.US,60,20251219,180000,10.1168,10.12,10.1,10.1001,2700,0
DNMXU.US,60,20251219,200000,10.08,10.1,10.08,10.1,202,0
DNMXU.US,60,20251222,170000,10.08,10.08,10.08,10.08,301,0
DNMXU.US,60,20251222,190000,10.0887,10.0887,10.0887,10.0887,100,0
DNMXU.US,60,20251222,220000,10.08,10.0801,10.08,10.0801,200,0
DNMXU.US,60,20251223,160000,10.0801,10.1092,10.06,10.06,22700,0
DNMXU.US,60,20251223,170000,10.06,10.06,10.06,10.06,500,0
DNMXU.US,60,20251223,200000,10.06,10.06,10.06,10.06,100,0
DNMXU.US,60,20251226,190000,10.06,10.06,10.06,10.06,2000,0
