<TICKER>,<PER>,<DATE>,<TIME>,<OPEN>,<HIGH>,<LOW>,<CLOSE>,<VOL>,<OPENINT>
FVNNR.US,60,20241106,180000,0.12,0.12,0.12,0.12,70000,0
FVNNR.US,60,20241106,190000,0.12,0.12,0.12,0.12,146374,0
FVNNR.US,60,20241106,210000,0.11,0.11,0.11,0.11,50000,0
FVNNR.US,60,20241107,180000,0.11,0.11,0.11,0.11,101000,0
FVNNR.US,60,20241111,200000,0.115,0.115,0.11,0.11,125000,0
FVNNR.US,60,20241111,220000,0.11,0.11,0.11,0.11,25000,0
FVNNR.US,60,20241112,160000,0.1101,0.1101,0.11,0.1101,60000,0
FVNNR.US,60,20241112,180000,0.1101,0.1101,0.11,0.11,110000,0
FVNNR.US,60,20241118,160000,0.115,0.115,0.115,0.115,100,0
FVNNR.US,60,20241118,170000,0.111,0.111,0.11,0.11,125000,0
FVNNR.US,60,20241118,220000,0.1101,0.1101,0.1101,0.1101,362,0
FVNNR.US,60,20241120,160000,0.115,0.115,0.115,0.115,200,0
FVNNR.US,60,20241125,170000,0.115,0.115,0.115,0.115,200,0
FVNNR.US,60,20241125,190000,0.115,0.115,0.115,0.115,263,0
FVNNR.US,60,20241127,210000,0.115,0.115,0.1101,0.1101,578,0
FVNNR.US,60,20241202,160000,0.15,0.15,0.132,0.132,49000,0
FVNNR.US,60,20241202,170000,0.132,0.14,0.132,0.133,1400,0
FVNNR.US,60,20241202,190000,0.15,0.15,0.135,0.135,600,0
FVNNR.US,60,20241202,200000,0.134,0.134,0.134,0.134,100,0
FVNNR.US,60,20241203,160000,0.1535,0.18,0.131,0.1348,8688,0
FVNNR.US,60,20241203,170000,0.15,0.15,0.1347,0.15,6700,0
FVNNR.US,60,20241203,180000,0.13119,0.1348,0.13119,0.1348,7047,0
FVNNR.US,60,20241206,160000,0.1349,0.18,0.128,0.128,900,0
FVNNR.US,60,20241209,170000,0.118,0.118,0.1179,0.1179,200,0
FVNNR.US,60,20241209,180000,0.12,0.12,0.12,0.12,1773,0
FVNNR.US,60,20241212,160000,0.18,0.18,0.12,0.1275,1139,0
FVNNR.US,60,20241213,170000,0.16,0.16,0.16,0.16,100,0
FVNNR.US,60,20241213,190000,0.13,0.13,0.12,0.12,400,0
FVNNR.US,60,20241230,210000,0.14,0.14,0.14,0.14,100,0
FVNNR.US,60,20241231,160000,0.14,0.14,0.14,0.14,500,0
FVNNR.US,60,20250102,190000,0.14,0.14,0.14,0.14,28067,0
FVNNR.US,60,20250103,170000,0.1239,0.124,0.1239,0.124,500,0
FVNNR.US,60,20250103,190000,0.1352,0.14,0.12,0.12,10100,0
FVNNR.US,60,20250110,160000,0.14,0.14,0.14,0.14,235,0
FVNNR.US,60,20250114,180000,0.12,0.13,0.12,0.13,12726,0
FVNNR.US,60,20250117,220000,0.14,0.14,0.14,0.14,100,0
FVNNR.US,60,20250121,190000,0.132,0.132,0.132,0.132,700,0
FVNNR.US,60,20250124,160000,0.132,0.1377,0.132,0.132,1500,0
FVNNR.US,60,20250128,190000,0.14,0.14,0.13,0.13,413,0
FVNNR.US,60,20250128,210000,0.1345,0.1345,0.133,0.134,500,0
FVNNR.US,60,20250206,180000,0.134,0.134,0.1301,0.1301,537,0
FVNNR.US,60,20250207,210000,0.13,0.13,0.13,0.13,75000,0
FVNNR.US,60,20250210,220000,0.15,0.15,0.15,0.15,24200,0
FVNNR.US,60,20250214,160000,0.148,0.148,0.148,0.148,100,0
FVNNR.US,60,20250228,190000,0.154,0.16,0.13,0.1301,5000,0
FVNNR.US,60,20250228,210000,0.136,0.136,0.1301,0.1301,466,0
FVNNR.US,60,20250321,160000,0.154,0.16,0.154,0.16,26100,0
FVNNR.US,60,20250408,200000,0.195,0.195,0.195,0.195,100,0
FVNNR.US,60,20250408,210000,0.1665,0.195,0.1665,0.195,200,0
FVNNR.US,60,20250408,220000,0.1592,0.184,0.1592,0.184,200,0
FVNNR.US,60,20250409,160000,0.1661,0.1661,0.1661,0.1661,200,0
FVNNR.US,60,20250411,210000,0.1301,0.1301,0.1301,0.1301,101,0
FVNNR.US,60,20250506,220000,0.14505,0.14505,0.145,0.145,2598,0
FVNNR.US,60,20250513,180000,0.1445,0.1445,0.1445,0.1445,500,0
FVNNR.US,60,20250523,220000,0.15,0.15,0.15,0.15,3000,0
FVNNR.US,60,20250527,160000,0.16,0.16,0.16,0.16,100,0
FVNNR.US,60,20250527,210000,0.15,0.15,0.1499,0.15,73399,0
FVNNR.US,60,20250530,160000,0.1445,0.1445,0.1445,0.1445,200,0
FVNNR.US,60,20250530,180000,0.1489,0.16,0.1489,0.16,15421,0
FVNNR.US,60,20250605,210000,0.14,0.14,0.14,0.14,10000,0
FVNNR.US,60,20250605,220000,0.16,0.16,0.16,0.16,500,0
FVNNR.US,60,20250606,200000,0.15,0.16,0.15,0.16,22100,0
FVNNR.US,60,20250606,220000,0.16,0.16,0.16,0.16,2500,0
FVNNR.US,60,20250609,160000,0.16,0.16,0.16,0.16,628,0
FVNNR.US,60,20250609,170000,0.17,0.17,0.17,0.17,100,0
FVNNR.US,60,20250610,160000,0.16,0.16,0.16,0.16,5131,0
FVNNR.US,60,20250610,210000,0.175151,0.175151,0.175151,0.175151,1000,0
FVNNR.US,60,20250611,220000,0.16,0.16,0.16,0.16,100,0
FVNNR.US,60,20250612,170000,0.17,0.17,0.17,0.17,100,0
FVNNR.US,60,20250612,180000,0.16,0.1601,0.16,0.16,2400,0
FVNNR.US,60,20250612,190000,0.17,0.17,0.17,0.17,100,0
FVNNR.US,60,20250612,210000,0.16,0.165,0.1573,0.1573,20800,0
FVNNR.US,60,20250612,220000,0.1445,0.1445,0.1445,0.1445,100,0
FVNNR.US,60,20250613,190000,0.1592,0.17,0.1589,0.17,2000,0
FVNNR.US,60,20250613,200000,0.1308,0.15,0.1308,0.15,1846,0
FVNNR.US,60,20250616,190000,0.17,0.17,0.1445,0.1445,1700,0
FVNNR.US,60,20250616,200000,0.175,0.175,0.175,0.175,100,0
FVNNR.US,60,20250616,220000,0.15,0.15,0.1445,0.1445,500,0
FVNNR.US,60,20250617,190000,0.1348,0.161,0.1343,0.161,600,0
FVNNR.US,60,20250625,180000,0.1318,0.1318,0.1191,0.1211,600,0
FVNNR.US,60,20250625,200000,0.1497,0.15,0.1497,0.15,200,0
FVNNR.US,60,20250627,170000,0.174,0.18,0.132,0.18,2100,0
FVNNR.US,60,20250627,180000,0.17,0.17,0.17,0.17,300,0
FVNNR.US,60,20250627,200000,0.1559,0.1559,0.1559,0.1559,1000,0
FVNNR.US,60,20250627,210000,0.155,0.155,0.155,0.155,1000,0
FVNNR.US,60,20250627,220000,0.1709,0.1709,0.1675,0.1675,2500,0
FVNNR.US,60,20250630,180000,0.1813,0.19,0.1287,0.19,3200,0
FVNNR.US,60,20250630,190000,0.19,0.19,0.19,0.19,200,0
FVNNR.US,60,20250630,200000,0.19,0.19,0.19,0.19,200,0
FVNNR.US,60,20250701,170000,0.19,0.19,0.1467,0.1899,9200,0
FVNNR.US,60,20250701,200000,0.1899,0.1899,0.1899,0.1899,494,0
FVNNR.US,60,20250701,210000,0.1899,0.1899,0.1899,0.1899,100,0
FVNNR.US,60,20250701,220000,0.1899,0.1899,0.1898,0.1898,1400,0
FVNNR.US,60,20250702,160000,0.1898,0.1898,0.17,0.17,4100,0
FVNNR.US,60,20250702,170000,0.1897,0.1897,0.1896,0.1897,300,0
FVNNR.US,60,20250702,180000,0.1897,0.1897,0.1897,0.1897,100,0
FVNNR.US,60,20250702,190000,0.1897,0.1897,0.1897,0.1897,100,0
FVNNR.US,60,20250702,200000,0.1897,0.1897,0.1897,0.1897,100,0
FVNNR.US,60,20250702,210000,0.1897,0.1897,0.1897,0.1897,200,0
FVNNR.US,60,20250702,220000,0.1897,0.1897,0.189699,0.189699,2000,0
FVNNR.US,60,20250703,160000,0.1897,0.1897,0.1887,0.1897,3000,0
FVNNR.US,60,20250709,210000,0.1888,0.1888,0.1888,0.1888,100,0
FVNNR.US,60,20250709,220000,0.1889,0.1889,0.1889,0.1889,1000,0
FVNNR.US,60,20250710,210000,0.18889,0.18889,0.18889,0.18889,100,0
FVNNR.US,60,20250714,190000,0.1889,0.1889,0.1879,0.1879,5000,0
FVNNR.US,60,20250714,200000,0.1889,0.1889,0.1889,0.1889,100,0
FVNNR.US,60,20250715,180000,0.18,0.18,0.18,0.18,1000,0
FVNNR.US,60,20250715,200000,0.18,0.18,0.18,0.18,100,0
FVNNR.US,60,20250717,160000,0.1799,0.18,0.1799,0.18,2000,0
FVNNR.US,60,20250718,220000,0.132,0.18,0.132,0.1799,7563,0
FVNNR.US,60,20250722,200000,0.15164,0.15164,0.15164,0.15164,100,0
FVNNR.US,60,20250724,160000,0.15,0.1506,0.15,0.1506,4261,0
FVNNR.US,60,20250724,190000,0.155,0.1738,0.155,0.155,40800,0
FVNNR.US,60,20250724,200000,0.15,0.1551,0.15,0.1551,103837,0
FVNNR.US,60,20250724,220000,0.1625,0.18,0.1625,0.18,1500,0
FVNNR.US,60,20250725,210000,0.18,0.18,0.18,0.18,1433,0
FVNNR.US,60,20250729,170000,0.18,0.18,0.18,0.18,200,0
FVNNR.US,60,20250729,180000,0.18,0.18,0.18,0.18,100,0
FVNNR.US,60,20250729,190000,0.18,0.18,0.18,0.18,100,0
FVNNR.US,60,20250729,200000,0.18,0.18,0.18,0.18,100,0
FVNNR.US,60,20250729,210000,0.1795,0.1795,0.1795,0.1795,100,0
FVNNR.US,60,20250731,190000,0.15,0.15,0.15,0.15,111,0
FVNNR.US,60,20250805,160000,0.1736,0.1795,0.1736,0.1795,37284,0
FVNNR.US,60,20250805,170000,0.155,0.1675,0.155,0.1672,20600,0
FVNNR.US,60,20250805,200000,0.17,0.17,0.17,0.17,100,0
FVNNR.US,60,20250813,220000,0.18,0.18,0.18,0.18,400,0
FVNNR.US,60,20250815,200000,0.18,0.18,0.18,0.18,500,0
FVNNR.US,60,20250911,220000,0.18,0.18,0.1799,0.1799,1300,0
FVNNR.US,60,20250915,180000,0.179,0.179,0.179,0.179,57000,0
FVNNR.US,60,20250917,160000,0.1799,0.1799,0.179,0.1799,6148,0
FVNNR.US,60,20250917,180000,0.1791,0.1799,0.179,0.1799,1646,0
FVNNR.US,60,20250918,200000,0.1799,0.1799,0.1799,0.1799,100,0
FVNNR.US,60,20250926,220000,0.179,0.1799,0.179,0.1799,900,0
FVNNR.US,60,20251006,160000,0.1799,0.1799,0.1799,0.1799,500,0
FVNNR.US,60,20251006,220000,0.1799,0.1799,0.1799,0.1799,400,0
FVNNR.US,60,20251007,170000,0.14,0.1401,0.14,0.1401,200,0
FVNNR.US,60,20251013,160000,0.1799,0.1799,0.1799,0.1799,1039,0
FVNNR.US,60,20251013,180000,0.1748,0.1799,0.1748,0.1799,1600,0
FVNNR.US,60,20251016,160000,0.1799,0.1799,0.1799,0.1799,100,0
FVNNR.US,60,20251016,170000,0.1799,0.1799,0.1799,0.1799,200,0
FVNNR.US,60,20251016,180000,0.1799,0.1799,0.1799,0.1799,200,0
FVNNR.US,60,20251016,190000,0.1799,0.1799,0.1799,0.1799,200,0
FVNNR.US,60,20251016,200000,0.1799,0.1799,0.1799,0.1799,200,0
FVNNR.US,60,20251016,210000,0.1799,0.1799,0.1799,0.1799,100,0
FVNNR.US,60,20251017,190000,0.1799,0.1799,0.1799,0.1799,100,0
FVNNR.US,60,20251027,210000,0.15,0.17,0.15,0.17,800,0
FVNNR.US,60,20251028,170000,0.16,0.16,0.16,0.16,100,0
FVNNR.US,60,20251104,180000,0.1501,0.1501,0.14005,0.14005,95700,0
FVNNR.US,60,20251104,190000,0.15,0.15,0.14005,0.14005,500,0
FVNNR.US,60,20251104,200000,0.15,0.15,0.15,0.15,100,0
FVNNR.US,60,20251105,220000,0.15,0.1649,0.15,0.16,57024,0
FVNNR.US,60,20251106,160000,0.1799,0.1799,0.1799,0.1799,249,0
FVNNR.US,60,20251107,180000,0.1799,0.1799,0.1799,0.1799,100,0
FVNNR.US,60,20251107,210000,0.1799,0.1799,0.1799,0.1799,100,0
FVNNR.US,60,20251117,170000,0.16,0.16,0.16,0.16,1307,0
FVNNR.US,60,20251118,160000,0.16,0.16,0.16,0.16,2400,0
FVNNR.US,60,20251118,170000,0.16,0.16,0.16,0.16,4800,0
FVNNR.US,60,20251118,220000,0.16,0.16,0.16,0.16,2699,0
FVNNR.US,60,20251119,160000,0.16,0.16,0.16,0.16,199,0
FVNNR.US,60,20251119,180000,0.1325,0.1325,0.1325,0.1325,260,0
FVNNR.US,60,20251119,200000,0.134,0.1401,0.1302,0.1401,26773,0
FVNNR.US,60,20251120,220000,0.155,0.16,0.155,0.16,2100,0
FVNNR.US,60,20251121,160000,0.16,0.16,0.16,0.16,2400,0
FVNNR.US,60,20251204,170000,0.16,0.16,0.15,0.15,1100,0
FVNNR.US,60,20251205,160000,0.16,0.17,0.16,0.17,10200,0
FVNNR.US,60,20251205,170000,0.16,0.16,0.16,0.16,9200,0
FVNNR.US,60,20251205,180000,0.15,0.15,0.15,0.15,2700,0
FVNNR.US,60,20251208,160000,0.1648,0.17,0.16,0.16,23300,0
FVNNR.US,60,20251208,200000,0.16,0.16,0.16,0.16,3500,0
FVNNR.US,60,20251209,160000,0.16,0.16,0.16,0.16,10000,0
FVNNR.US,60,20251209,220000,0.17,0.17,0.16,0.16,50000,0
FVNNR.US,60,20251218,210000,0.1501,0.1501,0.1302,0.14405,30000,0
