<TICKER>,<PER>,<DATE>,<TIME>,<OPEN>,<HIGH>,<LOW>,<CLOSE>,<VOL>,<OPENINT>
GYRO.US,60,20240411,200000,8,8,7.975,7.975,600,0
GYRO.US,60,20240411,210000,7.9501,7.9501,7.9501,7.9501,2002,0
GYRO.US,60,20240411,220000,7.99,7.99,7.99,7.99,200,0
GYRO.US,60,20240412,180000,7.975,7.975,7.975,7.975,300,0
GYRO.US,60,20240412,210000,7.975,7.992,7.975,7.99,500,0
GYRO.US,60,20240415,160000,7.95,7.95,7.95,7.95,1843,0
GYRO.US,60,20240415,170000,7.96,7.96,7.96,7.96,100,0
GYRO.US,60,20240415,190000,7.95,7.95,7.82,7.9,755,0
GYRO.US,60,20240415,200000,7.8041,7.905,7.8041,7.81,6415,0
GYRO.US,60,20240416,190000,7.86,7.86,7.83,7.83,2814,0
GYRO.US,60,20240416,200000,7.85,7.85,7.84,7.84,2574,0
GYRO.US,60,20240419,220000,7.83,8.02,7.83,8.02,1016,0
GYRO.US,60,20240422,190000,8,8,7.9999,8,12000,0
GYRO.US,60,20240423,200000,7.9999,7.9999,7.9899,7.9899,325,0
GYRO.US,60,20240426,190000,7.95,7.95,7.9499,7.9499,1100,0
GYRO.US,60,20240426,210000,7.9277,7.95,7.9277,7.95,400,0
GYRO.US,60,20240426,220000,7.95,7.95,7.95,7.95,200,0
GYRO.US,60,20240429,180000,7.93,7.93,7.92,7.92,200,0
GYRO.US,60,20240429,200000,7.94,7.94,7.93,7.93,300,0
GYRO.US,60,20240429,220000,7.87,7.8999,7.87,7.8999,270,0
GYRO.US,60,20240501,200000,7.84,7.84,7.81,7.81,800,0
GYRO.US,60,20240502,220000,7.82,7.82,7.79,7.79,5638,0
GYRO.US,60,20240503,180000,7.93,7.93,7.93,7.93,200,0
GYRO.US,60,20240503,210000,7.93,7.94,7.93,7.94,257,0
GYRO.US,60,20240506,200000,7.7897,7.9,7.7897,7.9,268,0
GYRO.US,60,20240509,170000,7.89,7.9,7.89,7.9,1382,0
GYRO.US,60,20240510,180000,7.94,7.94,7.94,7.94,100,0
GYRO.US,60,20240510,200000,7.93,7.95,7.93,7.95,999,0
GYRO.US,60,20240510,210000,8,8,8,8,100,0
GYRO.US,60,20240510,220000,7.97,7.97,7.97,7.97,300,0
GYRO.US,60,20240513,170000,7.97,7.97,7.97,7.97,1690,0
GYRO.US,60,20240514,190000,7.95,7.9999,7.95,7.9999,200,0
GYRO.US,60,20240515,160000,7.8159,7.8159,7.8159,7.8159,100,0
GYRO.US,60,20240515,180000,7.8,7.8,7.8,7.8,294,0
GYRO.US,60,20240515,200000,7.92,7.92,7.92,7.92,100,0
GYRO.US,60,20240520,160000,7.79,7.79,7.79,7.79,120,0
GYRO.US,60,20240521,190000,7.85,7.85,7.85,7.85,100,0
GYRO.US,60,20240522,160000,7.9,7.9,7.825,7.825,499,0
GYRO.US,60,20240522,210000,7.825,7.825,7.77,7.77,200,0
GYRO.US,60,20240523,160000,7.84,7.84,7.8173,7.8173,200,0
GYRO.US,60,20240523,220000,7.85,7.85,7.81,7.84,1198,0
GYRO.US,60,20240528,180000,7.8698,7.8698,7.8698,7.8698,100,0
GYRO.US,60,20240528,190000,7.85,7.85,7.81,7.85,5330,0
GYRO.US,60,20240528,210000,7.8499,7.8499,7.8499,7.8499,199,0
GYRO.US,60,20240528,220000,7.85,7.85,7.85,7.85,100,0
GYRO.US,60,20240529,190000,7.81,7.88,7.81,7.88,1300,0
GYRO.US,60,20240529,210000,7.86,7.88,7.86,7.88,500,0
GYRO.US,60,20240529,220000,7.865,7.88,7.85,7.85,1552,0
GYRO.US,60,20240530,170000,7.9,7.9,7.9,7.9,2990,0
GYRO.US,60,20240530,220000,7.9,7.9,7.9,7.9,462,0
GYRO.US,60,20240603,200000,7.9278,7.9278,7.9278,7.9278,100,0
GYRO.US,60,20240604,180000,7.84,7.84,7.84,7.84,100,0
GYRO.US,60,20240605,160000,7.8015,7.8015,7.8015,7.8015,860,0
GYRO.US,60,20240610,170000,7.85,7.85,7.85,7.85,152,0
GYRO.US,60,20240610,220000,7.85,7.85,7.85,7.85,100,0
GYRO.US,60,20240617,210000,8.005,8.005,8.005,8.005,116,0
GYRO.US,60,20240621,160000,7.96,7.96,7.96,7.96,142,0
GYRO.US,60,20240624,170000,8.15,8.15,8.13,8.13,1000,0
GYRO.US,60,20240703,190000,8.12,8.12,8.12,8.12,100,0
GYRO.US,60,20240705,220000,8.1,8.1,8.1,8.1,100,0
GYRO.US,60,20240708,200000,8.0295,8.1,8.0295,8.0296,904,0
GYRO.US,60,20240708,210000,8.07,8.1,8.07,8.08,1300,0
GYRO.US,60,20240710,220000,8.1,8.13,8,8.13,1866,0
GYRO.US,60,20240711,160000,8.15,8.15,8.15,8.15,259,0
GYRO.US,60,20240711,180000,8.1,8.1,8.1,8.1,505,0
GYRO.US,60,20240712,200000,8.1,8.1,8.1,8.1,553,0
GYRO.US,60,20240716,210000,8.15,8.15,8.15,8.15,150,0
GYRO.US,60,20240716,220000,8.1003,8.1003,8.1002,8.1002,300,0
GYRO.US,60,20240718,170000,8.1,8.1,8.1,8.1,800,0
GYRO.US,60,20240801,220000,7.885,8.14,7.885,8,2379,0
GYRO.US,60,20240802,210000,7.83,7.83,7.8202,7.8202,600,0
GYRO.US,60,20240802,220000,8,8,8,8,100,0
GYRO.US,60,20240808,210000,7.975,7.975,7.975,7.975,167,0
GYRO.US,60,20240809,180000,7.78,7.78,7.78,7.78,900,0
GYRO.US,60,20240809,200000,7.8,7.9367,7.77,7.7752,5318,0
GYRO.US,60,20240809,210000,7.7701,7.9315,7.77,7.77,1006,0
GYRO.US,60,20240822,220000,7.95,8.11,7.95,8.1,800,0
GYRO.US,60,20240830,170000,8.1299,8.13,7.99,7.99,1190,0
GYRO.US,60,20240830,180000,7.9,7.9,7.9,7.9,100,0
GYRO.US,60,20240830,190000,7.9001,7.9022,7.9,7.9022,2051,0
GYRO.US,60,20240830,220000,7.8,7.9,7.8,7.9,1000,0
GYRO.US,60,20240903,200000,7.75,7.75,7.75,7.75,200,0
GYRO.US,60,20240905,220000,7.8,7.8,7.8,7.8,200,0
GYRO.US,60,20240906,170000,7.8,7.8,7.76,7.7601,580,0
GYRO.US,60,20240906,180000,7.78,7.78,7.7701,7.7701,600,0
GYRO.US,60,20240909,190000,7.77,7.7701,7.77,7.7701,896,0
GYRO.US,60,20240909,200000,7.87,7.87,7.87,7.87,100,0
GYRO.US,60,20240911,210000,7.8,8.1,7.65,7.99,5743,0
GYRO.US,60,20240913,170000,7.8,7.8,7.75,7.75,613,0
GYRO.US,60,20240913,180000,7.82,7.84,7.82,7.84,600,0
GYRO.US,60,20240913,200000,7.85,7.85,7.85,7.85,500,0
GYRO.US,60,20240913,220000,7.67,7.67,7.67,7.67,100,0
GYRO.US,60,20240918,210000,7.88,8.0897,7.8,8.0897,854,0
GYRO.US,60,20240920,160000,8,8,8,8,290,0
GYRO.US,60,20240920,190000,7.9164,7.9164,7.9162,7.9162,500,0
GYRO.US,60,20240923,170000,7.8,7.8,7.8,7.8,100,0
GYRO.US,60,20240923,190000,7.8,7.8,7.8,7.8,100,0
GYRO.US,60,20240925,210000,7.9501,7.9501,7.9501,7.9501,370,0
GYRO.US,60,20240925,220000,8.05,8.05,8.05,8.05,267,0
GYRO.US,60,20240927,170000,7.81,7.81,7.8,7.8,597,0
GYRO.US,60,20240927,220000,7.85,7.85,7.8,7.81,500,0
GYRO.US,60,20241001,180000,7.8,7.8,7.8,7.8,881,0
GYRO.US,60,20241004,200000,7.68,7.68,7.68,7.68,129,0
GYRO.US,60,20241007,160000,7.7,7.7,7.7,7.7,100,0
GYRO.US,60,20241007,190000,7.97,7.99,7.86,7.99,500,0
GYRO.US,60,20241007,200000,7.97,7.97,7.95,7.95,400,0
GYRO.US,60,20241007,210000,7.95,8,7.95,8,400,0
GYRO.US,60,20241007,220000,8,8,7.99,8,500,0
GYRO.US,60,20241014,210000,7.71,7.75,7.68,7.75,3502,0
GYRO.US,60,20241014,220000,7.85,8,7.7,7.98,1479,0
GYRO.US,60,20241016,160000,7.88,8,7.88,7.9999,3100,0
GYRO.US,60,20241016,170000,8,8,7.8738,7.9999,1234,0
GYRO.US,60,20241016,180000,8,8.18,7.886,8.1799,2152,0
GYRO.US,60,20241016,190000,8.29,9.0999,8.2899,9.06,5090,0
GYRO.US,60,20241016,200000,8.98,10,8.8047,10,12134,0
GYRO.US,60,20241016,210000,10.035,10.1899,9.99,10.1899,3459,0
GYRO.US,60,20241016,220000,10.18,10.25,10.175,10.19,5648,0
GYRO.US,60,20241017,160000,10.35,10.75,10.35,10.7499,2638,0
GYRO.US,60,20241017,170000,10.9899,10.9899,10.806,10.8257,2338,0
GYRO.US,60,20241017,180000,10.98,10.98,10.88,10.88,300,0
GYRO.US,60,20241017,190000,10.86,10.9699,10.86,10.86,800,0
GYRO.US,60,20241017,200000,10.9699,10.99,10.86,10.99,7892,0
GYRO.US,60,20241017,210000,10.99,11,10.9,10.9899,8876,0
GYRO.US,60,20241017,220000,11.1799,11.38,11.1799,11.34,1438,0
GYRO.US,60,20241018,160000,11.48,11.96,11.43,11.6999,6247,0
GYRO.US,60,20241018,170000,10.88,10.94,10.75,10.94,1091,0
GYRO.US,60,20241018,190000,11.1,11.1,11.1,11.1,100,0
GYRO.US,60,20241018,200000,11.4713,11.5,11.43,11.43,699,0
GYRO.US,60,20241018,210000,11.24,11.32,11.24,11.25,900,0
GYRO.US,60,20241018,220000,11.32,11.32,10.8,11.1,3760,0
GYRO.US,60,20241021,160000,10.99,10.99,10.15,10.15,5518,0
GYRO.US,60,20241021,170000,10.9105,10.9105,10.9105,10.9105,400,0
GYRO.US,60,20241021,180000,10.6691,10.6691,10.5,10.5,200,0
GYRO.US,60,20241021,190000,10.3681,10.3681,10.3,10.3001,980,0
GYRO.US,60,20241021,200000,10.4,10.4,10.4,10.4,699,0
GYRO.US,60,20241021,210000,10.5501,10.5501,10.55,10.55,300,0
GYRO.US,60,20241021,220000,10.55,10.55,10.55,10.55,350,0
GYRO.US,60,20241022,160000,10.395,10.395,10.395,10.395,300,0
GYRO.US,60,20241022,170000,10.68,10.85,10.5283,10.85,1096,0
GYRO.US,60,20241022,180000,10.858,10.858,10.858,10.858,100,0
GYRO.US,60,20241023,160000,10.84,10.84,10.84,10.84,2419,0
GYRO.US,60,20241023,180000,10.64,10.64,10.64,10.64,282,0
GYRO.US,60,20241023,210000,10.6404,10.6404,10.6404,10.6404,747,0
GYRO.US,60,20241023,220000,10.65,10.65,10.45,10.45,2400,0
GYRO.US,60,20241024,170000,10.625,10.625,10.625,10.625,300,0
GYRO.US,60,20241024,180000,10.47,10.48,10.46,10.46,400,0
GYRO.US,60,20241025,170000,10.655,10.655,10.655,10.655,200,0
GYRO.US,60,20241029,150000,10.4,10.4,10.4,10.4,600,0
GYRO.US,60,20241029,160000,10.41,10.41,10.41,10.41,100,0
GYRO.US,60,20241101,170000,10.33,10.33,10.3,10.3,2000,0
GYRO.US,60,20241105,160000,10.5013,10.5013,10.5013,10.5013,112,0
GYRO.US,60,20241112,170000,10.7,10.7,10.5,10.5,500,0
GYRO.US,60,20241113,210000,10.62,10.6201,10.3,10.4,1859,0
GYRO.US,60,20241113,220000,10.39,10.39,10.1,10.1,260,0
GYRO.US,60,20241114,170000,10.2897,10.2897,10.05,10.104,1552,0
GYRO.US,60,20241114,180000,10.05,10.05,10.05,10.05,148,0
GYRO.US,60,20241115,170000,9.0601,9.0601,9.0601,9.0601,100,0
GYRO.US,60,20241115,180000,9.95,9.97,9.95,9.97,300,0
GYRO.US,60,20241115,190000,9.95,9.95,9.91,9.95,400,0
GYRO.US,60,20241115,200000,9.95,9.97,9.75,9.97,700,0
GYRO.US,60,20241115,210000,9.98,10,9.97,10,300,0
GYRO.US,60,20241119,220000,9.9047,9.9047,9.9047,9.9047,1500,0
GYRO.US,60,20241120,160000,9.075,9.075,8.9,8.9,1600,0
GYRO.US,60,20241120,170000,9.41,9.51,8.97,9.5,1913,0
GYRO.US,60,20241120,180000,9.5,9.5,9.5,9.5,1000,0
GYRO.US,60,20241120,190000,9.04,9.04,9.02,9.02,300,0
GYRO.US,60,20241120,200000,9.3174,9.3174,9.3174,9.3174,200,0
GYRO.US,60,20241120,210000,9.4895,9.4895,9.4895,9.4895,200,0
GYRO.US,60,20241120,220000,9.52,9.55,9.49,9.49,8701,0
GYRO.US,60,20241121,160000,9.71,9.71,9.71,9.71,125,0
GYRO.US,60,20241125,170000,9.9185,9.9185,9.9185,9.9185,150,0
GYRO.US,60,20241203,210000,9.3383,9.3383,9.24,9.3383,3245,0
GYRO.US,60,20241204,170000,9.1246,9.1246,9.1246,9.1246,200,0
GYRO.US,60,20241205,180000,9.4,9.4,9.1854,9.1854,450,0
GYRO.US,60,20241205,200000,9.05,9.05,9.05,9.05,200,0
GYRO.US,60,20241209,170000,8.9,8.9,8.9,8.9,168,0
GYRO.US,60,20241209,200000,9,9,9,9,100,0
GYRO.US,60,20241209,210000,8.77,8.77,8.77,8.77,106,0
GYRO.US,60,20241209,220000,8.8,8.8,8.8,8.8,100,0
GYRO.US,60,20241210,210000,9,9.0201,9,9.0201,1736,0
GYRO.US,60,20241210,220000,9.37,9.4,9.37,9.4,400,0
GYRO.US,60,20241217,160000,9.46,9.46,9.02,9.02,1016,0
GYRO.US,60,20241217,170000,9.3,9.3,9.3,9.3,500,0
GYRO.US,60,20241219,180000,9.25,9.25,9.25,9.25,100,0
GYRO.US,60,20241220,200000,9.3556,9.3556,9.3556,9.3556,100,0
GYRO.US,60,20241226,190000,9.25,9.75,9.02,9.75,2310,0
GYRO.US,60,20241226,200000,9.0201,9.88,9.02,9.88,2000,0
GYRO.US,60,20241227,180000,9.2996,9.2996,9.2996,9.2996,292,0
GYRO.US,60,20241227,190000,9.4,9.4,9.4,9.4,100,0
GYRO.US,60,20241231,160000,9.02,9.02,9.02,9.02,400,0
GYRO.US,60,20250106,210000,9.02,9.0601,9.02,9.0601,491,0
GYRO.US,60,20250117,220000,9.02,9.22,9.02,9.22,735,0
GYRO.US,60,20250121,170000,9.06,9.15,9.02,9.15,1128,0
GYRO.US,60,20250121,200000,9.26,9.26,9.26,9.26,100,0
GYRO.US,60,20250128,160000,9.3032,9.5,9.3032,9.5,236,0
GYRO.US,60,20250128,190000,9.15,9.15,9.15,9.15,100,0
GYRO.US,60,20250130,180000,9.15,9.1501,9.15,9.15,902,0
GYRO.US,60,20250203,160000,9.02,9.02,9.02,9.02,228,0
GYRO.US,60,20250204,180000,9.02,9.02,9.02,9.02,891,0
GYRO.US,60,20250206,200000,9.351,9.351,9.19,9.19,329,0
GYRO.US,60,20250206,210000,9.33,9.33,9.33,9.33,100,0
GYRO.US,60,20250206,220000,9.35,9.35,9.35,9.35,100,0
GYRO.US,60,20250207,180000,9.2851,9.2851,9.2851,9.2851,200,0
GYRO.US,60,20250211,220000,9,9.0001,9,9.0001,576,0
GYRO.US,60,20250212,160000,9,9,9,9,155,0
GYRO.US,60,20250218,210000,9.1149,9.1149,9.0869,9.0869,200,0
GYRO.US,60,20250218,220000,9,9.0001,8.9,8.9,500,0
GYRO.US,60,20250219,210000,8.99,8.99,8.99,8.99,100,0
GYRO.US,60,20250220,190000,8.99,8.99,8.9,8.99,992,0
GYRO.US,60,20250220,200000,8.99,8.9932,8.99,8.9932,218,0
GYRO.US,60,20250220,210000,8.785,8.99,8.785,8.99,300,0
GYRO.US,60,20250220,220000,8.9047,8.9047,8.9047,8.9047,329,0
GYRO.US,60,20250224,160000,8.9,8.9,8.9,8.9,1000,0
GYRO.US,60,20250224,190000,8.69,9.11,8.69,9.11,312,0
GYRO.US,60,20250226,180000,8.55,8.76,8.1,8.76,300,0
GYRO.US,60,20250303,210000,8.2,8.8582,8.2,8.52,300,0
GYRO.US,60,20250307,200000,8.775,8.775,8.775,8.775,799,0
GYRO.US,60,20250313,160000,8.5614,8.5614,8.5614,8.5614,200,0
GYRO.US,60,20250313,170000,8.55,8.56,8.55,8.55,1727,0
GYRO.US,60,20250317,160000,8.51,8.55,8.51,8.55,1800,0
GYRO.US,60,20250317,200000,8.34,8.5499,8.34,8.385,400,0
GYRO.US,60,20250320,210000,8.1,8.35,8.1,8.35,388,0
GYRO.US,60,20250321,160000,8.3729,8.45,8.3729,8.45,400,0
GYRO.US,60,20250321,170000,8.45,8.45,8.45,8.45,100,0
GYRO.US,60,20250321,190000,8.3729,8.452,8.35,8.452,1550,0
GYRO.US,60,20250324,170000,8.5222,8.549,8.5,8.5486,2473,0
GYRO.US,60,20250324,180000,8.55,8.55,8.55,8.55,1250,0
GYRO.US,60,20250324,190000,8.5499,8.5499,8.325,8.325,200,0
GYRO.US,60,20250324,200000,8.1375,8.355,8.1375,8.355,299,0
GYRO.US,60,20250325,180000,8.15,8.31,8.127,8.31,2020,0
GYRO.US,60,20250328,200000,8.3228,8.3228,8.3228,8.3228,599,0
GYRO.US,60,20250402,180000,8.325,8.325,8.14,8.14,1053,0
GYRO.US,60,20250402,190000,8.1808,8.5386,8.1808,8.5386,200,0
GYRO.US,60,20250402,220000,8.15,8.304,8.1,8.1,1300,0
GYRO.US,60,20250403,170000,7.29,7.385,7.29,7.385,305,0
GYRO.US,60,20250404,190000,7.5841,7.9,6.7998,7.33,4223,0
GYRO.US,60,20250408,210000,7.5276,7.8009,7.5002,7.75,1205,0
GYRO.US,60,20250506,160000,7.55,7.55,7.55,7.55,100,0
GYRO.US,60,20250519,210000,9.36,9.36,9.36,9.36,800,0
GYRO.US,60,20250528,160000,8.1501,8.1501,8.1501,8.1501,189,0
GYRO.US,60,20250528,190000,8.5,8.5,8.5,8.5,900,0
GYRO.US,60,20250528,220000,7.9,8.49,7.9,8.2,1410,0
GYRO.US,60,20250611,180000,8.2199,9.1,8.2199,9,748,0
GYRO.US,60,20250620,170000,8.4765,8.4765,8.3848,8.3848,200,0
GYRO.US,60,20250620,220000,8.3848,8.3848,8.3848,8.3848,100,0
GYRO.US,60,20250624,160000,8.3,8.3,8.3,8.3,100,0
GYRO.US,60,20250624,170000,8.4292,8.4292,8.4292,8.4292,100,0
GYRO.US,60,20250626,220000,8.77,8.77,8.77,8.77,500,0
GYRO.US,60,20250630,160000,8.27,8.7932,8.27,8.7932,1932,0
GYRO.US,60,20250630,220000,8.6071,8.6071,8.6071,8.6071,300,0
GYRO.US,60,20250707,180000,8.55,8.7597,8.55,8.7597,300,0
GYRO.US,60,20250707,200000,8.805,8.805,8.805,8.805,100,0
GYRO.US,60,20250707,210000,9.1,9.1,9.1,9.1,100,0
GYRO.US,60,20250709,180000,8.7047,8.7047,8.7047,8.7047,800,0
GYRO.US,60,20250709,210000,8.58,8.65,8.51,8.51,800,0
GYRO.US,60,20250714,170000,8.541,8.7452,8.52,8.7452,800,0
GYRO.US,60,20250714,200000,8.9653,8.9653,8.953,8.953,300,0
GYRO.US,60,20250716,160000,8.5101,8.5101,8.51,8.5101,400,0
GYRO.US,60,20250716,220000,8.51,8.52,8.51,8.51,500,0
GYRO.US,60,20250721,170000,8.805,8.805,8.51,8.5985,1386,0
GYRO.US,60,20250723,220000,8.535,8.6427,8.51,8.6427,400,0
GYRO.US,60,20250728,160000,8.96,8.96,8.96,8.96,400,0
GYRO.US,60,20250729,170000,8.54,8.805,8.51,8.805,400,0
GYRO.US,60,20250729,200000,8.8852,8.8852,8.8852,8.8852,100,0
GYRO.US,60,20250729,210000,8.5303,8.5303,8.51,8.5102,300,0
GYRO.US,60,20250801,180000,8.555,9.1,8.555,9.1,1100,0
GYRO.US,60,20250801,220000,9.07,9.44,9.05,9.44,1300,0
GYRO.US,60,20250804,160000,11.92,11.98,10.45,11.7932,27338,0
GYRO.US,60,20250804,170000,11.75,11.75,10.76,10.76,5256,0
GYRO.US,60,20250804,200000,12,12,11.01,11.12,20990,0
GYRO.US,60,20250804,210000,11,11.1346,10.51,10.51,11111,0
GYRO.US,60,20250804,220000,10.51,10.8,10.45,10.65,6243,0
GYRO.US,60,20250805,160000,9.76,10,9.76,9.9999,1430,0
GYRO.US,60,20250805,170000,10.03,10.43,10.03,10.43,214,0
GYRO.US,60,20250805,180000,10.46,10.46,10.46,10.46,148,0
GYRO.US,60,20250805,190000,10.35,10.5,10,10.01,9851,0
GYRO.US,60,20250805,200000,10.35,10.35,10.35,10.35,500,0
GYRO.US,60,20250805,220000,10.01,10.04,10.01,10.04,300,0
GYRO.US,60,20250806,160000,10.4034,10.4034,10.4034,10.4034,100,0
GYRO.US,60,20250806,170000,9.7611,9.7611,9.7611,9.7611,433,0
GYRO.US,60,20250806,200000,10.1,10.1,10,10,202,0
GYRO.US,60,20250807,160000,10.39,10.39,10.39,10.39,100,0
GYRO.US,60,20250807,170000,11.11,11.11,10.1128,10.1128,300,0
GYRO.US,60,20250807,210000,10.11,10.11,10.11,10.11,198,0
GYRO.US,60,20250811,170000,9.94,9.9999,9.94,9.9406,300,0
GYRO.US,60,20250811,180000,10,10,9.8375,9.9999,6055,0
GYRO.US,60,20250811,190000,10.092,10.092,10.092,10.092,200,0
GYRO.US,60,20250811,200000,10.135,10.135,10.135,10.135,200,0
GYRO.US,60,20250811,220000,10.15,10.15,10.15,10.15,200,0
GYRO.US,60,20250812,170000,9.9352,10.092,9.9352,10.092,200,0
GYRO.US,60,20250813,160000,10.33,10.33,10.33,10.33,111,0
GYRO.US,60,20250814,170000,10.33,10.455,10.33,10.4442,490,0
GYRO.US,60,20250814,210000,10.335,10.91,10.335,10.4823,780,0
GYRO.US,60,20250814,220000,10.365,10.365,10.365,10.365,127,0
GYRO.US,60,20250815,160000,10.325,10.325,10.325,10.325,336,0
GYRO.US,60,20250815,170000,10.53,10.53,10.5226,10.5226,1170,0
GYRO.US,60,20250815,180000,10.1209,10.1209,10,10,300,0
GYRO.US,60,20250819,160000,10.1301,10.74,10.1301,10.74,200,0
GYRO.US,60,20250820,170000,10.1001,10.1001,10.1,10.1,3999,0
GYRO.US,60,20250820,180000,10.49,10.7,10.46,10.7,1948,0
GYRO.US,60,20250821,160000,10.7,10.7,10.4346,10.4346,1740,0
GYRO.US,60,20250821,170000,10.34,10.34,10.34,10.34,100,0
GYRO.US,60,20250822,220000,10.67,10.67,10.67,10.67,148,0
GYRO.US,60,20250828,190000,10.253,10.253,10.253,10.253,100,0
GYRO.US,60,20250902,210000,11,11,11,11,500,0
GYRO.US,60,20250902,220000,10.19,10.19,10.19,10.19,100,0
GYRO.US,60,20250903,190000,10.2,10.2,10.2,10.2,100,0
GYRO.US,60,20250905,170000,10.21,10.23,10.2,10.2,550,0
GYRO.US,60,20250905,180000,10.203,10.203,10.203,10.203,447,0
GYRO.US,60,20250905,220000,10.9144,10.99,10.65,10.7,1511,0
GYRO.US,60,20250908,160000,11,11,10.2001,10.6263,6724,0
GYRO.US,60,20250908,170000,10.35,10.5,10.25,10.25,17397,0
GYRO.US,60,20250908,180000,10.48,10.62,10.21,10.25,30899,0
GYRO.US,60,20250908,190000,10.25,10.3773,10.24,10.25,9400,0
GYRO.US,60,20250908,200000,10.25,10.305,10.21,10.2101,8231,0
GYRO.US,60,20250908,210000,10.25,10.4,10.25,10.25,16673,0
GYRO.US,60,20250908,220000,10.2401,10.25,10.16,10.19,34667,0
GYRO.US,60,20250909,160000,10.1,10.1,10.1,10.1,2944,0
GYRO.US,60,20250909,170000,9.5,9.98,9.4646,9.76,5552,0
GYRO.US,60,20250909,180000,9.87,10.1602,9.87,10.16,6468,0
GYRO.US,60,20250909,190000,10.0058,10.0058,10.0058,10.0058,581,0
GYRO.US,60,20250909,200000,10,10.2763,10,10.2763,680,0
GYRO.US,60,20250909,220000,10.01,10.01,9.995,9.9963,3100,0
GYRO.US,60,20250910,180000,9.85,9.85,9.75,9.75,734,0
GYRO.US,60,20250910,190000,9.96,9.96,9.8776,9.8776,1100,0
GYRO.US,60,20250910,200000,9.7801,9.85,9.7801,9.85,1100,0
GYRO.US,60,20250910,220000,10.1,10.1,10.02,10.02,200,0
GYRO.US,60,20250911,160000,9.09,9.1,9.03,9.03,1129,0
GYRO.US,60,20250911,170000,9.5,9.5,9.5,9.5,377,0
GYRO.US,60,20250911,190000,9.9908,9.9908,9.9908,9.9908,500,0
GYRO.US,60,20250911,200000,9.835,9.835,9.835,9.835,700,0
GYRO.US,60,20250911,210000,9.8822,10,9.8,9.9999,1300,0
GYRO.US,60,20250911,220000,9.91,9.91,9.87,9.87,200,0
GYRO.US,60,20250912,160000,10,10,10,10,200,0
GYRO.US,60,20250912,190000,10.21,10.21,10.21,10.21,100,0
GYRO.US,60,20250912,200000,10.0542,10.1256,10.0511,10.1256,1000,0
GYRO.US,60,20250912,210000,10.04,10.04,9.84,9.9951,1380,0
GYRO.US,60,20250915,170000,10.05,10.05,10.05,10.05,100,0
GYRO.US,60,20250915,180000,10.0376,10.0376,10.0376,10.0376,150,0
GYRO.US,60,20250915,190000,10.0669,10.0825,10.0669,10.0825,400,0
GYRO.US,60,20250915,200000,9.9329,10.0849,9.9,10,1171,0
GYRO.US,60,20250915,210000,9.9,9.96,9.9,9.96,1079,0
GYRO.US,60,20250916,160000,9.91,10.9,9.91,10.9,597,0
GYRO.US,60,20250916,170000,10.165,10.165,10.165,10.165,200,0
GYRO.US,60,20250916,180000,10.08,10.08,10.08,10.08,100,0
GYRO.US,60,20250916,210000,10.1947,10.1947,10.1947,10.1947,140,0
GYRO.US,60,20250916,220000,10.19,10.19,10.19,10.19,140,0
GYRO.US,60,20250917,160000,10.32,10.32,10.32,10.32,400,0
GYRO.US,60,20250917,170000,10.1,10.3,10.1,10.3,700,0
GYRO.US,60,20250917,220000,10.2,10.2,10.1996,10.1996,662,0
GYRO.US,60,20250918,160000,10.15,10.15,10.11,10.11,400,0
GYRO.US,60,20250918,170000,10.1158,10.1158,10.1158,10.1158,250,0
GYRO.US,60,20250918,220000,10.1,10.1,10.1,10.1,200,0
GYRO.US,60,20250919,160000,9.6753,9.6753,9.6753,9.6753,5044,0
GYRO.US,60,20250919,170000,9.523,9.523,9.523,9.523,100,0
GYRO.US,60,20250919,180000,9.68,9.86,9.68,9.86,200,0
GYRO.US,60,20250919,190000,9.85,9.985,9.85,9.985,200,0
GYRO.US,60,20250919,200000,10.01,10.01,10.01,10.01,500,0
GYRO.US,60,20250922,210000,9.8,9.8,9.62,9.62,600,0
GYRO.US,60,20250923,220000,9.7205,9.9008,9.7205,9.9008,300,0
GYRO.US,60,20250924,160000,9.7,9.7,9.7,9.7,100,0
GYRO.US,60,20250924,200000,9.95,9.95,9.8,9.8001,2210,0
GYRO.US,60,20250925,160000,10.14,10.14,10.14,10.14,103,0
GYRO.US,60,20250925,170000,10.1946,10.1957,10.05,10.1957,2110,0
GYRO.US,60,20250925,220000,9.89,9.9,9.87,9.87,477,0
GYRO.US,60,20250926,160000,9.9,9.9,9.85,9.85,500,0
GYRO.US,60,20250926,170000,10.14,10.14,10.14,10.14,200,0
GYRO.US,60,20250926,180000,10.16,10.2,10.16,10.2,200,0
GYRO.US,60,20250926,200000,10.18,10.18,10.18,10.18,100,0
GYRO.US,60,20250926,210000,10.26,10.4,10.26,10.4,1113,0
GYRO.US,60,20250926,220000,10.3,10.72,10.2,10.71,4153,0
GYRO.US,60,20250929,160000,10.04,10.29,9.9,10.2,1100,0
GYRO.US,60,20250929,170000,10,10.2241,10,10.2,860,0
GYRO.US,60,20250929,190000,10.0648,10.0648,10.0648,10.0648,171,0
GYRO.US,60,20250929,200000,9.86,9.86,9.86,9.86,100,0
GYRO.US,60,20250929,220000,9.96,9.96,9.5,9.88,5999,0
GYRO.US,60,20250930,160000,10.1,10.19,10.1,10.19,400,0
GYRO.US,60,20250930,200000,9.65,9.94,9.65,9.94,1100,0
GYRO.US,60,20250930,210000,10.14,10.15,9.98,9.98,731,0
GYRO.US,60,20250930,220000,10.14,10.39,9.94,10.0129,1983,0
GYRO.US,60,20251001,160000,10.05,10.05,10.05,10.05,284,0
GYRO.US,60,20251001,170000,9.71,10.01,9.56,9.8343,2007,0
GYRO.US,60,20251001,180000,9.9296,9.9296,9.9296,9.9296,200,0
GYRO.US,60,20251001,190000,10,10,10,10,167,0
GYRO.US,60,20251002,160000,10,10.03,9.913,9.913,400,0
GYRO.US,60,20251002,170000,10.8522,10.8522,10,10,614,0
GYRO.US,60,20251002,220000,10.02,10.02,10,10,671,0
GYRO.US,60,20251003,160000,10,10,10,10,580,0
GYRO.US,60,20251003,170000,9.89,9.89,9.89,9.89,100,0
GYRO.US,60,20251003,210000,10.25,10.3,10.25,10.27,500,0
GYRO.US,60,20251003,220000,10.21,10.3,10.21,10.3,300,0
GYRO.US,60,20251007,160000,10.1,10.1,10.1,10.1,100,0
GYRO.US,60,20251007,220000,10.04,10.04,10,10,200,0
GYRO.US,60,20251008,170000,10.07,10.07,10.07,10.07,100,0
GYRO.US,60,20251008,180000,9.87,9.87,9.87,9.87,100,0
GYRO.US,60,20251008,190000,9.93,9.93,9.93,9.93,100,0
GYRO.US,60,20251008,200000,9.96,10.02,9.87,9.87,600,0
GYRO.US,60,20251008,210000,9.88,9.88,9.88,9.88,100,0
GYRO.US,60,20251009,160000,9.94,9.94,9.94,9.94,200,0
GYRO.US,60,20251009,200000,10,10,10,10,200,0
GYRO.US,60,20251010,170000,10.12,10.16,10.12,10.16,327,0
GYRO.US,60,20251010,200000,10,10,9.9,9.9,1100,0
GYRO.US,60,20251010,210000,9.85,9.9,9.85,9.89,1564,0
GYRO.US,60,20251010,220000,9.86,10.01,9.86,10.01,500,0
GYRO.US,60,20251016,210000,10.1,10.1,10.1,10.1,351,0
GYRO.US,60,20251017,220000,10.16,10.16,10.16,10.16,200,0
GYRO.US,60,20251020,160000,9.95,9.95,9.95,9.95,100,0
GYRO.US,60,20251020,190000,10.16,10.16,10.01,10.01,300,0
GYRO.US,60,20251020,220000,10.11,10.11,10,10,300,0
GYRO.US,60,20251021,190000,10.03,10.03,10.03,10.03,165,0
GYRO.US,60,20251021,220000,9.88,10.0451,9.88,10.0451,300,0
GYRO.US,60,20251023,160000,9.9023,9.9023,9.9023,9.9023,400,0
GYRO.US,60,20251023,170000,9.9,9.9,9.9,9.9,100,0
GYRO.US,60,20251028,150000,9.6,9.6,9.6,9.6,483,0
GYRO.US,60,20251029,170000,9.61,9.84,9.61,9.84,410,0
GYRO.US,60,20251029,190000,10.0064,10.0064,10.0064,10.0064,200,0
GYRO.US,60,20251104,160000,9.72,9.72,9.72,9.72,249,0
GYRO.US,60,20251104,220000,9.7862,9.7862,9.7862,9.7862,170,0
GYRO.US,60,20251105,160000,9.72,9.72,9.72,9.72,400,0
GYRO.US,60,20251107,170000,9.6001,9.7967,9.6,9.7967,6328,0
GYRO.US,60,20251107,200000,9.6,9.6,9.6,9.6,4381,0
GYRO.US,60,20251111,190000,9.25,9.25,9.25,9.25,100,0
GYRO.US,60,20251114,220000,9.58,9.58,9.58,9.58,100,0
GYRO.US,60,20251119,170000,9.4,9.4,9.39,9.39,799,0
GYRO.US,60,20251126,160000,9.25,9.5,9.25,9.5,1184,0
GYRO.US,60,20251126,170000,9.47,9.47,9.4533,9.4533,1692,0
GYRO.US,60,20251126,180000,9.5,9.5,9.5,9.5,200,0
GYRO.US,60,20251126,200000,9.57,9.57,9.57,9.57,100,0
GYRO.US,60,20251128,160000,9.5,9.5,9.5,9.5,100,0
GYRO.US,60,20251201,170000,9.5,9.5,9.5,9.5,200,0
GYRO.US,60,20251202,190000,9.43,9.43,9.42,9.42,5998,0
GYRO.US,60,20251202,210000,9.5,9.5,9.5,9.5,100,0
GYRO.US,60,20251203,220000,9.5,9.5499,9.5,9.5,6900,0
GYRO.US,60,20251205,200000,9.4,9.4,9.4,9.4,100,0
GYRO.US,60,20251205,220000,9.49,9.5,9.49,9.5,200,0
GYRO.US,60,20251208,190000,9.47,9.5,9.47,9.5,2362,0
GYRO.US,60,20251208,220000,9.5,9.5,9.5,9.5,564,0
GYRO.US,60,20251209,170000,9.62,9.632,9.4958,9.4958,6079,0
GYRO.US,60,20251209,180000,9.5,9.5,9.5,9.5,100,0
GYRO.US,60,20251211,210000,9.3,9.3,9.3,9.3,1451,0
GYRO.US,60,20251212,220000,9.3,9.3,9.25,9.26,3502,0
GYRO.US,60,20251215,190000,9.25,9.26,9.25,9.25,6772,0
GYRO.US,60,20251215,200000,9.2511,9.26,9.25,9.25,2402,0
GYRO.US,60,20251215,220000,9.25,9.25,9.1728,9.1728,709,0
GYRO.US,60,20251217,190000,9.25,9.25,9.25,9.25,100,0
GYRO.US,60,20251222,160000,9.02,9.02,9.012,9.012,400,0
GYRO.US,60,20251222,170000,9.3796,9.3796,9.3796,9.3796,192,0
