<TICKER>,<PER>,<DATE>,<TIME>,<OPEN>,<HIGH>,<LOW>,<CLOSE>,<VOL>,<OPENINT>
WLAC.US,60,20241231,170000,9.87,9.87,9.87,9.87,986,0
WLAC.US,60,20241231,210000,9.89,9.89,9.8899,9.8899,2000,0
WLAC.US,60,20250102,170000,9.9,9.9,9.87,9.87,1400,0
WLAC.US,60,20250106,220000,9.87,9.87,9.87,9.87,1074,0
WLAC.US,60,20250110,190000,9.885,9.885,9.885,9.885,197688,0
WLAC.US,60,20250113,220000,9.9,9.9,9.9,9.9,400,0
WLAC.US,60,20250114,200000,9.91,9.91,9.905,9.905,300,0
WLAC.US,60,20250115,160000,9.99,9.99,9.99,9.99,707,0
WLAC.US,60,20250115,170000,9.91,9.91,9.905,9.905,800,0
WLAC.US,60,20250115,190000,9.9059,9.9059,9.9059,9.9059,1740,0
WLAC.US,60,20250115,210000,9.91,9.91,9.905,9.91,206500,0
WLAC.US,60,20250115,220000,9.91,9.91,9.91,9.91,180000,0
WLAC.US,60,20250116,170000,9.91,9.91,9.9087,9.9087,61290,0
WLAC.US,60,20250116,220000,9.91,9.91,9.91,9.91,72803,0
WLAC.US,60,20250121,200000,9.945,9.945,9.9,9.9,13852,0
WLAC.US,60,20250121,220000,9.92,9.92,9.92,9.92,200,0
WLAC.US,60,20250122,170000,9.901,9.901,9.9,9.9,2310,0
WLAC.US,60,20250122,180000,9.9,9.9,9.9,9.9,400,0
WLAC.US,60,20250122,190000,9.91,9.91,9.91,9.91,200,0
WLAC.US,60,20250122,200000,9.91,9.91,9.91,9.91,200,0
WLAC.US,60,20250123,170000,9.92,9.92,9.92,9.92,5600,0
WLAC.US,60,20250123,180000,9.95,9.95,9.92,9.92,1344,0
WLAC.US,60,20250123,200000,9.9108,9.9108,9.9108,9.9108,100,0
WLAC.US,60,20250123,220000,9.92,9.92,9.91,9.91,1000,0
WLAC.US,60,20250124,160000,9.9099,9.91,9.9096,9.9099,2000,0
WLAC.US,60,20250124,170000,9.93,9.93,9.9,9.9071,10445,0
WLAC.US,60,20250124,190000,9.9083,9.91,9.905,9.91,6276,0
WLAC.US,60,20250124,200000,9.92,9.92,9.92,9.92,100,0
WLAC.US,60,20250124,220000,9.92,9.9251,9.915,9.9251,13633,0
WLAC.US,60,20250127,170000,9.98,9.9801,9.92,9.9316,3500,0
WLAC.US,60,20250127,180000,9.92,9.92,9.92,9.92,100,0
WLAC.US,60,20250128,220000,9.91,9.94,9.91,9.92,5117,0
WLAC.US,60,20250129,180000,9.92,9.935,9.92,9.9267,300,0
WLAC.US,60,20250129,220000,9.95,9.95,9.95,9.95,3544,0
WLAC.US,60,20250130,160000,9.92,9.9295,9.92,9.9295,2090,0
WLAC.US,60,20250131,190000,9.9305,9.9305,9.9305,9.9305,144,0
WLAC.US,60,20250203,220000,9.95,9.95,9.93,9.93,314,0
WLAC.US,60,20250204,180000,9.93,9.93,9.93,9.93,100,0
WLAC.US,60,20250205,210000,9.94,9.94,9.94,9.94,25000,0
WLAC.US,60,20250206,220000,9.94,9.94,9.94,9.94,100,0
WLAC.US,60,20250207,170000,9.93,9.93,9.93,9.93,100,0
WLAC.US,60,20250207,220000,9.95,9.95,9.95,9.95,1300,0
WLAC.US,60,20250210,160000,9.95,9.95,9.95,9.95,7100,0
WLAC.US,60,20250210,170000,9.94,9.9453,9.94,9.9453,600,0
WLAC.US,60,20250210,190000,9.945,9.945,9.94,9.94,10000,0
WLAC.US,60,20250210,200000,9.94,9.94,9.94,9.94,100,0
WLAC.US,60,20250210,220000,9.95,9.95,9.94,9.94,4412,0
WLAC.US,60,20250211,160000,9.95,9.95,9.95,9.95,1600,0
WLAC.US,60,20250211,220000,9.9498,9.95,9.9449,9.95,5101,0
WLAC.US,60,20250212,170000,9.9416,9.9416,9.9416,9.9416,1120,0
WLAC.US,60,20250212,180000,9.95,9.95,9.9449,9.95,900,0
WLAC.US,60,20250212,220000,9.95,9.95,9.9449,9.9449,3500,0
WLAC.US,60,20250213,160000,9.95,9.95,9.95,9.95,3800,0
WLAC.US,60,20250213,170000,9.95,9.95,9.95,9.95,34203,0
WLAC.US,60,20250218,160000,9.9512,10.0258,9.95,9.9808,2300,0
WLAC.US,60,20250218,180000,9.96,9.96,9.96,9.96,10016,0
WLAC.US,60,20250218,200000,9.97,9.97,9.9649,9.9684,1000,0
WLAC.US,60,20250218,210000,9.96,9.96,9.96,9.96,12985,0
WLAC.US,60,20250218,220000,9.965,9.97,9.965,9.97,2100,0
WLAC.US,60,20250219,170000,9.96,9.96,9.95,9.9584,28547,0
WLAC.US,60,20250219,190000,9.95,9.95,9.95,9.95,22434,0
WLAC.US,60,20250219,200000,9.955,9.955,9.955,9.955,3600,0
WLAC.US,60,20250219,210000,9.96,9.96,9.96,9.96,7686,0
WLAC.US,60,20250219,220000,9.96,9.96,9.96,9.96,8915,0
WLAC.US,60,20250220,160000,9.96,9.96,9.9552,9.9552,25000,0
WLAC.US,60,20250221,180000,9.9599,9.97,9.9599,9.9642,1400,0
WLAC.US,60,20250221,190000,9.97,9.97,9.96,9.96,214,0
WLAC.US,60,20250224,170000,9.97,9.97,9.97,9.97,1500,0
WLAC.US,60,20250224,180000,9.97,9.975,9.97,9.975,75500,0
WLAC.US,60,20250224,190000,9.975,9.98,9.975,9.975,9300,0
WLAC.US,60,20250224,200000,9.98,9.98,9.975,9.98,4100,0
WLAC.US,60,20250224,210000,9.98,9.98,9.97,9.97,1000,0
WLAC.US,60,20250224,220000,9.98,9.98,9.975,9.98,4700,0
WLAC.US,60,20250225,160000,9.99,9.99,9.99,9.99,100,0
WLAC.US,60,20250225,180000,9.9731,9.9731,9.97,9.971,300,0
WLAC.US,60,20250226,200000,9.98,9.98,9.98,9.98,100000,0
WLAC.US,60,20250226,220000,9.9801,9.9851,9.98,9.9801,1400,0
WLAC.US,60,20250227,180000,9.975,9.975,9.9699,9.97,28500,0
WLAC.US,60,20250227,190000,9.9748,9.98,9.97,9.97,400,0
WLAC.US,60,20250227,200000,9.97,9.975,9.97,9.97,2600,0
WLAC.US,60,20250227,210000,9.97,9.9734,9.97,9.9701,6750,0
WLAC.US,60,20250227,220000,9.97,9.98,9.965,9.98,91700,0
WLAC.US,60,20250303,160000,9.98,9.99,9.98,9.98,2400,0
WLAC.US,60,20250303,180000,9.98,9.98,9.98,9.98,100,0
WLAC.US,60,20250303,200000,9.98,9.98,9.98,9.98,300,0
WLAC.US,60,20250303,220000,9.98,9.98,9.98,9.98,300,0
WLAC.US,60,20250304,180000,9.97,9.97,9.97,9.97,100,0
WLAC.US,60,20250305,160000,9.98,9.98,9.98,9.98,2700,0
WLAC.US,60,20250305,180000,9.99,9.99,9.98,9.98,195597,0
WLAC.US,60,20250305,190000,9.9887,9.9887,9.98,9.98,1100,0
WLAC.US,60,20250305,220000,9.98,9.98,9.98,9.98,133,0
WLAC.US,60,20250306,170000,9.98,9.98,9.98,9.98,100000,0
WLAC.US,60,20250306,180000,9.98,9.98,9.98,9.98,11899,0
WLAC.US,60,20250307,160000,9.98,9.98,9.98,9.98,2200,0
WLAC.US,60,20250307,180000,9.985,9.99,9.985,9.99,3428,0
WLAC.US,60,20250307,190000,9.98,9.985,9.98,9.985,4449,0
WLAC.US,60,20250307,220000,9.985,9.99,9.985,9.99,5287,0
WLAC.US,60,20250310,180000,9.98,9.98,9.98,9.98,1275,0
WLAC.US,60,20250310,190000,9.98,9.99,9.98,9.99,19516,0
WLAC.US,60,20250310,200000,9.99,9.99,9.9867,9.9867,3732,0
WLAC.US,60,20250311,150000,9.995,9.995,9.995,9.995,634,0
WLAC.US,60,20250312,200000,9.99,9.99,9.99,9.99,4100,0
WLAC.US,60,20250313,160000,10.19,10.19,9.995,10,6100,0
WLAC.US,60,20250313,210000,10.02,10.02,10.015,10.02,3700,0
WLAC.US,60,20250314,170000,10.01,10.0104,10.01,10.01,600,0
WLAC.US,60,20250318,180000,10.01,10.02,10,10.02,19602,0
WLAC.US,60,20250319,210000,10,10.03,10,10.03,1070,0
WLAC.US,60,20250324,150000,10.04,10.04,10.04,10.04,100,0
WLAC.US,60,20250324,170000,10.01,10.01,10.01,10.01,100,0
WLAC.US,60,20250325,190000,10.01,10.01,10.01,10.01,360,0
WLAC.US,60,20250325,200000,10.01,10.01,10.01,10.01,100,0
WLAC.US,60,20250326,180000,10.01,10.01,10.01,10.01,100,0
WLAC.US,60,20250327,210000,10.02,10.02,10.02,10.02,100,0
WLAC.US,60,20250328,170000,10.035,10.035,10.035,10.035,100,0
WLAC.US,60,20250328,200000,10.02,10.02,10.01,10.01,39500,0
WLAC.US,60,20250328,210000,10.01,10.01,10.01,10.01,100,0
WLAC.US,60,20250331,170000,10.02,10.02,10.0198,10.02,66168,0
WLAC.US,60,20250331,190000,10.03,10.03,10.03,10.03,100,0
WLAC.US,60,20250331,200000,10.02,10.02,10.01,10.01,40470,0
WLAC.US,60,20250331,210000,10.02,10.02,10.02,10.02,100,0
WLAC.US,60,20250401,170000,10.0244,10.0244,10.0244,10.0244,1230,0
WLAC.US,60,20250407,210000,10.0201,10.0201,10.0201,10.0201,100,0
WLAC.US,60,20250408,180000,10.0113,10.0113,10.0113,10.0113,100,0
WLAC.US,60,20250408,210000,10.025,10.025,10.02,10.02,1000,0
WLAC.US,60,20250408,220000,10.03,10.03,10.03,10.03,400,0
WLAC.US,60,20250409,160000,10.03,10.03,10.03,10.03,400,0
WLAC.US,60,20250409,190000,10.021,10.021,10.021,10.021,925,0
WLAC.US,60,20250410,200000,10.03,10.03,10.0298,10.03,9472,0
WLAC.US,60,20250411,170000,10.0191,10.0191,10.0191,10.0191,100,0
WLAC.US,60,20250411,220000,10.01,10.02,10.01,10.015,40004,0
WLAC.US,60,20250415,210000,10.0281,10.03,10.0249,10.0281,1200,0
WLAC.US,60,20250416,220000,10.02,10.02,10.02,10.02,100,0
WLAC.US,60,20250421,160000,10.03,10.03,10.03,10.03,19700,0
WLAC.US,60,20250423,190000,10.03,10.03,10.01,10.01,1100,0
WLAC.US,60,20250423,220000,10.02,10.02,10.02,10.02,200,0
WLAC.US,60,20250425,190000,10.035,10.0351,10.03,10.0301,2300,0
WLAC.US,60,20250425,210000,10.04,10.04,10.04,10.04,7648,0
WLAC.US,60,20250428,180000,10.045,10.045,10.045,10.045,400,0
WLAC.US,60,20250428,190000,10.05,10.05,10.05,10.05,4100,0
WLAC.US,60,20250428,200000,10.05,10.05,10.05,10.05,1089,0
WLAC.US,60,20250428,220000,10.05,10.05,10.05,10.05,600,0
WLAC.US,60,20250429,170000,10.06,10.06,10.055,10.06,9244,0
WLAC.US,60,20250505,190000,10.06,10.06,10.06,10.06,8265,0
WLAC.US,60,20250512,220000,10.07,10.07,10.07,10.07,900,0
WLAC.US,60,20250513,210000,10.08,10.08,10.075,10.08,17200,0
WLAC.US,60,20250514,190000,10.1,10.1,10.1,10.1,200,0
WLAC.US,60,20250514,220000,10.09,10.09,10.09,10.09,51082,0
WLAC.US,60,20250515,190000,10.1,10.1,10.1,10.1,15800,0
WLAC.US,60,20250516,220000,10.1194,10.13,10.11,10.11,2834,0
WLAC.US,60,20250520,190000,10.11,10.11,10.11,10.11,205,0
WLAC.US,60,20250520,200000,10.1247,10.13,10.1247,10.1294,2000,0
WLAC.US,60,20250520,220000,10.12,10.12,10.12,10.12,1082,0
WLAC.US,60,20250521,210000,10.13,10.13,10.13,10.13,100,0
WLAC.US,60,20250521,220000,10.13,10.13,10.1247,10.1299,2100,0
WLAC.US,60,20250522,160000,10.35,10.35,10.35,10.35,1000,0
WLAC.US,60,20250522,170000,10.6,10.6,10.13,10.15,400,0
WLAC.US,60,20250522,180000,10.1694,10.17,10.1382,10.1625,2000,0
WLAC.US,60,20250527,190000,10.16,10.16,10.1362,10.1362,705,0
WLAC.US,60,20250527,220000,10.1394,10.15,10.1394,10.15,800,0
WLAC.US,60,20250530,170000,10.14,10.14,10.14,10.14,25000,0
WLAC.US,60,20250602,160000,10.25,10.25,10.1347,10.14,1800,0
WLAC.US,60,20250602,170000,10.14,10.15,10.14,10.15,25005,0
WLAC.US,60,20250603,180000,10.1593,10.16,10.155,10.16,1400,0
WLAC.US,60,20250604,220000,10.16,10.1865,10.16,10.1605,1900,0
WLAC.US,60,20250611,180000,10.1701,10.1912,10.1701,10.175,4900,0
WLAC.US,60,20250612,190000,10.18,10.18,10.18,10.18,100,0
WLAC.US,60,20250617,180000,10.185,10.19,10.185,10.19,200,0
WLAC.US,60,20250620,170000,10.185,10.19,10.185,10.19,200,0
WLAC.US,60,20250620,210000,10.195,10.2,10.195,10.2,12000,0
WLAC.US,60,20250620,220000,10.2,10.2,10.2,10.2,100,0
WLAC.US,60,20250623,170000,10.21,10.21,10.21,10.21,100,0
WLAC.US,60,20250623,180000,10.21,10.22,10.21,10.22,502000,0
WLAC.US,60,20250623,210000,10.22,10.227,10.22,10.227,7600,0
WLAC.US,60,20250627,160000,10.25,10.25,10.25,10.25,200,0
WLAC.US,60,20250630,170000,10.19,10.19,10.19,10.19,100,0
WLAC.US,60,20250630,210000,10.23,10.23,10.225,10.23,521402,0
WLAC.US,60,20250701,170000,10.21,10.21,10.21,10.21,161,0
WLAC.US,60,20250702,190000,10.21,10.21,10.21,10.21,50000,0
WLAC.US,60,20250709,220000,10.22,10.22,10.22,10.22,291,0
WLAC.US,60,20250710,180000,10.22,10.22,10.22,10.22,200000,0
WLAC.US,60,20250715,170000,10.23,10.23,10.23,10.23,100,0
WLAC.US,60,20250718,220000,10.23,10.23,10.23,10.23,303,0
WLAC.US,60,20250721,180000,10.24,10.245,10.24,10.245,9978,0
WLAC.US,60,20250721,220000,10.26,10.26,10.26,10.26,855,0
WLAC.US,60,20250722,210000,10.25,10.25,10.25,10.25,2000,0
WLAC.US,60,20250723,170000,10.2504,10.2504,10.2504,10.2504,5000,0
WLAC.US,60,20250723,220000,10.25,10.25,10.25,10.25,4700,0
WLAC.US,60,20250724,180000,10.2534,10.27,10.2534,10.27,26778,0
WLAC.US,60,20250724,190000,10.27,10.275,10.27,10.275,1497,0
WLAC.US,60,20250724,200000,10.29,10.404,10.29,10.4,24650,0
WLAC.US,60,20250724,210000,10.31,10.34,10.31,10.31,42100,0
WLAC.US,60,20250724,220000,10.33,10.33,10.28,10.29,15072,0
WLAC.US,60,20250729,160000,10.2902,10.5,10.28,10.33,14776,0
WLAC.US,60,20250729,180000,10.29,10.2901,10.29,10.2901,3600,0
WLAC.US,60,20250729,190000,10.3053,10.33,10.29,10.33,3569,0
WLAC.US,60,20250729,200000,10.29,10.29,10.29,10.29,2000,0
WLAC.US,60,20250729,210000,10.33,10.33,10.33,10.33,250,0
WLAC.US,60,20250731,160000,10.3638,10.38,10.26,10.3639,6400,0
WLAC.US,60,20250731,200000,10.28,10.28,10.28,10.28,108,0
WLAC.US,60,20250731,210000,10.3,10.33,10.3,10.33,300,0
WLAC.US,60,20250804,160000,10.3643,10.38,10.29,10.38,2700,0
WLAC.US,60,20250804,220000,10.27,10.27,10.27,10.27,2000,0
WLAC.US,60,20250805,160000,10.33,10.33,10.3,10.33,1100,0
WLAC.US,60,20250805,200000,10.2991,10.2991,10.2991,10.2991,2000,0
WLAC.US,60,20250805,210000,10.295,10.295,10.27,10.2933,1638,0
WLAC.US,60,20250805,220000,10.2976,10.2976,10.27,10.27,1300,0
WLAC.US,60,20250807,160000,10.33,10.3759,10.27,10.32,7800,0
WLAC.US,60,20250808,220000,10.275,10.2899,10.275,10.275,2400,0
WLAC.US,60,20250811,160000,10.32,10.32,10.32,10.32,200,0
WLAC.US,60,20250811,170000,10.26,10.31,10.26,10.26,400,0
WLAC.US,60,20250811,190000,10.3,10.3,10.3,10.3,100,0
WLAC.US,60,20250812,160000,10.3544,10.3544,10.3544,10.3544,900,0
WLAC.US,60,20250812,170000,10.26,10.265,10.25,10.25,21700,0
WLAC.US,60,20250812,180000,10.25,10.25,10.25,10.25,300,0
WLAC.US,60,20250812,190000,10.25,10.26,10.25,10.26,400,0
WLAC.US,60,20250812,220000,10.26,10.26,10.26,10.26,100,0
WLAC.US,60,20250813,160000,10.26,10.26,10.26,10.26,2620,0
WLAC.US,60,20250813,170000,10.25,10.25,10.25,10.25,100,0
WLAC.US,60,20250813,180000,10.26,10.26,10.26,10.26,12185,0
WLAC.US,60,20250813,190000,10.27,10.27,10.26,10.26,1300,0
WLAC.US,60,20250813,220000,10.26,10.26,10.26,10.26,200,0
WLAC.US,60,20250814,160000,10.27,10.29,10.26,10.285,15200,0
WLAC.US,60,20250814,170000,10.26,10.3038,10.26,10.3038,600,0
WLAC.US,60,20250814,180000,10.29,10.29,10.29,10.29,100,0
WLAC.US,60,20250815,170000,10.271,10.271,10.27,10.2701,1333,0
WLAC.US,60,20250815,180000,10.27,10.27,10.27,10.27,100,0
WLAC.US,60,20250815,190000,10.2706,10.2706,10.2706,10.2706,100,0
WLAC.US,60,20250819,170000,10.29,10.29,10.28,10.28,2840,0
WLAC.US,60,20250819,210000,10.2704,10.2704,10.2704,10.2704,2000,0
WLAC.US,60,20250827,160000,10.27,10.35,10.27,10.27,1600,0
WLAC.US,60,20250827,190000,10.2742,10.275,10.2742,10.275,3100,0
WLAC.US,60,20250827,200000,10.275,10.275,10.275,10.275,100,0
WLAC.US,60,20250827,220000,10.27,10.27,10.265,10.27,22300,0
WLAC.US,60,20250828,160000,10.26,10.26,10.26,10.26,400,0
WLAC.US,60,20250828,210000,10.27,10.27,10.27,10.27,100,0
WLAC.US,60,20250829,170000,10.26,10.26,10.26,10.26,100,0
WLAC.US,60,20250908,160000,10.28,10.35,10.28,10.29,2880,0
WLAC.US,60,20250908,180000,10.28,10.28,10.27,10.28,9616,0
WLAC.US,60,20250908,200000,10.28,10.28,10.27,10.27,638,0
WLAC.US,60,20250908,210000,10.28,10.29,10.28,10.29,4047,0
WLAC.US,60,20250909,160000,10.35,10.35,10.29,10.29,11103,0
WLAC.US,60,20250909,170000,10.29,10.29,10.29,10.29,100,0
WLAC.US,60,20250909,200000,10.3,10.3,10.3,10.3,1000,0
WLAC.US,60,20250909,210000,10.29,10.29,10.29,10.29,100,0
WLAC.US,60,20250910,160000,10.3,10.3,10.3,10.3,100000,0
WLAC.US,60,20250910,190000,10.3,10.3,10.3,10.3,2557,0
WLAC.US,60,20250910,200000,10.3,10.3,10.3,10.3,100,0
WLAC.US,60,20250910,210000,10.3,10.3,10.3,10.3,17300,0
WLAC.US,60,20250911,160000,10.32,10.32,10.32,10.32,1000,0
WLAC.US,60,20250911,210000,10.3,10.3,10.29,10.29,200,0
WLAC.US,60,20250912,220000,10.29,10.3,10.29,10.3,73209,0
WLAC.US,60,20250915,210000,10.3,10.3,10.3,10.3,24600,0
WLAC.US,60,20250915,220000,10.3,10.3,10.3,10.3,11300,0
WLAC.US,60,20250916,160000,11,11.15,10.73,10.9,905718,0
WLAC.US,60,20250916,170000,10.9,10.93,10.8,10.86,157951,0
WLAC.US,60,20250916,180000,10.86,10.95,10.8,10.9175,191346,0
WLAC.US,60,20250916,190000,10.89,10.94,10.87,10.9,13540,0
WLAC.US,60,20250916,200000,10.9,10.9299,10.85,10.855,156108,0
WLAC.US,60,20250916,210000,10.855,10.9,10.82,10.8389,128236,0
WLAC.US,60,20250916,220000,10.83,10.87,10.8,10.84,164475,0
WLAC.US,60,20250917,160000,10.93,10.96,10.8661,10.939,21777,0
WLAC.US,60,20250917,170000,10.9,10.92,10.84,10.84,106066,0
WLAC.US,60,20250917,180000,10.82,10.855,10.82,10.84,990,0
WLAC.US,60,20250917,190000,10.85,10.85,10.8,10.8,85131,0
WLAC.US,60,20250917,200000,10.8,10.9,10.8,10.83,41888,0
WLAC.US,60,20250917,210000,10.83,10.855,10.7905,10.81,10364,0
WLAC.US,60,20250917,220000,10.85,10.91,10.82,10.885,83391,0
WLAC.US,60,20250918,160000,10.95,11,10.82,10.9899,100727,0
WLAC.US,60,20250918,170000,10.935,11.689,10.91,11.34,575695,0
WLAC.US,60,20250918,180000,11.29,11.38,11.17,11.25,77986,0
WLAC.US,60,20250918,190000,11.275,11.43,11.25,11.3991,60836,0
WLAC.US,60,20250918,200000,11.35,11.48,11.35,11.47,224707,0
WLAC.US,60,20250918,210000,11.47,11.54,11.41,11.445,97092,0
WLAC.US,60,20250918,220000,11.445,11.5,11.44,11.5,144461,0
WLAC.US,60,20250919,160000,11.5,11.5,11.22,11.25,10379,0
WLAC.US,60,20250919,170000,11.255,11.51,11.25,11.5,135724,0
WLAC.US,60,20250919,180000,11.48,11.54,11.48,11.5,442219,0
WLAC.US,60,20250919,190000,11.5,11.57,11.48,11.51,157626,0
WLAC.US,60,20250919,200000,11.49,11.61,11.49,11.595,57112,0
WLAC.US,60,20250919,210000,11.6,11.665,11.55,11.55,34030,0
WLAC.US,60,20250919,220000,11.605,11.68,11.55,11.62,48460,0
WLAC.US,60,20250922,160000,12,12.1,11.91,12,73694,0
WLAC.US,60,20250922,170000,12,12,11.61,11.7,52055,0
WLAC.US,60,20250922,180000,11.6995,11.74,11.695,11.72,89685,0
WLAC.US,60,20250922,190000,11.72,11.98,11.71,11.828,59192,0
WLAC.US,60,20250922,200000,11.835,12.09,11.835,12.02,198795,0
WLAC.US,60,20250922,210000,12.02,12.35,11.95,12.025,108984,0
WLAC.US,60,20250922,220000,12,12.05,11.85,11.99,95546,0
WLAC.US,60,20250923,160000,12.25,12.25,12.02,12.085,79424,0
WLAC.US,60,20250923,170000,12.0705,12.18,12.07,12.17,75439,0
WLAC.US,60,20250923,180000,12.1798,12.35,12.17,12.35,99065,0
WLAC.US,60,20250923,190000,12.38,12.4,12.28,12.355,130693,0
WLAC.US,60,20250923,200000,12.365,12.68,12.34,12.49,126130,0
WLAC.US,60,20250923,210000,12.48,12.52,12.46,12.475,50968,0
WLAC.US,60,20250923,220000,12.475,12.52,12.33,12.44,143822,0
WLAC.US,60,20250924,160000,12.69,12.69,12.4,12.46,202443,0
WLAC.US,60,20250924,170000,12.475,12.98,12.475,12.91,102616,0
WLAC.US,60,20250924,180000,12.9281,12.9299,12.8,12.89,85740,0
WLAC.US,60,20250924,190000,12.89,13.08,12.825,12.95,123019,0
WLAC.US,60,20250924,200000,12.95,12.9793,12.58,12.89,121503,0
WLAC.US,60,20250924,210000,12.89,13.0811,12.887,12.96,35121,0
WLAC.US,60,20250924,220000,12.99,13.02,12.752,12.88,61863,0
WLAC.US,60,20250925,160000,12.89,12.94,12.6501,12.8,18600,0
WLAC.US,60,20250925,170000,12.84,13.15,12.7,13.137,208271,0
WLAC.US,60,20250925,180000,13.1478,13.15,13,13,76590,0
WLAC.US,60,20250925,190000,13,13.0464,12.89,13.01,122218,0
WLAC.US,60,20250925,200000,13.01,13.04,12.89,12.915,34755,0
WLAC.US,60,20250925,210000,12.892,12.99,12.68,12.91,65971,0
WLAC.US,60,20250925,220000,12.955,12.98,12.82,12.93,34978,0
WLAC.US,60,20250926,160000,12.92,12.92,12.55,12.5981,42869,0
WLAC.US,60,20250926,170000,12.59,12.595,12.11,12.49,101983,0
WLAC.US,60,20250926,180000,12.49,12.49,12.37,12.47,122224,0
WLAC.US,60,20250926,190000,12.49,12.49,12.43,12.43,49596,0
WLAC.US,60,20250926,200000,12.45,12.47,12.35,12.45,258404,0
WLAC.US,60,20250926,210000,12.49,12.49,12.46,12.475,23478,0
WLAC.US,60,20250926,220000,12.475,12.6,12.45,12.46,55156,0
WLAC.US,60,20250929,160000,12.4,12.5877,12.2208,12.2221,17526,0
WLAC.US,60,20250929,170000,12.2201,12.4,11.71,11.72,87676,0
WLAC.US,60,20250929,180000,11.735,11.85,11.618,11.85,65919,0
WLAC.US,60,20250929,190000,11.845,11.95,11.7,11.82,60172,0
WLAC.US,60,20250929,200000,11.82,11.94,11.8,11.85,20982,0
WLAC.US,60,20250929,210000,11.85,11.9,11.74,11.77,30204,0
WLAC.US,60,20250929,220000,11.8,11.99,11.74,11.77,55057,0
WLAC.US,60,20250930,160000,11.81,11.99,11.81,11.95,14761,0
WLAC.US,60,20250930,170000,11.925,12.05,11.84,11.9,103674,0
WLAC.US,60,20250930,180000,11.88,11.9,11.73,11.74,30058,0
WLAC.US,60,20250930,190000,11.73,11.735,11.73,11.735,8196,0
WLAC.US,60,20250930,200000,11.735,11.74,11.73,11.73,35365,0
WLAC.US,60,20250930,210000,11.73,11.735,11.57,11.6,36779,0
WLAC.US,60,20250930,220000,11.6,11.65,11.4,11.63,97128,0
WLAC.US,60,20251001,160000,11.53,11.63,11.4,11.63,30597,0
WLAC.US,60,20251001,170000,11.51,11.72,11.5,11.5,49124,0
WLAC.US,60,20251001,180000,11.5,11.63,11.4622,11.51,111312,0
WLAC.US,60,20251001,190000,11.52,11.66,11.48,11.66,39372,0
WLAC.US,60,20251001,200000,11.66,11.71,11.62,11.67,15856,0
WLAC.US,60,20251001,210000,11.66,11.66,11.55,11.595,14117,0
WLAC.US,60,20251001,220000,11.61,11.7,11.605,11.68,28050,0
WLAC.US,60,20251002,160000,11.58,11.71,11.58,11.69,12789,0
WLAC.US,60,20251002,170000,11.684,11.71,11.61,11.61,70591,0
WLAC.US,60,20251002,180000,11.67,11.67,11.57,11.58,9485,0
WLAC.US,60,20251002,190000,11.58,11.64,11.56,11.61,7784,0
WLAC.US,60,20251002,200000,11.58,11.605,11.56,11.58,6460,0
WLAC.US,60,20251002,210000,11.58,11.65,11.58,11.59,16752,0
WLAC.US,60,20251002,220000,11.61,11.7,11.57,11.6,26150,0
WLAC.US,60,20251003,160000,11.74,11.74,11.64,11.65,13848,0
WLAC.US,60,20251003,170000,11.65,11.69,11.6,11.6397,61636,0
WLAC.US,60,20251003,180000,11.6399,12,11.62,11.91,262887,0
WLAC.US,60,20251003,190000,11.9256,12.3,11.9208,12.3,153449,0
WLAC.US,60,20251003,200000,12.3,12.35,12.15,12.15,73115,0
WLAC.US,60,20251003,210000,12.06,12.13,11.95,12.075,12014,0
WLAC.US,60,20251003,220000,12.01,12.25,12,12.14,46068,0
WLAC.US,60,20251006,160000,12.22,12.85,12.22,12.7002,76914,0
WLAC.US,60,20251006,170000,12.6,12.6116,12.4,12.465,30845,0
WLAC.US,60,20251006,180000,12.41,12.63,12.41,12.57,50369,0
WLAC.US,60,20251006,190000,12.555,12.62,12.5,12.56,68796,0
WLAC.US,60,20251006,200000,12.56,12.7,12.5206,12.64,51057,0
WLAC.US,60,20251006,210000,12.625,12.65,12.56,12.56,65131,0
WLAC.US,60,20251006,220000,12.56,12.7,12.56,12.7,73561,0
WLAC.US,60,20251007,160000,12.99,13,12.74,12.8748,39770,0
WLAC.US,60,20251007,170000,12.89,12.9,12.74,12.76,82413,0
WLAC.US,60,20251007,180000,12.76,12.9,12.02,12.41,82589,0
WLAC.US,60,20251007,190000,12.3966,12.43,12.29,12.425,10381,0
WLAC.US,60,20251007,200000,12.425,12.575,12.37,12.475,30050,0
WLAC.US,60,20251007,210000,12.41,12.48,12.4,12.4,10983,0
WLAC.US,60,20251007,220000,12.4,12.69,12.4,12.44,35394,0
WLAC.US,60,20251008,160000,12.5,12.6002,12.5,12.6002,25102,0
WLAC.US,60,20251008,170000,12.675,13,12.675,12.98,76628,0
WLAC.US,60,20251008,180000,12.98,12.98,12.85,12.9,20860,0
WLAC.US,60,20251008,190000,12.9,12.95,12.86,12.94,47667,0
WLAC.US,60,20251008,200000,12.94,12.95,12.81,12.88,20516,0
WLAC.US,60,20251008,210000,12.84,12.9,12.743,12.9,66253,0
WLAC.US,60,20251008,220000,12.9,13.1,12.825,12.85,196308,0
WLAC.US,60,20251009,160000,13.27,13.6,13.1525,13.4932,126236,0
WLAC.US,60,20251009,170000,13.48,13.52,13.05,13.16,116327,0
WLAC.US,60,20251009,180000,13.135,13.36,13.1315,13.36,28241,0
WLAC.US,60,20251009,190000,13.3215,13.449,13.15,13.16,23673,0
WLAC.US,60,20251009,200000,13.15,13.25,13.14,13.15,21636,0
WLAC.US,60,20251009,210000,13.15,13.15,12.62,12.91,42421,0
WLAC.US,60,20251009,220000,12.95,13.24,12.85,13.05,72758,0
WLAC.US,60,20251010,160000,13.4,13.77,13.4,13.725,49276,0
WLAC.US,60,20251010,170000,13.7,13.71,13.205,13.36,52038,0
WLAC.US,60,20251010,180000,13.265,13.35,12.7404,12.995,201576,0
WLAC.US,60,20251010,190000,13,13.44,12.98,13.245,52887,0
WLAC.US,60,20251010,200000,13.16,13.4,13,13.09,36398,0
WLAC.US,60,20251010,210000,13.07,13.1,12.8,12.96,44750,0
WLAC.US,60,20251010,220000,12.93,13.085,12.73,12.86,87909,0
WLAC.US,60,20251013,160000,13.53,13.75,13.057,13.53,55065,0
WLAC.US,60,20251013,170000,13.5,13.56,12.905,13.15,75726,0
WLAC.US,60,20251013,180000,13.11,13.25,13,13.19,40055,0
WLAC.US,60,20251013,190000,13.23,13.49,13.23,13.27,44993,0
WLAC.US,60,20251013,200000,13.305,13.34,13.27,13.3333,34530,0
WLAC.US,60,20251013,210000,13.3,13.5,13.3,13.405,31375,0
WLAC.US,60,20251013,220000,13.38,13.56,13.38,13.56,116190,0
WLAC.US,60,20251014,160000,14.03,14.51,14,14.1,147073,0
WLAC.US,60,20251014,170000,14.33,14.41,14.1,14.165,113145,0
WLAC.US,60,20251014,180000,14.175,14.2,14.007,14.0995,44855,0
WLAC.US,60,20251014,190000,14.075,14.18,14.008,14.16,95485,0
WLAC.US,60,20251014,200000,14.145,14.25,14.145,14.25,50678,0
WLAC.US,60,20251014,210000,14.25,14.35,14.24,14.3,89100,0
WLAC.US,60,20251014,220000,14.3,14.35,13.9628,14.005,77808,0
WLAC.US,60,20251015,160000,14.87,15.15,14.7,14.98,208152,0
WLAC.US,60,20251015,170000,15,15.06,14.8752,15.05,119366,0
WLAC.US,60,20251015,180000,15.03,15.05,14.6,14.6429,175153,0
WLAC.US,60,20251015,190000,14.71,15.19,14.555,15.19,75854,0
WLAC.US,60,20251015,200000,15.115,15.15,14.565,14.63,56464,0
WLAC.US,60,20251015,210000,14.6,14.65,14.3,14.37,35026,0
WLAC.US,60,20251015,220000,14.3899,14.8399,14.2,14.77,57889,0
WLAC.US,60,20251016,160000,14.7,14.95,14.55,14.55,34516,0
WLAC.US,60,20251016,170000,14.7274,14.9499,13.818,14.515,74587,0
WLAC.US,60,20251016,180000,14.515,14.621,13.898,13.9,51484,0
WLAC.US,60,20251016,190000,13.93,13.96,12.9,13.825,166862,0
WLAC.US,60,20251016,200000,13.825,14.49,13.63,14.01,85986,0
WLAC.US,60,20251016,210000,14.0098,14.01,13.4,13.6156,74441,0
WLAC.US,60,20251016,220000,13.6083,13.89,13.41,13.89,63151,0
WLAC.US,60,20251017,160000,13.63,13.63,12.895,13.45,66684,0
WLAC.US,60,20251017,170000,13.5,13.5,12.7,12.99,90096,0
WLAC.US,60,20251017,180000,12.855,13,12.71,12.925,50237,0
WLAC.US,60,20251017,190000,12.8811,13.2112,12.863,13.04,33537,0
WLAC.US,60,20251017,200000,13.04,13.15,12.875,13.13,46568,0
WLAC.US,60,20251017,210000,13.045,13.3825,13,13.235,48950,0
WLAC.US,60,20251017,220000,13.27,13.31,13,13.09,80146,0
WLAC.US,60,20251020,160000,13.23,13.5001,12.88,12.95,41763,0
WLAC.US,60,20251020,170000,12.91,13.2099,12.61,13,48959,0
WLAC.US,60,20251020,180000,13,13.1,12.9901,13.0386,7390,0
WLAC.US,60,20251020,190000,13.055,13.07,12.74,12.82,11527,0
WLAC.US,60,20251020,200000,12.8852,12.8852,12.3,12.44,174750,0
WLAC.US,60,20251020,210000,12.52,12.75,12.39,12.745,48555,0
WLAC.US,60,20251020,220000,12.75,12.8,12.52,12.52,36998,0
WLAC.US,60,20251021,160000,12.41,12.71,12.41,12.55,11682,0
WLAC.US,60,20251021,170000,12.59,12.59,12.25,12.42,57425,0
WLAC.US,60,20251021,180000,12.3854,12.5039,12.365,12.4358,15265,0
WLAC.US,60,20251021,190000,12.4395,12.93,12.435,12.6,30690,0
WLAC.US,60,20251021,200000,12.65,12.79,12.548,12.548,13363,0
WLAC.US,60,20251021,210000,12.545,12.545,12.2814,12.425,19753,0
WLAC.US,60,20251021,220000,12.37,12.57,12.29,12.38,51626,0
WLAC.US,60,20251022,160000,12.11,12.61,12.11,12.25,19369,0
WLAC.US,60,20251022,170000,12.325,12.4,12.08,12.1399,72305,0
WLAC.US,60,20251022,180000,12.11,12.5,11.96,12.01,158517,0
WLAC.US,60,20251022,190000,12.05,12.0628,11.9,12.055,78487,0
WLAC.US,60,20251022,200000,12,12.065,11.995,12.025,7420,0
WLAC.US,60,20251022,210000,12.025,12.118,11.9909,12.09,31893,0
WLAC.US,60,20251022,220000,12.09,12.27,12.07,12.24,42770,0
WLAC.US,60,20251023,160000,12.04,12.5,12.04,12.2556,24575,0
WLAC.US,60,20251023,170000,12.24,12.5,12.13,12.36,27771,0
WLAC.US,60,20251023,180000,12.49,12.7038,12.49,12.6,12789,0
WLAC.US,60,20251023,190000,12.7,12.79,12.49,12.5822,25398,0
WLAC.US,60,20251023,200000,12.36,12.635,12.36,12.635,10443,0
WLAC.US,60,20251023,210000,12.635,12.78,12.53,12.77,74603,0
WLAC.US,60,20251023,220000,12.78,12.85,12.54,12.8,56857,0
WLAC.US,60,20251024,160000,12.74,13.2,12.74,13.1442,7485,0
WLAC.US,60,20251024,170000,13,13.2,12.78,13.03,46032,0
WLAC.US,60,20251024,180000,13,13.16,12.96,13.08,10405,0
WLAC.US,60,20251024,190000,13.08,13.08,13.01,13.045,6668,0
WLAC.US,60,20251024,200000,13.06,13.1,13.04,13.05,14469,0
WLAC.US,60,20251024,210000,13.06,13.0887,13.04,13.08,10110,0
WLAC.US,60,20251024,220000,13.08,13.2,13.04,13.08,35371,0
WLAC.US,60,20251027,150000,13.28,13.43,12.94,13.34,14718,0
WLAC.US,60,20251027,160000,13.4422,13.4747,13.19,13.19,30342,0
WLAC.US,60,20251027,170000,13.15,13.3,13,13.09,44891,0
WLAC.US,60,20251027,180000,13.1,13.14,12.98,12.98,24262,0
WLAC.US,60,20251027,190000,12.98,12.9946,12.46,12.7,24492,0
WLAC.US,60,20251027,200000,12.7,12.895,12.53,12.61,39965,0
WLAC.US,60,20251027,210000,12.61,12.8924,12.46,12.74,41131,0
WLAC.US,60,20251028,150000,12.87,13,12.4,12.92,23489,0
WLAC.US,60,20251028,160000,12.84,12.98,12.5,12.5999,26300,0
WLAC.US,60,20251028,170000,12.43,12.99,12.43,12.71,8051,0
WLAC.US,60,20251028,180000,12.62,12.67,12.62,12.66,1453,0
WLAC.US,60,20251028,190000,12.6,12.81,12.6,12.68,2788,0
WLAC.US,60,20251028,200000,12.69,12.7,12.6,12.7,11880,0
WLAC.US,60,20251028,210000,12.7,12.9251,12.5,12.69,27076,0
WLAC.US,60,20251029,150000,12.74,12.75,12.5,12.5,12221,0
WLAC.US,60,20251029,160000,12.625,12.75,12.41,12.52,30637,0
WLAC.US,60,20251029,170000,12.52,12.52,12.32,12.34,9159,0
WLAC.US,60,20251029,180000,12.3,12.3548,12.2,12.2,32015,0
WLAC.US,60,20251029,190000,12.255,12.35,12.2,12.2354,66018,0
WLAC.US,60,20251029,200000,12.26,12.3483,12.25,12.3,25630,0
WLAC.US,60,20251029,210000,12.4356,12.62,12.3,12.5,31229,0
WLAC.US,60,20251030,150000,12.38,12.5,12.1,12.5,31442,0
WLAC.US,60,20251030,160000,12.5,12.6396,12.13,12.3,40968,0
WLAC.US,60,20251030,170000,12.3,12.395,12.29,12.38,20895,0
WLAC.US,60,20251030,180000,12.39,12.4,12.3,12.325,15655,0
WLAC.US,60,20251030,190000,12.33,12.9364,12.3,12.495,19126,0
WLAC.US,60,20251030,200000,12.365,12.55,12.34,12.35,4750,0
WLAC.US,60,20251030,210000,12.39,12.75,12.3,12.585,30214,0
WLAC.US,60,20251031,150000,12.73,12.7317,12.5,12.66,7029,0
WLAC.US,60,20251031,160000,12.66,13,12.66,12.83,18830,0
WLAC.US,60,20251031,170000,12.83,12.98,12.78,12.815,17175,0
WLAC.US,60,20251031,180000,12.83,12.83,12.7368,12.7368,900,0
WLAC.US,60,20251031,190000,12.6713,12.9,12.567,12.65,6816,0
WLAC.US,60,20251031,200000,12.7,12.95,12.7,12.7366,11347,0
WLAC.US,60,20251031,210000,12.74,12.96,12.74,12.884,16260,0
WLAC.US,60,20251103,160000,12.92,13.15,12.805,13.04,16481,0
WLAC.US,60,20251103,170000,13.1091,13.115,12.37,12.45,64091,0
WLAC.US,60,20251103,180000,12.46,12.63,12.37,12.4,29635,0
WLAC.US,60,20251103,190000,12.43,12.5386,12.42,12.47,5755,0
WLAC.US,60,20251103,200000,12.47,12.55,12.4,12.4004,46360,0
WLAC.US,60,20251103,210000,12.42,12.4601,12.25,12.39,25361,0
WLAC.US,60,20251103,220000,12.5,12.53,12.3,12.4,55404,0
WLAC.US,60,20251104,160000,12.05,12.1,11.85,12.075,34215,0
WLAC.US,60,20251104,170000,12.205,12.205,12,12.06,15091,0
WLAC.US,60,20251104,180000,12.1,12.15,12.06,12.1,3944,0
WLAC.US,60,20251104,190000,12.06,12.14,12.05,12.07,7594,0
WLAC.US,60,20251104,200000,12.0509,12.1,11.98,12.09,22027,0
WLAC.US,60,20251104,210000,12.105,12.13,11.9,12,64788,0
WLAC.US,60,20251104,220000,12,12.25,11.85,11.87,78240,0
WLAC.US,60,20251105,160000,11.99,12.0492,11.86,11.9201,50134,0
WLAC.US,60,20251105,170000,11.9856,12.3355,11.91,12.3355,55384,0
WLAC.US,60,20251105,180000,12.36,12.39,12.22,12.37,31853,0
WLAC.US,60,20251105,190000,12.21,12.3699,12.15,12.15,7196,0
WLAC.US,60,20251105,200000,12.15,12.3,12.07,12.2999,55203,0
WLAC.US,60,20251105,210000,12.18,12.6,12.14,12.395,59775,0
WLAC.US,60,20251105,220000,12.41,12.66,12.27,12.4,51144,0
WLAC.US,60,20251106,160000,12.32,12.5552,12.32,12.35,39742,0
WLAC.US,60,20251106,170000,12.35,12.5,11.83,11.9,99127,0
WLAC.US,60,20251106,180000,11.935,12.1302,11.75,12.1099,59087,0
WLAC.US,60,20251106,190000,12.14,12.24,12.01,12.21,27300,0
WLAC.US,60,20251106,200000,12.18,12.3066,12.1,12.13,7372,0
WLAC.US,60,20251106,210000,12.16,12.2847,12.03,12.2847,13164,0
WLAC.US,60,20251106,220000,12.0898,12.34,12.06,12.08,20647,0
WLAC.US,60,20251107,160000,12.01,12.1033,11.7451,11.955,26901,0
WLAC.US,60,20251107,170000,12.055,12.2499,11.85,12.02,52643,0
WLAC.US,60,20251107,180000,12.02,12.1155,11.92,11.93,30192,0
WLAC.US,60,20251107,190000,11.94,12.19,11.93,12.19,33982,0
WLAC.US,60,20251107,200000,12.18,12.32,12,12.06,12021,0
WLAC.US,60,20251107,210000,12.205,12.96,12.06,12.77,39700,0
WLAC.US,60,20251107,220000,12.97,13,12.41,12.51,14517,0
WLAC.US,60,20251110,160000,12.465,12.6,12.425,12.425,1682,0
WLAC.US,60,20251110,170000,12.425,12.54,12.268,12.54,17873,0
WLAC.US,60,20251110,180000,12.55,12.55,12.45,12.525,51758,0
WLAC.US,60,20251110,190000,12.51,12.51,12.46,12.495,5605,0
WLAC.US,60,20251110,200000,12.522,12.54,12.45,12.5,3446,0
WLAC.US,60,20251110,210000,12.4698,12.5,12.3,12.445,22599,0
WLAC.US,60,20251110,220000,12.4,12.58,12.31,12.5341,44877,0
WLAC.US,60,20251111,160000,12.77,12.79,12.32,12.495,67550,0
WLAC.US,60,20251111,170000,12.5,12.51,12.3,12.45,72998,0
WLAC.US,60,20251111,180000,12.5,12.55,12.33,12.52,68109,0
WLAC.US,60,20251111,190000,12.525,12.76,12.5,12.53,41587,0
WLAC.US,60,20251111,200000,12.61,12.66,12.53,12.57,6561,0
WLAC.US,60,20251111,210000,12.5925,12.64,12.53,12.54,11568,0
WLAC.US,60,20251111,220000,12.568,12.6599,12.55,12.59,19836,0
WLAC.US,60,20251112,160000,12.52,12.63,12.3,12.46,77627,0
WLAC.US,60,20251112,170000,12.46,12.75,12.46,12.65,14785,0
WLAC.US,60,20251112,180000,12.75,12.75,12.4506,12.52,15774,0
WLAC.US,60,20251112,190000,12.52,12.6,12.445,12.54,7089,0
WLAC.US,60,20251112,200000,12.55,12.65,12.415,12.57,73625,0
WLAC.US,60,20251112,210000,12.575,12.79,12.575,12.79,36891,0
WLAC.US,60,20251112,220000,12.692,12.79,12.63,12.695,69129,0
WLAC.US,60,20251113,160000,12.62,12.7101,12.3114,12.3129,13216,0
WLAC.US,60,20251113,170000,12.32,12.3796,12.1202,12.185,13286,0
WLAC.US,60,20251113,180000,12.12,12.25,11.91,12.085,23110,0
WLAC.US,60,20251113,190000,12.15,12.17,12.0501,12.145,48792,0
WLAC.US,60,20251113,200000,12.145,12.15,11.9506,11.97,61592,0
WLAC.US,60,20251113,210000,11.9592,11.97,11.9,11.9,18025,0
WLAC.US,60,20251113,220000,11.9,12.17,11.885,12.1,18208,0
WLAC.US,60,20251114,160000,11.74,12.07,11.74,12.05,75403,0
WLAC.US,60,20251114,170000,12.125,12.24,12,12.03,24024,0
WLAC.US,60,20251114,180000,12.02,12.115,12,12.01,45595,0
WLAC.US,60,20251114,190000,12.01,12.06,11.9,11.97,19568,0
WLAC.US,60,20251114,200000,11.91,11.95,11.91,11.91,4779,0
WLAC.US,60,20251114,210000,11.9,11.96,11.825,11.8801,24061,0
WLAC.US,60,20251114,220000,11.945,11.95,11.76,11.8,31767,0
WLAC.US,60,20251117,160000,11.7,11.8,11.7,11.7812,3050,0
WLAC.US,60,20251117,170000,11.8135,11.8135,11.75,11.8,4916,0
WLAC.US,60,20251117,180000,11.8325,11.8325,11.6,11.62,101097,0
WLAC.US,60,20251117,190000,11.62,11.73,11.62,11.68,4690,0
WLAC.US,60,20251117,200000,11.665,11.705,11.62,11.65,45880,0
WLAC.US,60,20251117,210000,11.658,11.705,11.5584,11.62,44984,0
WLAC.US,60,20251117,220000,11.63,11.685,11.565,11.68,65365,0
WLAC.US,60,20251118,160000,11.66,11.7,11.59,11.64,9924,0
WLAC.US,60,20251118,170000,11.65,11.67,11.6,11.6016,26756,0
WLAC.US,60,20251118,180000,11.6001,11.65,11.5241,11.58,73892,0
WLAC.US,60,20251118,190000,11.575,11.62,11.5207,11.62,107995,0
WLAC.US,60,20251118,200000,11.6,11.7,11.6,11.6999,70992,0
WLAC.US,60,20251118,210000,11.65,11.73,11.645,11.66,103640,0
WLAC.US,60,20251118,220000,11.65,11.66,11.56,11.65,51348,0
WLAC.US,60,20251119,160000,11.75,11.805,11.65,11.79,37226,0
WLAC.US,60,20251119,170000,11.8,11.98,11.7,11.88,7982,0
WLAC.US,60,20251119,180000,11.79,11.87,11.7,11.725,19847,0
WLAC.US,60,20251119,190000,11.725,11.74,11.6702,11.725,34279,0
WLAC.US,60,20251119,200000,11.725,11.85,11.725,11.8,19908,0
WLAC.US,60,20251119,210000,11.79,11.79,11.7198,11.79,8589,0
WLAC.US,60,20251119,220000,11.79,11.88,11.71,11.79,15010,0
WLAC.US,60,20251120,160000,11.87,12,11.66,11.825,9222,0
WLAC.US,60,20251120,170000,11.76,11.84,11.76,11.795,400,0
WLAC.US,60,20251120,180000,11.75,11.76,11.56,11.63,28334,0
WLAC.US,60,20251120,190000,11.58,11.67,11.35,11.41,118478,0
WLAC.US,60,20251120,200000,11.505,11.62,11.4,11.42,44541,0
WLAC.US,60,20251120,210000,11.46,11.565,11.37,11.39,26588,0
WLAC.US,60,20251120,220000,11.41,11.81,11.37,11.795,192892,0
WLAC.US,60,20251121,160000,11.6,11.6,11.42,11.42,21611,0
WLAC.US,60,20251121,170000,11.42,11.42,11.27,11.27,11049,0
WLAC.US,60,20251121,180000,11.27,11.46,11.19,11.4413,120625,0
WLAC.US,60,20251121,190000,11.425,11.6,11.345,11.55,28358,0
WLAC.US,60,20251121,200000,11.41,11.45,11.4,11.4,45304,0
WLAC.US,60,20251121,210000,11.4,11.475,11.4,11.425,50200,0
WLAC.US,60,20251121,220000,11.44,11.45,11.32,11.43,24029,0
WLAC.US,60,20251124,160000,11.695,11.695,11.695,11.695,100,0
WLAC.US,60,20251124,170000,11.5648,11.5648,11.5648,11.5648,1500,0
WLAC.US,60,20251124,180000,11.636,11.7,11.55,11.61,23546,0
WLAC.US,60,20251124,190000,11.6001,11.75,11.6001,11.675,10666,0
WLAC.US,60,20251124,200000,11.62,11.66,11.61,11.6435,6655,0
WLAC.US,60,20251124,210000,11.66,11.66,11.6,11.6,10769,0
WLAC.US,60,20251124,220000,11.615,11.81,11.585,11.65,47401,0
WLAC.US,60,20251125,160000,11.75,11.76,11.41,11.41,16687,0
WLAC.US,60,20251125,170000,11.41,11.525,11.36,11.45,10531,0
WLAC.US,60,20251125,180000,11.48,11.505,11.45,11.46,74600,0
WLAC.US,60,20251125,190000,11.53,11.54,11.47,11.4813,17021,0
WLAC.US,60,20251125,200000,11.615,11.615,11.53,11.54,1762,0
WLAC.US,60,20251125,210000,11.55,11.55,11.5,11.5,4653,0
WLAC.US,60,20251125,220000,11.5,11.825,11.5,11.825,14478,0
WLAC.US,60,20251126,160000,11.8,11.8788,11.7572,11.76,4548,0
WLAC.US,60,20251126,170000,11.8413,11.97,11.74,11.8,8242,0
WLAC.US,60,20251126,180000,11.81,11.9,11.81,11.9,400,0
WLAC.US,60,20251126,190000,11.7901,11.81,11.7901,11.8,940,0
WLAC.US,60,20251126,210000,11.8,11.8,11.72,11.72,2164,0
WLAC.US,60,20251126,220000,11.79,11.835,11.7,11.783,30668,0
WLAC.US,60,20251128,160000,11.66,11.85,11.66,11.85,4498,0
WLAC.US,60,20251128,170000,11.85,11.9,11.7992,11.7992,16812,0
WLAC.US,60,20251128,180000,11.868,12,11.868,11.905,20273,0
WLAC.US,60,20251128,190000,11.86,11.955,11.85,11.94,18131,0
WLAC.US,60,20251128,200000,11.95,12,11.95,12,2243,0
WLAC.US,60,20251201,160000,11.7,12,11.7,12,1493,0
WLAC.US,60,20251201,170000,11.915,11.92,11.9088,11.9088,1500,0
WLAC.US,60,20251201,180000,11.8,11.835,11.78,11.8,20121,0
WLAC.US,60,20251201,190000,11.81,11.855,11.56,11.75,39015,0
WLAC.US,60,20251201,200000,11.75,11.8,11.71,11.8,33484,0
WLAC.US,60,20251201,210000,11.765,11.8,11.74,11.77,8400,0
WLAC.US,60,20251201,220000,11.75,11.8,11.7,11.7,26615,0
WLAC.US,60,20251202,170000,11.7625,11.7977,11.6201,11.6201,14399,0
WLAC.US,60,20251202,180000,11.8,11.8,11.8,11.8,2210,0
WLAC.US,60,20251202,190000,11.835,11.835,11.78,11.78,1500,0
WLAC.US,60,20251202,200000,11.85,11.85,11.81,11.85,2175,0
WLAC.US,60,20251202,210000,11.86,11.865,11.785,11.795,3367,0
WLAC.US,60,20251202,220000,11.8,11.8,11.7117,11.73,21217,0
WLAC.US,60,20251203,160000,11.76,11.76,11.65,11.7448,2176,0
WLAC.US,60,20251203,170000,11.66,11.66,11.58,11.6,1688,0
WLAC.US,60,20251203,180000,11.65,11.65,11.65,11.65,587,0
WLAC.US,60,20251203,190000,11.705,11.705,11.6877,11.6877,700,0
WLAC.US,60,20251203,200000,11.6514,11.66,11.6514,11.66,373,0
WLAC.US,60,20251203,210000,11.675,11.7,11.6508,11.7,6000,0
WLAC.US,60,20251203,220000,11.6927,11.71,11.65,11.65,207040,0
WLAC.US,60,20251204,160000,11.68,11.75,11.56,11.65,3067,0
WLAC.US,60,20251204,170000,11.6512,11.76,11.51,11.68,99114,0
WLAC.US,60,20251204,180000,11.7,11.76,11.67,11.73,31232,0
WLAC.US,60,20251204,190000,11.71,11.75,11.7,11.73,14619,0
WLAC.US,60,20251204,200000,11.75,11.75,11.7,11.72,21667,0
WLAC.US,60,20251204,210000,11.72,11.72,11.7,11.72,1300,0
WLAC.US,60,20251204,220000,11.72,11.75,11.67,11.67,15900,0
WLAC.US,60,20251205,160000,11.75,11.75,11.71,11.74,42892,0
WLAC.US,60,20251205,170000,11.73,11.75,11.55,11.625,63435,0
WLAC.US,60,20251205,180000,11.6,11.635,11.515,11.575,26151,0
WLAC.US,60,20251205,190000,11.53,11.595,11.51,11.535,4546,0
WLAC.US,60,20251205,200000,11.53,11.585,11.35,11.525,9046,0
WLAC.US,60,20251205,210000,11.5,11.565,11.46,11.565,23572,0
WLAC.US,60,20251205,220000,11.57,11.6741,11.51,11.51,6511,0
WLAC.US,60,20251208,160000,11.61,11.75,11.58,11.7,50447,0
WLAC.US,60,20251208,170000,11.65,11.675,11.49,11.63,38169,0
WLAC.US,60,20251208,180000,11.555,11.75,11.495,11.64,36219,0
WLAC.US,60,20251208,190000,11.6015,11.615,11.545,11.57,4804,0
WLAC.US,60,20251208,200000,11.6,11.69,11.6,11.61,5666,0
WLAC.US,60,20251208,210000,11.65,11.75,11.65,11.74,19747,0
WLAC.US,60,20251208,220000,11.74,11.75,11.71,11.71,2779,0
WLAC.US,60,20251209,160000,11.74,11.75,11.6111,11.62,19521,0
WLAC.US,60,20251209,170000,11.6,11.645,11.4631,11.4899,72574,0
WLAC.US,60,20251209,180000,11.47,11.65,11.47,11.625,47382,0
WLAC.US,60,20251209,190000,11.65,11.75,11.6036,11.668,35434,0
WLAC.US,60,20251209,200000,11.686,11.71,11.66,11.67,2100,0
WLAC.US,60,20251209,210000,11.67,11.6775,11.61,11.65,5179,0
WLAC.US,60,20251209,220000,11.65,11.75,11.62,11.62,21205,0
WLAC.US,60,20251210,160000,11.59,11.7518,11.48,11.535,13008,0
WLAC.US,60,20251210,170000,11.535,11.56,11.5,11.54,6802,0
WLAC.US,60,20251210,180000,11.51,11.6,11.5,11.54,29010,0
WLAC.US,60,20251210,190000,11.52,11.575,11.4,11.45,37950,0
WLAC.US,60,20251210,200000,11.42,11.5,11.41,11.44,12678,0
WLAC.US,60,20251210,210000,11.44,11.505,11.4,11.465,8189,0
WLAC.US,60,20251210,220000,11.51,11.58,11.51,11.55,6989,0
WLAC.US,60,20251211,160000,11.5689,11.65,11.375,11.5,30653,0
WLAC.US,60,20251211,170000,11.5,11.51,11.27,11.3,27222,0
WLAC.US,60,20251211,180000,11.3,11.37,11.21,11.25,57186,0
WLAC.US,60,20251211,190000,11.28,11.54,11.26,11.4,17191,0
WLAC.US,60,20251211,200000,11.46,11.465,11.4,11.46,2540,0
WLAC.US,60,20251211,210000,11.41,11.565,11.41,11.545,3313,0
WLAC.US,60,20251211,220000,11.45,11.57,11.405,11.44,8246,0
WLAC.US,60,20251212,160000,11.5,11.82,11.41,11.42,10169,0
WLAC.US,60,20251212,170000,11.42,11.516,11.32,11.3562,55971,0
WLAC.US,60,20251212,180000,11.32,11.48,11.2101,11.425,69855,0
WLAC.US,60,20251212,190000,11.425,11.55,11.4,11.525,53623,0
WLAC.US,60,20251212,200000,11.54,11.63,11.51,11.535,14962,0
WLAC.US,60,20251212,210000,11.61,11.665,11.59,11.665,12024,0
WLAC.US,60,20251212,220000,11.69,11.7499,11.61,11.61,19588,0
WLAC.US,60,20251215,160000,11.7,11.7,11.4,11.42,28582,0
WLAC.US,60,20251215,170000,11.47,11.47,11.3,11.4,75290,0
WLAC.US,60,20251215,180000,11.415,11.54,11.39,11.39,19922,0
WLAC.US,60,20251215,190000,11.395,11.42,11.3,11.36,22408,0
WLAC.US,60,20251215,200000,11.365,11.45,11.3,11.405,16264,0
WLAC.US,60,20251215,210000,11.405,11.47,11.405,11.47,501,0
WLAC.US,60,20251215,220000,11.45,11.48,11.3454,11.41,14346,0
WLAC.US,60,20251216,160000,11.7,11.7588,11.45,11.7588,33133,0
WLAC.US,60,20251216,170000,11.73,11.79,11.6014,11.6763,12122,0
WLAC.US,60,20251216,180000,11.71,11.96,11.71,11.77,27811,0
WLAC.US,60,20251216,190000,11.7511,11.7511,11.545,11.5864,23605,0
WLAC.US,60,20251216,200000,11.61,11.8,11.61,11.7199,74305,0
WLAC.US,60,20251216,210000,11.69,11.9,11.66,11.8602,22476,0
WLAC.US,60,20251216,220000,11.8818,11.93,11.8032,11.885,31699,0
WLAC.US,60,20251217,160000,12.01,12.35,12.01,12.22,59852,0
WLAC.US,60,20251217,170000,12.15,12.3,12,12,38823,0
WLAC.US,60,20251217,180000,12.0038,12.1599,11.7,11.7959,56488,0
WLAC.US,60,20251217,190000,11.7484,11.86,11.7484,11.81,56675,0
WLAC.US,60,20251217,200000,11.815,11.92,11.71,11.8226,32165,0
WLAC.US,60,20251217,210000,11.75,11.9,11.67,11.76,9616,0
WLAC.US,60,20251217,220000,11.8,11.85,11.7,11.75,13462,0
WLAC.US,60,20251218,160000,11.72,12.13,11.72,12,19835,0
WLAC.US,60,20251218,170000,11.9,12.075,11.9,11.99,22624,0
WLAC.US,60,20251218,180000,11.99,12.02,11.9,11.925,68139,0
WLAC.US,60,20251218,190000,11.9425,11.9425,11.83,11.87,10010,0
WLAC.US,60,20251218,200000,11.87,11.98,11.87,11.9257,15549,0
WLAC.US,60,20251218,210000,11.9001,12.05,11.79,12.05,11184,0
WLAC.US,60,20251218,220000,11.966,11.966,11.86,11.905,6454,0
WLAC.US,60,20251219,160000,11.97,12.025,11.8,11.895,27159,0
WLAC.US,60,20251219,170000,11.895,12.15,11.895,12,31921,0
WLAC.US,60,20251219,180000,12.1344,12.25,11.86,11.9751,21280,0
WLAC.US,60,20251219,190000,12.01,12.2,11.93,12.2,44289,0
WLAC.US,60,20251219,200000,12.11,12.2625,12.06,12.15,24545,0
WLAC.US,60,20251219,210000,12.16,12.3,12.15,12.17,23158,0
WLAC.US,60,20251219,220000,12.17,12.3,12.115,12.18,74030,0
WLAC.US,60,20251222,160000,12.6,12.6999,12.3793,12.5,199832,0
WLAC.US,60,20251222,170000,12.5432,12.6,12.3798,12.505,32437,0
WLAC.US,60,20251222,180000,12.515,12.6,12.4287,12.4496,21337,0
WLAC.US,60,20251222,190000,12.4999,12.6,12.421,12.5,35439,0
WLAC.US,60,20251222,200000,12.51,12.7999,12.42,12.44,115750,0
WLAC.US,60,20251222,210000,12.44,12.6,12.4301,12.585,86356,0
WLAC.US,60,20251222,220000,12.6,12.8,12.44,12.5,143766,0
WLAC.US,60,20251223,160000,12.55,12.6816,12.55,12.64,12720,0
WLAC.US,60,20251223,170000,12.65,12.65,12.55,12.6,20784,0
WLAC.US,60,20251223,180000,12.559,12.6,12.55,12.6,10056,0
WLAC.US,60,20251223,190000,12.59,12.62,12.58,12.62,18995,0
WLAC.US,60,20251223,200000,12.632,12.65,12.5859,12.645,35948,0
WLAC.US,60,20251223,210000,12.645,12.94,12.645,12.9,39678,0
WLAC.US,60,20251223,220000,12.9,13.2499,12.75,12.8,98959,0
WLAC.US,60,20251224,160000,12.72,12.9227,12.72,12.8,5146,0
WLAC.US,60,20251224,170000,12.76,12.76,12.7,12.701,7898,0
WLAC.US,60,20251224,180000,12.7251,12.75,12.7002,12.75,949,0
WLAC.US,60,20251224,190000,12.725,12.8,12.725,12.78,42785,0
WLAC.US,60,20251224,200000,12.78,12.78,12.74,12.74,1381,0
WLAC.US,60,20251226,160000,13.13,13.39,12.75,12.77,30446,0
WLAC.US,60,20251226,170000,12.775,12.8899,12.51,12.65,21102,0
WLAC.US,60,20251226,180000,12.66,12.8,12.5792,12.61,10297,0
WLAC.US,60,20251226,190000,12.62,12.7,12.56,12.62,17628,0
WLAC.US,60,20251226,200000,12.62,12.7,12.59,12.59,14320,0
WLAC.US,60,20251226,210000,12.6799,12.685,12.57,12.6,17851,0
WLAC.US,60,20251226,220000,12.572,12.87,12.57,12.87,47481,0
