<TICKER>,<PER>,<DATE>,<TIME>,<OPEN>,<HIGH>,<LOW>,<CLOSE>,<VOL>,<OPENINT>
XHLD.US,60,20250213,180000,6,8.54,6,6.56,280111,0
XHLD.US,60,20250213,190000,6.55,7.55,6.55,6.66,463040,0
XHLD.US,60,20250213,200000,6.6185,7.5,6.6185,6.7601,388666,0
XHLD.US,60,20250213,210000,6.7635,7.0595,6.76,6.83,231371,0
XHLD.US,60,20250213,220000,6.83,7.2,6.2,6.8,421118,0
XHLD.US,60,20250214,160000,7.03,7.03,6.5964,6.83,118457,0
XHLD.US,60,20250214,170000,6.8925,6.8925,6.15,6.26,312401,0
XHLD.US,60,20250214,180000,6.34,6.4344,3.15,3.15,142003,0
XHLD.US,60,20250214,190000,3.15,3.15,1.45,1.86,899974,0
XHLD.US,60,20250214,200000,1.98,2.07,1.64,1.805,978636,0
XHLD.US,60,20250214,210000,1.795,2.13,1.795,2.069,604225,0
XHLD.US,60,20250214,220000,2.065,2.42,2.06,2.1,638505,0
XHLD.US,60,20250218,160000,1.99,2.04,1.77,1.7834,247243,0
XHLD.US,60,20250218,170000,1.8,1.8,1.65,1.68,203567,0
XHLD.US,60,20250218,180000,1.68,1.7299,1.61,1.67,182715,0
XHLD.US,60,20250218,190000,1.69,1.715,1.62,1.6474,78448,0
XHLD.US,60,20250218,200000,1.6204,1.64,1.54,1.57,83804,0
XHLD.US,60,20250218,210000,1.56,1.58,1.4,1.5698,169074,0
XHLD.US,60,20250218,220000,1.53,1.58,1.5,1.56,69101,0
XHLD.US,60,20250219,160000,1.62,1.86,1.62,1.79,533787,0
XHLD.US,60,20250219,170000,1.79,1.88,1.72,1.78,512436,0
XHLD.US,60,20250219,180000,1.7801,1.8,1.651,1.7708,151650,0
XHLD.US,60,20250219,190000,1.78,1.81,1.73,1.75,106536,0
XHLD.US,60,20250219,200000,1.75,1.836,1.745,1.8,84196,0
XHLD.US,60,20250219,210000,1.8,2.09,1.7601,1.861,519465,0
XHLD.US,60,20250219,220000,1.87,1.97,1.83,1.93,297749,0
XHLD.US,60,20250220,160000,1.93,2.02,1.83,1.85,122557,0
XHLD.US,60,20250220,170000,1.84,1.97,1.712,1.9,200260,0
XHLD.US,60,20250220,180000,1.9,1.96,1.83,1.95,60534,0
XHLD.US,60,20250220,190000,1.88,1.95,1.85,1.88,74576,0
XHLD.US,60,20250220,200000,1.88,1.92,1.83,1.83,61038,0
XHLD.US,60,20250220,210000,1.8333,1.9,1.83,1.87,39568,0
XHLD.US,60,20250220,220000,1.87,1.909,1.85,1.88,35359,0
XHLD.US,60,20250221,160000,1.71,1.7214,1.6,1.6202,153348,0
XHLD.US,60,20250221,170000,1.6201,1.65,1.51,1.62,126702,0
XHLD.US,60,20250221,180000,1.63,1.64,1.54,1.578,46715,0
XHLD.US,60,20250221,190000,1.578,1.6055,1.57,1.57,46577,0
XHLD.US,60,20250221,200000,1.575,1.7,1.53,1.53,108132,0
XHLD.US,60,20250221,210000,1.54,1.62,1.53,1.59,44448,0
XHLD.US,60,20250221,220000,1.56,1.63,1.4501,1.4501,97768,0
XHLD.US,60,20250224,160000,1.5,1.5367,1.45,1.47,15640,0
XHLD.US,60,20250224,170000,1.4772,1.5,1.4,1.4168,37958,0
XHLD.US,60,20250224,180000,1.42,1.4494,1.4,1.4459,17193,0
XHLD.US,60,20250224,190000,1.45,1.54,1.4,1.46,33572,0
XHLD.US,60,20250224,200000,1.48,1.52,1.43,1.46,34816,0
XHLD.US,60,20250224,210000,1.46,1.51,1.41,1.47,23987,0
XHLD.US,60,20250224,220000,1.49,1.5,1.4,1.5,28444,0
XHLD.US,60,20250225,160000,1.44,1.49,1.4191,1.42,21504,0
XHLD.US,60,20250225,170000,1.42,1.46,1.28,1.38,79789,0
XHLD.US,60,20250225,180000,1.3291,1.3291,1.21,1.27,51199,0
XHLD.US,60,20250225,190000,1.27,1.3,1.27,1.2701,4555,0
XHLD.US,60,20250225,200000,1.2701,1.32,1.22,1.247,10746,0
XHLD.US,60,20250225,210000,1.25,1.31,1.15,1.27,71567,0
XHLD.US,60,20250225,220000,1.25,1.28,1.2,1.22,54056,0
XHLD.US,60,20250226,160000,1.22,1.3806,1.18,1.201,45342,0
XHLD.US,60,20250226,170000,1.245,1.32,1.2,1.24,51673,0
XHLD.US,60,20250226,180000,1.24,1.24,1.22,1.23,7877,0
XHLD.US,60,20250226,190000,1.225,1.2484,1.2202,1.23,9676,0
XHLD.US,60,20250226,200000,1.2278,1.2278,1.21,1.22,15209,0
XHLD.US,60,20250226,210000,1.22,1.3,1.21,1.25,28303,0
XHLD.US,60,20250226,220000,1.24,1.31,1.2006,1.3,39358,0
XHLD.US,60,20250227,160000,1.28,1.32,1.24,1.25,12349,0
XHLD.US,60,20250227,170000,1.27,1.28,1.21,1.24,21990,0
XHLD.US,60,20250227,180000,1.27,1.27,1.2,1.27,16588,0
XHLD.US,60,20250227,190000,1.25,1.3,1.22,1.3,6868,0
XHLD.US,60,20250227,200000,1.3,1.3,1.23,1.3,6429,0
XHLD.US,60,20250227,210000,1.29,1.3,1.22,1.25,12666,0
XHLD.US,60,20250227,220000,1.29,1.3,1.222,1.27,27769,0
XHLD.US,60,20250228,160000,1.24,1.3,1.2019,1.21,30324,0
XHLD.US,60,20250228,170000,1.2205,1.29,1.21,1.29,7309,0
XHLD.US,60,20250228,180000,1.28,1.29,1.25,1.26,7831,0
XHLD.US,60,20250228,190000,1.26,1.2861,1.23,1.25,6473,0
XHLD.US,60,20250228,200000,1.24,1.24,1.21,1.21,7653,0
XHLD.US,60,20250228,210000,1.225,1.2279,1.2,1.21,5574,0
XHLD.US,60,20250228,220000,1.23,1.32,1.2101,1.32,30185,0
XHLD.US,60,20250303,160000,1.38,1.38,1.22,1.24,24329,0
XHLD.US,60,20250303,170000,1.24,1.27,1.22,1.27,4119,0
XHLD.US,60,20250303,180000,1.268,1.268,1.22,1.23,9688,0
XHLD.US,60,20250303,190000,1.26,1.27,1.2304,1.24,4810,0
XHLD.US,60,20250303,200000,1.26,1.26,1.2,1.2,7694,0
XHLD.US,60,20250303,210000,1.21,1.22,1.17,1.2141,16373,0
XHLD.US,60,20250303,220000,1.2,1.28,1.16,1.18,31158,0
XHLD.US,60,20250304,160000,1.1,1.1,0.97,1,67580,0
XHLD.US,60,20250304,170000,0.9999,1,0.95,0.9989,9293,0
XHLD.US,60,20250304,180000,0.9998,0.9998,0.83,0.8874,93957,0
XHLD.US,60,20250304,190000,0.86,0.9222,0.84,0.8987,42893,0
XHLD.US,60,20250304,200000,0.8988,0.9276,0.8987,0.9276,52155,0
XHLD.US,60,20250304,210000,0.9225,0.93,0.8987,0.915,22937,0
XHLD.US,60,20250304,220000,0.9151,0.9383,0.91,0.9144,32639,0
XHLD.US,60,20250305,160000,0.8924,0.922,0.88,0.8801,5111,0
XHLD.US,60,20250305,170000,0.8963,0.91,0.881,0.891,5129,0
XHLD.US,60,20250305,180000,0.882,0.99,0.84,0.95,66339,0
XHLD.US,60,20250305,190000,0.91,1,0.86,0.8999,298379,0
XHLD.US,60,20250305,200000,0.89,0.969,0.7603,0.8,195291,0
XHLD.US,60,20250305,210000,0.805,0.87,0.79,0.8379,58176,0
XHLD.US,60,20250305,220000,0.87,0.8799,0.8,0.825,60870,0
XHLD.US,60,20250306,160000,0.8201,0.844,0.81,0.8101,22871,0
XHLD.US,60,20250306,170000,0.83,0.94,0.8,0.8001,154474,0
XHLD.US,60,20250306,180000,0.8263,0.8263,0.7444,0.7999,140074,0
XHLD.US,60,20250306,190000,0.75,0.8,0.73,0.75,118447,0
XHLD.US,60,20250306,200000,0.77,0.8025,0.7112,0.7112,112376,0
XHLD.US,60,20250306,210000,0.7111,0.7111,0.6513,0.703608,231105,0
XHLD.US,60,20250306,220000,0.69,0.7111,0.69,0.6993,18236,0
XHLD.US,60,20250307,160000,0.72,0.78,0.712,0.712,36008,0
XHLD.US,60,20250307,170000,0.712,0.719,0.62,0.6753,113277,0
XHLD.US,60,20250307,180000,0.68,0.689,0.63,0.64,71923,0
XHLD.US,60,20250307,190000,0.635,0.689,0.6216,0.651,192528,0
XHLD.US,60,20250307,200000,0.66,0.66,0.6203,0.6211,142162,0
XHLD.US,60,20250307,210000,0.6235,0.6599,0.59,0.6186,326449,0
XHLD.US,60,20250307,220000,0.61,0.6186,0.57,0.58,137844,0
XHLD.US,60,20250310,150000,0.599999,0.6,0.578,0.6,18869,0
XHLD.US,60,20250310,160000,0.6,0.6054,0.5121,0.5301,609467,0
XHLD.US,60,20250310,170000,0.5302,0.56775,0.5201,0.53,64872,0
XHLD.US,60,20250310,180000,0.53,0.5954,0.5201,0.531,450786,0
XHLD.US,60,20250310,190000,0.540001,0.55,0.53,0.5364,43943,0
XHLD.US,60,20250310,200000,0.535,0.542501,0.5252,0.5315,105230,0
XHLD.US,60,20250310,210000,0.5269,0.57575,0.51405,0.5312,206950,0
XHLD.US,60,20250311,150000,0.5215,0.57,0.5215,0.56,56593,0
XHLD.US,60,20250311,160000,0.56,0.569,0.483,0.4902,93592,0
XHLD.US,60,20250311,170000,0.4911,0.542,0.4853,0.52,109210,0
XHLD.US,60,20250311,180000,0.51,0.56,0.51,0.52,41375,0
XHLD.US,60,20250311,190000,0.512,0.5334,0.4851,0.508,97939,0
XHLD.US,60,20250311,200000,0.508,0.5353,0.495,0.4951,27341,0
XHLD.US,60,20250311,210000,0.4951,0.5349,0.4951,0.51,67363,0
XHLD.US,60,20250312,150000,0.5011,0.539,0.49,0.52,58348,0
XHLD.US,60,20250312,160000,0.52,0.529,0.49,0.5022,95168,0
XHLD.US,60,20250312,170000,0.5012,0.5076,0.49,0.495,130738,0
XHLD.US,60,20250312,180000,0.4905,0.5277,0.4701,0.4702,366718,0
XHLD.US,60,20250312,190000,0.49,0.49,0.461,0.476,132231,0
XHLD.US,60,20250312,200000,0.4754,0.485,0.4652,0.4701,30714,0
XHLD.US,60,20250312,210000,0.4701,0.549,0.4627,0.51,296167,0
XHLD.US,60,20250313,150000,0.54,0.55,0.505,0.5101,96504,0
XHLD.US,60,20250313,160000,0.5201,0.53,0.49,0.49,117263,0
XHLD.US,60,20250313,170000,0.4998,0.549999,0.492,0.5048,181426,0
XHLD.US,60,20250313,180000,0.5049,0.5299,0.46,0.4847,246306,0
XHLD.US,60,20250313,190000,0.4848,0.4999,0.476,0.4848,12782,0
XHLD.US,60,20250313,200000,0.4897,0.5,0.481,0.495,3632,0
XHLD.US,60,20250313,210000,0.494,0.494,0.475,0.4833,63181,0
XHLD.US,60,20250314,150000,0.465,0.509,0.465,0.494449,82115,0
XHLD.US,60,20250314,160000,0.5037,0.5068,0.478,0.489,67797,0
XHLD.US,60,20250314,170000,0.485,0.499,0.48,0.498,83453,0
XHLD.US,60,20250314,180000,0.4965,0.4988,0.47,0.48,109252,0
XHLD.US,60,20250314,190000,0.4899,0.4899,0.47,0.471,222645,0
XHLD.US,60,20250314,200000,0.471,0.48,0.465,0.4799,120557,0
XHLD.US,60,20250314,210000,0.4701,0.48,0.4501,0.464296,145967,0
XHLD.US,60,20250317,150000,0.4732,0.4789,0.461,0.465,4428,0
XHLD.US,60,20250317,160000,0.467,0.4765,0.453,0.4614,44329,0
XHLD.US,60,20250317,170000,0.4612,0.47,0.454,0.4699,30749,0
XHLD.US,60,20250317,180000,0.47,0.47,0.4611,0.4679,18338,0
XHLD.US,60,20250317,190000,0.4754,0.4754,0.4611,0.475,30781,0
XHLD.US,60,20250317,200000,0.462,0.472,0.4572,0.458,35204,0
XHLD.US,60,20250317,210000,0.462,0.499,0.46,0.496,269570,0
XHLD.US,60,20250318,150000,0.4811,0.4959,0.461,0.4895,38369,0
XHLD.US,60,20250318,160000,0.48,0.499,0.466,0.49,66476,0
XHLD.US,60,20250318,170000,0.482,0.4929,0.473,0.4929,44812,0
XHLD.US,60,20250318,180000,0.492,0.6,0.4853,0.545,533840,0
XHLD.US,60,20250318,190000,0.5599,0.649,0.5381,0.601,1768752,0
XHLD.US,60,20250318,200000,0.605,0.6175,0.5452,0.5574,546263,0
XHLD.US,60,20250318,210000,0.56,0.595,0.55,0.5852,373582,0
XHLD.US,60,20250319,150000,0.7132,0.8295,0.7038,0.76625,9258503,0
XHLD.US,60,20250319,160000,0.7677,1.22,0.7554,0.9724,47987596,0
XHLD.US,60,20250319,170000,0.9785,1.1,0.8836,1.0401,26158877,0
XHLD.US,60,20250319,180000,1.045,1.32,1.03,1.17,32934721,0
XHLD.US,60,20250319,190000,1.17,1.35,1.13,1.159,25596518,0
XHLD.US,60,20250319,200000,1.1589,1.22,1.11,1.1907,7239861,0
XHLD.US,60,20250319,210000,1.2,1.74,1.07,1.59,28223986,0
XHLD.US,60,20250320,150000,1.56,1.59,1.24,1.28,3069105,0
XHLD.US,60,20250320,160000,1.2804,1.29,1.17,1.25,1967555,0
XHLD.US,60,20250320,170000,1.255,1.26,1.09,1.1001,1493979,0
XHLD.US,60,20250320,180000,1.1,1.12,1.01,1.09,1236820,0
XHLD.US,60,20250320,190000,1.085,1.15,1.07,1.09,476652,0
XHLD.US,60,20250320,200000,1.0894,1.12,1.05,1.09,272406,0
XHLD.US,60,20250320,210000,1.095,1.1,0.95,0.9974,1240677,0
XHLD.US,60,20250321,150000,1.14,1.47,1.08,1.441,4510981,0
XHLD.US,60,20250321,160000,1.441,1.88,1.34,1.6406,22849553,0
XHLD.US,60,20250321,170000,1.6406,1.84,1.51,1.5101,10796370,0
XHLD.US,60,20250321,180000,1.5111,1.53,1.37,1.4089,3383282,0
XHLD.US,60,20250321,190000,1.41,1.47,1.36,1.395,1103114,0
XHLD.US,60,20250321,200000,1.4,1.53,1.39,1.5,1349826,0
XHLD.US,60,20250321,210000,1.498757,1.54,1.38,1.4,1853513,0
XHLD.US,60,20250324,150000,2.535,2.6106,2.23,2.3389,11740762,0
XHLD.US,60,20250324,160000,2.1901,2.47,2.03,2.055,16773424,0
XHLD.US,60,20250324,170000,2.05,2.2,2.0204,2.13,4543250,0
XHLD.US,60,20250324,180000,2.1351,2.26,2.04,2.0892,3221967,0
XHLD.US,60,20250324,190000,2.09,2.14,1.92,2.1397,2952222,0
XHLD.US,60,20250324,200000,2.1307,2.25,2.06,2.1712,2595348,0
XHLD.US,60,20250324,210000,2.17,2.28,2.03,2.15,4082709,0
XHLD.US,60,20250325,150000,1.76,1.97,1.75,1.8524,919922,0
XHLD.US,60,20250325,160000,1.85,1.98,1.83,1.85,544778,0
XHLD.US,60,20250325,170000,1.85,1.87,1.7,1.74,513627,0
XHLD.US,60,20250325,180000,1.79,1.8,1.72,1.75,192971,0
XHLD.US,60,20250325,190000,1.75,1.77,1.68,1.69,268706,0
XHLD.US,60,20250325,200000,1.6805,1.8022,1.67,1.77,160995,0
XHLD.US,60,20250325,210000,1.7799,1.81,1.69,1.72,221667,0
XHLD.US,60,20250326,150000,1.74,1.9,1.7301,1.8274,504789,0
XHLD.US,60,20250326,160000,1.8101,2.1893,1.7,2.0807,1837454,0
XHLD.US,60,20250326,170000,2.0892,2.18,1.86,1.9299,1700022,0
XHLD.US,60,20250326,180000,1.9205,1.9399,1.83,1.9,334403,0
XHLD.US,60,20250326,190000,1.89,1.975,1.87,1.975,294815,0
XHLD.US,60,20250326,200000,1.98,1.98,1.88,1.89,318372,0
XHLD.US,60,20250326,210000,1.9,1.91,1.82,1.82,336243,0
XHLD.US,60,20250327,150000,1.8,1.87,1.68,1.71,220283,0
XHLD.US,60,20250327,160000,1.69,1.7269,1.5234,1.68,347166,0
XHLD.US,60,20250327,170000,1.69,1.736,1.66,1.69,151530,0
XHLD.US,60,20250327,180000,1.6701,1.7,1.55,1.5548,222433,0
XHLD.US,60,20250327,190000,1.575,1.64,1.56,1.58,107296,0
XHLD.US,60,20250327,200000,1.58,1.6,1.55,1.58,85165,0
XHLD.US,60,20250327,210000,1.58,1.64,1.53,1.53,191867,0
XHLD.US,60,20250328,150000,1.39,1.44,1.27,1.35,238175,0
XHLD.US,60,20250328,160000,1.31,1.31,0.95,1.0077,663136,0
XHLD.US,60,20250328,170000,1.0123,1.13,0.98,1.085,434213,0
XHLD.US,60,20250328,180000,1.08,1.13,1.08,1.1098,97037,0
XHLD.US,60,20250328,190000,1.11,1.11,1.09,1.105,72275,0
XHLD.US,60,20250328,200000,1.1089,1.12,1.0804,1.09,64427,0
XHLD.US,60,20250328,210000,1.09,1.26,1.085,1.25,248136,0
XHLD.US,60,20250331,160000,1.1,1.1039,1.01,1.0699,120719,0
XHLD.US,60,20250331,170000,1.06,1.1175,1.03,1.03,69106,0
XHLD.US,60,20250331,180000,1.035,1.0696,0.96,0.9601,178667,0
XHLD.US,60,20250331,190000,0.965,0.9948,0.95,0.965,85886,0
XHLD.US,60,20250331,200000,0.9601,1.1458,0.9601,1.11,340292,0
XHLD.US,60,20250331,210000,1.11,1.1101,1,1.0201,275464,0
XHLD.US,60,20250331,220000,1.0231,1.025,0.96,0.9906,135137,0
XHLD.US,60,20250401,160000,1.08,1.0895,1.01,1.02,95915,0
XHLD.US,60,20250401,170000,1.01,1.03,0.9501,0.9823,254752,0
XHLD.US,60,20250401,180000,0.981,0.9899,0.95,0.9754,154946,0
XHLD.US,60,20250401,190000,0.9719,0.979999,0.9006,0.9127,188442,0
XHLD.US,60,20250401,200000,0.9157,0.93,0.88,0.9043,110179,0
XHLD.US,60,20250401,210000,0.9102,0.914947,0.8428,0.8847,239036,0
XHLD.US,60,20250401,220000,0.8796,0.8796,0.765,0.783,336954,0
XHLD.US,60,20250402,160000,0.739,0.84,0.7199,0.8035,239157,0
XHLD.US,60,20250402,170000,0.8137,0.9399,0.770001,0.9397,264564,0
XHLD.US,60,20250402,180000,0.939,0.9788,0.8611,0.9786,442353,0
XHLD.US,60,20250402,190000,0.9788,1.14,0.9701,1.04,1699205,0
XHLD.US,60,20250402,200000,1.04,1.13,1.02,1.0799,1432635,0
XHLD.US,60,20250402,210000,1.08,1.13,1.0501,1.1,327477,0
XHLD.US,60,20250402,220000,1.1,1.11,1.05,1.1,323979,0
XHLD.US,60,20250403,160000,0.976,1.243,0.96,1.215,177595,0
XHLD.US,60,20250403,170000,1.2,1.5,1.19,1.3899,988305,0
XHLD.US,60,20250403,180000,1.385,1.46,1.15,1.21,611846,0
XHLD.US,60,20250403,190000,1.2,1.25,1.1904,1.2072,103635,0
XHLD.US,60,20250403,200000,1.215,1.2169,1.17,1.2,89156,0
XHLD.US,60,20250403,210000,1.19,1.2,1.13,1.15,84526,0
XHLD.US,60,20250403,220000,1.1752,1.18,1.02,1.02,205108,0
XHLD.US,60,20250404,160000,1.09,1.2,1.05,1.113641,97371,0
XHLD.US,60,20250404,170000,1.0507,1.0975,1.04,1.09,49419,0
XHLD.US,60,20250404,180000,1.09,1.12,1.06,1.06,68780,0
XHLD.US,60,20250404,190000,1.09,1.12,0.96,1.02,110185,0
XHLD.US,60,20250404,200000,1.02,1.0297,0.9803,0.9909,71884,0
XHLD.US,60,20250404,210000,1.0005,1.02,0.9501,0.9737,73564,0
XHLD.US,60,20250404,220000,0.9576,1.028,0.94,0.960001,99318,0
XHLD.US,60,20250407,160000,0.9081,0.9679,0.9081,0.955988,38447,0
XHLD.US,60,20250407,170000,0.9686,1.0205,0.9231,0.9231,76662,0
XHLD.US,60,20250407,180000,0.9232,0.98,0.8703,0.910199,134772,0
XHLD.US,60,20250407,190000,0.8903,0.9101,0.851,0.87,40246,0
XHLD.US,60,20250407,200000,0.8601,0.9894,0.8489,0.93,253738,0
XHLD.US,60,20250407,210000,0.92,0.96,0.8811,0.9389,74218,0
XHLD.US,60,20250407,220000,0.93,0.97,0.9,0.9025,30577,0
XHLD.US,60,20250408,160000,0.95,1.13,0.937,1.08,452566,0
XHLD.US,60,20250408,170000,1.0801,1.13,1.05,1.0711,314352,0
XHLD.US,60,20250408,180000,1.07,1.24,1.01,1.14,1195936,0
XHLD.US,60,20250408,190000,1.13,1.15,0.99,1.02,363797,0
XHLD.US,60,20250408,200000,1.02,1.0351,0.96,0.97744,124759,0
XHLD.US,60,20250408,210000,0.978,1.05,0.9674,1.03,75885,0
XHLD.US,60,20250408,220000,1.05,1.06,0.97,1.0072,196723,0
XHLD.US,60,20250409,160000,0.963601,1.08,0.9602,1.05,42927,0
XHLD.US,60,20250409,170000,1.055,1.055,1,1.01,35675,0
XHLD.US,60,20250409,180000,1.0109,1.03,0.99,1,41391,0
XHLD.US,60,20250409,190000,1,1.03,0.9904,1.01,29263,0
XHLD.US,60,20250409,200000,1.0032,1.06,0.9904,1.04,77347,0
XHLD.US,60,20250409,210000,1.0206,1.12,1.02,1.0348,80253,0
XHLD.US,60,20250409,220000,1.0201,1.0999,1.0201,1.0505,74460,0
XHLD.US,60,20250410,160000,1.06,1.0899,0.9505,1.015,36832,0
XHLD.US,60,20250410,170000,1.0264,1.0799,1,1.05,17214,0
XHLD.US,60,20250410,180000,1.0499,1.07,1.0207,1.0264,31496,0
XHLD.US,60,20250410,190000,1.055,1.06,1.01,1.02,25117,0
XHLD.US,60,20250410,200000,1.02,1.025,1.0038,1.01,25340,0
XHLD.US,60,20250410,210000,1.04,1.05,1.02,1.05,39028,0
XHLD.US,60,20250410,220000,1.05,1.06,1.0101,1.035,29394,0
XHLD.US,60,20250411,160000,1.06,1.06,1.02,1.06,53989,0
XHLD.US,60,20250411,170000,1.03,1.03,0.970288,0.99,48165,0
XHLD.US,60,20250411,180000,0.995,1.0152,0.9808,1,50434,0
XHLD.US,60,20250411,190000,1.02,1.02,0.9902,1,7094,0
XHLD.US,60,20250411,200000,1.0099,1.01,0.99,1,42524,0
XHLD.US,60,20250411,210000,0.993,1,0.99,1,39959,0
XHLD.US,60,20250411,220000,1,1,0.9759,0.9919,33859,0
XHLD.US,60,20250414,160000,0.99,1.01,0.97,0.995,34444,0
XHLD.US,60,20250414,170000,0.99,0.99,0.9054,0.93,55423,0
XHLD.US,60,20250414,180000,0.93,0.95,0.91,0.92,43860,0
XHLD.US,60,20250414,190000,0.9102,0.949999,0.8622,0.8622,195015,0
XHLD.US,60,20250414,200000,0.8649,0.9198,0.8628,0.8701,90119,0
XHLD.US,60,20250414,210000,0.8701,0.8801,0.831,0.846999,149692,0
XHLD.US,60,20250414,220000,0.8408,0.88,0.830501,0.8579,133271,0
XHLD.US,60,20250415,160000,0.816,0.8452,0.7951,0.805,36492,0
XHLD.US,60,20250415,170000,0.8199,0.8199,0.77,0.789,109384,0
XHLD.US,60,20250415,180000,0.7831,0.8,0.7751,0.7785,69880,0
XHLD.US,60,20250415,190000,0.7801,0.79,0.7707,0.78,29156,0
XHLD.US,60,20250415,200000,0.7769,0.7996,0.7707,0.781,31194,0
XHLD.US,60,20250415,210000,0.7879,0.7898,0.7707,0.7898,18787,0
XHLD.US,60,20250415,220000,0.7899,0.8455,0.7899,0.8135,145940,0
XHLD.US,60,20250416,160000,0.8012,0.8135,0.78,0.8133,27915,0
XHLD.US,60,20250416,170000,0.81,0.82,0.805,0.8149,33859,0
XHLD.US,60,20250416,180000,0.8197,0.85,0.8146,0.8299,20591,0
XHLD.US,60,20250416,190000,0.8223,0.8299,0.802,0.802,20321,0
XHLD.US,60,20250416,200000,0.8102,0.819905,0.8,0.8,19061,0
XHLD.US,60,20250416,210000,0.8102,0.8298,0.8,0.815,48746,0
XHLD.US,60,20250416,220000,0.8001,0.81295,0.78,0.7972,86722,0
XHLD.US,60,20250417,160000,0.78,0.8,0.75,0.7852,47800,0
XHLD.US,60,20250417,170000,0.7601,0.79,0.7518,0.764951,30866,0
XHLD.US,60,20250417,180000,0.75,0.75,0.7125,0.7397,57944,0
XHLD.US,60,20250417,190000,0.7396,0.7498,0.735,0.7469,24917,0
XHLD.US,60,20250417,200000,0.744,0.7469,0.735,0.7399,5344,0
XHLD.US,60,20250417,210000,0.7399,0.7399,0.7203,0.7203,4178,0
XHLD.US,60,20250417,220000,0.72505,0.75,0.720201,0.7499,72137,0
XHLD.US,60,20250421,160000,0.74,0.7499,0.7095,0.739624,61518,0
XHLD.US,60,20250421,170000,0.7332,0.73865,0.7191,0.7297,31167,0
XHLD.US,60,20250421,180000,0.7294,0.7294,0.7,0.7001,90437,0
XHLD.US,60,20250421,190000,0.7,0.7158,0.68,0.6998,50879,0
XHLD.US,60,20250421,200000,0.699898,0.7382,0.6851,0.69245,108308,0
XHLD.US,60,20250421,210000,0.693,0.7311,0.685,0.6884,46827,0
XHLD.US,60,20250421,220000,0.689876,0.69,0.6801,0.6859,39063,0
XHLD.US,60,20250422,160000,0.689,0.695,0.67,0.6714,35271,0
XHLD.US,60,20250422,170000,0.685,0.685,0.6506,0.6722,39507,0
XHLD.US,60,20250422,180000,0.662217,0.68499,0.660099,0.6737,12840,0
XHLD.US,60,20250422,190000,0.6829,0.685,0.679,0.68,23402,0
XHLD.US,60,20250422,200000,0.6801,0.6801,0.6651,0.670101,12216,0
XHLD.US,60,20250422,210000,0.67495,0.6849,0.67,0.6821,5080,0
XHLD.US,60,20250422,220000,0.682,0.6899,0.665,0.68,54130,0
XHLD.US,60,20250423,160000,0.7106,0.7106,0.668,0.71,10928,0
XHLD.US,60,20250423,170000,0.7199,0.7398,0.7,0.7,43001,0
XHLD.US,60,20250423,180000,0.712,0.7299,0.7031,0.72,15926,0
XHLD.US,60,20250423,190000,0.71,0.7115,0.68,0.7115,35171,0
XHLD.US,60,20250423,200000,0.711599,0.711599,0.69625,0.7031,26723,0
XHLD.US,60,20250423,210000,0.7001,0.711,0.7,0.7044,2072,0
XHLD.US,60,20250423,220000,0.7044,0.7289,0.7,0.7221,43420,0
XHLD.US,60,20250424,160000,0.73,0.74,0.721,0.732501,15177,0
XHLD.US,60,20250424,170000,0.7499,0.8299,0.7301,0.8175,164933,0
XHLD.US,60,20250424,180000,0.8175,0.8212,0.77,0.8,44178,0
XHLD.US,60,20250424,190000,0.803034,0.89,0.8,0.856,76627,0
XHLD.US,60,20250424,200000,0.876875,0.88,0.84251,0.868,85060,0
XHLD.US,60,20250424,210000,0.8594,0.93,0.83501,0.913,92868,0
XHLD.US,60,20250424,220000,0.9125,0.92,0.88,0.89,83712,0
XHLD.US,60,20250425,160000,0.881,0.8997,0.83011,0.83011,25783,0
XHLD.US,60,20250425,170000,0.8364,0.8432,0.8057,0.81,29159,0
XHLD.US,60,20250425,180000,0.8101,0.8789,0.81,0.8239,35920,0
XHLD.US,60,20250425,190000,0.8281,0.8376,0.8216,0.8216,6051,0
XHLD.US,60,20250425,200000,0.8274,0.8507,0.8211,0.83,4983,0
XHLD.US,60,20250425,210000,0.83,0.8798,0.815,0.8249,70010,0
XHLD.US,60,20250425,220000,0.8249,0.8477,0.8017,0.8063,45666,0
XHLD.US,60,20250428,160000,0.7967,0.8034,0.7902,0.797,8572,0
XHLD.US,60,20250428,170000,0.791,0.805,0.7903,0.803,5650,0
XHLD.US,60,20250428,180000,0.800001,0.817,0.77,0.7904,18821,0
XHLD.US,60,20250428,190000,0.78,0.8223,0.771,0.819,64026,0
XHLD.US,60,20250428,200000,0.8052,0.819,0.775501,0.802,36385,0
XHLD.US,60,20250428,210000,0.802,0.8028,0.7741,0.79,13134,0
XHLD.US,60,20250428,220000,0.79,0.817,0.78,0.799,82104,0
XHLD.US,60,20250429,160000,0.78,0.7834,0.774,0.7763,3512,0
XHLD.US,60,20250429,170000,0.7734,0.78,0.760573,0.7799,9616,0
XHLD.US,60,20250429,180000,0.7797,0.7991,0.7711,0.7904,3409,0
XHLD.US,60,20250429,190000,0.783,0.79,0.7799,0.787,3761,0
XHLD.US,60,20250429,200000,0.774,0.774,0.7711,0.7712,9954,0
XHLD.US,60,20250429,210000,0.7719,0.81,0.7611,0.794405,83843,0
XHLD.US,60,20250429,220000,0.7944,0.81,0.775,0.8095,17769,0
XHLD.US,60,20250430,160000,0.77,0.790049,0.7601,0.7603,10794,0
XHLD.US,60,20250430,170000,0.762,0.7801,0.7612,0.7695,8009,0
XHLD.US,60,20250430,180000,0.7695,0.7695,0.732,0.732,39648,0
XHLD.US,60,20250430,190000,0.7382,0.7695,0.73,0.75,27957,0
XHLD.US,60,20250430,200000,0.75,0.755,0.7342,0.7499,3695,0
XHLD.US,60,20250430,210000,0.735418,0.7568,0.7299,0.7568,14669,0
XHLD.US,60,20250430,220000,0.7568,0.7568,0.7216,0.7558,37481,0
XHLD.US,60,20250501,160000,0.741,0.76,0.74,0.742479,9683,0
XHLD.US,60,20250501,170000,0.7443,0.78,0.7233,0.75,21740,0
XHLD.US,60,20250501,180000,0.7699,0.789899,0.7502,0.7699,20847,0
XHLD.US,60,20250501,190000,0.772241,0.7898,0.7371,0.7699,16746,0
XHLD.US,60,20250501,200000,0.75,0.7501,0.7372,0.750099,2905,0
XHLD.US,60,20250501,210000,0.74,0.750099,0.74,0.744949,8253,0
XHLD.US,60,20250501,220000,0.745,0.7694,0.74,0.7546,20693,0
XHLD.US,60,20250502,160000,0.734,0.7699,0.734,0.76,4978,0
XHLD.US,60,20250502,170000,0.77,0.85,0.7601,0.805,94174,0
XHLD.US,60,20250502,180000,0.805,0.84,0.8,0.8,57732,0
XHLD.US,60,20250502,190000,0.825,0.825,0.76,0.7703,61749,0
XHLD.US,60,20250502,200000,0.771,0.7999,0.771,0.79,8033,0
XHLD.US,60,20250502,210000,0.7901,0.7997,0.7711,0.7939,6515,0
XHLD.US,60,20250502,220000,0.782789,0.794,0.7709,0.78,25657,0
XHLD.US,60,20250505,160000,0.756,0.7695,0.756,0.7695,8259,0
XHLD.US,60,20250505,170000,0.768,0.768,0.75371,0.7583,21705,0
XHLD.US,60,20250505,180000,0.76,0.789,0.7578,0.7636,15336,0
XHLD.US,60,20250505,190000,0.7636,0.8067,0.7601,0.78,36354,0
XHLD.US,60,20250505,200000,0.7752,0.7836,0.7686,0.77,5901,0
XHLD.US,60,20250505,210000,0.77,0.7828,0.77,0.7795,16355,0
XHLD.US,60,20250505,220000,0.7656,0.7805,0.7607,0.77,10261,0
XHLD.US,60,20250506,160000,0.75,0.7699,0.75,0.76,6312,0
XHLD.US,60,20250506,170000,0.76,0.76,0.73,0.7598,13066,0
XHLD.US,60,20250506,180000,0.7501,0.754805,0.74,0.7499,2026,0
XHLD.US,60,20250506,190000,0.74,0.81,0.7302,0.785,39112,0
XHLD.US,60,20250506,200000,0.761,0.776,0.761,0.761,2504,0
XHLD.US,60,20250506,210000,0.76,0.777,0.751,0.777,1183,0
XHLD.US,60,20250506,220000,0.77,0.77,0.7334,0.7635,6614,0
XHLD.US,60,20250507,160000,0.77,0.77,0.7352,0.7365,35750,0
XHLD.US,60,20250507,170000,0.7366,0.75545,0.7338,0.7338,10708,0
XHLD.US,60,20250507,180000,0.745151,0.77,0.7403,0.75,33873,0
XHLD.US,60,20250507,190000,0.741,0.7498,0.741,0.7411,15387,0
XHLD.US,60,20250507,200000,0.75,0.7794,0.7435,0.747,52932,0
XHLD.US,60,20250507,210000,0.75,0.78,0.747,0.75,13811,0
XHLD.US,60,20250507,220000,0.779,0.78,0.755,0.775,25950,0
XHLD.US,60,20250508,160000,0.77,0.7999,0.76,0.7641,17532,0
XHLD.US,60,20250508,170000,0.7669,0.784999,0.7501,0.7695,23127,0
XHLD.US,60,20250508,180000,0.76,0.763,0.755,0.756,5196,0
XHLD.US,60,20250508,190000,0.7625,0.7625,0.7511,0.7518,8201,0
XHLD.US,60,20250508,200000,0.7512,0.7625,0.7404,0.745,31929,0
XHLD.US,60,20250508,210000,0.7624,0.7624,0.7329,0.75,31156,0
XHLD.US,60,20250508,220000,0.742846,0.7798,0.7394,0.7676,47135,0
XHLD.US,60,20250509,160000,0.75,0.7701,0.713,0.727199,14070,0
XHLD.US,60,20250509,170000,0.7211,0.7387,0.7002,0.7154,24595,0
XHLD.US,60,20250509,180000,0.707899,0.72,0.707899,0.72,17786,0
XHLD.US,60,20250509,190000,0.7348,0.744999,0.7201,0.744999,9457,0
XHLD.US,60,20250509,200000,0.7206,0.732,0.72,0.732,19287,0
XHLD.US,60,20250509,210000,0.72,0.7269,0.72,0.7205,1911,0
XHLD.US,60,20250509,220000,0.72,0.7497,0.71,0.7362,61824,0
XHLD.US,60,20250512,160000,0.743,0.743,0.7195,0.73,23083,0
XHLD.US,60,20250512,170000,0.72,0.7437,0.7189,0.7437,14396,0
XHLD.US,60,20250512,180000,0.7481,0.7481,0.73,0.738,18405,0
XHLD.US,60,20250512,190000,0.7376,0.738,0.7126,0.7226,29606,0
XHLD.US,60,20250512,200000,0.7226,0.727798,0.701,0.7138,70379,0
XHLD.US,60,20250512,210000,0.71,0.71,0.6802,0.706,60891,0
XHLD.US,60,20250512,220000,0.7252,0.7252,0.5572,0.65,352499,0
XHLD.US,60,20250513,160000,0.67,0.6801,0.64,0.65,36886,0
XHLD.US,60,20250513,170000,0.6523,0.67,0.6402,0.659,8982,0
XHLD.US,60,20250513,180000,0.659,0.6789,0.651,0.6587,9199,0
XHLD.US,60,20250513,190000,0.6789,0.697,0.6556,0.6848,33593,0
XHLD.US,60,20250513,200000,0.684701,0.7159,0.681,0.70441,34035,0
XHLD.US,60,20250513,210000,0.7157,1.01,0.7004,0.952,4377331,0
XHLD.US,60,20250513,220000,0.9519,1.43,0.9197,1.375,41354796,0
XHLD.US,60,20250514,160000,0.95,0.9799,0.783,0.8251,591326,0
XHLD.US,60,20250514,170000,0.8216,0.8269,0.7355,0.7601,1491789,0
XHLD.US,60,20250514,180000,0.7602,0.79,0.7255,0.7489,552498,0
XHLD.US,60,20250514,190000,0.7455,0.749,0.73,0.7372,171594,0
XHLD.US,60,20250514,200000,0.7346,0.7449,0.6575,0.6644,423245,0
XHLD.US,60,20250514,210000,0.6644,0.735,0.66,0.700201,556340,0
XHLD.US,60,20250514,220000,0.7002,0.71,0.66,0.672,435147,0
XHLD.US,60,20250515,160000,0.6811,0.6811,0.6311,0.6325,234212,0
XHLD.US,60,20250515,170000,0.6325,0.6768,0.62,0.6693,245477,0
XHLD.US,60,20250515,180000,0.6647,0.6692,0.6401,0.6604,195131,0
XHLD.US,60,20250515,190000,0.6608,0.6625,0.65,0.6505,129874,0
XHLD.US,60,20250515,200000,0.651,0.6513,0.65,0.6501,171218,0
XHLD.US,60,20250515,210000,0.651,0.6561,0.6357,0.6363,191164,0
XHLD.US,60,20250515,220000,0.6393,0.6394,0.59,0.5978,325987,0
XHLD.US,60,20250516,160000,0.5901,0.6005,0.5716,0.579298,147947,0
XHLD.US,60,20250516,170000,0.579,0.617999,0.5775,0.60595,60880,0
XHLD.US,60,20250516,180000,0.6098,0.6498,0.6039,0.6399,111563,0
XHLD.US,60,20250516,190000,0.6301,0.6399,0.620101,0.6338,64475,0
XHLD.US,60,20250516,200000,0.63,0.669,0.63,0.662749,193876,0
XHLD.US,60,20250516,210000,0.6521,0.66,0.65,0.6513,37801,0
XHLD.US,60,20250516,220000,0.65,0.6513,0.6311,0.6393,53856,0
XHLD.US,60,20250519,160000,0.6197,0.6326,0.5765,0.584,64351,0
XHLD.US,60,20250519,170000,0.5905,0.6389,0.581,0.625,63488,0
XHLD.US,60,20250519,180000,0.62,0.6399,0.62,0.63,34064,0
XHLD.US,60,20250519,190000,0.6211,0.6385,0.61,0.6324,39625,0
XHLD.US,60,20250519,200000,0.6351,0.6399,0.6202,0.6315,26744,0
XHLD.US,60,20250519,210000,0.6309,0.6309,0.6202,0.6202,44204,0
XHLD.US,60,20250519,220000,0.6202,0.6202,0.6001,0.6129,79146,0
XHLD.US,60,20250520,160000,0.5828,0.64,0.5828,0.62,120559,0
XHLD.US,60,20250520,170000,0.6208,0.64,0.61,0.6142,328646,0
XHLD.US,60,20250520,180000,0.6183,0.6493,0.615001,0.6475,167146,0
XHLD.US,60,20250520,190000,0.6498,0.655,0.63,0.6492,132893,0
XHLD.US,60,20250520,200000,0.6498,0.65,0.6152,0.6444,234501,0
XHLD.US,60,20250520,210000,0.6444,0.6499,0.64,0.64845,88546,0
XHLD.US,60,20250520,220000,0.6484,0.6484,0.6211,0.629566,155195,0
XHLD.US,60,20250521,160000,0.611,0.631049,0.5803,0.5949,57532,0
XHLD.US,60,20250521,170000,0.581,0.6,0.5702,0.5952,210221,0
XHLD.US,60,20250521,180000,0.5968,0.6047,0.5907,0.5978,34940,0
XHLD.US,60,20250521,190000,0.59885,0.6,0.5902,0.6,24998,0
XHLD.US,60,20250521,200000,0.6,0.6098,0.5942,0.5953,10923,0
XHLD.US,60,20250521,210000,0.5924,0.6097,0.581,0.5925,78192,0
XHLD.US,60,20250521,220000,0.592451,0.598499,0.574518,0.5746,162551,0
XHLD.US,60,20250522,160000,0.575,0.6,0.57,0.6,26239,0
XHLD.US,60,20250522,170000,0.5899,0.599,0.58,0.5898,33961,0
XHLD.US,60,20250522,180000,0.58,0.5896,0.5751,0.5896,16543,0
XHLD.US,60,20250522,190000,0.5893,0.5893,0.5809,0.5848,3509,0
XHLD.US,60,20250522,200000,0.5803,0.585,0.5802,0.5845,23949,0
XHLD.US,60,20250522,210000,0.5844,0.5996,0.5804,0.59,8229,0
XHLD.US,60,20250522,220000,0.594899,0.6,0.5803,0.5997,74125,0
XHLD.US,60,20250523,160000,0.5916,0.5916,0.55,0.56,72655,0
XHLD.US,60,20250523,170000,0.56,0.579999,0.555,0.555,43522,0
XHLD.US,60,20250523,180000,0.552,0.5699,0.5518,0.56,24747,0
XHLD.US,60,20250523,190000,0.5698,0.589999,0.5659,0.5817,105742,0
XHLD.US,60,20250523,200000,0.57,0.589799,0.5668,0.586999,32180,0
XHLD.US,60,20250523,210000,0.57,0.5777,0.56,0.57,46689,0
XHLD.US,60,20250523,220000,0.57,0.59,0.5602,0.59,40398,0
XHLD.US,60,20250527,160000,0.5934,0.6,0.574,0.581876,39827,0
XHLD.US,60,20250527,170000,0.58,0.59,0.5642,0.5759,62462,0
XHLD.US,60,20250527,180000,0.5715,0.5759,0.5685,0.572199,52076,0
XHLD.US,60,20250527,190000,0.57,0.598,0.57,0.5821,76817,0
XHLD.US,60,20250527,200000,0.5808,0.5932,0.5712,0.59,16619,0
XHLD.US,60,20250527,210000,0.589,0.5932,0.579999,0.5816,7843,0
XHLD.US,60,20250527,220000,0.5816,0.5932,0.5816,0.5852,42614,0
XHLD.US,60,20250528,160000,0.569,0.584499,0.562,0.567,85364,0
XHLD.US,60,20250528,170000,0.568259,0.5689,0.5612,0.5644,33184,0
XHLD.US,60,20250528,180000,0.5674,0.5689,0.5615,0.5658,76171,0
XHLD.US,60,20250528,190000,0.5657,0.5662,0.555,0.555,124990,0
XHLD.US,60,20250528,200000,0.5597,0.5597,0.5522,0.5528,59424,0
XHLD.US,60,20250528,210000,0.5522,0.5567,0.54875,0.5493,50384,0
XHLD.US,60,20250528,220000,0.5473,0.5576,0.5412,0.5514,260408,0
XHLD.US,60,20250529,160000,0.545,0.5498,0.4963,0.5091,226350,0
XHLD.US,60,20250529,170000,0.5073,0.52,0.4955,0.5024,303147,0
XHLD.US,60,20250529,180000,0.516,0.5166,0.495,0.49515,104360,0
XHLD.US,60,20250529,190000,0.4945,0.503499,0.492,0.4998,69524,0
XHLD.US,60,20250529,200000,0.503,0.51115,0.498,0.4983,32165,0
XHLD.US,60,20250529,210000,0.4982,0.4982,0.4889,0.4974,77503,0
XHLD.US,60,20250529,220000,0.496,0.514,0.496,0.5027,109675,0
XHLD.US,60,20250530,160000,0.4976,0.5027,0.487751,0.494899,54149,0
XHLD.US,60,20250530,170000,0.4949,0.4949,0.4811,0.4815,68399,0
XHLD.US,60,20250530,180000,0.4849,0.49,0.482,0.4858,42906,0
XHLD.US,60,20250530,190000,0.4878,0.492899,0.4859,0.49,7366,0
XHLD.US,60,20250530,200000,0.490099,0.4998,0.4857,0.4904,34203,0
XHLD.US,60,20250530,210000,0.490387,0.490399,0.4865,0.4888,4291,0
XHLD.US,60,20250530,220000,0.493549,0.499,0.486,0.4979,44120,0
XHLD.US,60,20250602,160000,0.4901,0.5098,0.4901,0.5001,5558,0
XHLD.US,60,20250602,170000,0.5001,0.506,0.4901,0.5,35467,0
XHLD.US,60,20250602,180000,0.5004,0.5059,0.4958,0.5058,36077,0
XHLD.US,60,20250602,190000,0.5054,0.5372,0.5003,0.5372,117908,0
XHLD.US,60,20250602,200000,0.5372,0.538,0.5254,0.5303,42176,0
XHLD.US,60,20250602,210000,0.5335,0.538,0.52,0.52,70053,0
XHLD.US,60,20250602,220000,0.5279,0.538,0.5256,0.5321,36805,0
XHLD.US,60,20250603,160000,0.54,0.545,0.53,0.5345,42278,0
XHLD.US,60,20250603,170000,0.5389,0.56,0.5301,0.5599,26860,0
XHLD.US,60,20250603,180000,0.555,0.555,0.54,0.553,16103,0
XHLD.US,60,20250603,190000,0.559,0.5611,0.5501,0.56,35994,0
XHLD.US,60,20250603,200000,0.5599,0.5599,0.545,0.545,24787,0
XHLD.US,60,20250603,210000,0.5472,0.5544,0.54,0.54,9230,0
XHLD.US,60,20250603,220000,0.544,0.544,0.533,0.5365,20457,0
XHLD.US,60,20250604,160000,0.531,0.5482,0.531,0.5481,31554,0
XHLD.US,60,20250604,170000,0.544,0.547799,0.5301,0.5369,41325,0
XHLD.US,60,20250604,180000,0.53875,0.545,0.5326,0.5445,17275,0
XHLD.US,60,20250604,190000,0.542651,0.5455,0.5338,0.5455,11177,0
XHLD.US,60,20250604,200000,0.536,0.5412,0.5334,0.5351,16498,0
XHLD.US,60,20250604,210000,0.535,0.5404,0.535,0.5386,5049,0
XHLD.US,60,20250604,220000,0.5391,0.5465,0.5351,0.5459,16658,0
XHLD.US,60,20250605,160000,0.5315,0.5402,0.5251,0.53005,17354,0
XHLD.US,60,20250605,170000,0.534404,0.5349,0.5221,0.52665,75768,0
XHLD.US,60,20250605,180000,0.5273,0.5273,0.51551,0.5156,147799,0
XHLD.US,60,20250605,190000,0.5245,0.5245,0.5111,0.5111,23331,0
XHLD.US,60,20250605,200000,0.5167,0.5169,0.5111,0.5134,19762,0
XHLD.US,60,20250605,210000,0.5134,0.5169,0.5113,0.5158,60512,0
XHLD.US,60,20250605,220000,0.5143,0.517,0.506,0.5106,108963,0
XHLD.US,60,20250606,160000,0.5068,0.5297,0.5001,0.5001,78631,0
XHLD.US,60,20250606,170000,0.5001,0.5188,0.495,0.501,71263,0
XHLD.US,60,20250606,180000,0.5012,0.51,0.5009,0.51,75651,0
XHLD.US,60,20250606,190000,0.5015,0.51,0.5011,0.5079,20055,0
XHLD.US,60,20250606,200000,0.5078,0.51,0.501,0.5097,62723,0
XHLD.US,60,20250606,210000,0.5055,0.5099,0.5018,0.5097,15528,0
XHLD.US,60,20250606,220000,0.502,0.57,0.5009,0.55,2480888,0
XHLD.US,60,20250609,160000,0.55,0.574,0.521,0.54,259472,0
XHLD.US,60,20250609,170000,0.541,0.549,0.5315,0.54,83098,0
XHLD.US,60,20250609,180000,0.5361,0.54,0.53,0.5302,43968,0
XHLD.US,60,20250609,190000,0.5397,0.5399,0.5325,0.5326,8100,0
XHLD.US,60,20250609,200000,0.5326,0.5374,0.5325,0.537299,29932,0
XHLD.US,60,20250609,210000,0.5372,0.5373,0.5309,0.5353,26515,0
XHLD.US,60,20250609,220000,0.5348,0.53794,0.525,0.5307,33197,0
XHLD.US,60,20250610,160000,0.54,0.55,0.538,0.54,98962,0
XHLD.US,60,20250610,170000,0.53,0.5401,0.528,0.528,87706,0
XHLD.US,60,20250610,180000,0.526999,0.55,0.526,0.5343,37987,0
XHLD.US,60,20250610,190000,0.5377,0.5499,0.53,0.5455,16236,0
XHLD.US,60,20250610,200000,0.54,0.5444,0.534959,0.5444,6990,0
XHLD.US,60,20250610,210000,0.5444,0.5898,0.543,0.573999,403836,0
XHLD.US,60,20250610,220000,0.5726,0.5764,0.5613,0.5671,134609,0
XHLD.US,60,20250611,160000,0.56,0.578,0.5401,0.5531,54670,0
XHLD.US,60,20250611,170000,0.545,0.56,0.5401,0.56,52627,0
XHLD.US,60,20250611,180000,0.5535,0.5553,0.5458,0.5526,22341,0
XHLD.US,60,20250611,190000,0.5526,0.6039,0.5494,0.57,349347,0
XHLD.US,60,20250611,200000,0.5799,0.59,0.57,0.5701,21389,0
XHLD.US,60,20250611,210000,0.573,0.5898,0.5701,0.5739,5254,0
XHLD.US,60,20250611,220000,0.5701,0.589699,0.5701,0.5815,6445,0
XHLD.US,60,20250612,160000,0.5487,0.5647,0.5407,0.5647,44943,0
XHLD.US,60,20250612,170000,0.5511,0.57,0.551,0.558,25382,0
XHLD.US,60,20250612,180000,0.555,0.567,0.5507,0.5603,78131,0
XHLD.US,60,20250612,190000,0.560001,0.568,0.5555,0.568,17226,0
XHLD.US,60,20250612,200000,0.5669,0.5685,0.5601,0.5677,27800,0
XHLD.US,60,20250612,210000,0.5619,0.5799,0.5556,0.5573,17870,0
XHLD.US,60,20250612,220000,0.5585,0.56,0.553,0.5597,88110,0
XHLD.US,60,20250613,160000,0.5288,0.54,0.5203,0.5204,101866,0
XHLD.US,60,20250613,170000,0.5204,0.531399,0.505,0.51,112734,0
XHLD.US,60,20250613,180000,0.514,0.515,0.51,0.512,61115,0
XHLD.US,60,20250613,190000,0.5167,0.5219,0.5105,0.521287,2765,0
XHLD.US,60,20250613,200000,0.5169,0.5193,0.5011,0.5096,47034,0
XHLD.US,60,20250613,210000,0.509599,0.509599,0.4997,0.4998,53340,0
XHLD.US,60,20250613,220000,0.4998,0.5,0.4866,0.4902,80707,0
XHLD.US,60,20250616,160000,0.492,0.5,0.492,0.4975,55786,0
XHLD.US,60,20250616,170000,0.4995,0.4995,0.4957,0.495799,22029,0
XHLD.US,60,20250616,180000,0.4958,0.4958,0.49,0.49,18642,0
XHLD.US,60,20250616,190000,0.491,0.4947,0.49,0.4946,30052,0
XHLD.US,60,20250616,200000,0.4945,0.4947,0.491,0.4913,9260,0
XHLD.US,60,20250616,210000,0.4914,0.4914,0.4879,0.49,29710,0
XHLD.US,60,20250616,220000,0.4901,0.4913,0.49,0.4913,13866,0
XHLD.US,60,20250617,160000,0.4917,0.492,0.47,0.49,85173,0
XHLD.US,60,20250617,170000,0.4829,0.488,0.4702,0.4778,109690,0
XHLD.US,60,20250617,180000,0.4783,0.4799,0.477,0.477,10273,0
XHLD.US,60,20250617,190000,0.4769,0.477,0.4701,0.473,40205,0
XHLD.US,60,20250617,200000,0.4731,0.475,0.4555,0.4598,87089,0
XHLD.US,60,20250617,210000,0.4701,0.4701,0.4482,0.459,47046,0
XHLD.US,60,20250617,220000,0.457,0.459,0.4505,0.459,58973,0
XHLD.US,60,20250618,160000,0.45,0.47,0.45,0.4524,49921,0
XHLD.US,60,20250618,170000,0.4562,0.465,0.4385,0.4534,283772,0
XHLD.US,60,20250618,180000,0.4489,0.4589,0.4411,0.4499,47732,0
XHLD.US,60,20250618,190000,0.4499,0.45,0.442,0.4441,14513,0
XHLD.US,60,20250618,200000,0.4489,0.4489,0.444,0.4451,4669,0
XHLD.US,60,20250618,210000,0.4488,0.4488,0.445,0.445,12919,0
XHLD.US,60,20250618,220000,0.445,0.4488,0.4014,0.4373,201324,0
XHLD.US,60,20250620,160000,0.428,0.44,0.4221,0.4265,26075,0
XHLD.US,60,20250620,170000,0.4298,0.4393,0.4219,0.4295,57272,0
XHLD.US,60,20250620,180000,0.4295,0.4392,0.4251,0.4321,14046,0
XHLD.US,60,20250620,190000,0.4321,0.4349,0.4255,0.434057,29854,0
XHLD.US,60,20250620,200000,0.433,0.4364,0.433,0.4364,4607,0
XHLD.US,60,20250620,210000,0.4327,0.4363,0.4281,0.4294,17849,0
XHLD.US,60,20250620,220000,0.4281,0.4392,0.4265,0.4357,49742,0
XHLD.US,60,20250623,160000,0.4404,0.455,0.4207,0.44,146459,0
XHLD.US,60,20250623,170000,0.4352,0.44,0.4301,0.4302,12799,0
XHLD.US,60,20250623,180000,0.435,0.4546,0.435,0.448,116501,0
XHLD.US,60,20250623,190000,0.4479,0.4479,0.4303,0.4389,46950,0
XHLD.US,60,20250623,200000,0.4397,0.4397,0.4312,0.4314,23332,0
XHLD.US,60,20250623,210000,0.4321,0.4395,0.4321,0.4394,15126,0
XHLD.US,60,20250623,220000,0.43899,0.4476,0.4338,0.4411,36712,0
XHLD.US,60,20250624,160000,0.4311,0.4466,0.4311,0.44,19741,0
XHLD.US,60,20250624,170000,0.4399,0.445,0.435,0.4401,26596,0
XHLD.US,60,20250624,180000,0.443,0.4471,0.443,0.4471,32080,0
XHLD.US,60,20250624,190000,0.4471,0.4489,0.442,0.4431,24668,0
XHLD.US,60,20250624,200000,0.4431,0.4459,0.439,0.4424,44781,0
XHLD.US,60,20250624,210000,0.4444,0.4475,0.439,0.444,28374,0
XHLD.US,60,20250624,220000,0.4404,0.4475,0.44,0.4442,67622,0
XHLD.US,60,20250625,160000,0.46,0.5698,0.46,0.4832,2856331,0
XHLD.US,60,20250625,170000,0.4831,0.522,0.4618,0.4645,838793,0
XHLD.US,60,20250625,180000,0.4644,0.465,0.4025,0.411399,877645,0
XHLD.US,60,20250625,190000,0.4114,0.42182,0.4,0.405,301015,0
XHLD.US,60,20250625,200000,0.4112,0.4178,0.405,0.4163,137126,0
XHLD.US,60,20250625,210000,0.4165,0.426,0.4053,0.4092,163688,0
XHLD.US,60,20250625,220000,0.411,0.411,0.4052,0.4079,268850,0
XHLD.US,60,20250626,160000,0.4025,0.405,0.3731,0.385,276273,0
XHLD.US,60,20250626,170000,0.389,0.39,0.3828,0.384,180255,0
XHLD.US,60,20250626,180000,0.3843,0.397,0.3839,0.397,79927,0
XHLD.US,60,20250626,190000,0.397,0.401,0.3865,0.396799,57951,0
XHLD.US,60,20250626,200000,0.39,0.3959,0.3866,0.388,59340,0
XHLD.US,60,20250626,210000,0.394,0.396,0.3867,0.3903,59363,0
XHLD.US,60,20250626,220000,0.3902,0.401,0.3867,0.401,90362,0
XHLD.US,60,20250627,160000,0.4167,0.4167,0.401,0.4159,87482,0
XHLD.US,60,20250627,170000,0.416,0.42,0.4051,0.4054,257085,0
XHLD.US,60,20250627,180000,0.4054,0.4275,0.4054,0.4207,139768,0
XHLD.US,60,20250627,190000,0.4211,0.43,0.417,0.4236,160726,0
XHLD.US,60,20250627,200000,0.4236,0.427,0.41655,0.41655,56647,0
XHLD.US,60,20250627,210000,0.4131,0.4184,0.3979,0.4,154483,0
XHLD.US,60,20250627,220000,0.4,0.4049,0.3885,0.397,174895,0
XHLD.US,60,20250630,160000,0.3818,0.39,0.3655,0.3695,228584,0
XHLD.US,60,20250630,170000,0.3734,0.3863,0.3601,0.3727,187293,0
XHLD.US,60,20250630,180000,0.3728,0.379,0.3654,0.3699,54353,0
XHLD.US,60,20250630,190000,0.3699,0.375473,0.3674,0.372,75954,0
XHLD.US,60,20250630,200000,0.375,0.375,0.362,0.362199,65431,0
XHLD.US,60,20250630,210000,0.3621,0.375,0.361,0.3736,36015,0
XHLD.US,60,20250630,220000,0.37,0.3765,0.36,0.361586,146963,0
XHLD.US,60,20250701,160000,0.36,0.3603,0.34,0.3603,137218,0
XHLD.US,60,20250701,170000,0.355,0.3551,0.3481,0.3499,66183,0
XHLD.US,60,20250701,180000,0.3491,0.355,0.3451,0.352,72949,0
XHLD.US,60,20250701,190000,0.3539,0.368999,0.3461,0.3554,47183,0
XHLD.US,60,20250701,200000,0.3549,0.355,0.35,0.352,41989,0
XHLD.US,60,20250701,210000,0.353,0.3537,0.3439,0.3454,19536,0
XHLD.US,60,20250701,220000,0.3458,0.349999,0.3431,0.3484,47500,0
XHLD.US,60,20250702,160000,0.34,0.35,0.332,0.3437,81518,0
XHLD.US,60,20250702,170000,0.3482,0.35145,0.344,0.3471,45390,0
XHLD.US,60,20250702,180000,0.3513,0.364,0.3476,0.3621,121039,0
XHLD.US,60,20250702,190000,0.3546,0.3675,0.3546,0.364,27030,0
XHLD.US,60,20250702,200000,0.3641,0.3888,0.361,0.3756,61881,0
XHLD.US,60,20250702,210000,0.3757,0.3798,0.3731,0.3732,17312,0
XHLD.US,60,20250702,220000,0.3787,0.3797,0.3731,0.3731,14930,0
XHLD.US,60,20250703,160000,0.377,0.382,0.3602,0.3739,45788,0
XHLD.US,60,20250703,170000,0.3739,0.3935,0.3737,0.3826,500881,0
XHLD.US,60,20250703,180000,0.38,0.3869,0.373,0.3799,58472,0
XHLD.US,60,20250703,190000,0.3731,0.3855,0.3665,0.3799,29259,0
XHLD.US,60,20250707,160000,0.38,0.383,0.369,0.3729,125512,0
XHLD.US,60,20250707,170000,0.372899,0.38,0.3652,0.3769,20941,0
XHLD.US,60,20250707,180000,0.376899,0.376899,0.3726,0.3748,11982,0
XHLD.US,60,20250707,190000,0.3757,0.39,0.3749,0.376,41613,0
XHLD.US,60,20250707,200000,0.3789,0.3898,0.373,0.3736,22419,0
XHLD.US,60,20250707,210000,0.3787,0.380536,0.3726,0.380536,9756,0
XHLD.US,60,20250707,220000,0.3724,0.3897,0.3707,0.389,17916,0
XHLD.US,60,20250708,160000,0.3773,0.3899,0.3735,0.384699,23174,0
XHLD.US,60,20250708,170000,0.3795,0.3834,0.3795,0.381,11946,0
XHLD.US,60,20250708,180000,0.3817,0.3834,0.3751,0.3792,27430,0
XHLD.US,60,20250708,190000,0.3793,0.380501,0.3761,0.3761,17243,0
XHLD.US,60,20250708,200000,0.373699,0.3792,0.3705,0.3769,28126,0
XHLD.US,60,20250708,210000,0.3745,0.3792,0.3726,0.37615,42519,0
XHLD.US,60,20250708,220000,0.3767,0.3792,0.3738,0.3751,42507,0
XHLD.US,60,20250709,160000,0.3708,0.379,0.3694,0.37,49440,0
XHLD.US,60,20250709,170000,0.3706,0.3726,0.3467,0.3467,242807,0
XHLD.US,60,20250709,180000,0.346501,0.3524,0.3436,0.352,101456,0
XHLD.US,60,20250709,190000,0.352,0.3575,0.35,0.3546,41785,0
XHLD.US,60,20250709,200000,0.3545,0.3556,0.3506,0.3511,9342,0
XHLD.US,60,20250709,210000,0.358982,0.361,0.3567,0.3579,11196,0
XHLD.US,60,20250709,220000,0.363949,0.363949,0.3577,0.3589,16019,0
XHLD.US,60,20250710,160000,0.3739,0.3739,0.3599,0.3601,18164,0
XHLD.US,60,20250710,170000,0.3627,0.365449,0.3601,0.3621,17497,0
XHLD.US,60,20250710,180000,0.3621,0.3648,0.35711,0.3648,28577,0
XHLD.US,60,20250710,190000,0.368,0.37,0.3641,0.3642,8224,0
XHLD.US,60,20250710,200000,0.3661,0.3662,0.363,0.3645,6704,0
XHLD.US,60,20250710,210000,0.3645,0.3683,0.360601,0.3649,11003,0
XHLD.US,60,20250710,220000,0.3609,0.3684,0.3609,0.3684,19044,0
XHLD.US,60,20250711,180000,0.3701,0.3717,0.3624,0.3671,5656,0
XHLD.US,60,20250711,190000,0.3625,0.3671,0.362101,0.3671,14883,0
XHLD.US,60,20250711,200000,0.3635,0.3729,0.363,0.3632,2680,0
XHLD.US,60,20250711,210000,0.3632,0.3732,0.362,0.37,59821,0
XHLD.US,60,20250711,220000,0.3668,0.37,0.3638,0.3684,14737,0
XHLD.US,60,20250714,160000,0.37,0.375,0.37,0.375,20340,0
XHLD.US,60,20250714,170000,0.3732,0.3737,0.3617,0.3652,64056,0
XHLD.US,60,20250714,180000,0.3651,0.3652,0.36,0.3648,7936,0
XHLD.US,60,20250714,190000,0.36001,0.365099,0.36,0.3642,25748,0
XHLD.US,60,20250714,200000,0.3641,0.3641,0.3553,0.3553,15393,0
XHLD.US,60,20250714,210000,0.358,0.363,0.3553,0.356,4763,0
XHLD.US,60,20250714,220000,0.357,0.362,0.351,0.362,49933,0
XHLD.US,60,20250715,160000,0.3623,0.3623,0.3513,0.3599,6514,0
XHLD.US,60,20250715,170000,0.352,0.3523,0.3438,0.3439,93737,0
XHLD.US,60,20250715,180000,0.34385,0.3439,0.34,0.3401,29073,0
XHLD.US,60,20250715,190000,0.34,0.3499,0.3376,0.3498,41670,0
XHLD.US,60,20250715,200000,0.3464,0.3553,0.345101,0.3478,45918,0
XHLD.US,60,20250715,210000,0.3531,0.3551,0.3419,0.3495,68721,0
XHLD.US,60,20250715,220000,0.346101,0.3531,0.3452,0.3512,18436,0
XHLD.US,60,20250716,160000,0.359,0.36,0.3454,0.3487,53844,0
XHLD.US,60,20250716,170000,0.34775,0.364,0.3456,0.3603,144495,0
XHLD.US,60,20250716,180000,0.3647,0.37,0.361,0.368,57205,0
XHLD.US,60,20250716,190000,0.3615,0.37,0.361,0.37,70607,0
XHLD.US,60,20250716,200000,0.37,0.37,0.3614,0.368,40004,0
XHLD.US,60,20250716,210000,0.37,0.37,0.366,0.3699,40946,0
XHLD.US,60,20250716,220000,0.3698,0.3737,0.3662,0.3736,65839,0
XHLD.US,60,20250717,160000,0.38,0.38,0.3701,0.3736,16049,0
XHLD.US,60,20250717,170000,0.3718,0.3797,0.3702,0.3762,32523,0
XHLD.US,60,20250717,180000,0.3761,0.3762,0.374,0.374,1873,0
XHLD.US,60,20250717,190000,0.3773,0.3781,0.374,0.375,7010,0
XHLD.US,60,20250717,200000,0.3773,0.3789,0.3751,0.3751,2672,0
XHLD.US,60,20250717,210000,0.3752,0.39,0.3752,0.384,45931,0
XHLD.US,60,20250717,220000,0.3899,0.39,0.3752,0.39,52226,0
XHLD.US,60,20250718,160000,0.3783,0.398,0.3702,0.3929,84729,0
XHLD.US,60,20250718,170000,0.392899,0.3934,0.3755,0.38,75767,0
XHLD.US,60,20250718,180000,0.3826,0.3863,0.3759,0.3759,3864,0
XHLD.US,60,20250718,190000,0.376,0.38,0.376,0.3763,3956,0
XHLD.US,60,20250718,200000,0.3763,0.3805,0.3763,0.3784,13602,0
XHLD.US,60,20250718,210000,0.3763,0.3775,0.369,0.369,24452,0
XHLD.US,60,20250718,220000,0.37,0.38,0.3625,0.3669,43447,0
XHLD.US,60,20250721,160000,0.3677,0.3703,0.3636,0.36965,18456,0
XHLD.US,60,20250721,170000,0.3693,0.378,0.3617,0.3701,31663,0
XHLD.US,60,20250721,180000,0.3702,0.3952,0.3702,0.3832,110004,0
XHLD.US,60,20250721,190000,0.389899,0.3997,0.3731,0.3928,80846,0
XHLD.US,60,20250721,200000,0.3994,0.3994,0.385,0.385,53728,0
XHLD.US,60,20250721,210000,0.381,0.3853,0.38,0.3853,14885,0
XHLD.US,60,20250721,220000,0.3853,0.3898,0.38,0.38,21623,0
XHLD.US,60,20250722,160000,0.3893,0.39,0.3707,0.3707,48850,0
XHLD.US,60,20250722,170000,0.3711,0.3746,0.371,0.3712,8453,0
XHLD.US,60,20250722,180000,0.3759,0.3855,0.375,0.3751,25496,0
XHLD.US,60,20250722,190000,0.3764,0.3849,0.3751,0.3751,25290,0
XHLD.US,60,20250722,200000,0.3751,0.3752,0.375,0.375,6639,0
XHLD.US,60,20250722,210000,0.375,0.3848,0.3719,0.3848,35765,0
XHLD.US,60,20250722,220000,0.3801,0.385,0.3754,0.385,8408,0
XHLD.US,60,20250723,160000,0.3822,0.3962,0.3822,0.3912,9735,0
XHLD.US,60,20250723,170000,0.3912,0.3997,0.39,0.395,65408,0
XHLD.US,60,20250723,180000,0.39,0.395,0.3822,0.389999,43418,0
XHLD.US,60,20250723,190000,0.3886,0.3934,0.3804,0.3804,13098,0
XHLD.US,60,20250723,200000,0.388349,0.3982,0.388349,0.3978,39485,0
XHLD.US,60,20250723,210000,0.3983,0.4238,0.3975,0.4066,97492,0
XHLD.US,60,20250723,220000,0.4048,0.424,0.4004,0.418,168794,0
XHLD.US,60,20250724,160000,0.407,0.419,0.4035,0.418649,126190,0
XHLD.US,60,20250724,170000,0.4177,0.423,0.4163,0.4181,74264,0
XHLD.US,60,20250724,180000,0.4178,0.423,0.4041,0.4041,73124,0
XHLD.US,60,20250724,190000,0.4082,0.4164,0.4082,0.415,13025,0
XHLD.US,60,20250724,200000,0.4166,0.4166,0.4041,0.4107,40592,0
XHLD.US,60,20250724,210000,0.41,0.411,0.4041,0.409051,14425,0
XHLD.US,60,20250724,220000,0.4078,0.42,0.4035,0.405,41829,0
XHLD.US,60,20250725,160000,0.4172,0.4172,0.395,0.3973,28189,0
XHLD.US,60,20250725,170000,0.395,0.4025,0.3903,0.3976,32204,0
XHLD.US,60,20250725,180000,0.4013,0.404999,0.3976,0.404999,1603,0
XHLD.US,60,20250725,190000,0.4014,0.405,0.3957,0.4012,18693,0
XHLD.US,60,20250725,200000,0.4046,0.4046,0.3958,0.404499,6611,0
XHLD.US,60,20250725,210000,0.3961,0.4043,0.3955,0.4004,9871,0
XHLD.US,60,20250725,220000,0.3971,0.4037,0.3911,0.3999,23545,0
XHLD.US,60,20250728,160000,0.4,0.4025,0.4,0.40015,42616,0
XHLD.US,60,20250728,170000,0.4022,0.4022,0.3981,0.4006,29239,0
XHLD.US,60,20250728,180000,0.4003,0.4026,0.3985,0.4,17323,0
XHLD.US,60,20250728,190000,0.4027,0.4075,0.4025,0.4055,2770,0
XHLD.US,60,20250728,200000,0.4022,0.4055,0.401,0.4031,20488,0
XHLD.US,60,20250728,210000,0.4055,0.4099,0.4055,0.4067,34757,0
XHLD.US,60,20250728,220000,0.4079,0.4182,0.4054,0.4148,101250,0
XHLD.US,60,20250729,160000,0.4212,0.4439,0.4093,0.422,247655,0
XHLD.US,60,20250729,170000,0.421802,0.4643,0.421802,0.4302,462172,0
XHLD.US,60,20250729,180000,0.4302,0.45,0.4302,0.45,108891,0
XHLD.US,60,20250729,190000,0.45,0.4744,0.443,0.4568,409618,0
XHLD.US,60,20250729,200000,0.4619,0.4729,0.4516,0.461,149272,0
XHLD.US,60,20250729,210000,0.466599,0.4889,0.4591,0.4661,562954,0
XHLD.US,60,20250729,220000,0.459,0.4634,0.44,0.4432,209590,0
XHLD.US,60,20250730,160000,0.425,0.4369,0.4011,0.41,185111,0
XHLD.US,60,20250730,170000,0.4106,0.4329,0.3903,0.393,190318,0
XHLD.US,60,20250730,180000,0.395,0.3994,0.393,0.39325,22351,0
XHLD.US,60,20250730,190000,0.393201,0.3933,0.39,0.3901,37278,0
XHLD.US,60,20250730,200000,0.390001,0.3997,0.39,0.3986,34483,0
XHLD.US,60,20250730,210000,0.391344,0.3996,0.375002,0.376,54401,0
XHLD.US,60,20250730,220000,0.3751,0.3853,0.35,0.3725,183899,0
XHLD.US,60,20250731,160000,0.3954,0.3954,0.38,0.3858,40572,0
XHLD.US,60,20250731,170000,0.385304,0.385304,0.375,0.38,24578,0
XHLD.US,60,20250731,180000,0.3751,0.377,0.362,0.3648,56860,0
XHLD.US,60,20250731,190000,0.3648,0.3653,0.363,0.3653,9590,0
XHLD.US,60,20250731,200000,0.3648,0.3648,0.3555,0.3602,33432,0
XHLD.US,60,20250731,210000,0.3556,0.3603,0.3455,0.348,65601,0
XHLD.US,60,20250731,220000,0.3479,0.3484,0.346,0.34635,51606,0
XHLD.US,60,20250801,160000,0.34,0.3414,0.3017,0.3233,154960,0
XHLD.US,60,20250801,170000,0.3239,0.3246,0.2956,0.3187,358559,0
XHLD.US,60,20250801,180000,0.318328,0.338,0.3114,0.338,24188,0
XHLD.US,60,20250801,190000,0.3351,0.3485,0.3301,0.3301,18773,0
XHLD.US,60,20250801,200000,0.3302,0.334,0.33,0.3301,22029,0
XHLD.US,60,20250801,210000,0.3301,0.3301,0.33,0.33,6919,0
XHLD.US,60,20250801,220000,0.3301,0.3348,0.3275,0.32985,60956,0
XHLD.US,60,20250804,160000,0.3462,0.369599,0.3462,0.3565,22864,0
XHLD.US,60,20250804,170000,0.347,0.3548,0.3417,0.3501,24928,0
XHLD.US,60,20250804,180000,0.35,0.354,0.3377,0.3402,38039,0
XHLD.US,60,20250804,190000,0.3401,0.3401,0.3205,0.3303,142018,0
XHLD.US,60,20250804,200000,0.3302,0.3399,0.3252,0.3304,53683,0
XHLD.US,60,20250804,210000,0.3252,0.34,0.3252,0.338,10569,0
XHLD.US,60,20250804,220000,0.3399,0.339999,0.3339,0.3381,8335,0
XHLD.US,60,20250805,160000,0.3381,0.349,0.3274,0.34,8369,0
XHLD.US,60,20250805,170000,0.337049,0.345,0.334101,0.3401,7019,0
XHLD.US,60,20250805,180000,0.341,0.3599,0.3353,0.359,29017,0
XHLD.US,60,20250805,190000,0.3501,0.3557,0.3433,0.3468,16200,0
XHLD.US,60,20250805,200000,0.3512,0.3512,0.3432,0.3436,28160,0
XHLD.US,60,20250805,210000,0.3435,0.35,0.3435,0.3438,4931,0
XHLD.US,60,20250805,220000,0.3438,0.35,0.3356,0.3492,79130,0
XHLD.US,60,20250806,160000,0.3425,0.3633,0.3425,0.3574,9589,0
XHLD.US,60,20250806,170000,0.35,0.3597,0.3426,0.3466,23103,0
XHLD.US,60,20250806,180000,0.3466,0.3561,0.3425,0.3525,35723,0
XHLD.US,60,20250806,190000,0.355,0.355,0.3525,0.3548,3920,0
XHLD.US,60,20250806,200000,0.3595,0.362,0.356,0.36,1730,0
XHLD.US,60,20250806,210000,0.356,0.36,0.3501,0.3501,2092,0
XHLD.US,60,20250806,220000,0.3501,0.36,0.35,0.3599,31930,0
XHLD.US,60,20250807,160000,0.36,0.3689,0.36,0.3644,23310,0
XHLD.US,60,20250807,170000,0.3684,0.3685,0.3601,0.3604,63956,0
XHLD.US,60,20250807,180000,0.3601,0.3601,0.3388,0.347099,70348,0
XHLD.US,60,20250807,190000,0.3475,0.3475,0.3351,0.3351,35214,0
XHLD.US,60,20250807,200000,0.3351,0.3351,0.3238,0.3239,71373,0
XHLD.US,60,20250807,210000,0.32385,0.363,0.32385,0.3397,83630,0
XHLD.US,60,20250807,220000,0.33985,0.33985,0.32515,0.3257,74323,0
XHLD.US,60,20250808,160000,0.3311,0.3563,0.3311,0.3329,40589,0
XHLD.US,60,20250808,170000,0.3328,0.34229,0.3328,0.3351,38534,0
XHLD.US,60,20250808,180000,0.3329,0.3434,0.33285,0.3353,11504,0
XHLD.US,60,20250808,190000,0.3353,0.3418,0.3352,0.3364,7461,0
XHLD.US,60,20250808,200000,0.342,0.351799,0.3364,0.33985,59025,0
XHLD.US,60,20250808,210000,0.33989,0.3413,0.3355,0.3379,43041,0
XHLD.US,60,20250808,220000,0.33575,0.3359,0.33255,0.3359,26201,0
XHLD.US,60,20250811,160000,0.34,0.355621,0.34,0.3454,44270,0
XHLD.US,60,20250811,170000,0.35,0.355542,0.3466,0.3488,45234,0
XHLD.US,60,20250811,180000,0.35,0.3513,0.3421,0.3464,24846,0
XHLD.US,60,20250811,190000,0.3461,0.3515,0.3424,0.3499,37479,0
XHLD.US,60,20250811,200000,0.3499,0.3499,0.3354,0.345,30148,0
XHLD.US,60,20250811,210000,0.3495,0.3495,0.3425,0.345,6698,0
XHLD.US,60,20250811,220000,0.3402,0.35,0.3402,0.34959,26017,0
XHLD.US,60,20250812,160000,0.346,0.354,0.3455,0.354,31359,0
XHLD.US,60,20250812,170000,0.3501,0.3544,0.346501,0.3511,10232,0
XHLD.US,60,20250812,180000,0.353,0.36,0.3516,0.3599,15261,0
XHLD.US,60,20250812,190000,0.359,0.3646,0.3515,0.35755,68853,0
XHLD.US,60,20250812,200000,0.36,0.367,0.3531,0.36205,52713,0
XHLD.US,60,20250812,210000,0.3668,0.3668,0.350601,0.3582,7181,0
XHLD.US,60,20250812,220000,0.3599,0.3666,0.3567,0.3665,6924,0
XHLD.US,60,20250813,160000,0.3555,0.365,0.3531,0.365,7439,0
XHLD.US,60,20250813,170000,0.3606,0.3793,0.3606,0.3735,13511,0
XHLD.US,60,20250813,180000,0.3766,0.3766,0.366,0.3705,40149,0
XHLD.US,60,20250813,190000,0.3749,0.3749,0.363,0.3696,13542,0
XHLD.US,60,20250813,200000,0.3696,0.3696,0.3599,0.3599,27836,0
XHLD.US,60,20250813,210000,0.3591,0.365,0.3581,0.3629,9184,0
XHLD.US,60,20250813,220000,0.3636,0.3714,0.3628,0.3714,18619,0
XHLD.US,60,20250814,160000,0.3682,0.3682,0.3601,0.3601,26646,0
XHLD.US,60,20250814,170000,0.36,0.3634,0.3542,0.355,16386,0
XHLD.US,60,20250814,180000,0.3541,0.3664,0.3535,0.3641,15878,0
XHLD.US,60,20250814,190000,0.3639,0.3679,0.3535,0.356,14313,0
XHLD.US,60,20250814,200000,0.3534,0.3543,0.33971,0.3458,80866,0
XHLD.US,60,20250814,210000,0.3457,0.3574,0.3229,0.3306,100231,0
XHLD.US,60,20250814,220000,0.3528,0.3528,0.3322,0.3399,46634,0
XHLD.US,60,20250815,160000,0.3315,0.3418,0.3315,0.3399,25555,0
XHLD.US,60,20250815,170000,0.3398,0.3414,0.332,0.3325,64001,0
XHLD.US,60,20250815,180000,0.333199,0.337,0.3313,0.337,73425,0
XHLD.US,60,20250815,190000,0.3399,0.34,0.335,0.3375,61910,0
XHLD.US,60,20250815,200000,0.3399,0.3399,0.33,0.3345,47219,0
XHLD.US,60,20250815,210000,0.3346,0.337,0.3346,0.337,17660,0
XHLD.US,60,20250815,220000,0.337,0.34,0.3311,0.3312,58250,0
XHLD.US,60,20250818,160000,0.3317,0.3355,0.3175,0.3225,127458,0
XHLD.US,60,20250818,170000,0.321689,0.3282,0.3101,0.3282,83009,0
XHLD.US,60,20250818,180000,0.3281,0.3281,0.315,0.3199,58869,0
XHLD.US,60,20250818,190000,0.32,0.3235,0.3154,0.3214,23319,0
XHLD.US,60,20250818,200000,0.32,0.334899,0.31835,0.3222,22006,0
XHLD.US,60,20250818,210000,0.333,0.333,0.3189,0.3235,4843,0
XHLD.US,60,20250818,220000,0.3253,0.335,0.3208,0.334,37857,0
XHLD.US,60,20250819,160000,0.335,0.3398,0.327499,0.3398,20999,0
XHLD.US,60,20250819,170000,0.33625,0.3453,0.327,0.335,35159,0
XHLD.US,60,20250819,180000,0.3264,0.3347,0.3217,0.32645,33776,0
XHLD.US,60,20250819,190000,0.3219,0.3347,0.3211,0.327,29383,0
XHLD.US,60,20250819,200000,0.3263,0.3263,0.3151,0.322149,35850,0
XHLD.US,60,20250819,210000,0.3261,0.3299,0.320501,0.32535,11600,0
XHLD.US,60,20250819,220000,0.3254,0.3254,0.3152,0.3203,25264,0
XHLD.US,60,20250820,160000,0.3535,0.3535,0.317,0.32,16642,0
XHLD.US,60,20250820,170000,0.3198,0.3207,0.3105,0.3105,50968,0
XHLD.US,60,20250820,180000,0.3171,0.3224,0.3128,0.3129,23353,0
XHLD.US,60,20250820,190000,0.313507,0.3203,0.3134,0.315,8022,0
XHLD.US,60,20250820,200000,0.3154,0.3206,0.3154,0.319,17901,0
XHLD.US,60,20250820,210000,0.322,0.322,0.313,0.3131,33097,0
XHLD.US,60,20250820,220000,0.313,0.3189,0.31,0.3189,26213,0
XHLD.US,60,20250821,160000,0.3189,0.329,0.3121,0.324,12770,0
XHLD.US,60,20250821,170000,0.3199,0.3199,0.3136,0.3136,6616,0
XHLD.US,60,20250821,180000,0.3142,0.3198,0.3136,0.3169,28926,0
XHLD.US,60,20250821,190000,0.3166,0.3166,0.3101,0.3147,49575,0
XHLD.US,60,20250821,200000,0.3101,0.3179,0.3101,0.316273,59759,0
XHLD.US,60,20250821,210000,0.311,0.3176,0.3101,0.3135,6927,0
XHLD.US,60,20250821,220000,0.3148,0.3187,0.3104,0.3187,25596,0
XHLD.US,60,20250822,160000,0.31,0.3127,0.3063,0.3063,96283,0
XHLD.US,60,20250822,170000,0.30894,0.3157,0.3064,0.3157,47093,0
XHLD.US,60,20250822,180000,0.3157,0.3221,0.3125,0.3125,28011,0
XHLD.US,60,20250822,190000,0.3145,0.32,0.3145,0.32,14507,0
XHLD.US,60,20250822,200000,0.3156,0.3329,0.3156,0.3242,73353,0
XHLD.US,60,20250822,210000,0.33,0.33,0.3211,0.3253,13496,0
XHLD.US,60,20250822,220000,0.3213,0.3307,0.3213,0.3293,25144,0
XHLD.US,60,20250825,160000,0.3264,0.3372,0.317501,0.3302,30457,0
XHLD.US,60,20250825,170000,0.33,0.3454,0.3264,0.3399,58568,0
XHLD.US,60,20250825,180000,0.3398,0.34,0.3341,0.3397,28386,0
XHLD.US,60,20250825,190000,0.3398,0.3398,0.334,0.3392,10031,0
XHLD.US,60,20250825,200000,0.3398,0.3398,0.3352,0.3368,13995,0
XHLD.US,60,20250825,210000,0.3349,0.34,0.3348,0.335,15665,0
XHLD.US,60,20250825,220000,0.335,0.34,0.3346,0.3353,63767,0
XHLD.US,60,20250826,160000,0.33,0.33,0.323201,0.32725,13770,0
XHLD.US,60,20250826,170000,0.3286,0.33,0.3181,0.3182,97543,0
XHLD.US,60,20250826,180000,0.3182,0.3274,0.3182,0.3212,6555,0
XHLD.US,60,20250826,190000,0.321601,0.3242,0.315,0.31505,56474,0
XHLD.US,60,20250826,200000,0.3151,0.3199,0.312,0.3126,28327,0
XHLD.US,60,20250826,210000,0.3196,0.3198,0.3125,0.3169,50306,0
XHLD.US,60,20250826,220000,0.3189,0.3198,0.316,0.3194,24522,0
XHLD.US,60,20250827,160000,0.3199,0.3245,0.318,0.3182,32034,0
XHLD.US,60,20250827,170000,0.3183,0.323,0.3115,0.319399,32590,0
XHLD.US,60,20250827,180000,0.3127,0.318195,0.3127,0.3152,19534,0
XHLD.US,60,20250827,190000,0.3152,0.3152,0.3124,0.3124,40826,0
XHLD.US,60,20250827,200000,0.3124,0.319,0.3114,0.3136,30813,0
XHLD.US,60,20250827,210000,0.31615,0.31615,0.3131,0.3135,6338,0
XHLD.US,60,20250827,220000,0.3155,0.319199,0.3132,0.3152,25418,0
XHLD.US,60,20250828,160000,0.3183,0.3186,0.3183,0.3186,4110,0
XHLD.US,60,20250828,170000,0.3193,0.3271,0.3191,0.3195,45125,0
XHLD.US,60,20250828,180000,0.3196,0.3196,0.316,0.316,35946,0
XHLD.US,60,20250828,190000,0.316,0.316,0.315,0.315,44671,0
XHLD.US,60,20250828,200000,0.315,0.3151,0.315,0.3151,12622,0
XHLD.US,60,20250828,210000,0.315,0.3195,0.315,0.3192,21889,0
XHLD.US,60,20250828,220000,0.3177,0.3199,0.3153,0.3199,21900,0
XHLD.US,60,20250829,160000,0.316,0.3241,0.316,0.324,24924,0
XHLD.US,60,20250829,170000,0.324,0.324,0.3158,0.3158,10828,0
XHLD.US,60,20250829,180000,0.3163,0.3227,0.3151,0.315299,54226,0
XHLD.US,60,20250829,190000,0.3153,0.3153,0.3152,0.3152,29029,0
XHLD.US,60,20250829,200000,0.3153,0.3153,0.3152,0.3153,17527,0
XHLD.US,60,20250829,210000,0.3152,0.3153,0.315,0.31505,19454,0
XHLD.US,60,20250829,220000,0.315099,0.3199,0.315099,0.3199,59054,0
XHLD.US,60,20250902,160000,0.3279,0.3498,0.3254,0.349,263632,0
XHLD.US,60,20250902,170000,0.3498,0.3683,0.33975,0.3398,491077,0
XHLD.US,60,20250902,180000,0.3402,0.344,0.3214,0.3232,256923,0
XHLD.US,60,20250902,190000,0.3241,0.3428,0.324,0.3336,117957,0
XHLD.US,60,20250902,200000,0.3315,0.338,0.3255,0.334249,31060,0
XHLD.US,60,20250902,210000,0.3336,0.3336,0.33,0.33,156881,0
XHLD.US,60,20250902,220000,0.3301,0.3435,0.33,0.3435,107384,0
XHLD.US,60,20250903,160000,0.3395,0.3395,0.324,0.325,50747,0
XHLD.US,60,20250903,170000,0.3299,0.3299,0.3161,0.3199,302873,0
XHLD.US,60,20250903,180000,0.3176,0.3199,0.3103,0.3198,239246,0
XHLD.US,60,20250903,190000,0.3195,0.3195,0.319,0.3191,52383,0
XHLD.US,60,20250903,200000,0.3191,0.3192,0.31511,0.3174,17873,0
XHLD.US,60,20250903,210000,0.3172,0.319,0.3134,0.3135,15976,0
XHLD.US,60,20250903,220000,0.31345,0.3191,0.3134,0.3191,31856,0
XHLD.US,60,20250904,160000,0.334,0.338,0.31,0.3113,291329,0
XHLD.US,60,20250904,170000,0.312,0.3196,0.3109,0.3109,201219,0
XHLD.US,60,20250904,180000,0.3109,0.3185,0.2904,0.2905,362992,0
XHLD.US,60,20250904,190000,0.2905,0.2981,0.2904,0.2935,179821,0
XHLD.US,60,20250904,200000,0.2935,0.3153,0.2905,0.3153,331834,0
XHLD.US,60,20250904,210000,0.3167,0.33,0.3094,0.3167,316883,0
XHLD.US,60,20250904,220000,0.313,0.3149,0.305,0.3069,163500,0
XHLD.US,60,20250905,160000,0.3,0.3031,0.295,0.299,147276,0
XHLD.US,60,20250905,170000,0.299,0.2998,0.2925,0.2929,148493,0
XHLD.US,60,20250905,180000,0.292549,0.3062,0.292549,0.3033,192218,0
XHLD.US,60,20250905,190000,0.3033,0.3033,0.295,0.295901,100304,0
XHLD.US,60,20250905,200000,0.2963,0.3018,0.295,0.2956,51077,0
XHLD.US,60,20250905,210000,0.2946,0.2946,0.2919,0.2921,44125,0
XHLD.US,60,20250905,220000,0.2921,0.2921,0.289,0.2894,133209,0
XHLD.US,60,20250908,160000,0.294,0.2968,0.2843,0.2843,62542,0
XHLD.US,60,20250908,170000,0.2829,0.2873,0.2812,0.2861,136606,0
XHLD.US,60,20250908,180000,0.2861,0.2861,0.2822,0.2826,109955,0
XHLD.US,60,20250908,190000,0.2827,0.285958,0.2826,0.2829,142890,0
XHLD.US,60,20250908,200000,0.2831,0.287,0.2829,0.2835,71950,0
XHLD.US,60,20250908,210000,0.2835,0.2945,0.2835,0.2943,92143,0
XHLD.US,60,20250908,220000,0.2906,0.2923,0.287,0.292299,45507,0
XHLD.US,60,20250909,160000,0.3,0.3099,0.2905,0.3009,294435,0
XHLD.US,60,20250909,170000,0.3051,0.3198,0.3011,0.3198,489844,0
XHLD.US,60,20250909,180000,0.318,0.325,0.318,0.323549,111609,0
XHLD.US,60,20250909,190000,0.3244,0.33,0.3219,0.322,205433,0
XHLD.US,60,20250909,200000,0.322,0.3276,0.3218,0.3275,86569,0
XHLD.US,60,20250909,210000,0.3272,0.3377,0.31981,0.319851,209751,0
XHLD.US,60,20250909,220000,0.3199,0.3254,0.3159,0.3244,102782,0
XHLD.US,60,20250910,160000,0.3222,0.339,0.3203,0.3312,172127,0
XHLD.US,60,20250910,170000,0.3314,0.344,0.3273,0.3283,309740,0
XHLD.US,60,20250910,180000,0.333,0.3439,0.3282,0.340601,28853,0
XHLD.US,60,20250910,190000,0.340701,0.3444,0.3319,0.3444,50181,0
XHLD.US,60,20250910,200000,0.3444,0.347,0.3365,0.3381,149025,0
XHLD.US,60,20250910,210000,0.338,0.3451,0.33735,0.340014,122030,0
XHLD.US,60,20250910,220000,0.34,0.3444,0.3332,0.3413,107707,0
XHLD.US,60,20250911,160000,0.3335,0.340999,0.32825,0.3302,60191,0
XHLD.US,60,20250911,170000,0.3297,0.3377,0.3295,0.3302,113549,0
XHLD.US,60,20250911,180000,0.3301,0.3302,0.322,0.3228,79309,0
XHLD.US,60,20250911,190000,0.32275,0.330599,0.322,0.3223,44689,0
XHLD.US,60,20250911,200000,0.3223,0.3305,0.3221,0.3289,50803,0
XHLD.US,60,20250911,210000,0.3289,0.338,0.3286,0.3297,34642,0
XHLD.US,60,20250911,220000,0.329701,0.336799,0.329701,0.3308,94626,0
XHLD.US,60,20250912,160000,0.3375,0.3479,0.3375,0.34,30023,0
XHLD.US,60,20250912,170000,0.3445,0.345,0.3398,0.3399,135452,0
XHLD.US,60,20250912,180000,0.3399,0.3399,0.3358,0.3361,74733,0
XHLD.US,60,20250912,190000,0.3361,0.3399,0.336,0.3373,51276,0
XHLD.US,60,20250912,200000,0.33745,0.3448,0.3374,0.3441,31293,0
XHLD.US,60,20250912,210000,0.3427,0.3435,0.341,0.3435,38105,0
XHLD.US,60,20250912,220000,0.3434,0.3447,0.34,0.3445,45526,0
XHLD.US,60,20250915,160000,0.3395,0.3445,0.338,0.3424,36436,0
XHLD.US,60,20250915,170000,0.3438,0.348,0.34,0.34,152183,0
XHLD.US,60,20250915,180000,0.3392,0.3392,0.329,0.3315,36722,0
XHLD.US,60,20250915,190000,0.3309,0.3315,0.325,0.3251,41952,0
XHLD.US,60,20250915,200000,0.326701,0.3312,0.3267,0.3291,11231,0
XHLD.US,60,20250915,210000,0.3297,0.3333,0.3255,0.3299,32012,0
XHLD.US,60,20250915,220000,0.3276,0.3337,0.3271,0.333,12103,0
XHLD.US,60,20250916,160000,0.3285,0.3361,0.3285,0.3357,39316,0
XHLD.US,60,20250916,170000,0.33165,0.3375,0.33,0.33501,75690,0
XHLD.US,60,20250916,180000,0.3384,0.3398,0.335,0.3351,44933,0
XHLD.US,60,20250916,190000,0.3366,0.3366,0.3291,0.333,75316,0
XHLD.US,60,20250916,200000,0.3341,0.3393,0.333,0.3383,71505,0
XHLD.US,60,20250916,210000,0.3384,0.3384,0.3352,0.338,25330,0
XHLD.US,60,20250916,220000,0.3354,0.35,0.335,0.3494,121365,0
XHLD.US,60,20250917,160000,0.3427,0.347,0.341,0.343,59542,0
XHLD.US,60,20250917,170000,0.3457,0.3461,0.3402,0.345,106109,0
XHLD.US,60,20250917,180000,0.346,0.3574,0.3402,0.3526,81394,0
XHLD.US,60,20250917,190000,0.3545,0.357,0.3501,0.3538,42876,0
XHLD.US,60,20250917,200000,0.3539,0.3575,0.3539,0.35545,8575,0
XHLD.US,60,20250917,210000,0.357,0.3591,0.3402,0.3484,108574,0
XHLD.US,60,20250917,220000,0.3458,0.3566,0.3458,0.3513,34275,0
XHLD.US,60,20250918,160000,0.36,0.3632,0.35,0.352149,108825,0
XHLD.US,60,20250918,170000,0.3521,0.354,0.3407,0.3407,75474,0
XHLD.US,60,20250918,180000,0.3407,0.3409,0.3314,0.3379,86659,0
XHLD.US,60,20250918,190000,0.337,0.3404,0.3342,0.3402,30322,0
XHLD.US,60,20250918,200000,0.335981,0.3401,0.335701,0.338,43720,0
XHLD.US,60,20250918,210000,0.3359,0.3378,0.3272,0.3301,56730,0
XHLD.US,60,20250918,220000,0.3301,0.3352,0.328,0.3352,48973,0
XHLD.US,60,20250919,160000,0.3251,0.338,0.3251,0.3314,38783,0
XHLD.US,60,20250919,170000,0.3321,0.3326,0.3255,0.3271,74487,0
XHLD.US,60,20250919,180000,0.3272,0.333999,0.3271,0.3276,66431,0
XHLD.US,60,20250919,190000,0.3276,0.33375,0.3276,0.3311,46600,0
XHLD.US,60,20250919,200000,0.3309,0.3309,0.3255,0.3295,20573,0
XHLD.US,60,20250919,210000,0.3296,0.33,0.3284,0.3284,13957,0
XHLD.US,60,20250919,220000,0.3284,0.334,0.3257,0.328,148748,0
XHLD.US,60,20250922,160000,0.3248,0.33,0.3221,0.326099,63860,0
XHLD.US,60,20250922,170000,0.33,0.33,0.3222,0.322399,25555,0
XHLD.US,60,20250922,180000,0.3223,0.3261,0.320197,0.3229,66314,0
XHLD.US,60,20250922,190000,0.3231,0.3256,0.3203,0.321169,74496,0
XHLD.US,60,20250922,200000,0.3206,0.3231,0.3151,0.3151,123722,0
XHLD.US,60,20250922,210000,0.3152,0.3208,0.3152,0.318082,35492,0
XHLD.US,60,20250922,220000,0.3174,0.3227,0.3152,0.3227,48311,0
XHLD.US,60,20250923,160000,0.3201,0.3299,0.3201,0.3275,41162,0
XHLD.US,60,20250923,170000,0.3256,0.33,0.325,0.326,117693,0
XHLD.US,60,20250923,180000,0.3256,0.3269,0.32,0.3245,44789,0
XHLD.US,60,20250923,190000,0.3245,0.3245,0.3202,0.322,46334,0
XHLD.US,60,20250923,200000,0.322,0.322,0.3163,0.3192,82817,0
XHLD.US,60,20250923,210000,0.3192,0.3215,0.3171,0.3214,36188,0
XHLD.US,60,20250923,220000,0.3214,0.3214,0.3172,0.32,10427,0
XHLD.US,60,20250924,160000,0.335,0.335,0.3185,0.3186,40494,0
XHLD.US,60,20250924,170000,0.3186,0.32,0.3165,0.3182,108536,0
XHLD.US,60,20250924,180000,0.3182,0.32,0.3182,0.3196,15961,0
XHLD.US,60,20250924,190000,0.3191,0.3191,0.3157,0.3188,65782,0
XHLD.US,60,20250924,200000,0.3162,0.3188,0.3161,0.3186,22805,0
XHLD.US,60,20250924,210000,0.3185,0.3299,0.3181,0.327,30157,0
XHLD.US,60,20250924,220000,0.326,0.326,0.3217,0.3234,8856,0
XHLD.US,60,20250925,160000,0.3234,0.3235,0.3045,0.3091,79453,0
XHLD.US,60,20250925,170000,0.3067,0.32,0.305,0.313,44495,0
XHLD.US,60,20250925,180000,0.3198,0.3267,0.3159,0.3161,72863,0
XHLD.US,60,20250925,190000,0.316,0.316,0.3113,0.3114,14744,0
XHLD.US,60,20250925,200000,0.3146,0.3192,0.3124,0.3169,19505,0
XHLD.US,60,20250925,210000,0.31655,0.31655,0.312,0.3125,11615,0
XHLD.US,60,20250925,220000,0.3126,0.3156,0.3113,0.315,24628,0
XHLD.US,60,20250926,160000,0.3045,0.3105,0.301001,0.3084,45064,0
XHLD.US,60,20250926,170000,0.3071,0.3073,0.302,0.304999,93059,0
XHLD.US,60,20250926,180000,0.305,0.3101,0.3037,0.3068,43334,0
XHLD.US,60,20250926,190000,0.3055,0.3061,0.3043,0.3061,78484,0
XHLD.US,60,20250926,200000,0.3061,0.3106,0.303,0.303401,17108,0
XHLD.US,60,20250926,210000,0.3038,0.3094,0.302,0.302,98905,0
XHLD.US,60,20250926,220000,0.30205,0.3089,0.301,0.308,81669,0
XHLD.US,60,20250929,160000,0.308,0.3099,0.3011,0.301801,69120,0
XHLD.US,60,20250929,170000,0.3018,0.3048,0.2976,0.3042,164321,0
XHLD.US,60,20250929,180000,0.298,0.2999,0.2966,0.2977,155690,0
XHLD.US,60,20250929,190000,0.29775,0.29775,0.2938,0.29385,40779,0
XHLD.US,60,20250929,200000,0.29385,0.299399,0.2938,0.2968,40887,0
XHLD.US,60,20250929,210000,0.2968,0.2978,0.2938,0.2961,10201,0
XHLD.US,60,20250929,220000,0.296,0.2993,0.294,0.298,41732,0
XHLD.US,60,20250930,160000,0.3,0.31,0.2981,0.30595,93220,0
XHLD.US,60,20250930,170000,0.31,0.3275,0.303,0.31758,411776,0
XHLD.US,60,20250930,180000,0.3167,0.3271,0.3156,0.321501,95678,0
XHLD.US,60,20250930,190000,0.3201,0.3298,0.3201,0.3202,109841,0
XHLD.US,60,20250930,200000,0.3203,0.3277,0.3201,0.32509,147788,0
XHLD.US,60,20250930,210000,0.325,0.3372,0.325,0.334251,152824,0
XHLD.US,60,20250930,220000,0.3334,0.3652,0.3313,0.3523,1239234,0
XHLD.US,60,20251001,160000,0.34,0.3548,0.336,0.338,419391,0
XHLD.US,60,20251001,170000,0.338,0.3498,0.33,0.3369,628210,0
XHLD.US,60,20251001,180000,0.3351,0.3389,0.3207,0.325,235146,0
XHLD.US,60,20251001,190000,0.325,0.3549,0.325,0.354,429454,0
XHLD.US,60,20251001,200000,0.350901,0.3539,0.3449,0.3539,140623,0
XHLD.US,60,20251001,210000,0.351,0.3548,0.35,0.3521,105662,0
XHLD.US,60,20251001,220000,0.3515,0.3523,0.33,0.3425,194843,0
XHLD.US,60,20251002,160000,0.3432,0.3491,0.341,0.341,56152,0
XHLD.US,60,20251002,170000,0.3411,0.3428,0.331,0.3318,149668,0
XHLD.US,60,20251002,180000,0.3331,0.3477,0.3314,0.3445,62992,0
XHLD.US,60,20251002,190000,0.3445,0.3477,0.341,0.3441,55154,0
XHLD.US,60,20251002,200000,0.3445,0.3846,0.342,0.3637,319848,0
XHLD.US,60,20251002,210000,0.3634,0.3638,0.3464,0.3529,203196,0
XHLD.US,60,20251002,220000,0.352,0.3567,0.3452,0.3522,140842,0
XHLD.US,60,20251003,160000,0.3585,0.36,0.34,0.3423,58512,0
XHLD.US,60,20251003,170000,0.34,0.3499,0.336,0.3485,380054,0
XHLD.US,60,20251003,180000,0.3483,0.35,0.3389,0.3407,165512,0
XHLD.US,60,20251003,190000,0.3445,0.35,0.3399,0.3462,140635,0
XHLD.US,60,20251003,200000,0.3496,0.3874,0.3479,0.3735,1195906,0
XHLD.US,60,20251003,210000,0.373087,0.375,0.3654,0.366001,329932,0
XHLD.US,60,20251003,220000,0.3663,0.4,0.366,0.3897,833284,0
XHLD.US,60,20251006,160000,0.3881,0.3912,0.3421,0.364,342817,0
XHLD.US,60,20251006,170000,0.364,0.365521,0.3507,0.35095,447389,0
XHLD.US,60,20251006,180000,0.351,0.359,0.345,0.3459,312652,0
XHLD.US,60,20251006,190000,0.3458,0.3499,0.34,0.3401,399090,0
XHLD.US,60,20251006,200000,0.3401,0.3437,0.3303,0.3437,982011,0
XHLD.US,60,20251006,210000,0.346,0.35,0.3393,0.3437,619933,0
XHLD.US,60,20251006,220000,0.3455,0.3455,0.32,0.3244,745952,0
XHLD.US,60,20251007,160000,0.3361,0.3395,0.3295,0.3298,118678,0
XHLD.US,60,20251007,170000,0.3298,0.3298,0.329,0.3291,73782,0
XHLD.US,60,20251007,180000,0.3291,0.3291,0.315,0.317001,211084,0
XHLD.US,60,20251007,190000,0.3185,0.3263,0.317,0.3263,88368,0
XHLD.US,60,20251007,200000,0.3275,0.3289,0.3176,0.3261,82318,0
XHLD.US,60,20251007,210000,0.3261,0.3289,0.32005,0.32005,138924,0
XHLD.US,60,20251007,220000,0.3201,0.3201,0.31755,0.3188,90676,0
XHLD.US,60,20251008,160000,0.32,0.32,0.3102,0.3129,227168,0
XHLD.US,60,20251008,170000,0.3143,0.3178,0.31,0.3177,254250,0
XHLD.US,60,20251008,180000,0.317,0.3295,0.317,0.3212,88683,0
XHLD.US,60,20251008,190000,0.32115,0.3258,0.313,0.3191,94859,0
XHLD.US,60,20251008,200000,0.3205,0.3211,0.3189,0.3198,37360,0
XHLD.US,60,20251008,210000,0.319,0.3196,0.3138,0.3138,40149,0
XHLD.US,60,20251008,220000,0.3139,0.3232,0.3138,0.3232,95853,0
XHLD.US,60,20251009,160000,0.3232,0.3232,0.3161,0.3177,69828,0
XHLD.US,60,20251009,170000,0.3167,0.3172,0.31,0.3148,209914,0
XHLD.US,60,20251009,180000,0.3111,0.3127,0.311,0.3111,155306,0
XHLD.US,60,20251009,190000,0.3112,0.3112,0.3022,0.3049,299541,0
XHLD.US,60,20251009,200000,0.305,0.308099,0.3,0.308099,154884,0
XHLD.US,60,20251009,210000,0.3054,0.3124,0.303,0.307,125240,0
XHLD.US,60,20251009,220000,0.3086,0.3199,0.3079,0.319199,107219,0
XHLD.US,60,20251010,160000,0.325,0.325,0.3089,0.3125,107941,0
XHLD.US,60,20251010,170000,0.3125,0.3126,0.3027,0.3027,106658,0
XHLD.US,60,20251010,180000,0.3025,0.3098,0.2937,0.295,230990,0
XHLD.US,60,20251010,190000,0.2964,0.302,0.295,0.295201,128334,0
XHLD.US,60,20251010,200000,0.2951,0.301599,0.2876,0.2876,245429,0
XHLD.US,60,20251010,210000,0.2885,0.2991,0.28,0.29,276257,0
XHLD.US,60,20251010,220000,0.2901,0.295199,0.28,0.288,152121,0
XHLD.US,60,20251013,160000,0.31,0.31,0.2901,0.2901,75570,0
XHLD.US,60,20251013,170000,0.2902,0.3078,0.29,0.2981,205799,0
XHLD.US,60,20251013,180000,0.298,0.305,0.2957,0.3043,75173,0
XHLD.US,60,20251013,190000,0.3024,0.3097,0.3011,0.3058,30622,0
XHLD.US,60,20251013,200000,0.3095,0.31,0.2963,0.2963,132504,0
XHLD.US,60,20251013,210000,0.2963,0.2963,0.2901,0.2909,40127,0
XHLD.US,60,20251013,220000,0.2909,0.305,0.2908,0.305,44289,0
XHLD.US,60,20251014,160000,0.2949,0.2994,0.2816,0.2826,182865,0
XHLD.US,60,20251014,170000,0.2829,0.2962,0.2751,0.2856,285306,0
XHLD.US,60,20251014,180000,0.285,0.2855,0.2823,0.285499,50160,0
XHLD.US,60,20251014,190000,0.2854,0.2855,0.28201,0.285,60965,0
XHLD.US,60,20251014,200000,0.284,0.285,0.2775,0.2775,146443,0
XHLD.US,60,20251014,210000,0.2776,0.2813,0.2775,0.279,34068,0
XHLD.US,60,20251014,220000,0.279,0.285,0.2783,0.2803,85325,0
XHLD.US,60,20251015,160000,0.2776,0.295892,0.2776,0.2855,386454,0
XHLD.US,60,20251015,170000,0.2853,0.28899,0.281,0.2866,204988,0
XHLD.US,60,20251015,180000,0.2863,0.3012,0.2863,0.294,195778,0
XHLD.US,60,20251015,190000,0.2958,0.2958,0.2856,0.292999,108964,0
XHLD.US,60,20251015,200000,0.293,0.293,0.2809,0.2845,159673,0
XHLD.US,60,20251015,210000,0.2851,0.2928,0.2822,0.289799,31073,0
XHLD.US,60,20251015,220000,0.2895,0.292,0.2864,0.292,15722,0
XHLD.US,60,20251016,160000,0.292,0.2977,0.2818,0.284249,94903,0
XHLD.US,60,20251016,170000,0.284251,0.2897,0.2825,0.2836,147905,0
XHLD.US,60,20251016,180000,0.2862,0.2888,0.282,0.2827,79754,0
XHLD.US,60,20251016,190000,0.2826,0.2887,0.2775,0.2789,208996,0
XHLD.US,60,20251016,200000,0.2799,0.281599,0.275,0.2758,114117,0
XHLD.US,60,20251016,210000,0.2758,0.2777,0.275,0.2756,148063,0
XHLD.US,60,20251016,220000,0.2755,0.2778,0.275,0.2751,130302,0
XHLD.US,60,20251017,160000,0.2695,0.2726,0.257,0.26475,96765,0
XHLD.US,60,20251017,170000,0.264,0.2721,0.260001,0.2714,137285,0
XHLD.US,60,20251017,180000,0.27,0.2718,0.265,0.2694,97737,0
XHLD.US,60,20251017,190000,0.2701,0.272,0.2687,0.2708,33457,0
XHLD.US,60,20251017,200000,0.2685,0.2706,0.2632,0.2639,124744,0
XHLD.US,60,20251017,210000,0.2657,0.268,0.2605,0.2622,62325,0
XHLD.US,60,20251017,220000,0.2622,0.2649,0.2606,0.2606,57129,0
XHLD.US,60,20251020,160000,0.27,0.2751,0.2662,0.2704,34299,0
XHLD.US,60,20251020,170000,0.2693,0.2718,0.2671,0.2686,63342,0
XHLD.US,60,20251020,180000,0.2697,0.2749,0.2676,0.2744,92305,0
XHLD.US,60,20251020,190000,0.2723,0.273691,0.27,0.2708,11026,0
XHLD.US,60,20251020,200000,0.2707,0.2737,0.27,0.2715,58339,0
XHLD.US,60,20251020,210000,0.271551,0.276,0.27,0.27035,31637,0
XHLD.US,60,20251020,220000,0.2723,0.2744,0.2701,0.273,36844,0
XHLD.US,60,20251021,160000,0.2692,0.2795,0.2692,0.2794,187083,0
XHLD.US,60,20251021,170000,0.27865,0.27865,0.2675,0.2729,107631,0
XHLD.US,60,20251021,180000,0.2711,0.273,0.268,0.2684,93240,0
XHLD.US,60,20251021,190000,0.2675,0.2675,0.2652,0.2667,10678,0
XHLD.US,60,20251021,200000,0.2674,0.268,0.2619,0.2651,35637,0
XHLD.US,60,20251021,210000,0.2624,0.264364,0.26015,0.2623,75765,0
XHLD.US,60,20251021,220000,0.2623,0.2636,0.2553,0.2599,122723,0
XHLD.US,60,20251022,160000,0.26,0.279,0.2551,0.2573,261904,0
XHLD.US,60,20251022,170000,0.2577,0.2611,0.255,0.2583,54361,0
XHLD.US,60,20251022,180000,0.2561,0.265699,0.2556,0.25955,175838,0
XHLD.US,60,20251022,190000,0.25955,0.2613,0.2564,0.2572,52495,0
XHLD.US,60,20251022,200000,0.25765,0.2581,0.2567,0.2567,15827,0
XHLD.US,60,20251022,210000,0.2568,0.260799,0.2568,0.2597,41548,0
XHLD.US,60,20251022,220000,0.2607,0.265,0.2586,0.2637,52724,0
XHLD.US,60,20251023,160000,0.2558,0.264,0.2552,0.2639,69364,0
XHLD.US,60,20251023,170000,0.264,0.27,0.26,0.2638,97340,0
XHLD.US,60,20251023,180000,0.264,0.2649,0.2605,0.262,34786,0
XHLD.US,60,20251023,190000,0.2621,0.2644,0.2586,0.2642,46975,0
XHLD.US,60,20251023,200000,0.2615,0.2615,0.2559,0.2614,179199,0
XHLD.US,60,20251023,210000,0.2614,0.2615,0.2576,0.2592,57496,0
XHLD.US,60,20251023,220000,0.2577,0.2608,0.2555,0.258,46586,0
XHLD.US,60,20251024,160000,0.257,0.2621,0.257,0.2611,25958,0
XHLD.US,60,20251024,170000,0.2646,0.2799,0.2616,0.2662,278502,0
XHLD.US,60,20251024,180000,0.2644,0.2666,0.2616,0.2618,95594,0
XHLD.US,60,20251024,190000,0.26171,0.2681,0.2617,0.2655,29830,0
XHLD.US,60,20251024,200000,0.2655,0.2681,0.2626,0.2669,59721,0
XHLD.US,60,20251024,210000,0.2669,0.2799,0.266,0.2757,90605,0
XHLD.US,60,20251024,220000,0.2754,0.2779,0.2653,0.2653,169002,0
XHLD.US,60,20251027,150000,0.2746,0.279,0.2716,0.2726,169467,0
XHLD.US,60,20251027,160000,0.2751,0.27969,0.2667,0.2754,224247,0
XHLD.US,60,20251027,170000,0.2769,0.2822,0.2739,0.2784,185349,0
XHLD.US,60,20251027,180000,0.2787,0.2818,0.27,0.275,160287,0
XHLD.US,60,20251027,190000,0.27365,0.2805,0.2705,0.28,135736,0
XHLD.US,60,20251027,200000,0.2805,0.2821,0.27,0.2709,255128,0
XHLD.US,60,20251027,210000,0.2704,0.28,0.27,0.2798,81746,0
XHLD.US,60,20251028,150000,0.48275,0.7185,0.474,0.6549,162581622,0
XHLD.US,60,20251028,160000,0.6534,0.898,0.64,0.7297,221143857,0
XHLD.US,60,20251028,170000,0.727,0.7573,0.5211,0.532,89681597,0
XHLD.US,60,20251028,180000,0.5321,0.62,0.5097,0.5744,55684523,0
XHLD.US,60,20251028,190000,0.5727,0.585,0.4661,0.4694,24179147,0
XHLD.US,60,20251028,200000,0.4692,0.5894,0.4666,0.4898,36289305,0
XHLD.US,60,20251028,210000,0.4928,0.54,0.425,0.425,28940749,0
XHLD.US,60,20251029,150000,0.3597,0.46,0.358,0.389,6071830,0
XHLD.US,60,20251029,160000,0.389,0.4,0.35,0.35675,3324807,0
XHLD.US,60,20251029,170000,0.35675,0.39,0.3551,0.3841,1645093,0
XHLD.US,60,20251029,180000,0.383,0.383,0.35675,0.356916,976385,0
XHLD.US,60,20251029,190000,0.357,0.375,0.3545,0.3688,742947,0
XHLD.US,60,20251029,200000,0.3717,0.38,0.355,0.35505,738726,0
XHLD.US,60,20251029,210000,0.3551,0.3657,0.3412,0.3526,1264936,0
XHLD.US,60,20251030,150000,0.34,0.35,0.326,0.343799,608431,0
XHLD.US,60,20251030,160000,0.3409,0.349,0.3202,0.3366,825013,0
XHLD.US,60,20251030,170000,0.3346,0.3425,0.3255,0.3302,591716,0
XHLD.US,60,20251030,180000,0.33,0.3364,0.3251,0.3281,480123,0
XHLD.US,60,20251030,190000,0.3339,0.3378,0.325,0.326,366551,0
XHLD.US,60,20251030,200000,0.3252,0.3311,0.324,0.3251,260102,0
XHLD.US,60,20251030,210000,0.3254,0.335,0.3172,0.3273,374046,0
XHLD.US,60,20251031,150000,0.315,0.3177,0.3011,0.3035,481607,0
XHLD.US,60,20251031,160000,0.305,0.307,0.29,0.3024,1085785,0
XHLD.US,60,20251031,170000,0.3028,0.3073,0.29161,0.3046,361578,0
XHLD.US,60,20251031,180000,0.3043,0.305,0.2905,0.2919,211924,0
XHLD.US,60,20251031,190000,0.2917,0.2968,0.2902,0.294,156900,0
XHLD.US,60,20251031,200000,0.2942,0.3075,0.2942,0.3,276274,0
XHLD.US,60,20251031,210000,0.3,0.3018,0.2917,0.295,259494,0
XHLD.US,60,20251103,160000,0.3061,0.3348,0.306,0.3201,900824,0
XHLD.US,60,20251103,170000,0.32255,0.3344,0.3061,0.329787,1027248,0
XHLD.US,60,20251103,180000,0.3288,0.3601,0.327,0.3523,1525690,0
XHLD.US,60,20251103,190000,0.3505,0.36005,0.3401,0.3433,983520,0
XHLD.US,60,20251103,200000,0.342,0.3683,0.3408,0.3585,891713,0
XHLD.US,60,20251103,210000,0.3584,0.3749,0.3223,0.35365,1254442,0
XHLD.US,60,20251103,220000,0.3515,0.3686,0.3418,0.3619,601011,0
XHLD.US,60,20251104,160000,0.3402,0.3624,0.3326,0.3517,263477,0
XHLD.US,60,20251104,170000,0.35,0.35,0.3248,0.3324,434332,0
XHLD.US,60,20251104,180000,0.3295,0.3369,0.3201,0.3326,138944,0
XHLD.US,60,20251104,190000,0.3307,0.3336,0.3258,0.3299,109340,0
XHLD.US,60,20251104,200000,0.3297,0.334401,0.328,0.3333,64978,0
XHLD.US,60,20251104,210000,0.3344,0.3457,0.3323,0.3412,112469,0
XHLD.US,60,20251104,220000,0.3412,0.34305,0.3195,0.3276,534033,0
XHLD.US,60,20251105,160000,0.3201,0.35,0.3198,0.3452,127685,0
XHLD.US,60,20251105,170000,0.3449,0.365,0.3394,0.362,327051,0
XHLD.US,60,20251105,180000,0.3648,0.3648,0.3395,0.3434,400784,0
XHLD.US,60,20251105,190000,0.3454,0.3482,0.320101,0.33,250683,0
XHLD.US,60,20251105,200000,0.3276,0.34,0.3276,0.33325,126652,0
XHLD.US,60,20251105,210000,0.3308,0.33455,0.3253,0.3285,146556,0
XHLD.US,60,20251105,220000,0.331,0.3379,0.3215,0.3379,125722,0
XHLD.US,60,20251106,160000,0.3266,0.3419,0.3265,0.3302,135931,0
XHLD.US,60,20251106,170000,0.3301,0.3309,0.3074,0.313,171290,0
XHLD.US,60,20251106,180000,0.3075,0.3137,0.30445,0.31,168722,0
XHLD.US,60,20251106,190000,0.3091,0.3149,0.3041,0.3134,36957,0
XHLD.US,60,20251106,200000,0.3134,0.3147,0.306,0.307,84835,0
XHLD.US,60,20251106,210000,0.3071,0.3087,0.3051,0.3061,81086,0
XHLD.US,60,20251106,220000,0.307,0.3089,0.3041,0.3053,122730,0
XHLD.US,60,20251107,160000,0.3,0.309,0.293,0.297,238368,0
XHLD.US,60,20251107,170000,0.2971,0.2971,0.2857,0.2857,216370,0
XHLD.US,60,20251107,180000,0.2855,0.28999,0.2815,0.28735,137866,0
XHLD.US,60,20251107,190000,0.2874,0.2919,0.285,0.2914,161244,0
XHLD.US,60,20251107,200000,0.2914,0.2917,0.2853,0.2903,11883,0
XHLD.US,60,20251107,210000,0.289,0.2962,0.289,0.2932,34160,0
XHLD.US,60,20251107,220000,0.2903,0.29999,0.29,0.2997,101824,0
XHLD.US,60,20251110,160000,0.282,0.306346,0.282,0.2948,197562,0
XHLD.US,60,20251110,170000,0.2948,0.2948,0.2817,0.284,319477,0
XHLD.US,60,20251110,180000,0.2887,0.2899,0.2815,0.2865,275506,0
XHLD.US,60,20251110,190000,0.28645,0.2899,0.2816,0.2898,275504,0
XHLD.US,60,20251110,200000,0.2858,0.2885,0.2802,0.283,121936,0
XHLD.US,60,20251110,210000,0.2835,0.2835,0.2786,0.2795,143702,0
XHLD.US,60,20251110,220000,0.28,0.2835,0.277,0.277,108702,0
XHLD.US,60,20251111,160000,0.2611,0.28046,0.2611,0.2702,190615,0
XHLD.US,60,20251111,170000,0.2706,0.2748,0.2666,0.271715,105647,0
XHLD.US,60,20251111,180000,0.2702,0.2726,0.2666,0.2701,43978,0
XHLD.US,60,20251111,190000,0.2712,0.2722,0.2666,0.2707,69085,0
XHLD.US,60,20251111,200000,0.2697,0.2721,0.2666,0.2685,47920,0
XHLD.US,60,20251111,210000,0.2685,0.2786,0.2671,0.2732,216505,0
XHLD.US,60,20251111,220000,0.2777,0.2794,0.2715,0.2794,140511,0
XHLD.US,60,20251112,160000,0.2678,0.2793,0.2667,0.2765,71642,0
XHLD.US,60,20251112,170000,0.275,0.2791,0.271,0.2711,221020,0
XHLD.US,60,20251112,180000,0.2711,0.27675,0.265,0.269384,121054,0
XHLD.US,60,20251112,190000,0.2675,0.2693,0.2614,0.26655,53458,0
XHLD.US,60,20251112,200000,0.267,0.269,0.2613,0.26525,37528,0
XHLD.US,60,20251112,210000,0.26525,0.2674,0.2613,0.265,59134,0
XHLD.US,60,20251112,220000,0.26345,0.2699,0.26,0.2699,169858,0
XHLD.US,60,20251113,160000,0.26,0.2726,0.26,0.272,358270,0
XHLD.US,60,20251113,170000,0.271501,0.2764,0.189,0.2121,1940774,0
XHLD.US,60,20251113,180000,0.214099,0.225,0.2057,0.2217,901614,0
XHLD.US,60,20251113,190000,0.2205,0.2227,0.2148,0.2148,160672,0
XHLD.US,60,20251113,200000,0.215,0.2199,0.2082,0.2118,198576,0
XHLD.US,60,20251113,210000,0.2118,0.2228,0.208,0.2222,232670,0
XHLD.US,60,20251113,220000,0.2229,0.2305,0.2221,0.2249,231178,0
XHLD.US,60,20251114,160000,0.238,0.238,0.2205,0.2252,82269,0
XHLD.US,60,20251114,170000,0.2268,0.2268,0.2199,0.2214,88572,0
XHLD.US,60,20251114,180000,0.2214,0.2229,0.2151,0.2173,89057,0
XHLD.US,60,20251114,190000,0.2184,0.2184,0.2104,0.215,158986,0
XHLD.US,60,20251114,200000,0.2107,0.215,0.2106,0.214522,121045,0
XHLD.US,60,20251114,210000,0.214532,0.215,0.2111,0.2145,58312,0
XHLD.US,60,20251114,220000,0.213,0.231,0.2128,0.231,110831,0
XHLD.US,60,20251117,160000,0.2156,0.2345,0.2152,0.2187,107907,0
XHLD.US,60,20251117,170000,0.2186,0.2219,0.211301,0.22,72194,0
XHLD.US,60,20251117,180000,0.2196,0.22,0.2154,0.2198,54994,0
XHLD.US,60,20251117,190000,0.2155,0.2198,0.2154,0.219,35141,0
XHLD.US,60,20251117,200000,0.2166,0.2182,0.2109,0.2118,276470,0
XHLD.US,60,20251117,210000,0.211,0.2135,0.2077,0.2081,168306,0
XHLD.US,60,20251117,220000,0.2081,0.2086,0.195,0.1981,167499,0
XHLD.US,60,20251118,160000,0.2003,0.2003,0.1956,0.197,32466,0
XHLD.US,60,20251118,170000,0.1955,0.196609,0.19,0.1936,211034,0
XHLD.US,60,20251118,180000,0.1934,0.198099,0.1917,0.1959,45962,0
XHLD.US,60,20251118,190000,0.195,0.203,0.1933,0.20254,71889,0
XHLD.US,60,20251118,200000,0.1973,0.204,0.1973,0.2039,42778,0
XHLD.US,60,20251118,210000,0.201,0.2043,0.201,0.2038,28497,0
XHLD.US,60,20251118,220000,0.2021,0.2058,0.2,0.205,45752,0
XHLD.US,60,20251119,160000,0.2085,0.2122,0.205,0.2089,180303,0
XHLD.US,60,20251119,170000,0.2069,0.2147,0.2051,0.21102,94107,0
XHLD.US,60,20251119,180000,0.2106,0.2109,0.2061,0.2108,26138,0
XHLD.US,60,20251119,190000,0.2109,0.2139,0.2079,0.2127,21892,0
XHLD.US,60,20251119,200000,0.213,0.213,0.207701,0.2086,10672,0
XHLD.US,60,20251119,210000,0.2078,0.2088,0.207,0.20845,39621,0
XHLD.US,60,20251119,220000,0.20755,0.21,0.2052,0.21,64136,0
XHLD.US,60,20251120,160000,0.2062,0.2148,0.2062,0.2107,77866,0
XHLD.US,60,20251120,170000,0.211972,0.2131,0.2064,0.212,55958,0
XHLD.US,60,20251120,180000,0.2123,0.2123,0.2005,0.2006,164677,0
XHLD.US,60,20251120,190000,0.203449,0.20345,0.1961,0.1961,61783,0
XHLD.US,60,20251120,200000,0.1983,0.21089,0.193,0.1951,144350,0
XHLD.US,60,20251120,210000,0.1929,0.1996,0.1927,0.1961,126815,0
XHLD.US,60,20251120,220000,0.193,0.1971,0.1902,0.191,149059,0
XHLD.US,60,20251121,160000,0.2,0.2,0.1908,0.1909,90779,0
XHLD.US,60,20251121,170000,0.1909,0.194451,0.1907,0.1917,74064,0
XHLD.US,60,20251121,180000,0.1923,0.195,0.1877,0.1936,88979,0
XHLD.US,60,20251121,190000,0.19495,0.2038,0.1937,0.19705,99483,0
XHLD.US,60,20251121,200000,0.1997,0.2018,0.1971,0.2015,30927,0
XHLD.US,60,20251121,210000,0.20145,0.2037,0.201,0.20235,47488,0
XHLD.US,60,20251121,220000,0.2016,0.2037,0.2001,0.2029,47112,0
XHLD.US,60,20251124,160000,0.16,0.1743,0.1411,0.1442,849916,0
XHLD.US,60,20251124,170000,0.1468,0.16049,0.142,0.1487,583074,0
XHLD.US,60,20251124,180000,0.1485,0.155,0.1485,0.1535,267586,0
XHLD.US,60,20251124,190000,0.1542,0.1548,0.1504,0.1505,200834,0
XHLD.US,60,20251124,200000,0.1506,0.17549,0.1506,0.16,315272,0
XHLD.US,60,20251124,210000,0.159,0.162,0.155,0.1585,148778,0
XHLD.US,60,20251124,220000,0.1585,0.1604,0.1519,0.1571,287122,0
XHLD.US,60,20251125,160000,0.1598,0.17219,0.1571,0.1581,207372,0
XHLD.US,60,20251125,170000,0.1581,0.17199,0.153,0.1572,180259,0
XHLD.US,60,20251125,180000,0.1572,0.1573,0.1537,0.1565,68015,0
XHLD.US,60,20251125,190000,0.15495,0.15495,0.1525,0.1531,77224,0
XHLD.US,60,20251125,200000,0.1528,0.1546,0.1525,0.15395,64300,0
XHLD.US,60,20251125,210000,0.154,0.1541,0.1486,0.1486,86744,0
XHLD.US,60,20251125,220000,0.14935,0.1499,0.1488,0.1492,49517,0
XHLD.US,60,20251126,160000,0.1492,0.1492,0.1436,0.1448,143971,0
XHLD.US,60,20251126,170000,0.1447,0.1449,0.136,0.142,381320,0
XHLD.US,60,20251126,180000,0.1411,0.1443,0.1411,0.143,21285,0
XHLD.US,60,20251126,190000,0.1423,0.1435,0.142,0.1435,31741,0
XHLD.US,60,20251126,200000,0.1425,0.1495,0.1425,0.1495,51081,0
XHLD.US,60,20251126,210000,0.1444,0.149,0.142,0.1443,196017,0
XHLD.US,60,20251126,220000,0.1441,0.146,0.1395,0.1395,134104,0
XHLD.US,60,20251128,160000,0.1363,0.1454,0.1363,0.1405,180585,0
XHLD.US,60,20251128,170000,0.1406,0.147,0.1405,0.145,72926,0
XHLD.US,60,20251128,180000,0.145,0.148,0.1441,0.1474,63143,0
XHLD.US,60,20251128,190000,0.1472,0.1479,0.1433,0.1434,43512,0
XHLD.US,60,20251128,200000,0.1435,0.1435,0.1435,0.1435,500,0
XHLD.US,60,20251201,160000,0.1432,0.1447,0.1354,0.1383,68601,0
XHLD.US,60,20251201,170000,0.1384,0.1389,0.1328,0.1328,315570,0
XHLD.US,60,20251201,180000,0.1331,0.1346,0.128749,0.1318,293372,0
XHLD.US,60,20251201,190000,0.1343,0.1375,0.1325,0.1372,130797,0
XHLD.US,60,20251201,200000,0.1371,0.1395,0.136,0.1381,47839,0
XHLD.US,60,20251201,210000,0.1379,0.14245,0.1379,0.1411,68423,0
XHLD.US,60,20251201,220000,0.1411,0.1425,0.1381,0.1425,236675,0
XHLD.US,60,20251202,160000,2.11,2.1971,2.0433,2.1,9697,0
XHLD.US,60,20251202,170000,2.1275,2.35,2.0637,2.325,40187,0
XHLD.US,60,20251202,180000,2.325,2.44,2.26,2.279,11694,0
XHLD.US,60,20251202,190000,2.33,2.35,2.1746,2.18,15311,0
XHLD.US,60,20251202,200000,2.175,2.22,2.15,2.22,2181,0
XHLD.US,60,20251202,210000,2.1899,2.2,2.11,2.1182,7428,0
XHLD.US,60,20251202,220000,2.12,2.2,2.11,2.2,12153,0
XHLD.US,60,20251203,160000,2.17,2.32,2.15,2.23,50970,0
XHLD.US,60,20251203,170000,2.23,2.37,2.1501,2.23,110700,0
XHLD.US,60,20251203,180000,2.2016,2.2602,2.13,2.19,14544,0
XHLD.US,60,20251203,190000,2.19,2.2699,2.19,2.19,12640,0
XHLD.US,60,20251203,200000,2.19,2.2,2.1701,2.2,9774,0
XHLD.US,60,20251203,210000,2.22,2.22,2.1742,2.21,5841,0
XHLD.US,60,20251203,220000,2.19,2.24,2.19,2.21,7493,0
XHLD.US,60,20251204,160000,2.25,2.2602,2.167,2.19,15212,0
XHLD.US,60,20251204,170000,2.17,2.34,2.17,2.2952,45250,0
XHLD.US,60,20251204,180000,2.29,2.35,2.29,2.35,24785,0
XHLD.US,60,20251204,190000,2.34,2.3935,2.33,2.39,14353,0
XHLD.US,60,20251204,200000,2.35,2.37,2.331,2.3626,4693,0
XHLD.US,60,20251204,210000,2.37,2.3982,2.32,2.35,15731,0
XHLD.US,60,20251204,220000,2.35,2.39,2.3043,2.33,8690,0
XHLD.US,60,20251205,160000,2.42,2.69,2.42,2.69,48975,0
XHLD.US,60,20251205,170000,2.69,2.7925,2.6334,2.67,59013,0
XHLD.US,60,20251205,180000,2.6604,2.72,2.55,2.58,29923,0
XHLD.US,60,20251205,190000,2.58,2.6035,2.41,2.4583,53008,0
XHLD.US,60,20251205,200000,2.4502,2.5199,2.43,2.43,24592,0
XHLD.US,60,20251205,210000,2.45,2.4799,2.3301,2.37,20140,0
XHLD.US,60,20251205,220000,2.37,2.405,2.32,2.4,20175,0
XHLD.US,60,20251208,160000,2.48,2.48,2.25,2.4,34830,0
XHLD.US,60,20251208,170000,2.37,2.45,2.29,2.370291,9662,0
XHLD.US,60,20251208,180000,2.325,2.3525,2.31,2.3525,2779,0
XHLD.US,60,20251208,190000,2.3231,2.42,2.3001,2.41,11533,0
XHLD.US,60,20251208,200000,2.41,2.44,2.37,2.4096,5883,0
XHLD.US,60,20251208,210000,2.41,2.645,2.39,2.6399,32860,0
XHLD.US,60,20251208,220000,2.6411,2.7,2.4915,2.51,42556,0
XHLD.US,60,20251209,160000,2.53,2.53,2.4,2.44,21969,0
XHLD.US,60,20251209,170000,2.475,2.4999,2.41,2.445,12229,0
XHLD.US,60,20251209,180000,2.4308,2.55,2.4305,2.55,8484,0
XHLD.US,60,20251209,190000,2.5582,2.585,2.51,2.5101,18370,0
XHLD.US,60,20251209,200000,2.56,2.57,2.5,2.5499,2727,0
XHLD.US,60,20251209,210000,2.53,2.5326,2.5082,2.5082,3812,0
XHLD.US,60,20251209,220000,2.5,2.57,2.5,2.54,24017,0
XHLD.US,60,20251210,160000,2.56,2.56,2.5,2.517,3047,0
XHLD.US,60,20251210,170000,2.5594,2.56,2.4601,2.5101,13210,0
XHLD.US,60,20251210,180000,2.5205,2.53,2.515,2.53,2572,0
XHLD.US,60,20251210,190000,2.5,2.5259,2.42,2.44,9327,0
XHLD.US,60,20251210,200000,2.48,2.48,2.375,2.39,18827,0
XHLD.US,60,20251210,210000,2.425,2.425,2.425,2.425,1300,0
XHLD.US,60,20251210,220000,2.425,2.7,2.42,2.55,54396,0
XHLD.US,60,20251211,160000,2.5,2.51,2.4671,2.4951,4051,0
XHLD.US,60,20251211,170000,2.5499,2.5499,2.46,2.47,16183,0
XHLD.US,60,20251211,180000,2.5,2.542,2.43,2.542,3808,0
XHLD.US,60,20251211,190000,2.525,2.56,2.5,2.55,3675,0
XHLD.US,60,20251211,200000,2.5625,2.625,2.5541,2.6122,6104,0
XHLD.US,60,20251211,210000,2.585,2.66,2.56,2.62,18540,0
XHLD.US,60,20251211,220000,2.65,2.67,2.61,2.65,24180,0
XHLD.US,60,20251212,160000,2.67,2.7812,2.6248,2.66,9652,0
XHLD.US,60,20251212,170000,2.6215,2.7299,2.5901,2.7299,3966,0
XHLD.US,60,20251212,180000,2.66,2.6799,2.5107,2.5263,12818,0
XHLD.US,60,20251212,190000,2.55,2.5746,2.55,2.55,2152,0
XHLD.US,60,20251212,200000,2.52,2.52,2.46,2.46,13474,0
XHLD.US,60,20251212,210000,2.4583,2.4899,2.4,2.42,2579,0
XHLD.US,60,20251212,220000,2.46,2.515,2.4,2.4,27974,0
XHLD.US,60,20251215,160000,2.38,2.5,2.2,2.25,16048,0
XHLD.US,60,20251215,170000,2.23,2.25,2.07,2.21,28902,0
XHLD.US,60,20251215,180000,2.21,2.22,2.1402,2.1402,2722,0
XHLD.US,60,20251215,190000,2.12,2.12,2.115,2.115,600,0
XHLD.US,60,20251215,200000,2.15,2.21,2.15,2.1953,18714,0
XHLD.US,60,20251215,210000,2.2098,2.2098,2.17,2.1722,12050,0
XHLD.US,60,20251215,220000,2.18,2.18,1.94,1.94,34503,0
XHLD.US,60,20251216,160000,1.95,2.03,1.88,1.91,13092,0
XHLD.US,60,20251216,170000,1.9,1.9191,1.735,1.8198,23716,0
XHLD.US,60,20251216,180000,1.81,1.8929,1.81,1.875,10375,0
XHLD.US,60,20251216,190000,1.885,1.885,1.85,1.85,2171,0
XHLD.US,60,20251216,200000,1.83,1.85,1.8,1.8279,8486,0
XHLD.US,60,20251216,210000,1.825,1.8383,1.825,1.8383,1064,0
XHLD.US,60,20251216,220000,1.839,1.84,1.8,1.81,11315,0
XHLD.US,60,20251217,160000,1.81,1.81,1.76,1.7768,10478,0
XHLD.US,60,20251217,170000,1.786,1.786,1.63,1.63,13974,0
XHLD.US,60,20251217,180000,1.621,1.7351,1.6,1.7,8994,0
XHLD.US,60,20251217,190000,1.67,1.6994,1.65,1.6994,2184,0
XHLD.US,60,20251217,200000,1.69,1.69,1.66,1.66,522,0
XHLD.US,60,20251217,210000,1.67,1.77,1.67,1.72,7597,0
XHLD.US,60,20251217,220000,1.6807,1.74,1.67,1.68,8644,0
XHLD.US,60,20251218,160000,1.73,1.73,1.61,1.67,13401,0
XHLD.US,60,20251218,170000,1.6807,1.8584,1.64,1.6708,31519,0
XHLD.US,60,20251218,180000,1.6685,1.7,1.6685,1.7,713,0
XHLD.US,60,20251218,190000,1.69,1.69,1.64,1.68,2716,0
XHLD.US,60,20251218,200000,1.665,1.67,1.64,1.67,1893,0
XHLD.US,60,20251218,210000,1.67,1.6718,1.67,1.6718,702,0
XHLD.US,60,20251218,220000,1.67,1.685,1.65,1.665,6474,0
XHLD.US,60,20251219,160000,1.67,1.7673,1.67,1.7673,4467,0
XHLD.US,60,20251219,170000,1.7318,1.7318,1.63,1.63,19487,0
XHLD.US,60,20251219,180000,1.65,1.6999,1.64,1.65,10484,0
XHLD.US,60,20251219,190000,1.6508,1.6698,1.64,1.64,6403,0
XHLD.US,60,20251219,200000,1.65,1.65,1.635,1.64,1324,0
XHLD.US,60,20251219,210000,1.61,1.6599,1.6,1.645,8548,0
XHLD.US,60,20251219,220000,1.63,1.67,1.595,1.61,17392,0
XHLD.US,60,20251222,160000,1.65,1.6793,1.63,1.63,4875,0
XHLD.US,60,20251222,170000,1.63,1.65,1.62,1.62,6039,0
XHLD.US,60,20251222,180000,1.605,1.63,1.5718,1.63,2391,0
XHLD.US,60,20251222,190000,1.6037,1.7,1.6037,1.7,26920,0
XHLD.US,60,20251222,200000,1.717,1.717,1.6906,1.6906,530,0
XHLD.US,60,20251222,210000,1.7102,1.787,1.7001,1.74,45286,0
XHLD.US,60,20251222,220000,1.73,1.79,1.73,1.76,26075,0
XHLD.US,60,20251223,160000,1.82,1.95,1.8,1.86,35829,0
XHLD.US,60,20251223,170000,1.8,1.81,1.75,1.75,5889,0
XHLD.US,60,20251223,180000,1.75,1.83,1.75,1.83,4580,0
XHLD.US,60,20251223,190000,1.8001,1.8001,1.78,1.78,6620,0
XHLD.US,60,20251223,200000,1.77,1.77,1.75,1.75,1037,0
XHLD.US,60,20251223,210000,1.75,1.75,1.69,1.71,5188,0
XHLD.US,60,20251223,220000,1.71,1.72,1.68,1.72,17982,0
XHLD.US,60,20251224,160000,1.74,1.7815,1.73,1.74,2677,0
XHLD.US,60,20251224,170000,1.705,1.715,1.6906,1.705,1644,0
XHLD.US,60,20251224,180000,1.702,1.702,1.66,1.6641,11365,0
XHLD.US,60,20251224,190000,1.689,1.705,1.6686,1.705,4829,0
XHLD.US,60,20251224,200000,1.7,1.7,1.7,1.7,1295,0
XHLD.US,60,20251226,160000,1.68,1.715,1.68,1.715,3564,0
XHLD.US,60,20251226,170000,1.6887,1.695,1.66,1.6888,27590,0
XHLD.US,60,20251226,180000,1.675,1.69,1.66,1.69,8709,0
XHLD.US,60,20251226,190000,1.675,1.675,1.63,1.65,53708,0
XHLD.US,60,20251226,200000,1.65,1.69,1.65,1.69,7937,0
XHLD.US,60,20251226,210000,1.66,1.66,1.66,1.66,312,0
XHLD.US,60,20251226,220000,1.685,1.69,1.67,1.67,10342,0
