<TICKER>,<PER>,<DATE>,<TIME>,<OPEN>,<HIGH>,<LOW>,<CLOSE>,<VOL>,<OPENINT>
BBBI.US,60,20240411,190000,49.14,49.14,49.12,49.12,1000,0
BBBI.US,60,20240412,170000,49.27,49.27,49.27,49.27,200,0
BBBI.US,60,20240412,180000,49.24,49.24,49.24,49.24,100,0
BBBI.US,60,20240412,190000,49.24,49.26,49.24,49.26,5100,0
BBBI.US,60,20240412,200000,49.25,49.25,49.25,49.25,200,0
BBBI.US,60,20240412,210000,49.28,49.28,49.28,49.28,600,0
BBBI.US,60,20240412,220000,49.26,49.26,49.2,49.2,600,0
BBBI.US,60,20240415,160000,48.99,48.99,48.99,48.99,400,0
BBBI.US,60,20240415,170000,48.94,48.94,48.94,48.94,200,0
BBBI.US,60,20240415,180000,48.86,48.86,48.86,48.86,800,0
BBBI.US,60,20240415,190000,48.87,48.87,48.87,48.87,400,0
BBBI.US,60,20240415,200000,48.85,48.85,48.85,48.85,200,0
BBBI.US,60,20240415,210000,48.8,48.81,48.8,48.81,300,0
BBBI.US,60,20240415,220000,48.81,48.81,48.8,48.8,1300,0
BBBI.US,60,20240418,170000,48.84,48.84,48.84,48.84,300,0
BBBI.US,60,20240418,190000,48.79,48.79,48.79,48.79,200,0
BBBI.US,60,20240418,200000,48.79,48.79,48.79,48.79,200,0
BBBI.US,60,20240418,220000,48.79,48.79,48.79,48.79,300,0
BBBI.US,60,20240419,170000,48.88,48.88,48.88,48.88,600,0
BBBI.US,60,20240419,220000,48.83,48.83,48.83,48.83,300,0
BBBI.US,60,20240422,160000,48.82,48.85,48.82,48.85,300,0
BBBI.US,60,20240422,170000,48.86,48.86,48.86,48.86,400,0
BBBI.US,60,20240422,220000,48.94,48.94,48.93,48.93,500,0
BBBI.US,60,20240423,160000,49.03,49.03,49.03,49.03,100,0
BBBI.US,60,20240423,220000,49.06,49.06,49.06,49.06,300,0
BBBI.US,60,20240424,170000,48.87,48.87,48.87,48.87,200,0
BBBI.US,60,20240424,220000,48.92,48.92,48.91,48.92,1600,0
BBBI.US,60,20240425,160000,48.63,48.63,48.63,48.63,200,0
BBBI.US,60,20240425,220000,48.8,48.8,48.8,48.8,300,0
BBBI.US,60,20240426,160000,48.98,49.01,48.98,49.01,500,0
BBBI.US,60,20240426,170000,49.01,49.01,49,49,600,0
BBBI.US,60,20240426,180000,48.96,48.97,48.96,48.97,600,0
BBBI.US,60,20240426,190000,48.97,48.99,48.97,48.99,400,0
BBBI.US,60,20240426,200000,48.98,48.98,48.98,48.98,400,0
BBBI.US,60,20240426,210000,48.96,48.96,48.96,48.96,200,0
BBBI.US,60,20240426,220000,48.95,48.96,48.95,48.96,1900,0
BBBI.US,60,20240429,160000,49.09,49.09,49.09,49.09,300,0
BBBI.US,60,20240429,170000,49.05,49.05,49.05,49.05,200,0
BBBI.US,60,20240429,180000,49.13,49.13,49.13,49.13,600,0
BBBI.US,60,20240429,210000,49.12,49.12,49.12,49.12,200,0
BBBI.US,60,20240429,220000,49.11,49.11,49.09,49.09,500,0
BBBI.US,60,20240430,160000,48.97,48.97,48.97,48.97,200,0
BBBI.US,60,20240430,190000,48.98,48.98,48.98,48.98,200,0
BBBI.US,60,20240430,220000,48.91,48.91,48.91,48.91,800,0
BBBI.US,60,20240501,170000,48.83,48.84,48.82,48.82,3800,0
BBBI.US,60,20240501,200000,48.77,48.77,48.77,48.77,100,0
BBBI.US,60,20240501,210000,48.79,48.79,48.75,48.75,2800,0
BBBI.US,60,20240501,220000,48.89,48.89,48.87,48.87,400,0
BBBI.US,60,20240502,210000,49.15,49.15,49.15,49.15,200,0
BBBI.US,60,20240502,220000,49.16,49.16,49.16,49.16,700,0
BBBI.US,60,20240506,160000,49.49,49.49,49.48,49.49,2600,0
BBBI.US,60,20240506,220000,49.52,49.52,49.52,49.52,300,0
BBBI.US,60,20240507,200000,49.67,49.67,49.63,49.63,500,0
BBBI.US,60,20240507,220000,49.5438,49.5438,49.53,49.53,1068,0
BBBI.US,60,20240508,160000,49.42,49.42,49.42,49.42,101,0
BBBI.US,60,20240510,220000,49.35,49.35,49.35,49.35,303,0
BBBI.US,60,20240513,160000,49.5,49.5,49.5,49.5,600,0
BBBI.US,60,20240513,220000,49.37,49.37,49.37,49.37,103,0
BBBI.US,60,20240514,200000,49.51,49.51,49.51,49.51,200,0
BBBI.US,60,20240516,220000,49.81,49.81,49.8,49.8,1201,0
BBBI.US,60,20240517,180000,49.8,49.8,49.76,49.76,400,0
BBBI.US,60,20240520,160000,49.71,49.71,49.71,49.71,600,0
BBBI.US,60,20240520,170000,49.74,49.74,49.72,49.72,600,0
BBBI.US,60,20240520,220000,49.7,49.7,49.7,49.7,301,0
BBBI.US,60,20240521,190000,49.7901,49.7901,49.7901,49.7901,200,0
BBBI.US,60,20240528,160000,49.729,49.7299,49.64,49.64,1064,0
BBBI.US,60,20240528,190000,49.54,49.55,49.54,49.55,500,0
BBBI.US,60,20240528,220000,49.39,49.39,49.39,49.39,301,0
BBBI.US,60,20240529,170000,49.29,49.29,49.28,49.28,400,0
BBBI.US,60,20240529,220000,49.265,49.28,49.265,49.2732,1500,0
BBBI.US,60,20240531,210000,49.65,49.65,49.65,49.65,200,0
BBBI.US,60,20240531,220000,49.68,49.73,49.68,49.73,1500,0
BBBI.US,60,20240603,160000,49.56,49.56,49.56,49.56,300,0
BBBI.US,60,20240603,170000,49.66,49.67,49.66,49.67,1200,0
BBBI.US,60,20240603,210000,49.7,49.74,49.7,49.73,14422,0
BBBI.US,60,20240604,220000,49.7,49.87,49.7,49.85,1604,0
BBBI.US,60,20240605,160000,49.97,49.97,49.96,49.97,1300,0
BBBI.US,60,20240605,170000,49.8699,49.8699,49.8699,49.8699,100,0
BBBI.US,60,20240605,200000,49.97,49.98,49.97,49.98,6000,0
BBBI.US,60,20240607,180000,50.005,50.005,49.68,49.68,353,0
BBBI.US,60,20240612,210000,50.16,50.17,50.16,50.17,800,0
BBBI.US,60,20240613,180000,50.14,50.14,50.139,50.139,600,0
BBBI.US,60,20240613,200000,50.22,50.22,50.22,50.22,100,0
BBBI.US,60,20240617,220000,50,50,50,50,200,0
BBBI.US,60,20240618,190000,50.1766,50.22,50.1766,50.2199,555,0
BBBI.US,60,20240626,210000,50.06,50.06,49.89,49.89,600,0
BBBI.US,60,20240627,200000,50.03,50.0301,50.03,50.0301,600,0
BBBI.US,60,20240701,160000,49.77,49.77,49.57,49.57,1300,0
BBBI.US,60,20240705,180000,50.1999,50.1999,50.1999,50.1999,100,0
BBBI.US,60,20240711,200000,50.47,50.47,50.47,50.47,200,0
BBBI.US,60,20240715,180000,50.5,50.5,50.5,50.5,1000,0
BBBI.US,60,20240716,220000,50.62,50.66,50.62,50.62,6800,0
BBBI.US,60,20240723,190000,50.45,50.45,50.45,50.45,100,0
BBBI.US,60,20240726,170000,50.5245,50.5245,50.5245,50.5245,478,0
BBBI.US,60,20240726,180000,50.4816,50.4816,50.4816,50.4816,300,0
BBBI.US,60,20240729,200000,50.65,50.65,50.65,50.65,626,0
BBBI.US,60,20240731,160000,50.83,50.83,50.83,50.83,125,0
BBBI.US,60,20240805,190000,51.06,51.06,51.06,51.06,100,0
BBBI.US,60,20240805,200000,51.08,51.09,51.022,51.0899,3705,0
BBBI.US,60,20240806,170000,50.96,50.96,50.96,50.96,100,0
BBBI.US,60,20240806,180000,50.99,50.99,50.99,50.99,137,0
BBBI.US,60,20240806,190000,50.945,50.954,50.945,50.954,350,0
BBBI.US,60,20240806,200000,50.97,50.97,50.9599,50.9599,2100,0
BBBI.US,60,20240806,220000,50.93,50.93,50.93,50.93,100,0
BBBI.US,60,20240808,200000,50.74,50.74,50.74,50.74,998,0
BBBI.US,60,20240809,220000,50.95,50.95,50.95,50.95,300,0
BBBI.US,60,20240812,160000,50.8775,50.8775,50.8775,50.8775,700,0
BBBI.US,60,20240812,180000,50.98,50.98,50.98,50.98,100,0
BBBI.US,60,20240812,200000,51.06,51.0799,51.06,51.0799,1900,0
BBBI.US,60,20240812,220000,51.05,51.06,51.05,51.06,800,0
BBBI.US,60,20240813,170000,51.16,51.16,51.16,51.16,100,0
BBBI.US,60,20240813,180000,51.195,51.22,51.195,51.2017,300,0
BBBI.US,60,20240813,220000,51.3,51.3,51.3,51.3,200,0
BBBI.US,60,20240815,160000,51.38,51.38,51.38,51.38,100,0
BBBI.US,60,20240819,180000,51.43,51.43,51.43,51.43,4508,0
BBBI.US,60,20240819,220000,51.48,51.48,51.47,51.47,200,0
BBBI.US,60,20240820,170000,51.455,51.455,51.455,51.455,100,0
BBBI.US,60,20240820,180000,51.52,51.52,51.52,51.52,2840,0
BBBI.US,60,20240820,200000,51.5353,51.5353,51.5353,51.5353,200,0
BBBI.US,60,20240820,210000,51.54,51.54,51.54,51.54,200,0
BBBI.US,60,20240820,220000,51.54,51.58,51.54,51.57,700,0
BBBI.US,60,20240821,170000,51.6108,51.6108,51.6108,51.6108,500,0
BBBI.US,60,20240822,190000,51.68,51.68,51.485,51.485,1352,0
BBBI.US,60,20240827,200000,51.7127,51.7127,51.7127,51.7127,1900,0
BBBI.US,60,20240828,170000,51.7395,51.7395,51.7395,51.7395,497,0
BBBI.US,60,20240830,190000,51.72,51.72,51.66,51.66,200,0
BBBI.US,60,20240830,210000,51.5494,51.5494,51.5494,51.5494,125,0
BBBI.US,60,20240903,160000,51.5525,51.5525,51.5525,51.5525,194,0
BBBI.US,60,20240903,170000,51.53,51.54,51.52,51.54,2400,0
BBBI.US,60,20240903,220000,51.47,51.47,51.47,51.47,109,0
BBBI.US,60,20240904,160000,51.5,51.5,51.5,51.5,800,0
BBBI.US,60,20240905,170000,51.79,51.79,51.79,51.79,100,0
BBBI.US,60,20240906,200000,51.84,51.9241,51.8,51.9241,1600,0
BBBI.US,60,20240909,170000,51.97,51.97,51.9461,51.9461,1286,0
BBBI.US,60,20240909,180000,51.965,51.965,51.965,51.965,213,0
BBBI.US,60,20240909,220000,52,52,52,52,300,0
BBBI.US,60,20240910,170000,51.99,51.99,51.965,51.965,680,0
BBBI.US,60,20240910,190000,52.05,52.05,52.05,52.05,100,0
BBBI.US,60,20240910,210000,52.0404,52.0404,52.0404,52.0404,304,0
BBBI.US,60,20240911,180000,52.13,52.13,52.13,52.13,100,0
BBBI.US,60,20240911,190000,52.08,52.08,52.08,52.08,100,0
BBBI.US,60,20240912,160000,52.18,52.18,52.17,52.17,8000,0
BBBI.US,60,20240912,180000,52.03,52.03,52.02,52.02,200,0
BBBI.US,60,20240913,220000,52.23,52.23,52.23,52.23,200,0
BBBI.US,60,20240916,210000,52.325,52.325,52.3245,52.3245,200,0
BBBI.US,60,20240918,220000,52.295,52.31,52.24,52.24,984,0
BBBI.US,60,20240919,160000,52.16,52.1601,52.16,52.1601,400,0
BBBI.US,60,20240919,180000,52.28,52.28,52.26,52.26,300,0
BBBI.US,60,20240919,220000,52.225,52.225,52.2,52.2001,784,0
BBBI.US,60,20240920,160000,52.22,52.22,52.21,52.21,9900,0
BBBI.US,60,20240924,210000,52.32,52.32,52.32,52.32,200,0
BBBI.US,60,20240925,160000,52.21,52.21,52.2099,52.2099,740,0
BBBI.US,60,20240925,180000,52.15,52.15,52.15,52.15,486,0
BBBI.US,60,20240926,190000,52.165,52.19,52.08,52.08,2232,0
BBBI.US,60,20240926,220000,52.12,52.12,52.1199,52.1199,400,0
BBBI.US,60,20240930,180000,52.2102,52.22,52.2102,52.22,447,0
BBBI.US,60,20240930,210000,52.22,52.22,52.22,52.22,100,0
BBBI.US,60,20241001,180000,52.14,52.14,52.14,52.14,100,0
BBBI.US,60,20241001,190000,52.21,52.21,52.21,52.21,100,0
BBBI.US,60,20241001,210000,52.12,52.12,52.12,52.12,1800,0
BBBI.US,60,20241002,170000,52,52,51.9831,51.9831,1416,0
BBBI.US,60,20241003,190000,51.96,51.96,51.96,51.96,200,0
BBBI.US,60,20241004,180000,51.59,51.59,51.59,51.59,100,0
BBBI.US,60,20241004,190000,51.58,51.58,51.58,51.58,100,0
BBBI.US,60,20241007,160000,51.45,51.5,51.45,51.5,446,0
BBBI.US,60,20241007,170000,51.47,51.47,51.4699,51.47,1706,0
BBBI.US,60,20241007,180000,51.46,51.46,51.46,51.46,100,0
BBBI.US,60,20241007,200000,51.445,51.47,51.445,51.47,200,0
BBBI.US,60,20241007,210000,51.444,51.46,51.43,51.43,450,0
BBBI.US,60,20241008,170000,51.3416,51.3416,51.3416,51.3416,492,0
BBBI.US,60,20241008,210000,51.42,51.44,51.42,51.4254,700,0
BBBI.US,60,20241008,220000,51.43,51.43,51.43,51.43,100,0
BBBI.US,60,20241009,200000,51.38,51.38,51.38,51.38,100,0
BBBI.US,60,20241010,170000,51.38,51.38,51.38,51.38,100,0
BBBI.US,60,20241010,180000,51.32,51.32,51.32,51.32,100,0
BBBI.US,60,20241010,190000,51.3857,51.3857,51.3857,51.3857,210,0
BBBI.US,60,20241011,200000,51.48,51.48,51.48,51.48,100,0
BBBI.US,60,20241011,220000,51.4638,51.4638,51.46,51.46,295,0
BBBI.US,60,20241014,200000,51.3089,51.3089,51.3089,51.3089,515,0
BBBI.US,60,20241015,190000,51.5383,51.5383,51.5383,51.5383,800,0
BBBI.US,60,20241015,200000,51.56,51.56,51.56,51.56,100,0
BBBI.US,60,20241016,180000,51.64,51.6401,51.64,51.6401,200,0
BBBI.US,60,20241016,200000,51.67,51.67,51.67,51.67,100,0
BBBI.US,60,20241016,220000,51.69,51.69,51.69,51.69,600,0
BBBI.US,60,20241018,180000,51.48,51.49,51.48,51.49,572,0
BBBI.US,60,20241021,190000,51.11,51.11,51.0969,51.0969,359,0
BBBI.US,60,20241021,210000,51.09,51.0913,51.08,51.08,509,0
BBBI.US,60,20241022,170000,51.08,51.08,51.08,51.08,100,0
BBBI.US,60,20241022,220000,51.06,51.06,51.0599,51.0599,386,0
BBBI.US,60,20241024,180000,51.04,51.04,51.03,51.03,640,0
BBBI.US,60,20241028,150000,50.86,50.96,50.86,50.96,3080,0
BBBI.US,60,20241028,180000,50.88,50.88,50.88,50.88,100,0
BBBI.US,60,20241029,170000,50.763,50.78,50.76,50.78,625,0
BBBI.US,60,20241030,200000,50.9499,50.9499,50.9357,50.9357,300,0
BBBI.US,60,20241101,210000,50.79,50.79,50.34,50.35,5200,0
BBBI.US,60,20241105,170000,50.48,50.48,50.48,50.48,100,0
BBBI.US,60,20241106,200000,50.49,50.5282,50.47,50.4701,864,0
BBBI.US,60,20241107,220000,50.81,50.81,50.81,50.81,194,0
BBBI.US,60,20241111,200000,50.8,50.8,50.8,50.8,250,0
BBBI.US,60,20241114,160000,50.48,50.51,50.48,50.5099,539,0
BBBI.US,60,20241115,170000,50.2999,50.2999,50.2999,50.2999,1000,0
BBBI.US,60,20241115,210000,50.53,50.53,50.53,50.53,100,0
BBBI.US,60,20241118,200000,50.59,50.59,50.55,50.55,200,0
BBBI.US,60,20241118,210000,50.5793,50.5793,50.535,50.535,2072,0
BBBI.US,60,20241120,170000,50.5572,50.58,50.54,50.54,1008,0
BBBI.US,60,20241120,200000,50.54,50.54,50.54,50.54,100,0
BBBI.US,60,20241121,160000,50.639,50.639,50.62,50.62,966,0
BBBI.US,60,20241121,180000,50.57,50.57,50.57,50.57,100,0
BBBI.US,60,20241121,220000,50.53,51,50.53,50.77,8012,0
BBBI.US,60,20241122,170000,50.53,50.54,50.53,50.54,15384,0
BBBI.US,60,20241125,180000,50.4906,50.9,50.4906,50.9,555,0
BBBI.US,60,20241126,220000,50.98,50.98,50.8504,50.89,3900,0
BBBI.US,60,20241127,170000,50.928,50.928,50.928,50.928,100,0
BBBI.US,60,20241129,160000,51.175,51.175,51.175,51.175,100,0
BBBI.US,60,20241129,170000,51.25,51.25,51.25,51.25,200,0
BBBI.US,60,20241129,180000,51.23,51.24,51.23,51.24,1001,0
BBBI.US,60,20241202,160000,51,51,50.89,50.89,300,0
BBBI.US,60,20241202,170000,50.8801,50.8801,50.8801,50.8801,100,0
BBBI.US,60,20241202,200000,51.0055,51.0055,51.0055,51.0055,100,0
BBBI.US,60,20241202,220000,51.06,51.06,51.04,51.06,1342,0
BBBI.US,60,20241203,210000,51.0714,51.08,51.0592,51.06,8373,0
BBBI.US,60,20241203,220000,51.06,51.06,51,51,445,0
BBBI.US,60,20241204,200000,51.15,51.15,51.1264,51.1264,610,0
BBBI.US,60,20241205,160000,51.07,51.07,51.07,51.07,100,0
BBBI.US,60,20241205,170000,51.08,51.08,51.08,51.08,100,0
BBBI.US,60,20241205,200000,51.0901,51.0901,51.0901,51.0901,200,0
BBBI.US,60,20241205,220000,51.16,51.16,51.15,51.15,271,0
BBBI.US,60,20241206,160000,51.31,51.31,51.31,51.31,100,0
BBBI.US,60,20241206,190000,51.2225,51.2225,51.2225,51.2225,100,0
BBBI.US,60,20241209,160000,51.22,51.23,51.22,51.23,300,0
BBBI.US,60,20241209,170000,51.2,51.2,51.2,51.2,934,0
BBBI.US,60,20241209,180000,51.19,51.19,51.19,51.19,400,0
BBBI.US,60,20241209,190000,51.21,51.21,51.21,51.21,300,0
BBBI.US,60,20241209,200000,51.23,51.23,51.1971,51.22,594,0
BBBI.US,60,20241209,210000,51.21,51.21,51.19,51.21,825,0
BBBI.US,60,20241210,200000,51.14,51.14,51.07,51.07,1100,0
BBBI.US,60,20241210,220000,51.1618,51.1618,51.1618,51.1618,500,0
BBBI.US,60,20241211,200000,51.18,51.18,51.18,51.18,100,0
BBBI.US,60,20241212,180000,51.0086,51.03,50.98,50.98,2206,0
BBBI.US,60,20241212,200000,50.97,50.97,50.97,50.97,100,0
BBBI.US,60,20241213,170000,50.83,50.83,50.83,50.83,100,0
BBBI.US,60,20241213,200000,50.77,50.77,50.77,50.77,100,0
BBBI.US,60,20241213,210000,50.75,50.75,50.75,50.75,100,0
BBBI.US,60,20241216,180000,50.75,50.75,50.75,50.75,100,0
BBBI.US,60,20241216,220000,50.78,50.78,50.78,50.78,100,0
BBBI.US,60,20241217,180000,50.72,50.72,50.72,50.72,100,0
BBBI.US,60,20241218,190000,50.7103,50.7103,50.71,50.71,1000,0
BBBI.US,60,20241219,170000,50.1183,50.1183,50.1183,50.1183,200,0
BBBI.US,60,20241219,190000,50.13,50.13,50.13,50.13,100,0
BBBI.US,60,20241219,200000,50.09,50.09,50.09,50.09,100,0
BBBI.US,60,20241219,210000,50.095,50.095,50.095,50.095,155,0
BBBI.US,60,20241220,200000,50.36,50.36,50.36,50.36,100,0
BBBI.US,60,20241223,160000,50.16,50.16,50.16,50.16,186,0
BBBI.US,60,20241226,180000,50.2,50.2,50.2,50.2,100,0
BBBI.US,60,20241227,190000,50.25,50.25,50.25,50.25,100,0
BBBI.US,60,20250103,220000,50.15,50.15,50.02,50.02,2510,0
BBBI.US,60,20250107,170000,49.75,49.75,49.75,49.75,100,0
BBBI.US,60,20250107,210000,49.72,49.72,49.72,49.72,500,0
BBBI.US,60,20250108,190000,49.81,49.81,49.8,49.8,200,0
BBBI.US,60,20250110,160000,49.76,49.76,49.76,49.76,1100,0
BBBI.US,60,20250110,180000,49.62,49.62,49.62,49.62,100,0
BBBI.US,60,20250113,190000,49.625,49.625,49.41,49.41,1330,0
BBBI.US,60,20250114,170000,49.37,49.3701,49.37,49.3701,200,0
BBBI.US,60,20250114,190000,49.36,49.36,49.36,49.36,175,0
BBBI.US,60,20250116,170000,49.96,49.96,49.96,49.96,100,0
BBBI.US,60,20250116,180000,49.98,49.98,49.98,49.98,579,0
BBBI.US,60,20250117,190000,50.03,50.03,50.03,50.03,853,0
BBBI.US,60,20250121,170000,50.1,50.163,50.09,50.163,5064,0
BBBI.US,60,20250123,180000,50.1166,50.1166,50.025,50.03,1017,0
BBBI.US,60,20250123,200000,50.06,50.06,50.06,50.06,57049,0
BBBI.US,60,20250124,210000,50.02,50.17,50.02,50.165,820,0
BBBI.US,60,20250127,200000,50.386,50.41,50.386,50.4099,560,0
BBBI.US,60,20250127,210000,50.4,50.4,50.385,50.3857,425,0
BBBI.US,60,20250127,220000,50.43,50.44,50.4299,50.4399,636,0
BBBI.US,60,20250128,180000,50.346,50.346,50.346,50.346,150,0
BBBI.US,60,20250128,200000,50.39,50.39,50.364,50.364,590,0
BBBI.US,60,20250128,210000,50.34,50.3401,50.34,50.3401,780,0
BBBI.US,60,20250128,220000,50.39,50.39,50.39,50.39,198,0
BBBI.US,60,20250129,190000,50.41,50.41,50.4067,50.4067,224,0
BBBI.US,60,20250129,210000,50.4,50.4,50.4,50.4,134,0
BBBI.US,60,20250130,180000,50.459,50.459,50.459,50.459,200,0
BBBI.US,60,20250130,200000,50.48,50.48,50.4799,50.4799,200,0
BBBI.US,60,20250130,210000,50.5,50.5,50.4999,50.4999,800,0
BBBI.US,60,20250130,220000,50.425,50.425,50.425,50.425,140,0
BBBI.US,60,20250131,170000,50.52,50.52,50.46,50.4858,560,0
BBBI.US,60,20250131,210000,50.47,50.47,50.47,50.47,100,0
BBBI.US,60,20250203,170000,50.29,50.29,50.28,50.28,1288,0
BBBI.US,60,20250204,180000,50.21,50.21,50.18,50.18,350,0
BBBI.US,60,20250204,200000,50.24,50.2401,50.19,50.21,18941,0
BBBI.US,60,20250204,210000,50.23,50.23,50.2299,50.2299,200,0
BBBI.US,60,20250204,220000,50.2222,50.2222,50.2222,50.2222,110,0
BBBI.US,60,20250205,190000,50.52,50.525,50.44,50.44,11800,0
BBBI.US,60,20250205,210000,50.589,50.589,50.589,50.589,246,0
BBBI.US,60,20250205,220000,50.54,50.54,50.5,50.5,890,0
BBBI.US,60,20250206,180000,50.47,50.47,50.41,50.4499,794,0
BBBI.US,60,20250206,200000,50.4912,50.51,50.4912,50.5099,518,0
BBBI.US,60,20250206,210000,50.4756,50.4756,50.4756,50.4756,2972,0
BBBI.US,60,20250207,180000,50.314,50.34,50.314,50.34,580,0
BBBI.US,60,20250207,210000,50.29,50.31,50.2802,50.2984,1440,0
BBBI.US,60,20250207,220000,50.2855,50.2855,50.2855,50.2855,130,0
BBBI.US,60,20250210,170000,50.4,50.4,50.38,50.38,200,0
BBBI.US,60,20250210,200000,50.35,50.35,50.304,50.325,400,0
BBBI.US,60,20250210,220000,50.34,50.34,50.34,50.34,558,0
BBBI.US,60,20250218,190000,50.301,50.4401,50.301,50.44,300,0
BBBI.US,60,20250218,200000,50.36,50.3601,50.36,50.3601,2000,0
BBBI.US,60,20250219,160000,50.29,50.29,50.281,50.281,710,0
BBBI.US,60,20250219,210000,50.44,50.44,50.44,50.44,144,0
BBBI.US,60,20250220,170000,50.39,50.43,50.39,50.43,2317,0
BBBI.US,60,20250220,190000,50.46,50.46,50.46,50.46,425,0
BBBI.US,60,20250224,220000,50.75,50.75,50.75,50.75,100,0
BBBI.US,60,20250225,180000,50.98,50.98,50.98,50.98,100,0
BBBI.US,60,20250225,190000,50.975,50.975,50.975,50.975,100,0
BBBI.US,60,20250226,210000,51.0885,51.0885,51.0885,51.0885,295,0
BBBI.US,60,20250303,200000,50.9878,50.9878,50.9878,50.9878,250,0
BBBI.US,60,20250303,210000,50.98,50.98,50.98,50.98,134,0
BBBI.US,60,20250304,170000,51.075,51.075,51.05,51.05,700,0
BBBI.US,60,20250304,190000,50.9,50.9,50.9,50.9,100,0
BBBI.US,60,20250304,210000,50.89,50.89,50.89,50.89,100,0
BBBI.US,60,20250305,180000,50.88,50.88,50.85,50.85,2273,0
BBBI.US,60,20250306,170000,50.67,50.67,50.6699,50.6699,500,0
BBBI.US,60,20250307,200000,50.79,50.79,50.79,50.79,100,0
BBBI.US,60,20250307,220000,50.6,50.6,50.6,50.6,100,0
BBBI.US,60,20250310,170000,50.85,50.85,50.85,50.85,100,0
BBBI.US,60,20250310,200000,50.84,50.84,50.84,50.84,100,0
BBBI.US,60,20250312,210000,50.5,50.5,50.5,50.5,599,0
BBBI.US,60,20250313,190000,50.47,50.47,50.4699,50.4699,210,0
BBBI.US,60,20250314,200000,50.5,50.5001,50.5,50.5001,200,0
BBBI.US,60,20250317,160000,50.57,50.57,50.57,50.57,100,0
BBBI.US,60,20250317,210000,50.56,50.56,50.55,50.55,2582,0
BBBI.US,60,20250318,200000,50.693,50.693,50.6898,50.6898,600,0
BBBI.US,60,20250318,210000,50.68,50.68,50.68,50.68,100,0
BBBI.US,60,20250319,180000,50.64,50.64,50.6399,50.6399,200,0
BBBI.US,60,20250319,210000,50.89,50.89,50.89,50.89,100,0
BBBI.US,60,20250320,190000,50.94,50.94,50.94,50.94,100,0
BBBI.US,60,20250320,200000,50.88,50.88,50.88,50.88,200,0
BBBI.US,60,20250320,210000,50.87,50.87,50.87,50.87,219,0
BBBI.US,60,20250321,180000,50.8599,50.86,50.8599,50.86,200,0
BBBI.US,60,20250324,210000,50.84,50.84,50.67,50.67,700,0
BBBI.US,60,20250325,180000,50.7708,50.7708,50.7708,50.7708,2000,0
BBBI.US,60,20250326,190000,50.73,50.73,50.6227,50.6227,800,0
BBBI.US,60,20250326,210000,50.61,50.61,50.61,50.61,100,0
BBBI.US,60,20250331,180000,50.862,50.862,50.862,50.862,240,0
BBBI.US,60,20250402,190000,50.785,50.785,50.78,50.78,200,0
BBBI.US,60,20250403,180000,51.09,51.1,51.03,51.03,3500,0
BBBI.US,60,20250404,220000,50.95,50.95,50.665,50.665,3644,0
BBBI.US,60,20250407,210000,50.2,50.32,50.13,50.13,10682,0
BBBI.US,60,20250407,220000,50.13,50.13,50.04,50.04,523,0
BBBI.US,60,20250408,200000,49.99,49.99,49.99,49.99,100,0
BBBI.US,60,20250408,210000,49.64,49.73,49.63,49.63,7200,0
BBBI.US,60,20250408,220000,49.522,49.53,49.46,49.46,5360,0
BBBI.US,60,20250409,160000,49.041,49.0411,49.041,49.0411,300,0
BBBI.US,60,20250409,170000,49.06,49.06,49.04,49.0401,700,0
BBBI.US,60,20250409,190000,48.91,48.9101,48.91,48.9101,200,0
BBBI.US,60,20250409,200000,49.03,49.43,49.03,49.43,2229,0
BBBI.US,60,20250409,210000,49.59,49.59,49.47,49.5,1404,0
BBBI.US,60,20250409,220000,49.59,49.59,49.59,49.59,804,0
BBBI.US,60,20250411,210000,49.52,49.5711,49.29,49.29,1910,0
BBBI.US,60,20250415,200000,49.9,49.9,49.88,49.8801,300,0
BBBI.US,60,20250416,210000,50.065,50.065,49.99,49.9903,17691,0
BBBI.US,60,20250416,220000,50.03,50.03,50.03,50.03,100,0
BBBI.US,60,20250417,170000,50.09,50.09,50.09,50.09,100,0
BBBI.US,60,20250417,180000,50.061,50.061,50.05,50.0601,3245,0
BBBI.US,60,20250417,220000,50.15,50.15,50.13,50.14,700,0
BBBI.US,60,20250421,170000,50.08,50.08,49.92,49.92,690,0
BBBI.US,60,20250422,180000,49.8781,49.8781,49.8781,49.8781,183,0
BBBI.US,60,20250423,190000,50.08,50.08,49.95,50.0799,700,0
BBBI.US,60,20250430,170000,50.64,50.64,50.64,50.64,100,0
BBBI.US,60,20250501,160000,50.545,50.545,50.545,50.545,500,0
BBBI.US,60,20250502,170000,50.38,50.38,50.16,50.16,200,0
BBBI.US,60,20250505,180000,50.09,50.09,50.09,50.09,100,0
BBBI.US,60,20250506,200000,50.21,50.21,50.17,50.1992,1490,0
BBBI.US,60,20250506,210000,50.19,50.19,50.19,50.19,100,0
BBBI.US,60,20250509,170000,50.24,50.24,50.24,50.24,100,0
BBBI.US,60,20250512,210000,50.203,50.203,50.12,50.12,351,0
BBBI.US,60,20250519,170000,50.18,50.18,50.18,50.18,100,0
BBBI.US,60,20250520,220000,50.4299,50.4299,50.4299,50.4299,100,0
BBBI.US,60,20250521,170000,50.2439,50.259,50.2439,50.259,668,0
BBBI.US,60,20250522,220000,50.15,50.15,50.15,50.15,100,0
BBBI.US,60,20250528,170000,50.45,50.45,50.45,50.45,950,0
BBBI.US,60,20250528,220000,50.44,50.44,50.44,50.44,100,0
BBBI.US,60,20250530,200000,50.72,50.73,50.72,50.73,2500,0
BBBI.US,60,20250602,170000,50.42,50.42,50.42,50.42,100,0
BBBI.US,60,20250602,220000,50.43,50.48,50.43,50.48,200,0
BBBI.US,60,20250603,170000,50.5,50.5,50.5,50.5,629990,0
BBBI.US,60,20250605,180000,50.52,50.625,50.5,50.625,79050,0
BBBI.US,60,20250605,220000,50.6299,50.6299,50.595,50.595,200,0
BBBI.US,60,20250609,210000,50.5399,50.5399,50.505,50.5399,660,0
BBBI.US,60,20250610,190000,50.5398,50.5398,50.5,50.5,1427,0
BBBI.US,60,20250611,170000,50.66,50.66,50.63,50.63,200,0
BBBI.US,60,20250612,180000,50.805,50.805,50.805,50.805,161,0
BBBI.US,60,20250612,200000,50.87,50.91,50.86,50.91,35666,0
BBBI.US,60,20250613,190000,50.7,50.7,50.7,50.7,500,0
BBBI.US,60,20250613,220000,50.73,50.73,50.73,50.73,312,0
BBBI.US,60,20250616,160000,50.74,50.8,50.74,50.8,1260,0
BBBI.US,60,20250616,170000,50.79,50.84,50.79,50.82,3290,0
BBBI.US,60,20250616,180000,50.81,50.86,50.81,50.85,3880,0
BBBI.US,60,20250616,190000,50.85,50.85,50.82,50.82,3330,0
BBBI.US,60,20250616,200000,50.81,50.81,50.745,50.77,3347,0
BBBI.US,60,20250616,210000,50.76,50.77,50.75,50.77,3899,0
BBBI.US,60,20250620,220000,50.75,50.929,50.74,50.929,4630,0
BBBI.US,60,20250623,170000,51.09,51.09,51.09,51.09,100,0
BBBI.US,60,20250623,200000,51.12,51.13,51.086,51.086,4700,0
BBBI.US,60,20250623,210000,51.13,51.13,51.13,51.13,100,0
BBBI.US,60,20250623,220000,51.05,51.05,51.05,51.05,400,0
BBBI.US,60,20250624,160000,51.03,51.03,51.0168,51.0168,1050,0
BBBI.US,60,20250624,170000,51.12,51.18,51.12,51.18,200,0
BBBI.US,60,20250624,200000,51.2,51.2,51.2,51.2,100,0
BBBI.US,60,20250624,220000,51.25,51.25,51.25,51.25,157,0
BBBI.US,60,20250625,160000,51.16,51.16,51.16,51.16,290,0
BBBI.US,60,20250626,170000,51.2627,51.27,51.2627,51.27,638,0
BBBI.US,60,20250626,210000,51.3398,51.3398,51.3398,51.3398,610,0
BBBI.US,60,20250626,220000,51.37,51.379,51.3699,51.3769,744,0
BBBI.US,60,20250627,200000,51.4101,51.4101,51.4101,51.4101,130,0
BBBI.US,60,20250627,220000,51.395,51.395,51.395,51.395,200,0
BBBI.US,60,20250630,160000,51.45,51.45,51.45,51.45,442,0
BBBI.US,60,20250630,170000,51.43,51.43,51.407,51.407,400,0
BBBI.US,60,20250630,180000,51.45,51.45,51.44,51.44,780,0
BBBI.US,60,20250630,190000,51.445,51.445,51.445,51.445,100,0
BBBI.US,60,20250630,220000,51.55,51.55,51.55,51.55,105,0
BBBI.US,60,20250701,170000,51.309,51.31,51.309,51.31,200,0
BBBI.US,60,20250701,190000,51.3,51.3,51.3,51.3,175,0
BBBI.US,60,20250701,210000,51.32,51.32,51.3,51.3,300,0
BBBI.US,60,20250702,170000,51.22,51.22,51.22,51.22,500,0
BBBI.US,60,20250702,220000,51.33,51.33,51.31,51.31,569,0
BBBI.US,60,20250703,190000,51.26,51.26,51.26,51.26,21943,0
BBBI.US,60,20250707,160000,51.22,51.22,51.22,51.22,4372,0
BBBI.US,60,20250707,180000,51.15,51.1501,51.1368,51.1368,470,0
BBBI.US,60,20250707,200000,51.14,51.14,51.14,51.14,100,0
BBBI.US,60,20250707,210000,51.1,51.1,51.1,51.1,143,0
BBBI.US,60,20250708,170000,50.9934,50.9934,50.9934,50.9934,739,0
BBBI.US,60,20250709,180000,51.01,51.01,51.001,51.01,400,0
BBBI.US,60,20250710,190000,51.13,51.15,51.13,51.14,600,0
BBBI.US,60,20250710,200000,51.16,51.16,51.16,51.16,400,0
BBBI.US,60,20250710,210000,51.2,51.2,51.1935,51.2,2100,0
BBBI.US,60,20250710,220000,51.2,51.22,51.18,51.22,2707,0
BBBI.US,60,20250715,210000,50.9822,50.9822,50.9,50.9,2209,0
BBBI.US,60,20250716,180000,50.98,50.98,50.9099,50.9099,1100,0
BBBI.US,60,20250716,190000,50.93,50.93,50.93,50.93,750,0
BBBI.US,60,20250716,220000,50.9976,51,50.9976,51,400,0
BBBI.US,60,20250717,180000,51.04,51.04,51.04,51.04,315,0
BBBI.US,60,20250717,190000,51.031,51.031,51.031,51.031,260,0
BBBI.US,60,20250718,220000,51.13,51.16,51.11,51.16,900,0
BBBI.US,60,20250721,180000,51.345,51.345,51.345,51.345,500,0
BBBI.US,60,20250721,220000,51.31,51.31,51.31,51.31,300,0
BBBI.US,60,20250722,180000,51.41,51.41,51.41,51.41,5350,0
BBBI.US,60,20250722,200000,51.41,51.41,51.41,51.41,100,0
BBBI.US,60,20250723,170000,51.36,51.36,51.36,51.36,100,0
BBBI.US,60,20250723,180000,51.35,51.359,51.35,51.359,484,0
BBBI.US,60,20250724,190000,51.2805,51.2805,51.2805,51.2805,500,0
BBBI.US,60,20250724,200000,51.29,51.29,51.29,51.29,100,0
BBBI.US,60,20250724,220000,51.285,51.285,51.28,51.28,300,0
BBBI.US,60,20250728,170000,51.36,51.36,51.36,51.36,100,0
BBBI.US,60,20250728,190000,51.34,51.34,51.34,51.34,100,0
BBBI.US,60,20250729,220000,51.34,51.51,51.33,51.51,1639,0
BBBI.US,60,20250730,190000,51.4469,51.4469,51.4469,51.4469,157,0
BBBI.US,60,20250730,200000,51.43,51.43,51.43,51.43,200,0
BBBI.US,60,20250730,220000,51.42,51.42,51.42,51.42,100,0
BBBI.US,60,20250801,190000,51.5005,51.55,51.5005,51.55,1863,0
BBBI.US,60,20250801,200000,51.55,51.55,51.55,51.55,1450,0
BBBI.US,60,20250801,220000,51.5828,51.64,51.5828,51.64,660,0
BBBI.US,60,20250804,180000,51.65,51.65,51.65,51.65,100,0
BBBI.US,60,20250806,220000,51.67,51.6801,51.67,51.68,674,0
BBBI.US,60,20250807,160000,51.6751,51.6751,51.675,51.675,200,0
BBBI.US,60,20250807,170000,51.6746,51.6746,51.6746,51.6746,400,0
BBBI.US,60,20250807,180000,51.68,51.68,51.68,51.68,441,0
BBBI.US,60,20250807,190000,51.68,51.68,51.68,51.68,100,0
BBBI.US,60,20250808,220000,51.645,51.645,51.54,51.54,334,0
BBBI.US,60,20250811,170000,51.57,51.58,51.57,51.5799,1400,0
BBBI.US,60,20250811,200000,51.61,51.619,51.61,51.619,400,0
BBBI.US,60,20250811,210000,51.57,51.57,51.57,51.57,100,0
BBBI.US,60,20250812,200000,51.54,51.54,51.54,51.54,100,0
BBBI.US,60,20250812,210000,51.53,51.53,51.53,51.53,100,0
BBBI.US,60,20250812,220000,51.55,51.55,51.55,51.55,100,0
BBBI.US,60,20250813,200000,51.8299,51.83,51.8299,51.83,600,0
BBBI.US,60,20250813,210000,51.77,51.77,51.77,51.77,100,0
BBBI.US,60,20250814,180000,51.6921,51.6921,51.6921,51.6921,209,0
BBBI.US,60,20250814,210000,51.68,51.68,51.68,51.68,100,0
BBBI.US,60,20250815,220000,51.6747,51.6747,51.65,51.65,487,0
BBBI.US,60,20250818,170000,51.6084,51.6084,51.6084,51.6084,200,0
BBBI.US,60,20250819,200000,51.68,51.68,51.6799,51.6799,324,0
BBBI.US,60,20250820,170000,51.65,51.65,51.65,51.65,9951,0
BBBI.US,60,20250820,220000,51.69,51.69,51.69,51.69,300,0
BBBI.US,60,20250821,180000,51.51,51.51,51.51,51.51,150,0
BBBI.US,60,20250821,220000,51.54,51.54,51.54,51.54,312,0
BBBI.US,60,20250825,180000,51.78,51.795,51.78,51.795,880,0
BBBI.US,60,20250825,190000,51.7744,51.8,51.7744,51.8,798,0
BBBI.US,60,20250825,200000,51.78,51.78,51.78,51.78,200,0
BBBI.US,60,20250826,170000,51.79,51.79,51.7644,51.7644,950,0
BBBI.US,60,20250826,190000,51.789,51.789,51.789,51.789,100,0
BBBI.US,60,20250827,220000,51.9,51.9,51.9,51.9,100,0
BBBI.US,60,20250828,180000,51.96,51.96,51.96,51.96,200,0
BBBI.US,60,20250828,200000,51.9275,51.9275,51.9275,51.9275,650,0
BBBI.US,60,20250829,160000,51.8999,51.9,51.8999,51.9,200,0
BBBI.US,60,20250829,220000,51.89,51.89,51.864,51.87,300,0
BBBI.US,60,20250902,190000,51.47,51.47,51.47,51.47,600,0
BBBI.US,60,20250903,170000,51.71,51.71,51.71,51.71,850,0
BBBI.US,60,20250903,220000,51.71,51.71,51.71,51.71,278,0
BBBI.US,60,20250904,190000,51.939,51.94,51.939,51.9399,1024,0
BBBI.US,60,20250904,220000,51.99,51.99,51.99,51.99,100,0
BBBI.US,60,20250905,180000,52.29,52.29,52.2644,52.29,1780,0
BBBI.US,60,20250905,190000,52.2649,52.2649,52.2649,52.2649,171,0
BBBI.US,60,20250905,220000,52.2,52.2,52.2,52.2,300,0
BBBI.US,60,20250908,170000,52.28,52.28,52.28,52.28,100,0
BBBI.US,60,20250908,190000,52.31,52.31,52.3,52.3,5625,0
BBBI.US,60,20250911,200000,52.3,52.53,52.3,52.53,455,0
BBBI.US,60,20250915,170000,52.55,52.55,52.55,52.55,100,0
BBBI.US,60,20250916,220000,52.58,52.58,52.58,52.58,300,0
BBBI.US,60,20250917,170000,52.555,52.555,52.53,52.53,302,0
BBBI.US,60,20250917,210000,52.56,52.56,52.56,52.56,200,0
BBBI.US,60,20250917,220000,52.53,52.53,52.53,52.53,300,0
BBBI.US,60,20250919,190000,52.4,52.41,52.4,52.41,660,0
BBBI.US,60,20250919,220000,52.44,52.44,52.44,52.44,295,0
BBBI.US,60,20250922,170000,52.4,52.4,52.385,52.389,900,0
BBBI.US,60,20250922,210000,52.38,52.38,52.38,52.38,500,0
BBBI.US,60,20250922,220000,52.3582,52.36,52.3582,52.36,488,0
BBBI.US,60,20250923,170000,52.39,52.39,52.39,52.39,289,0
BBBI.US,60,20250924,180000,52.29,52.29,52.29,52.29,212,0
BBBI.US,60,20250924,200000,52.31,52.31,52.29,52.29,200,0
BBBI.US,60,20250925,180000,52.08,52.08,52.08,52.08,200,0
BBBI.US,60,20250929,160000,52.2729,52.2729,52.2729,52.2729,191,0
BBBI.US,60,20250929,190000,52.3,52.3172,52.3,52.3172,1100,0
BBBI.US,60,20250930,170000,52.38,52.38,52.3542,52.3542,300,0
BBBI.US,60,20250930,180000,52.37,52.37,52.36,52.36,1750,0
BBBI.US,60,20250930,210000,52.3,52.3,52.3,52.3,39132,0
BBBI.US,60,20250930,220000,52.31,52.31,52.31,52.31,100,0
BBBI.US,60,20251001,170000,52.2101,52.2101,52.2101,52.2101,1282,0
BBBI.US,60,20251001,190000,52.19,52.19,52.19,52.19,600,0
BBBI.US,60,20251002,170000,52.2536,52.28,52.23,52.235,25398,0
BBBI.US,60,20251002,180000,52.2699,52.27,52.2313,52.2654,10072,0
BBBI.US,60,20251002,190000,52.3282,52.33,52.295,52.3178,2802,0
BBBI.US,60,20251002,210000,52.3105,52.33,52.3,52.3288,2169,0
BBBI.US,60,20251002,220000,52.35,52.35,52.35,52.35,100,0
BBBI.US,60,20251003,170000,52.28,52.28,52.28,52.28,200,0
BBBI.US,60,20251003,190000,52.2857,52.2857,52.2857,52.2857,142,0
BBBI.US,60,20251003,210000,52.28,52.28,52.2345,52.2345,365,0
BBBI.US,60,20251003,220000,52.28,52.28,52.28,52.28,100,0
BBBI.US,60,20251006,210000,52.1653,52.1653,52.1653,52.1653,192,0
BBBI.US,60,20251007,180000,52.2,52.2,52.2,52.2,249,0
BBBI.US,60,20251007,190000,52.1945,52.1945,52.1945,52.1945,957,0
BBBI.US,60,20251007,200000,52.27,52.27,52.26,52.26,1000,0
BBBI.US,60,20251007,210000,52.24,52.26,52.24,52.25,5200,0
BBBI.US,60,20251007,220000,52.2128,52.26,52.2128,52.26,39296,0
BBBI.US,60,20251009,170000,52.08,52.08,52.08,52.08,1000,0
BBBI.US,60,20251009,200000,52.0895,52.0895,52.089,52.089,211,0
BBBI.US,60,20251009,210000,52.08,52.08,52.0581,52.08,388,0
BBBI.US,60,20251013,190000,52.24,52.24,52.24,52.24,450,0
BBBI.US,60,20251015,210000,52.3775,52.3775,52.3775,52.3775,200,0
BBBI.US,60,20251015,220000,52.43,52.43,52.43,52.43,20677,0
BBBI.US,60,20251016,170000,52.43,52.43,52.43,52.43,1200,0
BBBI.US,60,20251016,190000,52.5244,52.5244,52.5244,52.5244,182,0
BBBI.US,60,20251016,220000,52.57,52.57,52.57,52.57,1000,0
BBBI.US,60,20251020,160000,52.5,52.5213,52.47,52.5213,3838,0
BBBI.US,60,20251020,220000,52.58,52.58,52.58,52.58,282,0
BBBI.US,60,20251021,170000,52.67,52.67,52.6699,52.67,474,0
BBBI.US,60,20251021,180000,52.65,52.65,52.65,52.65,649,0
BBBI.US,60,20251021,190000,52.65,52.65,52.65,52.65,100,0
BBBI.US,60,20251021,200000,52.64,52.64,52.64,52.64,100,0
BBBI.US,60,20251021,210000,52.617,52.617,52.617,52.617,1000,0
BBBI.US,60,20251021,220000,52.62,52.62,52.6,52.6,200,0
BBBI.US,60,20251022,170000,52.57,52.57,52.536,52.536,2546,0
BBBI.US,60,20251022,180000,52.56,52.56,52.56,52.56,100,0
BBBI.US,60,20251022,220000,52.6,52.62,52.6,52.62,801,0
BBBI.US,60,20251023,170000,52.59,52.59,52.59,52.59,100,0
BBBI.US,60,20251023,190000,52.57,52.5717,52.56,52.5717,64030,0
BBBI.US,60,20251023,200000,52.54,52.54,52.54,52.54,200,0
BBBI.US,60,20251023,220000,52.58,52.58,52.57,52.57,200,0
BBBI.US,60,20251024,160000,52.67,52.67,52.67,52.67,100,0
BBBI.US,60,20251024,170000,52.64,52.64,52.64,52.64,117,0
BBBI.US,60,20251024,180000,52.64,52.66,52.64,52.66,300,0
BBBI.US,60,20251024,210000,52.68,52.68,52.68,52.68,100,0
BBBI.US,60,20251027,160000,52.6,52.64,52.6,52.64,673,0
BBBI.US,60,20251027,170000,52.64,52.64,52.64,52.64,100,0
BBBI.US,60,20251027,200000,52.7,52.7,52.7,52.7,100,0
BBBI.US,60,20251027,210000,52.71,52.73,52.71,52.71,1091,0
BBBI.US,60,20251028,170000,52.67,52.71,52.67,52.69,1741,0
BBBI.US,60,20251028,180000,52.69,52.69,52.69,52.69,100,0
BBBI.US,60,20251028,210000,52.705,52.705,52.65,52.65,2900,0
BBBI.US,60,20251029,160000,52.6793,52.6793,52.6793,52.6793,147,0
BBBI.US,60,20251029,180000,52.6664,52.7,52.6664,52.7,1328,0
BBBI.US,60,20251029,190000,52.66,52.66,52.63,52.63,278,0
BBBI.US,60,20251029,200000,52.6289,52.6289,52.62,52.62,741,0
BBBI.US,60,20251029,210000,52.4006,52.4006,52.4006,52.4006,559,0
BBBI.US,60,20251030,150000,52.25,52.25,52.215,52.235,2114,0
BBBI.US,60,20251030,160000,52.3073,52.3073,52.3073,52.3073,1075,0
BBBI.US,60,20251030,210000,52.3,52.3,52.3,52.3,200,0
BBBI.US,60,20251031,150000,52.324,52.324,52.324,52.324,1910,0
BBBI.US,60,20251031,170000,52.31,52.31,52.2461,52.2461,1424,0
BBBI.US,60,20251031,180000,52.2499,52.2499,52.213,52.213,2756,0
BBBI.US,60,20251031,190000,52.21,52.21,52.21,52.21,100,0
BBBI.US,60,20251031,210000,52.2,52.2,52.2,52.2,100,0
BBBI.US,60,20251103,160000,51.878,51.878,51.878,51.878,711,0
BBBI.US,60,20251103,180000,51.89,51.89,51.8862,51.8862,300,0
BBBI.US,60,20251103,210000,51.9025,51.93,51.878,51.93,945,0
BBBI.US,60,20251103,220000,51.92,51.92,51.92,51.92,100,0
BBBI.US,60,20251104,160000,51.8769,51.97,51.8769,51.97,2716,0
BBBI.US,60,20251104,200000,52,52,52,52,484,0
BBBI.US,60,20251104,220000,51.9597,51.9597,51.9597,51.9597,306,0
BBBI.US,60,20251105,170000,51.94,51.94,51.8642,51.8642,200,0
BBBI.US,60,20251106,160000,52.02,52.03,52.02,52.03,400,0
BBBI.US,60,20251106,170000,52.007,52.007,51.998,51.998,552,0
BBBI.US,60,20251106,210000,52.05,52.05,52.02,52.02,592,0
BBBI.US,60,20251106,220000,52.05,52.05,52.04,52.04,300,0
BBBI.US,60,20251107,170000,51.9698,52.0098,51.9698,52,2389,0
BBBI.US,60,20251107,180000,52.0045,52.0045,52.0045,52.0045,200,0
BBBI.US,60,20251107,200000,52.04,52.04,52.0399,52.04,1015,0
BBBI.US,60,20251107,210000,52.01,52.01,52.01,52.01,100,0
BBBI.US,60,20251110,170000,51.97,51.97,51.97,51.97,1253,0
BBBI.US,60,20251110,210000,51.98,52,51.98,52,200,0
BBBI.US,60,20251110,220000,52.01,52.01,51.96,52,2560,0
BBBI.US,60,20251111,180000,52.11,52.11,52.11,52.11,102,0
BBBI.US,60,20251111,190000,52.162,52.162,52.162,52.162,148,0
BBBI.US,60,20251112,170000,52.064,52.064,52.064,52.064,242,0
BBBI.US,60,20251112,210000,52.12,52.14,52.12,52.13,300,0
BBBI.US,60,20251113,170000,51.99,51.99,51.9637,51.9637,1543,0
BBBI.US,60,20251113,180000,51.98,51.98,51.98,51.98,115,0
BBBI.US,60,20251113,190000,52.04,52.04,52.0377,52.0377,758,0
BBBI.US,60,20251113,200000,52.01,52.01,51.976,51.976,415,0
BBBI.US,60,20251113,210000,51.99,51.99,51.99,51.99,100,0
BBBI.US,60,20251113,220000,51.96,51.96,51.96,51.96,149,0
BBBI.US,60,20251114,170000,51.91,51.91,51.91,51.91,250,0
BBBI.US,60,20251114,180000,51.98,51.98,51.98,51.98,100,0
BBBI.US,60,20251114,190000,51.9791,51.9791,51.92,51.92,1995,0
BBBI.US,60,20251114,210000,51.929,51.93,51.9002,51.9299,1663,0
BBBI.US,60,20251117,160000,51.85,51.87,51.85,51.87,237,0
BBBI.US,60,20251117,170000,51.8829,51.9005,51.8759,51.8775,1228,0
BBBI.US,60,20251117,180000,51.9093,51.95,51.8915,51.95,3512,0
BBBI.US,60,20251117,190000,51.9571,51.9571,51.925,51.9275,752,0
BBBI.US,60,20251117,200000,51.91,51.91,51.91,51.91,100,0
BBBI.US,60,20251117,220000,51.87,51.87,51.87,51.87,2000,0
BBBI.US,60,20251118,190000,51.8401,51.8505,51.8401,51.8505,1330,0
BBBI.US,60,20251118,210000,51.925,51.925,51.925,51.925,135,0
BBBI.US,60,20251119,170000,51.96,51.96,51.95,51.95,790,0
BBBI.US,60,20251119,190000,51.97,51.97,51.96,51.96,200,0
BBBI.US,60,20251119,210000,51.92,51.92,51.92,51.92,100,0
BBBI.US,60,20251120,170000,51.9804,52.07,51.9804,52.0115,1994,0
BBBI.US,60,20251120,180000,52.0699,52.0699,52.05,52.05,415,0
BBBI.US,60,20251120,190000,52.01,52.01,51.99,51.99,200,0
BBBI.US,60,20251120,210000,51.95,51.95,51.95,51.95,100,0
BBBI.US,60,20251121,160000,52.1,52.1,52.1,52.1,100,0
BBBI.US,60,20251121,180000,52.08,52.08,52.08,52.08,100,0
BBBI.US,60,20251121,190000,52.0324,52.0324,52.0324,52.0324,236,0
BBBI.US,60,20251121,200000,52.018,52.06,52.018,52.06,484,0
BBBI.US,60,20251121,220000,52.11,52.11,52.0701,52.0701,1085,0
BBBI.US,60,20251124,170000,52.18,52.18,52.18,52.18,100,0
BBBI.US,60,20251124,180000,52.1695,52.1786,52.165,52.1786,573,0
BBBI.US,60,20251124,190000,52.179,52.24,52.15,52.24,539,0
BBBI.US,60,20251124,200000,52.2249,52.24,52.2249,52.24,567,0
BBBI.US,60,20251124,210000,52.2496,52.2496,52.249,52.249,368,0
BBBI.US,60,20251124,220000,52.25,52.3,52.22,52.26,4368,0
BBBI.US,60,20251125,160000,52.275,52.31,52.275,52.31,483,0
BBBI.US,60,20251125,170000,52.32,52.3452,52.31,52.3452,1208,0
BBBI.US,60,20251125,190000,52.4139,52.4139,52.4139,52.4139,342,0
BBBI.US,60,20251125,200000,52.4899,52.4899,52.43,52.44,2440,0
BBBI.US,60,20251125,210000,52.41,52.43,52.405,52.405,1062,0
BBBI.US,60,20251125,220000,52.4267,52.43,52.385,52.41,6653,0
BBBI.US,60,20251126,160000,52.3552,52.4054,52.3552,52.38,2366,0
BBBI.US,60,20251126,170000,52.3987,52.3987,52.3987,52.3987,250,0
BBBI.US,60,20251126,180000,52.418,52.418,52.418,52.418,192,0
BBBI.US,60,20251126,190000,52.45,52.48,52.45,52.48,238,0
BBBI.US,60,20251126,200000,52.4863,52.4863,52.4863,52.4863,608,0
BBBI.US,60,20251126,210000,52.52,52.53,52.51,52.52,3050,0
BBBI.US,60,20251126,220000,52.513,52.52,52.513,52.52,861,0
BBBI.US,60,20251128,170000,52.465,52.465,52.43,52.44,805,0
BBBI.US,60,20251128,180000,52.47,52.49,52.47,52.49,601,0
BBBI.US,60,20251128,190000,52.47,52.509,52.4488,52.4488,2545,0
BBBI.US,60,20251201,160000,52.08,52.08,52.08,52.08,100,0
BBBI.US,60,20251201,170000,52.06,52.06,52.06,52.06,200,0
BBBI.US,60,20251201,190000,52.055,52.0758,52.048,52.0758,1573,0
BBBI.US,60,20251201,200000,52.09,52.1,52.0848,52.1,417,0
BBBI.US,60,20251201,210000,52.069,52.075,52.069,52.075,1042,0
BBBI.US,60,20251201,220000,52.09,52.11,52.09,52.09,400,0
BBBI.US,60,20251202,170000,52.0898,52.0898,52.0898,52.0898,198,0
BBBI.US,60,20251202,180000,52.095,52.12,52.088,52.092,2019,0
BBBI.US,60,20251202,190000,52.085,52.13,52.085,52.11,907,0
BBBI.US,60,20251202,200000,52.12,52.15,52.1025,52.13,2668,0
BBBI.US,60,20251202,210000,52.15,52.17,52.117,52.17,5195,0
BBBI.US,60,20251202,220000,52.15,52.16,52.115,52.13,4018,0
BBBI.US,60,20251203,160000,52.2,52.2,52.2,52.2,100,0
BBBI.US,60,20251203,170000,52.22,52.22,52.1656,52.2,2880,0
BBBI.US,60,20251203,180000,52.18,52.22,52.15,52.195,3925,0
BBBI.US,60,20251203,190000,52.21,52.24,52.195,52.23,1935,0
BBBI.US,60,20251203,200000,52.26,52.28,52.2,52.28,2367,0
BBBI.US,60,20251203,210000,52.211,52.28,52.211,52.28,834,0
BBBI.US,60,20251203,220000,52.28,52.28,52.22,52.27,3896,0
BBBI.US,60,20251204,160000,52.19,52.19,52.1737,52.1737,244,0
BBBI.US,60,20251204,170000,52.17,52.17,52.145,52.145,1200,0
BBBI.US,60,20251204,180000,52.16,52.19,52.145,52.145,3244,0
BBBI.US,60,20251204,190000,52.1569,52.2,52.1569,52.1707,749,0
BBBI.US,60,20251204,200000,52.16,52.189,52.155,52.155,2559,0
BBBI.US,60,20251204,210000,52.15,52.15,52.14,52.15,400,0
BBBI.US,60,20251204,220000,52.139,52.15,52.1345,52.15,1263,0
BBBI.US,60,20251205,170000,52.17,52.1763,52.14,52.14,1834,0
BBBI.US,60,20251205,180000,52.099,52.12,52.05,52.12,3110,0
BBBI.US,60,20251205,190000,52.13,52.13,52.08,52.11,7815,0
BBBI.US,60,20251205,200000,52.1,52.13,52.1,52.12,3450,0
BBBI.US,60,20251205,210000,52.1025,52.13,52.1,52.105,3342,0
BBBI.US,60,20251205,220000,52.13,52.13,52.08,52.13,5917,0
BBBI.US,60,20251208,160000,52.0301,52.0301,52.0301,52.0301,200,0
BBBI.US,60,20251208,170000,52,52,51.9882,51.9882,216,0
BBBI.US,60,20251208,190000,52.0299,52.0299,52.0299,52.0299,892,0
BBBI.US,60,20251208,200000,52.03,52.03,52.0025,52.02,2484,0
BBBI.US,60,20251208,210000,52.04,52.05,52.025,52.03,2717,0
BBBI.US,60,20251208,220000,52.026,52.05,52.026,52.04,1595,0
BBBI.US,60,20251209,160000,52.09,52.09,52.09,52.09,100,0
BBBI.US,60,20251209,170000,52,52,51.9866,52,1728,0
BBBI.US,60,20251209,180000,51.98,52.02,51.9701,52.02,31937,0
BBBI.US,60,20251209,190000,52.03,52.03,52.01,52.03,326,0
BBBI.US,60,20251209,200000,52.0069,52.01,51.957,51.957,6366,0
BBBI.US,60,20251209,210000,51.98,51.99,51.94,51.94,4078,0
BBBI.US,60,20251209,220000,52.0097,52.03,51.98,51.9981,2578,0
BBBI.US,60,20251210,160000,51.979,52.01,51.95,52.01,560,0
BBBI.US,60,20251210,170000,52.01,52.04,52.01,52.035,430,0
BBBI.US,60,20251210,180000,52.04,52.08,52.035,52.08,392,0
BBBI.US,60,20251210,190000,52.09,52.1,52.069,52.08,1782,0
BBBI.US,60,20251210,200000,52.08,52.09,52.07,52.07,1310,0
BBBI.US,60,20251210,210000,52.16,52.2,52.07,52.1,6751,0
BBBI.US,60,20251210,220000,52.115,52.2299,52.115,52.18,17971,0
BBBI.US,60,20251211,160000,52.279,52.279,52.279,52.279,710,0
BBBI.US,60,20251211,170000,52.22,52.26,52.22,52.26,1306,0
BBBI.US,60,20251211,180000,52.228,52.228,52.21,52.22,887,0
BBBI.US,60,20251211,190000,52.24,52.2425,52.23,52.23,1241,0
BBBI.US,60,20251211,200000,52.2224,52.2224,52.2224,52.2224,124,0
BBBI.US,60,20251211,210000,52.175,52.175,52.1481,52.15,685,0
BBBI.US,60,20251211,220000,52.1788,52.18,52.1788,52.18,564,0
BBBI.US,60,20251212,170000,51.96,52.02,51.96,51.999,2102,0
BBBI.US,60,20251212,180000,52,52,51.97,51.97,1420,0
BBBI.US,60,20251212,190000,51.99,51.99,51.93,51.945,795,0
BBBI.US,60,20251212,200000,51.98,52,51.93,52,3090,0
BBBI.US,60,20251212,210000,51.9623,52,51.9623,51.965,3485,0
BBBI.US,60,20251212,220000,51.97,51.975,51.9625,51.9625,1651,0
BBBI.US,60,20251215,160000,52.0913,52.0913,52.0913,52.0913,161,0
BBBI.US,60,20251215,170000,52.07,52.07,52.07,52.07,740,0
BBBI.US,60,20251215,180000,52.065,52.065,52.05,52.05,200,0
BBBI.US,60,20251215,190000,51.9944,52.02,51.97,52.01,6121,0
BBBI.US,60,20251215,200000,52.02,52.04,51.98,52.02,73787,0
BBBI.US,60,20251215,210000,51.99,52.02,51.9864,52.02,712,0
BBBI.US,60,20251215,220000,51.99,52.0393,51.99,52.03,5364,0
BBBI.US,60,20251216,160000,51.999,51.999,51.975,51.975,382,0
BBBI.US,60,20251216,170000,52.06,52.06,52.04,52.04,400,0
BBBI.US,60,20251216,180000,52.04,52.06,51.96,52.0433,1669,0
BBBI.US,60,20251216,190000,52.0377,52.135,52.0377,52.09,14448,0
BBBI.US,60,20251216,200000,52.08,52.09,52.0745,52.08,1660,0
BBBI.US,60,20251216,210000,52.075,52.17,52.06,52.11,72139,0
BBBI.US,60,20251216,220000,52.11,52.13,52.09,52.11,5224,0
BBBI.US,60,20251217,170000,52.09,52.0924,52.07,52.07,21379,0
BBBI.US,60,20251217,180000,52.015,52.0495,52.015,52.0495,1301,0
BBBI.US,60,20251217,190000,52.05,52.05,52.04,52.04,413,0
BBBI.US,60,20251217,200000,52.064,52.0707,52.0501,52.051,4832,0
BBBI.US,60,20251217,210000,52.079,52.079,52.073,52.073,1568,0
BBBI.US,60,20251217,220000,52.0899,52.0899,52.065,52.07,2594,0
BBBI.US,60,20251218,160000,52.195,52.195,52.195,52.195,733,0
BBBI.US,60,20251218,170000,52.2052,52.24,52.2052,52.23,1676,0
BBBI.US,60,20251218,180000,52.21,52.23,52.195,52.195,534,0
BBBI.US,60,20251218,190000,52.165,52.165,52.14,52.14,1325,0
BBBI.US,60,20251218,200000,52.1699,52.1699,52.1699,52.1699,318,0
BBBI.US,60,20251218,210000,52.179,52.44,52.13,52.19,30786,0
BBBI.US,60,20251218,220000,52.19,52.24,52.19,52.23,29200,0
BBBI.US,60,20251219,160000,52.17,52.17,52.17,52.17,100,0
BBBI.US,60,20251219,170000,52.145,52.19,52.145,52.19,597,0
BBBI.US,60,20251219,180000,52.21,52.21,52.165,52.165,1726,0
BBBI.US,60,20251219,190000,52.169,52.17,52.135,52.1506,4894,0
BBBI.US,60,20251219,200000,52.15,52.16,52.13,52.13,1396,0
BBBI.US,60,20251219,210000,52.15,52.18,52.1373,52.18,6600,0
BBBI.US,60,20251219,220000,52.17,52.18,52.15,52.15,13540,0
BBBI.US,60,20251222,160000,52.1001,52.1001,52.1001,52.1001,103,0
BBBI.US,60,20251222,190000,52.12,52.12,52.12,52.12,197,0
BBBI.US,60,20251222,200000,52.1158,52.1295,52.1073,52.1073,2099,0
BBBI.US,60,20251222,210000,52.11,52.14,52.095,52.1165,9729,0
BBBI.US,60,20251222,220000,52.13,52.15,52.105,52.1495,1415,0
BBBI.US,60,20251223,160000,52.015,52.015,52.015,52.015,266,0
BBBI.US,60,20251223,170000,52.09,52.09,52.09,52.09,200,0
BBBI.US,60,20251223,180000,52.1,52.1,52.0803,52.0803,1234,0
BBBI.US,60,20251223,190000,52.1299,52.13,52.1221,52.13,412,0
BBBI.US,60,20251223,200000,52.1,52.1,52.1,52.1,117,0
BBBI.US,60,20251223,210000,52.15,52.17,52.115,52.16,1734,0
BBBI.US,60,20251223,220000,52.17,52.19,52.13,52.16,86247,0
BBBI.US,60,20251224,160000,52.22,52.22,52.22,52.22,100,0
BBBI.US,60,20251224,170000,52.2198,52.2267,52.2,52.2267,12796,0
BBBI.US,60,20251224,190000,52.3,52.3,52.3,52.3,100,0
BBBI.US,60,20251226,160000,52.32,52.32,52.32,52.32,435,0
BBBI.US,60,20251226,180000,52.2401,52.2999,52.2401,52.2909,1185,0
BBBI.US,60,20251226,190000,52.275,52.275,52.275,52.275,164,0
