<TICKER>,<PER>,<DATE>,<TIME>,<OPEN>,<HIGH>,<LOW>,<CLOSE>,<VOL>,<OPENINT>
GMET.US,60,20240411,160000,26.23,26.23,26.23,26.23,2400,0
GMET.US,60,20240411,170000,25.86,25.86,25.86,25.86,284,0
GMET.US,60,20240411,190000,26.03,26.06,26.03,26.06,200,0
GMET.US,60,20240411,200000,26.07,26.07,26.07,26.07,100,0
GMET.US,60,20240411,210000,26.2,26.2,26.2,26.2,5205,0
GMET.US,60,20240411,220000,26.21,26.25,26.18,26.25,1000,0
GMET.US,60,20240412,160000,26.4,26.43,26.36,26.36,1187,0
GMET.US,60,20240412,180000,26.185,26.185,26.1201,26.1201,216,0
GMET.US,60,20240412,200000,25.84,25.84,25.79,25.8,500,0
GMET.US,60,20240412,210000,25.78,25.78,25.74,25.74,500,0
GMET.US,60,20240412,220000,25.67,25.67,25.67,25.67,200,0
GMET.US,60,20240415,160000,26.15,26.2,26.13,26.13,1159,0
GMET.US,60,20240415,170000,25.91,25.91,25.91,25.91,291,0
GMET.US,60,20240415,180000,25.91,25.97,25.91,25.97,200,0
GMET.US,60,20240415,190000,25.97,25.99,25.923,25.923,600,0
GMET.US,60,20240415,200000,25.75,25.75,25.75,25.75,100,0
GMET.US,60,20240415,210000,25.7,25.7292,25.7,25.72,1424,0
GMET.US,60,20240415,220000,25.7293,25.74,25.7,25.74,900,0
GMET.US,60,20240416,160000,25,25.06,24.73,24.73,2632,0
GMET.US,60,20240416,170000,24.87,24.87,24.87,24.87,200,0
GMET.US,60,20240416,180000,24.89,24.8901,24.89,24.8901,200,0
GMET.US,60,20240416,200000,24.89,24.94,24.8,24.94,390,0
GMET.US,60,20240416,210000,25.0701,25.0701,25.0701,25.0701,100,0
GMET.US,60,20240416,220000,24.96,25.01,24.96,25.01,529,0
GMET.US,60,20240417,160000,25.56,25.56,25.56,25.56,1473,0
GMET.US,60,20240417,180000,25.56,25.56,25.4817,25.4817,350,0
GMET.US,60,20240417,190000,25.42,25.42,25.25,25.25,400,0
GMET.US,60,20240417,200000,25.4477,25.4477,25.4477,25.4477,101,0
GMET.US,60,20240417,210000,25.55,25.55,25.44,25.44,300,0
GMET.US,60,20240417,220000,25.35,25.35,25.3,25.3,200,0
GMET.US,60,20240418,160000,25.65,25.65,25.65,25.65,307,0
GMET.US,60,20240418,190000,25.58,25.5801,25.58,25.5801,200,0
GMET.US,60,20240418,200000,25.5238,25.54,25.5238,25.54,200,0
GMET.US,60,20240418,220000,25.44,25.485,25.44,25.485,734,0
GMET.US,60,20240419,160000,24.22,24.22,24.22,24.22,139,0
GMET.US,60,20240419,170000,25.6,25.64,25.6,25.63,2000,0
GMET.US,60,20240419,180000,25.6,25.6,25.51,25.51,303,0
GMET.US,60,20240419,190000,25.54,25.54,25.54,25.54,100,0
GMET.US,60,20240419,200000,25.5,25.5,25.5,25.5,100,0
GMET.US,60,20240419,220000,25.39,25.39,25.39,25.39,200,0
GMET.US,60,20240422,160000,25.09,25.15,24.84,24.84,1640,0
GMET.US,60,20240422,170000,25.03,25.0399,25.03,25.0399,485,0
GMET.US,60,20240422,180000,24.83,24.923,24.83,24.923,600,0
GMET.US,60,20240422,190000,24.98,25.02,24.97,25.02,500,0
GMET.US,60,20240422,220000,25.08,25.125,24.99,24.99,11684,0
GMET.US,60,20240423,160000,24.58,24.58,24.55,24.55,754,0
GMET.US,60,20240424,170000,24.6322,24.745,24.6005,24.6005,4025,0
GMET.US,60,20240424,190000,24.7113,24.7113,24.7113,24.7113,295,0
GMET.US,60,20240424,220000,24.75,24.76,24.75,24.76,200,0
GMET.US,60,20240425,160000,25.02,25.02,25.02,25.02,2201,0
GMET.US,60,20240425,180000,25.205,25.205,25.205,25.205,325,0
GMET.US,60,20240425,200000,25.33,25.33,25.33,25.33,100,0
GMET.US,60,20240425,210000,25.495,25.54,25.495,25.54,250,0
GMET.US,60,20240425,220000,25.582,25.582,25.58,25.58,2493,0
GMET.US,60,20240426,170000,25.9,25.9,25.9,25.9,100,0
GMET.US,60,20240426,180000,25.825,25.825,25.825,25.825,390,0
GMET.US,60,20240426,190000,25.88,25.92,25.88,25.92,400,0
GMET.US,60,20240426,200000,26.01,26.05,26.01,26.05,9274,0
GMET.US,60,20240426,210000,26.05,26.08,26.05,26.0572,375,0
GMET.US,60,20240426,220000,26.105,26.15,26.085,26.1,1588,0
GMET.US,60,20240429,160000,26.47,26.47,26.47,26.47,200,0
GMET.US,60,20240429,170000,26.59,26.75,26.58,26.75,803,0
GMET.US,60,20240429,190000,26.8,26.8,26.8,26.8,163,0
GMET.US,60,20240429,200000,26.865,26.865,26.865,26.865,100,0
GMET.US,60,20240429,220000,26.81,26.81,26.81,26.81,900,0
GMET.US,60,20240430,160000,26.38,26.38,26.247,26.247,788,0
GMET.US,60,20240430,220000,26.06,26.06,25.9924,25.9924,1200,0
GMET.US,60,20240501,160000,25.92,25.92,25.92,25.92,400,0
GMET.US,60,20240501,200000,25.7937,25.8311,25.7937,25.8311,1600,0
GMET.US,60,20240501,210000,25.975,25.975,25.975,25.975,100,0
GMET.US,60,20240501,220000,26.055,26.055,26,26,700,0
GMET.US,60,20240502,160000,25.85,26.2,25.85,26.05,1229,0
GMET.US,60,20240502,180000,26.0599,26.0599,26.0599,26.0599,120,0
GMET.US,60,20240502,220000,26.13,26.13,26.06,26.06,543,0
GMET.US,60,20240506,160000,26.93,26.93,26.93,26.93,100,0
GMET.US,60,20240506,170000,26.877,26.8862,26.87,26.87,325,0
GMET.US,60,20240506,180000,26.81,26.81,26.81,26.81,100,0
GMET.US,60,20240506,190000,26.78,26.78,26.78,26.78,170,0
GMET.US,60,20240506,210000,26.82,26.82,26.82,26.82,100,0
GMET.US,60,20240506,220000,26.85,26.85,26.84,26.84,5700,0
GMET.US,60,20240507,160000,26.735,26.8099,26.735,26.8099,405,0
GMET.US,60,20240507,170000,26.79,26.79,26.79,26.79,200,0
GMET.US,60,20240507,180000,26.8,26.8,26.8,26.8,600,0
GMET.US,60,20240507,200000,26.75,26.75,26.75,26.75,150,0
GMET.US,60,20240507,220000,26.73,26.73,26.73,26.73,100,0
GMET.US,60,20240508,160000,26.29,26.29,26.29,26.29,1078,0
GMET.US,60,20240508,170000,26.35,26.3501,26.35,26.3501,1214,0
GMET.US,60,20240508,190000,26.3,26.3,26.3,26.3,146,0
GMET.US,60,20240508,220000,26.31,26.31,26.31,26.31,232,0
GMET.US,60,20240509,160000,26.49,26.632,26.49,26.632,1303,0
GMET.US,60,20240509,170000,26.85,26.87,26.85,26.87,930,0
GMET.US,60,20240509,190000,26.91,26.92,26.91,26.9192,375,0
GMET.US,60,20240509,210000,26.97,26.97,26.97,26.97,100,0
GMET.US,60,20240510,160000,27.19,27.22,27.13,27.22,707,0
GMET.US,60,20240510,180000,27.16,27.16,27.1168,27.1168,250,0
GMET.US,60,20240510,220000,27.12,27.17,27.12,27.169,8596,0
GMET.US,60,20240513,160000,27.17,27.17,27.17,27.17,540,0
GMET.US,60,20240513,170000,27.1899,27.24,27.1899,27.2281,600,0
GMET.US,60,20240513,180000,27.1844,27.1844,27.1435,27.1435,880,0
GMET.US,60,20240513,200000,27.13,27.15,27.095,27.15,944,0
GMET.US,60,20240513,220000,27.195,27.22,27.14,27.14,656,0
GMET.US,60,20240514,160000,27.29,27.39,27.29,27.39,250,0
GMET.US,60,20240514,170000,27.435,27.435,27.435,27.435,116,0
GMET.US,60,20240514,190000,27.6,27.6,27.45,27.45,826,0
GMET.US,60,20240514,210000,27.5499,27.5499,27.5499,27.5499,200,0
GMET.US,60,20240515,160000,27.82,27.82,27.82,27.82,417,0
GMET.US,60,20240515,170000,27.3,27.43,27.26,27.43,800,0
GMET.US,60,20240515,180000,27.49,27.49,27.48,27.48,300,0
GMET.US,60,20240515,190000,27.52,27.6,27.52,27.6,300,0
GMET.US,60,20240515,200000,27.58,27.616,27.56,27.616,1483,0
GMET.US,60,20240515,220000,27.5802,27.6,27.5802,27.6,800,0
GMET.US,60,20240516,160000,27.45,27.45,27.435,27.435,1100,0
GMET.US,60,20240516,170000,27.4501,27.461,27.4501,27.461,1200,0
GMET.US,60,20240516,190000,27.515,27.515,27.515,27.515,100,0
GMET.US,60,20240516,210000,27.53,27.53,27.5299,27.5299,200,0
GMET.US,60,20240517,160000,27.93,27.95,27.93,27.93,1155,0
GMET.US,60,20240517,170000,28.12,28.12,28.12,28.12,100,0
GMET.US,60,20240517,180000,28.245,28.245,28.2,28.2001,750,0
GMET.US,60,20240517,200000,28.3986,28.43,28.3986,28.412,1315,0
GMET.US,60,20240517,210000,28.429,28.429,28.429,28.429,750,0
GMET.US,60,20240517,220000,28.45,28.488,28.45,28.488,1500,0
GMET.US,60,20240520,160000,28.58,28.58,28.48,28.48,353,0
GMET.US,60,20240520,170000,28.59,28.63,28.59,28.6299,550,0
GMET.US,60,20240520,180000,28.71,28.74,28.7091,28.74,700,0
GMET.US,60,20240520,220000,28.8755,28.97,28.8755,28.97,6826,0
GMET.US,60,20240521,180000,28.77,28.77,28.7329,28.7329,800,0
GMET.US,60,20240521,200000,28.58,28.58,28.58,28.58,200,0
GMET.US,60,20240522,160000,27.86,27.87,27.77,27.8508,2405,0
GMET.US,60,20240522,170000,27.56,27.56,27.49,27.55,805,0
GMET.US,60,20240522,180000,27.46,27.53,27.46,27.53,1034,0
GMET.US,60,20240522,190000,27.66,27.66,27.61,27.61,728,0
GMET.US,60,20240522,200000,27.65,27.65,27.62,27.6213,400,0
GMET.US,60,20240522,220000,27.3366,27.3366,27.3,27.3,1436,0
GMET.US,60,20240523,160000,27.38,27.4105,27.24,27.27,1856,0
GMET.US,60,20240523,180000,27.18,27.18,27.1799,27.1799,1000,0
GMET.US,60,20240523,190000,27.12,27.2,27.12,27.2,980,0
GMET.US,60,20240523,200000,27.1,27.13,26.94,26.94,21350,0
GMET.US,60,20240523,220000,26.8077,26.875,26.8,26.8,513,0
GMET.US,60,20240524,160000,27.02,27.11,27.02,27.11,547,0
GMET.US,60,20240524,170000,27.26,27.26,27.215,27.215,265,0
GMET.US,60,20240524,180000,27.1899,27.19,27.1899,27.19,385,0
GMET.US,60,20240528,160000,27.64,27.66,27.638,27.638,410,0
GMET.US,60,20240528,170000,27.63,27.65,27.605,27.605,674,0
GMET.US,60,20240528,200000,27.77,27.83,27.77,27.803,1250,0
GMET.US,60,20240528,220000,27.72,27.82,27.72,27.82,1062,0
GMET.US,60,20240529,160000,27.32,27.32,27.32,27.32,1068,0
GMET.US,60,20240529,170000,27.44,27.45,27.3,27.3,596,0
GMET.US,60,20240529,180000,27.22,27.22,27.1446,27.1446,200,0
GMET.US,60,20240529,210000,27.309,27.309,27.16,27.27,3154,0
GMET.US,60,20240529,220000,27.1,27.1,27.1,27.1,364,0
GMET.US,60,20240530,160000,26.76,26.76,26.74,26.74,1627,0
GMET.US,60,20240530,170000,26.96,26.96,26.94,26.94,200,0
GMET.US,60,20240530,180000,26.96,26.99,26.92,26.99,440,0
GMET.US,60,20240530,190000,26.99,27.06,26.99,27.06,3200,0
GMET.US,60,20240530,210000,27.02,27.02,27.02,27.02,100,0
GMET.US,60,20240530,220000,27.02,27.02,26.95,26.965,1346,0
GMET.US,60,20240531,160000,27.02,27.02,27.02,27.02,402,0
GMET.US,60,20240531,170000,26.97,26.97,26.97,26.97,116,0
GMET.US,60,20240531,180000,26.75,26.75,26.67,26.68,800,0
GMET.US,60,20240603,190000,26.5,26.58,26.5,26.525,430,0
GMET.US,60,20240603,200000,26.41,26.41,26.41,26.41,175,0
GMET.US,60,20240603,220000,26.5,26.5,26.5,26.5,300,0
GMET.US,60,20240604,160000,25.99,26,25.67,25.6701,6288,0
GMET.US,60,20240604,170000,25.74,25.74,25.74,25.74,100,0
GMET.US,60,20240604,180000,25.6,25.6,25.6,25.6,100,0
GMET.US,60,20240604,190000,25.485,25.485,25.485,25.485,300,0
GMET.US,60,20240604,220000,25.535,25.5501,25.5,25.52,2057,0
GMET.US,60,20240605,160000,25.59,25.59,25.4514,25.4514,1593,0
GMET.US,60,20240605,180000,25.55,25.695,25.54,25.695,1800,0
GMET.US,60,20240605,190000,25.68,25.73,25.68,25.73,17385,0
GMET.US,60,20240605,200000,25.71,25.74,25.7,25.73,551,0
GMET.US,60,20240605,210000,25.76,25.77,25.76,25.77,400,0
GMET.US,60,20240605,220000,25.751,25.78,25.74,25.75,2735,0
GMET.US,60,20240606,160000,25.7699,25.8,25.7699,25.8,800,0
GMET.US,60,20240606,170000,25.71,25.8,25.71,25.8,1500,0
GMET.US,60,20240606,180000,25.78,25.8201,25.76,25.7601,2000,0
GMET.US,60,20240606,190000,25.95,25.95,25.95,25.95,100,0
GMET.US,60,20240606,200000,25.94,25.94,25.94,25.94,200,0
GMET.US,60,20240606,210000,25.88,25.98,25.88,25.98,2343,0
GMET.US,60,20240606,220000,26.015,26.02,25.94,25.94,3772,0
GMET.US,60,20240607,160000,25.36,25.36,25.185,25.27,806,0
GMET.US,60,20240607,170000,25.26,25.26,25.26,25.26,200,0
GMET.US,60,20240607,190000,25.1025,25.1025,25.1025,25.1025,500,0
GMET.US,60,20240607,200000,25.0673,25.0673,25.0673,25.0673,119,0
GMET.US,60,20240607,210000,24.995,25.035,24.995,25.035,298,0
GMET.US,60,20240607,220000,25.01,25.01,24.9409,24.9409,300,0
GMET.US,60,20240610,160000,25.19,25.19,25.19,25.19,435,0
GMET.US,60,20240610,190000,25.21,25.21,25.21,25.21,100,0
GMET.US,60,20240610,200000,25.2109,25.2627,25.2109,25.22,1255,0
GMET.US,60,20240610,210000,25.2671,25.2671,25.2671,25.2671,510,0
GMET.US,60,20240611,160000,24.85,24.85,24.85,24.85,519,0
GMET.US,60,20240611,170000,24.73,24.7751,24.73,24.74,600,0
GMET.US,60,20240611,180000,24.68,24.68,24.68,24.68,100,0
GMET.US,60,20240611,190000,24.7522,24.7522,24.69,24.69,200,0
GMET.US,60,20240611,210000,24.85,24.85,24.85,24.85,1000,0
GMET.US,60,20240612,160000,25.4,25.4,25.4,25.4,100,0
GMET.US,60,20240612,170000,25.165,25.165,25.165,25.165,250,0
GMET.US,60,20240612,180000,25.1,25.1,25.08,25.08,900,0
GMET.US,60,20240612,220000,24.746,24.746,24.746,24.746,400,0
GMET.US,60,20240613,160000,24.45,24.4501,24.44,24.4401,1290,0
GMET.US,60,20240613,170000,24.4364,24.4364,24.4364,24.4364,400,0
GMET.US,60,20240613,180000,24.3819,24.3819,24.3819,24.3819,200,0
GMET.US,60,20240613,200000,24.4,24.4,24.4,24.4,100,0
GMET.US,60,20240613,210000,24.424,24.424,24.424,24.424,800,0
GMET.US,60,20240613,220000,24.44,24.44,24.44,24.44,100,0
GMET.US,60,20240614,160000,24.21,24.21,24.2,24.2,506,0
GMET.US,60,20240614,170000,24.08,24.125,24.08,24.125,350,0
GMET.US,60,20240614,200000,24.271,24.271,24.271,24.271,500,0
GMET.US,60,20240614,220000,24.2118,24.31,24.2118,24.31,1136,0
GMET.US,60,20240617,180000,23.9161,23.964,23.9161,23.964,703,0
GMET.US,60,20240617,190000,24,24.07,23.9946,24.07,969,0
GMET.US,60,20240617,220000,24.2198,24.22,24.2198,24.22,1100,0
GMET.US,60,20240618,160000,24.24,24.24,24.24,24.24,300,0
GMET.US,60,20240618,170000,24.35,24.3552,24.35,24.3552,1010,0
GMET.US,60,20240618,180000,24.3499,24.3499,24.3499,24.3499,1136,0
GMET.US,60,20240618,190000,24.42,24.44,24.4,24.44,500,0
GMET.US,60,20240618,210000,24.43,24.47,24.42,24.47,560,0
GMET.US,60,20240620,170000,24.64,24.64,24.6,24.6,660,0
GMET.US,60,20240620,190000,24.6217,24.68,24.58,24.67,10988,0
GMET.US,60,20240620,200000,24.61,24.61,24.61,24.61,300,0
GMET.US,60,20240620,210000,24.68,24.7436,24.68,24.7436,264,0
GMET.US,60,20240621,220000,24.6,24.6621,24.3077,24.3077,686,0
GMET.US,60,20240624,210000,24.69,24.69,24.6742,24.6742,200,0
GMET.US,60,20240624,220000,24.69,24.75,24.69,24.75,2202,0
GMET.US,60,20240625,160000,24.51,24.51,24.455,24.455,485,0
GMET.US,60,20240625,180000,24.4001,24.4001,24.4001,24.4001,250,0
GMET.US,60,20240625,220000,24.42,24.43,24.42,24.43,657,0
GMET.US,60,20240626,180000,24.6569,24.6569,24.6569,24.6569,240,0
GMET.US,60,20240626,200000,24.7,24.72,24.6667,24.6667,800,0
GMET.US,60,20240626,210000,24.5701,24.5701,24.5701,24.5701,100,0
GMET.US,60,20240626,220000,24.69,24.7193,24.69,24.7193,488,0
GMET.US,60,20240627,200000,24.43,24.43,24.43,24.43,800,0
GMET.US,60,20240701,160000,24.55,24.66,24.46,24.66,905,0
GMET.US,60,20240701,180000,24.46,24.515,24.45,24.515,873,0
GMET.US,60,20240701,200000,24.5,24.5,24.49,24.49,748,0
GMET.US,60,20240701,210000,24.45,24.45,24.45,24.45,500,0
GMET.US,60,20240702,160000,24.35,24.35,24.35,24.35,155,0
GMET.US,60,20240702,180000,24.494,24.494,24.4195,24.4195,830,0
GMET.US,60,20240703,160000,24.88,24.88,24.88,24.88,703,0
GMET.US,60,20240703,170000,25.4,25.4,25.38,25.3801,960,0
GMET.US,60,20240705,160000,25.86,25.86,25.86,25.86,455,0
GMET.US,60,20240705,190000,25.69,25.69,25.69,25.69,350,0
GMET.US,60,20240705,210000,25.68,25.68,25.68,25.68,100,0
GMET.US,60,20240708,160000,25.47,25.47,25.47,25.47,1185,0
GMET.US,60,20240708,170000,25.43,25.43,25.43,25.43,880,0
GMET.US,60,20240708,200000,25.23,25.23,25.23,25.23,100,0
GMET.US,60,20240709,170000,25.2401,25.2401,25.2401,25.2401,100,0
GMET.US,60,20240709,190000,25.25,25.25,25.25,25.25,734,0
GMET.US,60,20240709,220000,25.22,25.22,25.22,25.22,250,0
GMET.US,60,20240710,160000,25.32,25.32,25.32,25.32,211,0
GMET.US,60,20240710,180000,25.51,25.59,25.51,25.5542,2000,0
GMET.US,60,20240710,220000,25.41,25.41,25.41,25.41,300,0
GMET.US,60,20240711,160000,25.88,25.98,25.88,25.9,2400,0
GMET.US,60,20240711,180000,25.6519,25.6519,25.6519,25.6519,100,0
GMET.US,60,20240712,160000,25.92,25.92,25.861,25.861,925,0
GMET.US,60,20240712,180000,25.9801,25.9801,25.9801,25.9801,100,0
GMET.US,60,20240712,210000,26.01,26.015,25.99,25.99,566,0
GMET.US,60,20240715,160000,25.52,25.52,25.34,25.34,826,0
GMET.US,60,20240715,180000,25.5931,25.5931,25.5931,25.5931,300,0
GMET.US,60,20240716,160000,25.13,25.13,25.13,25.13,522,0
GMET.US,60,20240716,170000,24.86,24.86,24.86,24.86,164,0
GMET.US,60,20240716,190000,25.06,25.11,25.01,25.11,900,0
GMET.US,60,20240718,160000,24.54,24.54,24.54,24.54,436,0
GMET.US,60,20240718,170000,24.4502,24.4502,24.4502,24.4502,255,0
GMET.US,60,20240718,190000,24.03,24.0301,24,24.0301,800,0
GMET.US,60,20240718,200000,24.0949,24.0949,24.0949,24.0949,230,0
GMET.US,60,20240718,220000,23.8299,23.8299,23.8299,23.8299,100,0
GMET.US,60,20240719,160000,23.73,23.73,23.73,23.73,201,0
GMET.US,60,20240719,180000,23.79,23.79,23.79,23.79,200,0
GMET.US,60,20240719,190000,23.7783,23.7783,23.7783,23.7783,203,0
GMET.US,60,20240722,160000,23.78,23.78,23.78,23.78,100,0
GMET.US,60,20240722,170000,23.71,23.71,23.71,23.71,135,0
GMET.US,60,20240722,180000,23.7359,23.7359,23.7359,23.7359,300,0
GMET.US,60,20240722,210000,23.6701,23.6701,23.6701,23.6701,100,0
GMET.US,60,20240722,220000,23.79,23.79,23.77,23.77,200,0
GMET.US,60,20240723,160000,23.42,23.42,23.3981,23.3981,466,0
GMET.US,60,20240723,180000,23.31,23.39,23.31,23.39,303,0
GMET.US,60,20240723,210000,23.36,23.37,23.32,23.3201,400,0
GMET.US,60,20240723,220000,23.35,23.368,23.315,23.32,1400,0
GMET.US,60,20240724,170000,23.38,23.43,23.38,23.411,465,0
GMET.US,60,20240724,190000,23.37,23.37,23.37,23.37,117,0
GMET.US,60,20240724,210000,23.23,23.23,23.12,23.1217,1716,0
GMET.US,60,20240725,160000,23.17,23.17,23.08,23.08,1798,0
GMET.US,60,20240725,170000,23.01,23.0699,23.01,23.0699,425,0
GMET.US,60,20240725,190000,23.34,23.34,23.34,23.34,216,0
GMET.US,60,20240725,200000,23.36,23.3878,23.26,23.26,742,0
GMET.US,60,20240725,210000,23.29,23.29,23.22,23.22,337,0
GMET.US,60,20240725,220000,23.28,23.28,23.18,23.18,394,0
GMET.US,60,20240726,160000,23.59,23.59,23.59,23.59,214,0
GMET.US,60,20240726,170000,23.58,23.58,23.55,23.55,1100,0
GMET.US,60,20240726,220000,23.55,23.65,23.55,23.65,388,0
GMET.US,60,20240729,160000,23.49,23.49,23.49,23.49,696,0
GMET.US,60,20240729,190000,23.38,23.38,23.375,23.375,400,0
GMET.US,60,20240729,200000,23.4,23.4,23.4,23.4,601,0
GMET.US,60,20240729,210000,23.347,23.347,23.347,23.347,100,0
GMET.US,60,20240729,220000,23.4099,23.4099,23.4099,23.4099,100,0
GMET.US,60,20240730,160000,23.14,23.14,23.14,23.14,400,0
GMET.US,60,20240730,170000,23.19,23.19,23.19,23.19,433,0
GMET.US,60,20240730,190000,23.07,23.0725,23.05,23.0725,400,0
GMET.US,60,20240730,220000,23.15,23.15,23.15,23.15,123,0
GMET.US,60,20240731,160000,23.995,23.995,23.995,23.995,143,0
GMET.US,60,20240731,170000,23.9599,23.9599,23.9599,23.9599,100,0
GMET.US,60,20240731,180000,23.92,23.93,23.9199,23.93,330,0
GMET.US,60,20240731,190000,23.9201,23.9201,23.9201,23.9201,1000,0
GMET.US,60,20240731,200000,23.97,23.97,23.93,23.9301,300,0
GMET.US,60,20240731,220000,24.08,24.08,23.981,23.981,455,0
GMET.US,60,20240801,160000,23.74,23.74,23.74,23.74,597,0
GMET.US,60,20240801,200000,22.91,22.91,22.91,22.91,100,0
GMET.US,60,20240801,210000,22.97,22.97,22.86,22.86,200,0
GMET.US,60,20240801,220000,22.89,22.93,22.89,22.93,200,0
GMET.US,60,20240802,160000,22.8,22.8,22.6199,22.68,1338,0
GMET.US,60,20240802,170000,22.54,22.54,22.4425,22.4425,1737,0
GMET.US,60,20240802,190000,22.47,22.4984,22.45,22.4984,370,0
GMET.US,60,20240802,210000,22.4189,22.4189,22.4189,22.4189,1000,0
GMET.US,60,20240802,220000,22.4301,22.5,22.4301,22.5,382,0
GMET.US,60,20240805,160000,21.22,21.22,21.22,21.22,100,0
GMET.US,60,20240805,170000,21.42,21.42,21.42,21.42,100,0
GMET.US,60,20240805,180000,21.4801,21.76,21.4801,21.65,13490,0
GMET.US,60,20240805,190000,21.7858,21.854,21.66,21.66,2885,0
GMET.US,60,20240805,200000,21.6736,21.78,21.66,21.733,1427,0
GMET.US,60,20240805,210000,21.68,21.68,21.68,21.68,600,0
GMET.US,60,20240805,220000,21.7,21.72,21.59,21.59,1765,0
GMET.US,60,20240806,170000,21.84,21.92,21.84,21.92,300,0
GMET.US,60,20240806,180000,21.8701,21.8701,21.8701,21.8701,181,0
GMET.US,60,20240806,200000,21.86,21.86,21.86,21.86,100,0
GMET.US,60,20240806,210000,21.9611,22.001,21.93,22.001,949,0
GMET.US,60,20240806,220000,21.9143,21.9143,21.79,21.79,1655,0
GMET.US,60,20240807,160000,22.15,22.15,22.15,22.15,100,0
GMET.US,60,20240807,180000,22.0001,22.0001,21.9959,21.9959,695,0
GMET.US,60,20240807,200000,21.7,21.7,21.69,21.69,200,0
GMET.US,60,20240807,210000,21.49,21.5,21.47,21.5,1000,0
GMET.US,60,20240807,220000,21.52,21.53,21.52,21.53,200,0
GMET.US,60,20240808,160000,21.51,21.52,21.51,21.52,6575,0
GMET.US,60,20240808,170000,21.72,21.74,21.72,21.74,200,0
GMET.US,60,20240808,180000,21.722,21.83,21.722,21.83,3000,0
GMET.US,60,20240808,200000,21.915,21.915,21.915,21.915,300,0
GMET.US,60,20240808,210000,21.94,21.96,21.94,21.94,600,0
GMET.US,60,20240808,220000,21.96,22,21.92,21.93,3484,0
GMET.US,60,20240809,160000,22.24,22.24,22.24,22.24,803,0
GMET.US,60,20240809,170000,22.09,22.09,22.09,22.09,100,0
GMET.US,60,20240809,180000,22.11,22.16,22.11,22.12,1660,0
GMET.US,60,20240809,190000,22.0014,22.0014,22.0014,22.0014,500,0
GMET.US,60,20240809,200000,22.18,22.18,22.0901,22.0901,200,0
GMET.US,60,20240809,220000,22.07,22.105,22.05,22.1,770,0
GMET.US,60,20240812,160000,22.13,22.24,22.13,22.24,6778,0
GMET.US,60,20240812,170000,22.04,22.12,22.04,22.12,200,0
GMET.US,60,20240812,180000,22.12,22.16,22.06,22.16,600,0
GMET.US,60,20240812,200000,22.14,22.16,22.12,22.13,977,0
GMET.US,60,20240812,210000,22.11,22.12,22.09,22.12,1843,0
GMET.US,60,20240812,220000,22.11,22.12,22.08,22.09,19435,0
GMET.US,60,20240813,160000,22.04,22.04,22.04,22.04,640,0
GMET.US,60,20240813,190000,22.17,22.17,22.17,22.17,100,0
GMET.US,60,20240813,200000,22.22,22.22,22.205,22.205,948,0
GMET.US,60,20240813,210000,22.23,22.26,22.23,22.25,797,0
GMET.US,60,20240813,220000,22.26,22.271,22.21,22.24,1261,0
GMET.US,60,20240814,160000,22.23,22.23,22.23,22.23,103,0
GMET.US,60,20240814,190000,22.058,22.058,22.058,22.058,573,0
GMET.US,60,20240814,200000,22.01,22.01,22.01,22.01,300,0
GMET.US,60,20240814,220000,22.07,22.0878,22.06,22.06,1490,0
GMET.US,60,20240815,160000,22.44,22.63,22.44,22.63,1528,0
GMET.US,60,20240815,170000,22.66,22.66,22.66,22.66,100,0
GMET.US,60,20240815,180000,22.75,22.75,22.69,22.7038,3215,0
GMET.US,60,20240815,190000,22.719,22.74,22.719,22.72,1506,0
GMET.US,60,20240815,200000,22.75,22.75,22.75,22.75,400,0
GMET.US,60,20240815,210000,22.76,22.76,22.76,22.76,261,0
GMET.US,60,20240815,220000,22.73,22.73,22.67,22.67,201,0
GMET.US,60,20240816,160000,22.7,22.7,22.69,22.69,902,0
GMET.US,60,20240816,180000,22.64,22.64,22.64,22.64,200,0
GMET.US,60,20240816,210000,22.83,22.84,22.83,22.84,200,0
GMET.US,60,20240816,220000,22.889,22.93,22.83,22.93,3019,0
GMET.US,60,20240819,160000,23.15,23.15,23.1499,23.1499,2000,0
GMET.US,60,20240819,170000,23.15,23.15,23.15,23.15,200,0
GMET.US,60,20240819,180000,23.2611,23.2611,23.2611,23.2611,1015,0
GMET.US,60,20240819,190000,23.2138,23.2138,23.19,23.1908,609,0
GMET.US,60,20240819,210000,23.28,23.28,23.26,23.26,225,0
GMET.US,60,20240819,220000,23.26,23.26,23.26,23.26,200,0
GMET.US,60,20240820,160000,23.27,23.2901,23.27,23.2901,1250,0
GMET.US,60,20240820,170000,23.1801,23.1801,23.1801,23.1801,250,0
GMET.US,60,20240820,190000,23.095,23.095,23.04,23.04,1052,0
GMET.US,60,20240820,200000,23.0001,23.02,22.96,23.02,1404,0
GMET.US,60,20240820,220000,23.04,23.0546,23.04,23.05,400,0
GMET.US,60,20240821,160000,23.28,23.42,23.24,23.42,1104,0
GMET.US,60,20240821,200000,23.47,23.47,23.47,23.47,100,0
GMET.US,60,20240821,210000,23.3201,23.56,23.3201,23.46,840,0
GMET.US,60,20240821,220000,23.43,23.436,23.43,23.43,1800,0
GMET.US,60,20240822,160000,23.27,23.27,23.26,23.26,574,0
GMET.US,60,20240822,170000,23,23,23,23,1000,0
GMET.US,60,20240822,180000,22.98,22.98,22.98,22.98,100,0
GMET.US,60,20240822,190000,23,23.05,22.99,23.05,1959,0
GMET.US,60,20240822,200000,22.99,22.99,22.99,22.99,500,0
GMET.US,60,20240822,220000,22.94,22.94,22.9249,22.9249,600,0
GMET.US,60,20240823,160000,23.19,23.19,23.19,23.19,1200,0
GMET.US,60,20240823,170000,23.296,23.4005,23.296,23.4005,699,0
GMET.US,60,20240823,200000,23.48,23.5825,23.48,23.5825,1979,0
GMET.US,60,20240823,210000,23.5759,23.5759,23.51,23.51,579,0
GMET.US,60,20240823,220000,23.55,23.55,23.55,23.55,100,0
GMET.US,60,20240826,160000,23.835,23.835,23.835,23.835,423,0
GMET.US,60,20240826,190000,23.64,23.64,23.64,23.64,200,0
GMET.US,60,20240826,220000,23.675,23.675,23.675,23.675,400,0
GMET.US,60,20240827,160000,23.68,23.68,23.68,23.68,420,0
GMET.US,60,20240827,170000,23.68,23.7236,23.68,23.7236,800,0
GMET.US,60,20240827,200000,23.64,23.64,23.64,23.64,100,0
GMET.US,60,20240828,220000,23.71,23.71,22.93,22.93,210,0
GMET.US,60,20240829,170000,22.96,22.96,22.96,22.96,800,0
GMET.US,60,20240830,180000,23.061,23.061,23.011,23.011,220,0
GMET.US,60,20240830,190000,23,23,22.9214,22.9214,205,0
GMET.US,60,20240830,200000,22.981,22.981,22.981,22.981,150,0
GMET.US,60,20240830,220000,23.0641,23.0641,23.0501,23.0501,325,0
GMET.US,60,20240903,160000,22.52,22.52,22.11,22.11,745,0
GMET.US,60,20240903,170000,21.92,22.02,21.92,22.0061,640,0
GMET.US,60,20240903,180000,21.93,21.93,21.93,21.93,110,0
GMET.US,60,20240903,190000,22,22,21.9806,21.9806,585,0
GMET.US,60,20240903,200000,21.93,21.93,21.92,21.93,398,0
GMET.US,60,20240903,220000,21.82,21.82,21.82,21.82,2215,0
GMET.US,60,20240904,210000,21.8507,21.8507,21.8507,21.8507,800,0
GMET.US,60,20240904,220000,21.8,21.8,21.78,21.78,1364,0
GMET.US,60,20240905,160000,22.03,22.03,21.95,21.95,1541,0
GMET.US,60,20240905,170000,21.98,22.021,21.98,22.021,823,0
GMET.US,60,20240905,190000,21.844,21.88,21.844,21.85,738,0
GMET.US,60,20240905,220000,21.7908,21.8,21.79,21.8,576,0
GMET.US,60,20240906,160000,21.72,21.72,21.72,21.72,980,0
GMET.US,60,20240906,170000,21.43,21.43,21.17,21.1924,6432,0
GMET.US,60,20240906,180000,21.3,21.3,21.191,21.191,2110,0
GMET.US,60,20240906,190000,21.12,21.12,21.07,21.07,1100,0
GMET.US,60,20240906,210000,21.07,21.1,21.07,21.1,200,0
GMET.US,60,20240909,160000,21.36,21.36,21.36,21.36,303,0
GMET.US,60,20240909,190000,21.375,21.38,21.375,21.38,525,0
GMET.US,60,20240909,210000,21.3,21.3,21.29,21.29,1880,0
GMET.US,60,20240909,220000,21.24,21.24,21.24,21.24,118,0
GMET.US,60,20240910,160000,21.11,21.11,21.055,21.055,686,0
GMET.US,60,20240910,190000,20.86,20.86,20.86,20.86,100,0
GMET.US,60,20240910,210000,20.97,20.97,20.97,20.97,236,0
GMET.US,60,20240910,220000,21.06,21.06,21.06,21.06,109,0
GMET.US,60,20240911,160000,21.52,21.52,21.41,21.42,393,0
GMET.US,60,20240911,190000,21.421,21.421,21.421,21.421,982,0
GMET.US,60,20240911,220000,21.66,21.67,21.66,21.67,953,0
GMET.US,60,20240912,160000,21.88,21.99,21.88,21.99,506,0
GMET.US,60,20240912,200000,22.071,22.071,22.071,22.071,400,0
GMET.US,60,20240912,210000,22.12,22.12,22.081,22.081,455,0
GMET.US,60,20240912,220000,22.0815,22.13,22.0815,22.111,640,0
GMET.US,60,20240913,180000,22.31,22.32,22.31,22.32,280,0
GMET.US,60,20240913,190000,22.31,22.31,22.31,22.31,132,0
GMET.US,60,20240913,220000,22.34,22.36,22.34,22.358,502,0
GMET.US,60,20240916,160000,22.53,22.53,22.53,22.53,1214,0
GMET.US,60,20240916,170000,22.49,22.5001,22.49,22.4901,427,0
GMET.US,60,20240916,220000,22.55,22.55,22.55,22.55,143,0
GMET.US,60,20240917,190000,22.614,22.614,22.614,22.614,100,0
GMET.US,60,20240918,210000,22.9201,22.94,22.9201,22.94,461,0
GMET.US,60,20240918,220000,22.64,22.64,22.64,22.64,100,0
GMET.US,60,20240919,160000,23.5,23.5,23.3301,23.3301,400,0
GMET.US,60,20240919,180000,23.44,23.44,23.44,23.44,100,0
GMET.US,60,20240919,190000,23.545,23.545,23.45,23.45,505,0
GMET.US,60,20240919,200000,23.48,23.4801,23.47,23.48,6814,0
GMET.US,60,20240919,210000,23.48,23.48,23.48,23.48,137,0
GMET.US,60,20240919,220000,23.4389,23.4389,23.4389,23.4389,225,0
GMET.US,60,20240920,160000,23.34,23.34,23.07,23.07,2342,0
GMET.US,60,20240920,170000,23.07,23.07,23.05,23.05,634,0
GMET.US,60,20240920,180000,23.0495,23.0495,23.0495,23.0495,400,0
GMET.US,60,20240920,200000,23.06,23.08,23.06,23.08,200,0
GMET.US,60,20240920,210000,23.02,23.02,23.02,23.02,110,0
GMET.US,60,20240923,160000,23.17,23.18,23.17,23.18,305,0
GMET.US,60,20240923,170000,23.34,23.34,23.34,23.34,100,0
GMET.US,60,20240923,180000,23.3139,23.36,23.3139,23.35,2294,0
GMET.US,60,20240923,220000,23.31,23.31,23.31,23.31,914,0
GMET.US,60,20240924,160000,24.57,24.57,24.52,24.54,1990,0
GMET.US,60,20240924,170000,24.54,24.54,24.54,24.54,240,0
GMET.US,60,20240924,180000,24.591,24.591,24.591,24.591,745,0
GMET.US,60,20240924,190000,24.56,24.57,24.56,24.57,600,0
GMET.US,60,20240924,200000,24.614,24.614,24.614,24.614,300,0
GMET.US,60,20240924,210000,24.67,24.76,24.67,24.76,1600,0
GMET.US,60,20240924,220000,24.75,24.81,24.72,24.81,2369,0
GMET.US,60,20240925,160000,24.65,24.65,24.65,24.65,466,0
GMET.US,60,20240925,170000,24.69,24.69,24.5117,24.5117,400,0
GMET.US,60,20240925,180000,24.5015,24.5015,24.5015,24.5015,100,0
GMET.US,60,20240925,200000,24.455,24.455,24.455,24.455,400,0
GMET.US,60,20240925,210000,24.38,24.38,24.38,24.38,100,0
GMET.US,60,20240926,170000,25.67,25.67,25.67,25.67,100,0
GMET.US,60,20240926,180000,25.8,25.92,25.8,25.92,1200,0
GMET.US,60,20240926,220000,25.78,25.87,25.78,25.87,898,0
GMET.US,60,20240927,160000,25.92,25.93,25.86,25.88,3110,0
GMET.US,60,20240927,170000,25.96,25.96,25.96,25.96,134,0
GMET.US,60,20240930,180000,25.9,25.9,25.6215,25.6215,852,0
GMET.US,60,20240930,210000,25.55,25.59,25.55,25.59,200,0
GMET.US,60,20240930,220000,25.64,25.64,25.59,25.59,960,0
GMET.US,60,20241001,180000,25.5304,25.715,25.5304,25.6705,1493,0
GMET.US,60,20241001,190000,25.71,25.71,25.6912,25.6912,350,0
GMET.US,60,20241001,200000,25.66,25.76,25.66,25.76,300,0
GMET.US,60,20241001,210000,25.82,25.82,25.82,25.82,200,0
GMET.US,60,20241001,220000,25.92,25.92,25.76,25.76,200,0
GMET.US,60,20241002,160000,26.28,26.28,26.1602,26.1602,1511,0
GMET.US,60,20241002,180000,26.33,26.43,26.33,26.43,2300,0
GMET.US,60,20241002,190000,26.4199,26.4199,26.4199,26.4199,100,0
GMET.US,60,20241002,200000,26.33,26.33,26.3,26.3,1275,0
GMET.US,60,20241003,160000,25.62,25.6627,25.55,25.5501,2297,0
GMET.US,60,20241003,170000,25.69,25.75,25.54,25.5401,1700,0
GMET.US,60,20241003,180000,25.55,25.6,25.55,25.6,1272,0
GMET.US,60,20241003,200000,25.66,25.66,25.59,25.59,600,0
GMET.US,60,20241003,210000,25.57,25.57,25.57,25.57,100,0
GMET.US,60,20241003,220000,25.58,25.58,25.58,25.58,300,0
GMET.US,60,20241004,160000,26,26,25.91,25.91,631,0
GMET.US,60,20241004,200000,26.09,26.09,26.08,26.08,200,0
GMET.US,60,20241004,220000,26.17,26.17,26.17,26.17,174,0
GMET.US,60,20241007,160000,26.17,26.17,26.17,26.17,697,0
GMET.US,60,20241007,180000,26.3686,26.3686,26.3686,26.3686,160,0
GMET.US,60,20241007,200000,26.405,26.41,26.405,26.41,200,0
GMET.US,60,20241007,210000,26.465,26.47,26.465,26.47,300,0
GMET.US,60,20241007,220000,26.29,26.41,26.29,26.41,300,0
GMET.US,60,20241008,160000,25.35,25.35,25.21,25.21,402,0
GMET.US,60,20241008,170000,25.1829,25.225,25.09,25.15,1090,0
GMET.US,60,20241008,180000,25.26,25.26,25.07,25.08,2177,0
GMET.US,60,20241008,200000,25.11,25.11,25.11,25.11,100,0
GMET.US,60,20241008,210000,25.08,25.1,25.08,25.1,888,0
GMET.US,60,20241008,220000,25.12,25.12,25.12,25.12,372,0
GMET.US,60,20241009,160000,24.87,24.87,24.87,24.87,1308,0
GMET.US,60,20241009,220000,25.1,25.11,25.1,25.11,540,0
GMET.US,60,20241010,170000,25.15,25.15,25.15,25.15,3000,0
GMET.US,60,20241010,190000,25.235,25.235,25.235,25.235,550,0
GMET.US,60,20241010,200000,25.2136,25.22,25.2136,25.22,297,0
GMET.US,60,20241010,220000,25.2099,25.2099,25.2099,25.2099,181,0
GMET.US,60,20241011,160000,25.25,25.3,25.25,25.3,493,0
GMET.US,60,20241011,200000,25.54,25.54,25.54,25.54,100,0
GMET.US,60,20241014,160000,25.18,25.18,25.18,25.18,197,0
GMET.US,60,20241015,200000,24.58,24.58,24.48,24.48,11890,0
GMET.US,60,20241015,210000,24.57,24.57,24.57,24.57,200,0
GMET.US,60,20241015,220000,24.505,24.505,24.47,24.47,2040,0
GMET.US,60,20241016,160000,24.72,24.72,24.72,24.72,106,0
GMET.US,60,20241016,170000,24.75,24.75,24.75,24.75,100,0
GMET.US,60,20241016,200000,24.77,24.86,24.77,24.86,600,0
GMET.US,60,20241016,210000,24.865,24.88,24.865,24.88,500,0
GMET.US,60,20241017,220000,24.85,24.85,24.55,24.5507,2235,0
GMET.US,60,20241018,160000,25.17,25.39,25.17,25.39,258,0
GMET.US,60,20241018,190000,25.0291,25.075,25.0132,25.0737,4012,0
GMET.US,60,20241018,200000,25.04,25.13,25.03,25.05,400,0
GMET.US,60,20241018,220000,25.12,25.12,25.04,25.04,500,0
GMET.US,60,20241021,160000,25.14,25.2024,25.14,25.2024,250,0
GMET.US,60,20241021,180000,24.841,24.841,24.841,24.841,101,0
GMET.US,60,20241021,190000,24.81,24.81,24.81,24.81,100,0
GMET.US,60,20241021,220000,24.86,24.87,24.86,24.87,200,0
GMET.US,60,20241022,160000,25.03,25.03,25,25,813,0
GMET.US,60,20241022,170000,25.047,25.08,25.047,25.08,200,0
GMET.US,60,20241022,180000,25.18,25.18,25.105,25.105,200,0
GMET.US,60,20241022,200000,25.14,25.14,25.14,25.14,100,0
GMET.US,60,20241023,190000,24.7903,24.7903,24.7903,24.7903,200,0
GMET.US,60,20241023,200000,24.6482,24.6482,24.6482,24.6482,179,0
GMET.US,60,20241024,190000,24.68,24.68,24.68,24.68,100,0
GMET.US,60,20241024,210000,24.825,24.825,24.7408,24.805,1150,0
GMET.US,60,20241025,160000,25.01,25.0656,25.01,25.0656,766,0
GMET.US,60,20241025,180000,25.225,25.225,25.225,25.225,170,0
GMET.US,60,20241025,220000,24.9335,24.9335,24.9335,24.9335,100,0
GMET.US,60,20241028,150000,24.98,24.98,24.98,24.98,100,0
GMET.US,60,20241028,180000,25.1279,25.1279,25.1279,25.1279,211,0
GMET.US,60,20241028,190000,25.09,25.09,25.09,25.09,400,0
GMET.US,60,20241028,210000,25.18,25.18,25.18,25.18,404,0
GMET.US,60,20241030,160000,25.18,25.275,24.85,24.85,827,0
GMET.US,60,20241030,170000,24.67,24.6943,24.67,24.6943,700,0
GMET.US,60,20241030,200000,24.63,24.63,24.63,24.63,100,0
GMET.US,60,20241030,210000,24.64,24.64,24.64,24.64,428,0
GMET.US,60,20241031,190000,24.29,24.29,24.268,24.268,1100,0
GMET.US,60,20241031,200000,24.26,24.33,24.22,24.33,2473,0
GMET.US,60,20241031,210000,24.35,24.35,24.3112,24.3112,735,0
GMET.US,60,20241101,150000,24.75,24.75,24.75,24.75,201,0
GMET.US,60,20241101,190000,24.66,24.66,24.66,24.66,100,0
GMET.US,60,20241101,200000,24.58,24.58,24.58,24.58,200,0
GMET.US,60,20241101,210000,24.6,24.65,24.57,24.65,400,0
GMET.US,60,20241104,160000,24.96,24.96,24.96,24.96,100,0
GMET.US,60,20241104,180000,24.94,24.94,24.78,24.78,540,0
GMET.US,60,20241104,200000,24.82,24.82,24.82,24.82,200,0
GMET.US,60,20241104,210000,24.85,24.85,24.7909,24.7909,780,0
GMET.US,60,20241104,220000,24.8,24.8355,24.8,24.8355,496,0
GMET.US,60,20241105,160000,25.235,25.235,25.235,25.235,200,0
GMET.US,60,20241105,190000,25.28,25.31,25.28,25.297,888,0
GMET.US,60,20241105,200000,25.2515,25.2515,25.2508,25.2508,500,0
GMET.US,60,20241105,210000,25.25,25.2693,25.25,25.2692,3030,0
GMET.US,60,20241105,220000,25.3338,25.46,25.3101,25.46,6288,0
GMET.US,60,20241106,160000,24.71,24.71,24.51,24.51,1102,0
GMET.US,60,20241106,170000,24.29,24.615,24.29,24.615,300,0
GMET.US,60,20241106,180000,24.6945,24.6945,24.6945,24.6945,200,0
GMET.US,60,20241106,200000,24.7357,24.82,24.725,24.82,2004,0
GMET.US,60,20241106,210000,24.785,24.83,24.75,24.75,816,0
GMET.US,60,20241106,220000,24.81,24.83,24.75,24.75,1176,0
GMET.US,60,20241107,160000,25.7,25.7,25.7,25.7,210,0
GMET.US,60,20241107,180000,25.8063,25.86,25.8063,25.86,243,0
GMET.US,60,20241107,200000,25.8123,25.8123,25.77,25.77,220,0
GMET.US,60,20241107,210000,25.7012,25.78,25.7012,25.78,203,0
GMET.US,60,20241107,220000,25.85,25.97,25.85,25.97,604,0
GMET.US,60,20241108,160000,24.9686,24.9686,24.7701,24.7701,402,0
GMET.US,60,20241108,200000,24.4606,24.4606,24.4606,24.4606,140,0
GMET.US,60,20241108,210000,24.48,24.48,24.48,24.48,100,0
GMET.US,60,20241108,220000,24.65,24.65,24.65,24.65,225,0
GMET.US,60,20241111,170000,24.13,26.19,24.1,24.46,772,0
GMET.US,60,20241111,180000,24.481,24.481,24.481,24.481,200,0
GMET.US,60,20241111,190000,24.4401,24.54,24.4401,24.54,1623,0
GMET.US,60,20241111,200000,24.395,24.4,24.395,24.4,693,0
GMET.US,60,20241111,210000,24.52,24.52,24.42,24.5174,9000,0
GMET.US,60,20241111,220000,24.4705,24.525,24.4705,24.525,401,0
GMET.US,60,20241112,160000,24.03,24.03,23.98,23.98,799,0
GMET.US,60,20241112,180000,23.7986,23.7986,23.75,23.75,514,0
GMET.US,60,20241112,190000,23.7201,23.7201,23.7002,23.7002,300,0
GMET.US,60,20241112,200000,23.6703,23.75,23.6703,23.75,550,0
GMET.US,60,20241112,210000,23.73,23.77,23.73,23.77,616,0
GMET.US,60,20241112,220000,23.8,23.8,23.8,23.8,422,0
GMET.US,60,20241113,160000,23.89,23.8901,23.77,23.7901,6403,0
GMET.US,60,20241113,180000,23.8,23.8,23.7614,23.7614,225,0
GMET.US,60,20241113,200000,23.67,23.67,23.67,23.67,300,0
GMET.US,60,20241113,210000,23.67,23.7161,23.67,23.7161,531,0
GMET.US,60,20241113,220000,23.6204,23.6204,23.55,23.59,2012,0
GMET.US,60,20241114,160000,23.49,23.49,23.3817,23.3817,410,0
GMET.US,60,20241114,170000,23.4,23.4,23.36,23.36,200,0
GMET.US,60,20241114,180000,23.31,23.3332,23.29,23.29,1200,0
GMET.US,60,20241114,190000,23.35,23.35,23.3,23.311,1000,0
GMET.US,60,20241114,200000,23.35,23.35,23.31,23.32,822,0
GMET.US,60,20241114,210000,23.38,23.39,23.38,23.39,600,0
GMET.US,60,20241114,220000,23.37,23.45,23.35,23.35,2300,0
GMET.US,60,20241115,170000,23.35,23.35,23.35,23.35,100,0
GMET.US,60,20241115,180000,23.23,23.23,23.23,23.23,203,0
GMET.US,60,20241115,190000,23.21,23.23,23.21,23.23,400,0
GMET.US,60,20241115,200000,23.24,23.24,23.23,23.23,495,0
GMET.US,60,20241115,210000,23.1701,23.1701,23.1701,23.1701,325,0
GMET.US,60,20241115,220000,23.2,23.2,23.2,23.2,100,0
GMET.US,60,20241118,160000,23.5,23.5,23.38,23.38,400,0
GMET.US,60,20241118,180000,23.58,23.6,23.57,23.6,510,0
GMET.US,60,20241118,190000,23.62,23.68,23.6,23.68,1100,0
GMET.US,60,20241118,200000,23.66,23.66,23.66,23.66,200,0
GMET.US,60,20241118,220000,23.67,23.67,23.67,23.67,100,0
GMET.US,60,20241119,160000,23.75,23.77,23.69,23.71,700,0
GMET.US,60,20241119,170000,23.75,23.79,23.75,23.79,400,0
GMET.US,60,20241119,200000,23.9,23.91,23.9,23.91,300,0
GMET.US,60,20241119,210000,23.9435,23.97,23.9435,23.97,485,0
GMET.US,60,20241119,220000,24,24,24,24,100,0
GMET.US,60,20241120,160000,24,24,24,24,100,0
GMET.US,60,20241120,170000,23.9754,23.9754,23.9754,23.9754,200,0
GMET.US,60,20241120,190000,23.99,23.99,23.99,23.99,200,0
GMET.US,60,20241120,210000,23.88,23.88,23.88,23.88,200,0
GMET.US,60,20241120,220000,23.93,23.95,23.93,23.95,404,0
GMET.US,60,20241121,190000,23.854,23.94,23.854,23.94,585,0
GMET.US,60,20241121,200000,23.96,23.96,23.96,23.96,300,0
GMET.US,60,20241121,210000,23.98,23.98,23.94,23.94,300,0
GMET.US,60,20241121,220000,24.02,24.02,23.9729,23.98,500,0
GMET.US,60,20241122,190000,23.67,23.67,23.67,23.67,100,0
GMET.US,60,20241122,200000,23.7,23.7,23.6416,23.6416,250,0
GMET.US,60,20241122,220000,23.69,23.7,23.6108,23.6108,7080,0
GMET.US,60,20241125,170000,23.8273,23.8351,23.8273,23.8351,322,0
GMET.US,60,20241125,180000,23.7052,23.7052,23.7052,23.7052,200,0
GMET.US,60,20241125,190000,23.7,23.7,23.57,23.61,1350,0
GMET.US,60,20241125,200000,23.64,23.71,23.631,23.71,1661,0
GMET.US,60,20241125,210000,23.71,23.77,23.69,23.77,500,0
GMET.US,60,20241125,220000,23.77,23.77,23.77,23.77,214,0
GMET.US,60,20241126,180000,23.301863,23.301863,23.301863,23.301863,250,0
GMET.US,60,20241126,190000,23.2498,23.2498,23.2498,23.2498,230,0
GMET.US,60,20241126,210000,23.25,23.25,23.25,23.25,282,0
GMET.US,60,20241126,220000,23.2513,23.2513,23.2513,23.2513,350,0
GMET.US,60,20241127,170000,23.4915,23.4915,23.4915,23.4915,172,0
GMET.US,60,20241127,180000,23.5326,23.5326,23.5326,23.5326,100,0
GMET.US,60,20241127,190000,23.44,23.44,23.44,23.44,100,0
GMET.US,60,20241127,200000,23.45,23.4623,23.45,23.4623,800,0
GMET.US,60,20241127,210000,23.44,23.44,23.44,23.44,100,0
GMET.US,60,20241127,220000,23.48,23.48,23.48,23.48,100,0
GMET.US,60,20241129,160000,23.4621,23.49,23.4621,23.49,300,0
GMET.US,60,20241129,190000,23.7,23.7,23.68,23.68,320,0
GMET.US,60,20241202,160000,23.6399,23.6399,23.6399,23.6399,300,0
GMET.US,60,20241202,190000,23.62,23.62,23.62,23.62,400,0
GMET.US,60,20241202,200000,23.6716,23.6716,23.6716,23.6716,582,0
GMET.US,60,20241202,220000,23.705,23.75,23.705,23.75,797,0
GMET.US,60,20241203,160000,24.09,24.09,23.9864,23.9864,350,0
GMET.US,60,20241203,170000,23.87,23.978,23.85,23.974,2490,0
GMET.US,60,20241203,190000,24.01,24.01,24.01,24.01,300,0
GMET.US,60,20241203,210000,23.97,23.97,23.9525,23.9525,242,0
GMET.US,60,20241204,200000,23.7,23.7001,23.69,23.69,400,0
GMET.US,60,20241204,210000,23.66,23.66,23.66,23.66,100,0
GMET.US,60,20241205,180000,23.6765,23.6765,23.65,23.6764,1596,0
GMET.US,60,20241205,200000,23.6955,23.71,23.6955,23.71,257,0
GMET.US,60,20241205,210000,23.7,23.7,23.7,23.7,200,0
GMET.US,60,20241205,220000,23.73,23.73,23.68,23.68,200,0
GMET.US,60,20241206,200000,23.48,23.48,23.48,23.48,119,0
GMET.US,60,20241206,210000,23.38,23.3801,23.38,23.3801,332,0
GMET.US,60,20241209,160000,24.25,24.77,24.19,24.7,2627,0
GMET.US,60,20241209,170000,24.63,24.65,24.63,24.65,300,0
GMET.US,60,20241210,180000,23.95,23.95,23.82,23.8485,300,0
GMET.US,60,20241211,200000,23.86,23.86,23.86,23.86,100,0
GMET.US,60,20241211,220000,23.89,23.89,23.89,23.89,105,0
GMET.US,60,20241212,170000,23.43,23.4314,23.39,23.4314,500,0
GMET.US,60,20241212,190000,23.47,23.47,23.47,23.47,100,0
GMET.US,60,20241212,200000,23.43,23.4301,23.42,23.43,525,0
GMET.US,60,20241212,220000,23.3907,23.3907,23.3907,23.3907,150,0
GMET.US,60,20241213,200000,22.8711,22.901,22.8711,22.9001,1517,0
GMET.US,60,20241213,220000,22.94,22.94,22.94,22.94,328,0
GMET.US,60,20241216,170000,22.8168,22.8168,22.8168,22.8168,400,0
GMET.US,60,20241216,190000,22.75,22.75,22.75,22.75,100,0
GMET.US,60,20241216,220000,22.665,22.665,22.6108,22.6108,214,0
GMET.US,60,20241217,170000,22.38,22.38,22.38,22.38,221,0
GMET.US,60,20241217,180000,22.4,22.4,22.4,22.4,500,0
GMET.US,60,20241217,190000,22.43,22.43,22.43,22.43,208,0
GMET.US,60,20241218,160000,22.39,22.39,22.39,22.39,100,0
GMET.US,60,20241218,190000,22.2601,22.2601,22.2601,22.2601,900,0
GMET.US,60,20241218,200000,22.2601,22.261,22.2601,22.261,525,0
GMET.US,60,20241218,220000,21.5519,21.5519,21.5,21.545,1287,0
GMET.US,60,20241219,180000,21.4705,21.4705,21.46,21.46,520,0
GMET.US,60,20241220,160000,21.48,21.4801,21.48,21.4801,300,0
GMET.US,60,20241220,180000,21.7601,21.8131,21.7601,21.8131,1126,0
GMET.US,60,20241220,190000,21.78,21.82,21.75,21.75,4900,0
GMET.US,60,20241223,160000,21.19,21.19,21.19,21.19,100,0
GMET.US,60,20241223,180000,21.22,21.22,21.22,21.22,300,0
GMET.US,60,20241223,200000,21.265,21.27,21.26,21.27,7598,0
GMET.US,60,20241223,210000,21.29,21.29,21.29,21.29,1000,0
GMET.US,60,20241223,220000,21.31,21.31,21.31,21.31,100,0
GMET.US,60,20241224,160000,21.4,21.4467,21.4,21.4467,200,0
GMET.US,60,20241224,170000,21.3799,21.395,21.3675,21.3675,1335,0
GMET.US,60,20241224,180000,21.36,21.43,21.36,21.43,400,0
GMET.US,60,20241226,200000,21.42,21.5141,21.42,21.4678,828,0
GMET.US,60,20241226,210000,21.4169,21.4169,21.4169,21.4169,282,0
GMET.US,60,20241226,220000,21.41,21.41,21.41,21.41,375,0
GMET.US,60,20241227,170000,21.3,21.3,21.3,21.3,670,0
GMET.US,60,20241227,180000,21.27,21.275,21.27,21.275,1314,0
GMET.US,60,20241227,190000,21.1,21.15,21.1,21.15,200,0
GMET.US,60,20241227,200000,21.1501,21.2,21.1501,21.2,600,0
GMET.US,60,20241227,210000,21.16,21.22,21.16,21.22,1994,0
GMET.US,60,20241227,220000,21.18,21.18,21.18,21.18,253,0
GMET.US,60,20241230,160000,21.13,21.13,21.08,21.08,1000,0
GMET.US,60,20241230,170000,20.9427,20.9427,20.93,20.93,417,0
GMET.US,60,20241230,180000,20.85,20.9199,20.85,20.91,1171,0
GMET.US,60,20241230,220000,21.01,21.01,20.9619,20.9619,1701,0
GMET.US,60,20241231,170000,20.87,20.87,20.87,20.87,100,0
GMET.US,60,20241231,200000,20.75,20.8,20.75,20.8,851,0
GMET.US,60,20241231,220000,20.82,20.84,20.82,20.83,2848,0
GMET.US,60,20250102,170000,21.02,21.035,21.02,21.035,253,0
GMET.US,60,20250102,190000,20.98,20.98,20.94,20.94,500,0
GMET.US,60,20250102,220000,20.9501,21.08,20.9501,21.08,275,0
GMET.US,60,20250103,190000,20.97,21.01,20.97,21.01,200,0
GMET.US,60,20250103,200000,21.02,21.07,21.01,21.07,1700,0
GMET.US,60,20250103,210000,21.09,21.09,21.05,21.05,1100,0
GMET.US,60,20250103,220000,21.07,21.08,21.04,21.04,2000,0
GMET.US,60,20250106,170000,21.68,21.68,21.68,21.68,100,0
GMET.US,60,20250106,180000,21.6865,21.6865,21.6865,21.6865,200,0
GMET.US,60,20250106,200000,21.545,21.545,21.514,21.53,917,0
GMET.US,60,20250106,210000,21.54,21.54,21.54,21.54,100,0
GMET.US,60,20250106,220000,21.51,21.51,21.4305,21.49,619,0
GMET.US,60,20250108,160000,21.71,21.71,21.43,21.43,200,0
GMET.US,60,20250108,210000,21.435,21.435,21.435,21.435,203,0
GMET.US,60,20250108,220000,21.4777,21.4777,21.4777,21.4777,186,0
GMET.US,60,20250110,180000,21.4201,21.4201,21.4201,21.4201,137,0
GMET.US,60,20250110,190000,21.39,21.39,21.39,21.39,799,0
GMET.US,60,20250110,200000,21.431,21.455,21.431,21.455,550,0
GMET.US,60,20250110,220000,21.37,21.37,21.37,21.37,113,0
GMET.US,60,20250113,160000,21.49,21.49,21.49,21.49,425,0
GMET.US,60,20250113,170000,21.45,21.467,21.45,21.467,1053,0
GMET.US,60,20250113,200000,21.43,21.43,21.43,21.43,259,0
GMET.US,60,20250114,210000,21.47,21.76,21.4699,21.76,888,0
GMET.US,60,20250115,180000,21.9099,21.9099,21.9099,21.9099,300,0
GMET.US,60,20250115,210000,21.97,22,21.97,22,200,0
GMET.US,60,20250116,180000,21.8701,21.8701,21.8701,21.8701,452,0
GMET.US,60,20250116,210000,21.89,21.89,21.89,21.89,100,0
GMET.US,60,20250117,160000,22.231,22.231,22.231,22.231,1000,0
GMET.US,60,20250117,170000,22.28,22.28,22.27,22.27,1000,0
GMET.US,60,20250117,210000,22.18,22.189,22.18,22.189,200,0
GMET.US,60,20250121,160000,22.31,22.31,22.29,22.29,335,0
GMET.US,60,20250121,220000,22.26,22.26,22.25,22.25,2867,0
GMET.US,60,20250122,190000,22.1999,22.1999,22.1999,22.1999,216,0
GMET.US,60,20250123,210000,21.98,21.98,21.93,21.93,454,0
GMET.US,60,20250123,220000,21.9799,21.98,21.9799,21.98,400,0
GMET.US,60,20250124,200000,22.075,22.075,22.0306,22.0306,283,0
GMET.US,60,20250127,160000,21.51,21.51,21.51,21.51,267,0
GMET.US,60,20250127,170000,21.45,21.4501,21.45,21.4501,400,0
GMET.US,60,20250127,210000,21.42,21.4307,21.42,21.4307,745,0
GMET.US,60,20250127,220000,21.4481,21.45,21.445,21.45,640,0
GMET.US,60,20250129,200000,21.2202,21.2202,21.2202,21.2202,540,0
GMET.US,60,20250130,220000,21.41,21.41,21.41,21.41,100,0
GMET.US,60,20250131,200000,21.46,21.46,21.46,21.46,100,0
GMET.US,60,20250203,170000,20.88,20.88,20.88,20.88,100,0
GMET.US,60,20250204,190000,21.388,21.388,21.388,21.388,100,0
GMET.US,60,20250204,210000,21.38,21.3801,21.38,21.3801,1600,0
GMET.US,60,20250204,220000,21.3401,21.3401,21.3401,21.3401,171,0
GMET.US,60,20250205,170000,21.35,21.35,21.35,21.35,100,0
GMET.US,60,20250206,160000,21.9,21.9001,21.9,21.9001,280,0
GMET.US,60,20250207,170000,21.86,22.2899,21.86,22.2899,500,0
GMET.US,60,20250207,180000,22.1,22.1,22.01,22.01,300,0
GMET.US,60,20250207,190000,21.96,21.99,21.96,21.99,300,0
GMET.US,60,20250210,170000,22.24,22.24,22.24,22.24,100,0
GMET.US,60,20250210,200000,22.23,22.23,22.23,22.23,200,0
GMET.US,60,20250210,220000,22.222,22.222,22.222,22.222,150,0
GMET.US,60,20250211,190000,21.725,21.725,21.725,21.725,100,0
GMET.US,60,20250211,220000,21.71,21.71,21.67,21.67,298,0
GMET.US,60,20250212,180000,21.88,21.88,21.88,21.88,100,0
GMET.US,60,20250212,190000,21.99,21.99,21.99,21.99,300,0
GMET.US,60,20250212,210000,21.96,21.9701,21.96,21.9701,400,0
GMET.US,60,20250212,220000,21.96,21.96,21.96,21.96,275,0
GMET.US,60,20250213,160000,21.91,21.92,21.91,21.92,300,0
GMET.US,60,20250213,170000,22.04,22.04,22.04,22.04,100,0
GMET.US,60,20250213,180000,22.045,22.07,22.045,22.07,312,0
GMET.US,60,20250213,200000,22.0664,22.11,22.0664,22.11,200,0
GMET.US,60,20250214,160000,22.65,22.65,22.6,22.6,500,0
GMET.US,60,20250214,170000,22.46,22.46,22.37,22.37,600,0
GMET.US,60,20250214,180000,22.3,22.3,22.3,22.3,100,0
GMET.US,60,20250214,210000,22.34,22.34,22.32,22.32,1000,0
GMET.US,60,20250214,220000,22.295,22.295,22.29,22.29,300,0
GMET.US,60,20250218,160000,22.185,22.185,22.185,22.185,100,0
GMET.US,60,20250218,170000,22.26,22.26,22.26,22.26,100,0
GMET.US,60,20250218,180000,22.3,22.3161,22.3,22.3161,350,0
GMET.US,60,20250218,210000,22.228,22.228,22.22,22.225,450,0
GMET.US,60,20250218,220000,22.25,22.25,22.25,22.25,100,0
GMET.US,60,20250219,170000,21.71,21.724,21.71,21.724,250,0
GMET.US,60,20250219,180000,21.71,21.72,21.71,21.72,350,0
GMET.US,60,20250219,190000,21.72,21.72,21.72,21.72,250,0
GMET.US,60,20250219,200000,21.695,21.695,21.695,21.695,149,0
GMET.US,60,20250219,210000,21.745,21.745,21.745,21.745,100,0
GMET.US,60,20250221,220000,21.53,21.56,21.505,21.56,410,0
GMET.US,60,20250224,170000,21.31,21.31,21.31,21.31,100,0
GMET.US,60,20250224,180000,21.33,21.42,21.33,21.42,400,0
GMET.US,60,20250225,160000,21.35,21.35,21.35,21.35,100,0
GMET.US,60,20250225,220000,21.26,21.2968,21.25,21.28,1100,0
GMET.US,60,20250226,160000,21.42,21.4201,21.42,21.4201,470,0
GMET.US,60,20250226,180000,21.6056,21.6056,21.6056,21.6056,500,0
GMET.US,60,20250226,200000,21.5014,21.5014,21.45,21.45,300,0
GMET.US,60,20250226,220000,21.3699,21.3699,21.32,21.3201,312,0
GMET.US,60,20250227,170000,21.1801,21.1801,21.1801,21.1801,482,0
GMET.US,60,20250227,220000,21.06,21.06,21.06,21.06,104,0
GMET.US,60,20250228,170000,20.74,20.74,20.74,20.74,953,0
GMET.US,60,20250228,180000,20.8,20.8,20.8,20.8,200,0
GMET.US,60,20250228,190000,20.805,20.805,20.8,20.8,855,0
GMET.US,60,20250303,170000,21.2899,21.2899,21.2899,21.2899,250,0
GMET.US,60,20250303,190000,21.18,21.18,21.18,21.18,455,0
GMET.US,60,20250303,200000,21.04,21.04,20.9768,20.9768,600,0
GMET.US,60,20250304,160000,20.71,20.72,20.33,20.33,700,0
GMET.US,60,20250304,170000,20.17,20.2508,20.17,20.2508,200,0
GMET.US,60,20250304,200000,20.578,20.578,20.578,20.578,100,0
GMET.US,60,20250304,210000,20.68,20.72,20.68,20.7162,417,0
GMET.US,60,20250304,220000,20.7875,20.7875,20.7875,20.7875,100,0
GMET.US,60,20250305,190000,21.57,21.57,21.57,21.57,127,0
GMET.US,60,20250305,210000,21.7,21.7,21.7,21.7,100,0
GMET.US,60,20250305,220000,21.86,21.86,21.85,21.85,300,0
GMET.US,60,20250306,180000,22.16,22.16,22.1599,22.1599,600,0
GMET.US,60,20250306,210000,21.82,21.82,21.82,21.82,138,0
GMET.US,60,20250306,220000,21.84,21.84,21.84,21.84,250,0
GMET.US,60,20250307,160000,21.76,21.8,21.76,21.8,300,0
GMET.US,60,20250307,170000,21.85,21.87,21.79,21.79,300,0
GMET.US,60,20250307,190000,21.5319,21.5319,21.5319,21.5319,100,0
GMET.US,60,20250307,200000,21.7201,21.7201,21.7201,21.7201,900,0
GMET.US,60,20250307,220000,21.84,21.84,21.84,21.84,323,0
GMET.US,60,20250310,180000,21.22,21.22,21.09,21.1306,451,0
GMET.US,60,20250310,190000,21.04,21.04,21.04,21.04,100,0
GMET.US,60,20250310,210000,21,21.05,21,21.05,242,0
GMET.US,60,20250311,170000,21.23,21.23,21.23,21.23,100,0
GMET.US,60,20250311,200000,21.46,21.46,21.46,21.46,100,0
GMET.US,60,20250312,180000,21.51,21.51,21.51,21.51,200,0
GMET.US,60,20250312,190000,21.51,21.5113,21.5,21.5113,535,0
GMET.US,60,20250312,200000,21.57,21.57,21.57,21.57,148,0
GMET.US,60,20250313,170000,21.8,21.8,21.79,21.79,2800,0
GMET.US,60,20250313,180000,21.8,21.8,21.8,21.8,100,0
GMET.US,60,20250313,210000,21.79,21.79,21.79,21.79,114,0
GMET.US,60,20250314,150000,22.14,22.14,22.14,22.14,115,0
GMET.US,60,20250314,190000,22.26,22.26,22.25,22.25,700,0
GMET.US,60,20250314,200000,22.2363,22.2504,22.2363,22.2504,949,0
GMET.US,60,20250317,180000,22.6001,22.6001,22.6001,22.6001,350,0
GMET.US,60,20250318,150000,22.75,22.75,22.75,22.75,100,0
GMET.US,60,20250318,210000,22.714,22.76,22.714,22.76,1100,0
GMET.US,60,20250319,150000,22.69,22.69,22.69,22.69,100,0
GMET.US,60,20250319,190000,22.8,22.8,22.8,22.8,344,0
GMET.US,60,20250321,200000,22.82,22.82,22.115,22.115,637,0
GMET.US,60,20250324,180000,22.4,22.4,22.4,22.4,100,0
GMET.US,60,20250324,210000,22.29,22.53,22.29,22.53,604,0
GMET.US,60,20250325,150000,22.645,22.645,22.645,22.645,310,0
GMET.US,60,20250325,160000,22.5701,22.62,22.5701,22.62,459,0
GMET.US,60,20250325,190000,22.56,22.5601,22.56,22.5601,600,0
GMET.US,60,20250327,160000,22.315,22.315,21.77,21.77,401,0
GMET.US,60,20250327,180000,21.826,21.826,21.826,21.826,100,0
GMET.US,60,20250327,190000,21.84,21.84,21.84,21.84,100,0
GMET.US,60,20250327,200000,21.77,21.77,21.75,21.77,700,0
GMET.US,60,20250328,170000,21.45,21.45,21.45,21.45,200,0
GMET.US,60,20250331,190000,20.6618,20.6618,20.6618,20.6618,110,0
GMET.US,60,20250331,210000,20.8548,20.8548,20.8548,20.8548,106,0
GMET.US,60,20250401,200000,20.771,20.85,20.771,20.85,300,0
GMET.US,60,20250401,220000,20.78,20.78,20.78,20.78,100,0
GMET.US,60,20250402,180000,20.82,20.82,20.82,20.82,100,0
GMET.US,60,20250402,210000,20.77,20.77,20.77,20.77,100,0
GMET.US,60,20250403,190000,19.91,19.919,19.91,19.919,200,0
GMET.US,60,20250403,200000,19.835,19.88,19.8199,19.8199,700,0
GMET.US,60,20250403,210000,19.71,19.71,19.65,19.65,200,0
GMET.US,60,20250403,220000,19.63,19.63,19.61,19.61,490,0
GMET.US,60,20250404,160000,18.26,18.26,18.03,18.07,1400,0
GMET.US,60,20250404,170000,17.41,17.54,17.41,17.53,300,0
GMET.US,60,20250404,180000,17.94,17.94,17.94,17.94,100,0
GMET.US,60,20250404,190000,17.71,17.73,17.67,17.73,300,0
GMET.US,60,20250404,200000,17.54,17.67,17.54,17.67,600,0
GMET.US,60,20250404,210000,17.65,17.65,17.41,17.61,1500,0
GMET.US,60,20250404,220000,17.57,17.65,17.57,17.62,300,0
GMET.US,60,20250407,190000,17.121,17.33,17.12,17.33,500,0
GMET.US,60,20250407,200000,17.06,17.06,17.06,17.06,300,0
GMET.US,60,20250407,210000,17.3901,17.3901,17.3901,17.3901,160,0
GMET.US,60,20250407,220000,17.51,17.51,17.51,17.51,100,0
GMET.US,60,20250408,170000,17.95,17.99,17.95,17.99,200,0
GMET.US,60,20250408,190000,17.5167,17.5167,17.48,17.48,525,0
GMET.US,60,20250408,220000,16.79,16.84,16.78,16.81,561,0
GMET.US,60,20250409,180000,17.1657,17.1657,17.07,17.07,1179,0
GMET.US,60,20250409,200000,18.1,18.1,18.04,18.04,2200,0
GMET.US,60,20250409,220000,18.96,18.96,18.96,18.96,100,0
GMET.US,60,20250411,170000,18.67,18.67,18.67,18.67,100,0
GMET.US,60,20250411,180000,18.68,18.74,18.68,18.74,200,0
GMET.US,60,20250411,200000,19.2121,19.2121,19.2121,19.2121,226,0
GMET.US,60,20250411,220000,19.11,19.11,19.11,19.11,100,0
GMET.US,60,20250414,190000,19.295,19.3,19.295,19.3,200,0
GMET.US,60,20250414,210000,19.5,19.5,19.5,19.5,100,0
GMET.US,60,20250414,220000,19.75,19.75,19.75,19.75,440,0
GMET.US,60,20250415,190000,19.51,19.51,19.51,19.51,100,0
GMET.US,60,20250416,180000,19.58,19.58,19.5201,19.5201,258,0
GMET.US,60,20250416,220000,19.41,19.41,19.41,19.41,471,0
GMET.US,60,20250421,210000,19.36,19.36,19.36,19.36,200,0
GMET.US,60,20250421,220000,19.52,19.54,19.52,19.54,200,0
GMET.US,60,20250423,160000,20.68,20.68,20.64,20.64,300,0
GMET.US,60,20250423,170000,20.5648,20.7499,20.5648,20.7499,429,0
GMET.US,60,20250423,190000,20.51,20.51,20.51,20.51,100,0
GMET.US,60,20250423,220000,20.48,20.48,20.48,20.48,150,0
GMET.US,60,20250424,160000,20.63,20.63,20.62,20.62,400,0
GMET.US,60,20250425,220000,20.64,20.64,20.64,20.64,794,0
GMET.US,60,20250428,170000,20.69,20.69,20.69,20.69,100,0
GMET.US,60,20250429,210000,20.89,20.89,20.89,20.89,125,0
GMET.US,60,20250429,220000,20.59,20.59,20.59,20.59,149,0
GMET.US,60,20250430,210000,20.1,20.1,20.1,20.1,100,0
GMET.US,60,20250501,160000,20.51,20.65,20.46,20.46,1800,0
GMET.US,60,20250501,210000,20.39,20.39,20.39,20.39,100,0
GMET.US,60,20250501,220000,20.33,20.33,20.33,20.33,105,0
GMET.US,60,20250505,180000,20.62,20.62,20.62,20.62,200,0
GMET.US,60,20250505,210000,20.61,20.6101,20.61,20.6101,200,0
GMET.US,60,20250506,160000,20.76,20.76,20.76,20.76,100,0
GMET.US,60,20250507,190000,20.7041,20.7041,20.7041,20.7041,3460,0
GMET.US,60,20250507,210000,20.51,20.51,20.51,20.51,100,0
GMET.US,60,20250508,170000,20.54,20.6565,20.54,20.6565,400,0
GMET.US,60,20250508,220000,20.59,20.59,20.59,20.59,100,0
GMET.US,60,20250512,170000,21.555,21.555,21.4518,21.5,1150,0
GMET.US,60,20250513,210000,21.685,21.685,21.685,21.685,430,0
GMET.US,60,20250514,170000,21.61,21.61,21.61,21.61,179,0
GMET.US,60,20250515,210000,21.37,21.37,21.37,21.37,200,0
GMET.US,60,20250516,170000,21,21,21,21,2150,0
GMET.US,60,20250519,160000,21.1,21.1,21.1,21.1,100,0
GMET.US,60,20250519,180000,21.1,21.11,21.1,21.11,2000,0
GMET.US,60,20250519,190000,21.11,21.11,21.11,21.11,300,0
GMET.US,60,20250519,200000,21.025,21.025,21.025,21.025,100,0
GMET.US,60,20250519,210000,21.114,21.16,21.114,21.16,3428,0
GMET.US,60,20250521,200000,21.22,21.41,21.22,21.41,1157,0
GMET.US,60,20250521,210000,21.28,21.2801,21.28,21.2801,400,0
GMET.US,60,20250522,200000,21.35,21.35,21.35,21.35,328,0
GMET.US,60,20250522,210000,21.38,21.38,21.37,21.37,324,0
GMET.US,60,20250522,220000,21.38,21.38,21.38,21.38,2000,0
GMET.US,60,20250523,200000,21.73,21.84,21.73,21.84,4000,0
GMET.US,60,20250523,210000,21.9117,21.9117,21.9117,21.9117,392,0
GMET.US,60,20250523,220000,21.84,21.84,21.84,21.84,100,0
GMET.US,60,20250527,170000,21.9,21.9,21.9,21.9,200,0
GMET.US,60,20250527,180000,21.91,21.91,21.88,21.88,500,0
GMET.US,60,20250527,220000,21.79,21.79,21.79,21.79,100,0
GMET.US,60,20250528,170000,21.57,21.57,21.57,21.57,100,0
GMET.US,60,20250528,210000,21.86,21.87,21.78,21.86,900,0
GMET.US,60,20250602,180000,21.47,21.4701,21.47,21.4701,200,0
GMET.US,60,20250602,190000,21.42,21.42,21.42,21.42,100,0
GMET.US,60,20250602,220000,21.88,21.88,21.5,21.5,405,0
GMET.US,60,20250603,180000,21.8114,21.8114,21.8114,21.8114,350,0
GMET.US,60,20250603,220000,21.81,21.8101,21.68,21.68,500,0
GMET.US,60,20250604,170000,22.13,22.1301,22.13,22.1301,320,0
GMET.US,60,20250604,190000,22.2,22.2,22.2,22.2,140,0
GMET.US,60,20250604,220000,22.37,22.37,22.37,22.37,102,0
GMET.US,60,20250605,170000,22.75,22.75,22.75,22.75,100,0
GMET.US,60,20250605,210000,22.9222,22.9222,22.9,22.9,637,0
GMET.US,60,20250606,180000,22.85,22.85,22.85,22.85,100,0
GMET.US,60,20250606,190000,22.73,22.9,22.73,22.9,639,0
GMET.US,60,20250606,200000,22.71,22.88,22.7,22.88,600,0
GMET.US,60,20250606,220000,22.73,22.73,22.73,22.73,200,0
GMET.US,60,20250610,160000,23,23.15,23,23.15,420,0
GMET.US,60,20250610,220000,22.99,23.0001,22.98,23.0001,860,0
GMET.US,60,20250611,170000,23.19,23.21,23.13,23.13,1300,0
GMET.US,60,20250611,210000,23.05,23.05,23.05,23.05,200,0
GMET.US,60,20250611,220000,22.99,23.13,22.99,23.13,400,0
GMET.US,60,20250612,170000,23,23.0012,23,23.0012,678,0
GMET.US,60,20250613,160000,22.6364,22.6364,22.6364,22.6364,100,0
GMET.US,60,20250613,210000,22.8599,22.8599,22.806,22.806,750,0
GMET.US,60,20250617,220000,22.66,22.785,22.64,22.785,950,0
GMET.US,60,20250618,190000,22.76,22.76,22.76,22.76,140,0
GMET.US,60,20250620,210000,22.202,22.202,22.202,22.202,130,0
GMET.US,60,20250623,190000,22.2105,22.3244,22.2105,22.3244,694,0
GMET.US,60,20250623,200000,22.247,22.3,22.247,22.3,600,0
GMET.US,60,20250624,160000,22.83,22.83,22.83,22.83,100,0
GMET.US,60,20250624,170000,22.77,22.77,22.77,22.77,100,0
GMET.US,60,20250624,220000,22.8668,22.94,22.8668,22.94,560,0
GMET.US,60,20250625,170000,22.9023,22.9023,22.71,22.71,2527,0
GMET.US,60,20250626,160000,23.45,23.45,23.45,23.45,200,0
GMET.US,60,20250626,180000,23.8833,23.8833,23.88,23.88,300,0
GMET.US,60,20250626,190000,23.98,23.98,23.98,23.98,200,0
GMET.US,60,20250626,200000,24,24.0362,24,24.0362,746,0
GMET.US,60,20250626,220000,23.92,24.085,23.92,23.98,1100,0
GMET.US,60,20250627,160000,24.0282,24.0282,24.0282,24.0282,208,0
GMET.US,60,20250627,170000,23.79,23.79,23.79,23.79,100,0
GMET.US,60,20250627,180000,23.88,23.88,23.88,23.88,100,0
GMET.US,60,20250630,160000,23.84,23.84,23.84,23.84,200,0
GMET.US,60,20250630,210000,23.8,23.8,23.8,23.8,255,0
GMET.US,60,20250630,220000,23.8,23.9387,23.8,23.9387,2539,0
GMET.US,60,20250701,170000,24,24,24,24,221,0
GMET.US,60,20250701,180000,23.93,23.93,23.93,23.93,400,0
GMET.US,60,20250701,220000,23.9684,23.9684,23.9684,23.9684,103,0
GMET.US,60,20250702,160000,24.09,24.09,24.09,24.09,200,0
GMET.US,60,20250702,190000,24.7676,24.7676,24.7676,24.7676,150,0
GMET.US,60,20250702,220000,24.81,24.81,24.81,24.81,350,0
GMET.US,60,20250703,170000,24.74,24.74,24.72,24.72,3131,0
GMET.US,60,20250707,190000,24.62,24.6437,24.25,24.25,500,0
GMET.US,60,20250707,210000,24.28,24.28,24.28,24.28,104,0
GMET.US,60,20250707,220000,24.29,24.29,24.25,24.25,526,0
GMET.US,60,20250708,160000,24.33,24.33,24.33,24.33,100,0
GMET.US,60,20250708,170000,24.433,24.433,24.433,24.433,103,0
GMET.US,60,20250708,180000,24.38,24.38,24.38,24.38,100,0
GMET.US,60,20250708,200000,24.79,25,24.6,24.6,5578,0
GMET.US,60,20250709,160000,24.2,24.2,24.2,24.2,100,0
GMET.US,60,20250709,200000,24.14,24.225,24.12,24.12,1200,0
GMET.US,60,20250710,160000,24.43,24.43,24.43,24.43,100,0
GMET.US,60,20250711,220000,24.8999,24.8999,24.8999,24.8999,100,0
GMET.US,60,20250715,200000,24.59,24.59,24.38,24.38,200,0
GMET.US,60,20250715,210000,24.515,24.515,24.515,24.515,280,0
GMET.US,60,20250716,170000,24.5,24.5,24.5,24.5,131,0
GMET.US,60,20250716,200000,24.41,24.41,24.41,24.41,393,0
GMET.US,60,20250717,190000,24.34,24.34,24.32,24.34,801,0
GMET.US,60,20250718,180000,24.975,24.975,24.975,24.975,272,0
GMET.US,60,20250718,200000,24.87,24.96,24.85,24.85,1600,0
GMET.US,60,20250721,160000,26.3,26.3,25.47,25.4701,550,0
GMET.US,60,20250721,170000,25.66,25.679,25.66,25.679,396,0
GMET.US,60,20250721,180000,25.65,25.65,25.65,25.65,300,0
GMET.US,60,20250722,190000,25.61,26,25.47,26,615,0
GMET.US,60,20250722,200000,25.98,26,25.98,26,578,0
GMET.US,60,20250722,210000,26,26,26,26,696,0
GMET.US,60,20250722,220000,26.08,26.26,26.08,26.26,541,0
GMET.US,60,20250723,170000,26.2001,26.2001,26.2001,26.2001,105,0
GMET.US,60,20250723,180000,26.2,26.2001,26.08,26.0801,1466,0
GMET.US,60,20250723,200000,26.165,26.21,26.165,26.21,300,0
GMET.US,60,20250723,210000,26.13,26.1628,25.9,26.1628,1800,0
GMET.US,60,20250723,220000,26.15,26.15,26.14,26.14,308,0
GMET.US,60,20250724,160000,26.05,26.11,26,26.11,1600,0
GMET.US,60,20250724,170000,26.1785,26.2094,26.1785,26.2094,566,0
GMET.US,60,20250724,190000,26.03,26.03,26.03,26.03,100,0
GMET.US,60,20250724,200000,26.08,26.08,26.08,26.08,100,0
GMET.US,60,20250724,210000,26.02,26.02,26.02,26.02,100,0
GMET.US,60,20250724,220000,26.04,26.04,25.99,25.99,200,0
GMET.US,60,20250725,160000,25.98,25.98,25.98,25.98,500,0
GMET.US,60,20250725,170000,25.955,26.07,25.73,25.73,716,0
GMET.US,60,20250725,220000,25.9213,25.9213,25.78,25.79,400,0
GMET.US,60,20250728,200000,25.4,25.49,25.4,25.49,210,0
GMET.US,60,20250728,220000,25.54,25.6,25.48,25.6,600,0
GMET.US,60,20250729,210000,25.2148,25.2148,25.2148,25.2148,155,0
GMET.US,60,20250729,220000,25.3756,25.3756,25.3756,25.3756,215,0
GMET.US,60,20250730,180000,25.06,25.28,25.06,25.28,200,0
GMET.US,60,20250730,200000,25.24,25.24,25.24,25.24,404,0
GMET.US,60,20250730,210000,24.91,24.92,24.55,24.55,1805,0
GMET.US,60,20250730,220000,24.42,24.4701,24.31,24.46,4184,0
GMET.US,60,20250731,160000,24.4,24.4,24.32,24.34,700,0
GMET.US,60,20250804,170000,24.036,24.29,24.036,24.29,800,0
GMET.US,60,20250804,190000,24.31,24.32,24.31,24.32,500,0
GMET.US,60,20250804,200000,24.34,24.34,24.34,24.34,100,0
GMET.US,60,20250805,190000,24.535,24.535,24.535,24.535,213,0
GMET.US,60,20250806,180000,24.64,24.64,24.47,24.51,4710,0
GMET.US,60,20250806,200000,24.52,24.6228,24.52,24.6228,1723,0
GMET.US,60,20250808,160000,25.14,25.33,25.14,25.33,200,0
GMET.US,60,20250808,170000,25.54,25.5401,25.54,25.5401,200,0
GMET.US,60,20250808,180000,25.67,25.67,25.67,25.67,100,0
GMET.US,60,20250808,210000,25.72,25.72,25.72,25.72,100,0
GMET.US,60,20250808,220000,25.72,25.9,25.72,25.9,500,0
GMET.US,60,20250811,180000,25.7275,25.7275,25.7275,25.7275,200,0
GMET.US,60,20250813,160000,26.29,26.3,26.25,26.3,300,0
GMET.US,60,20250813,190000,26.16,26.16,26.15,26.1501,300,0
GMET.US,60,20250814,170000,25.8201,25.8201,25.82,25.82,200,0
GMET.US,60,20250815,160000,26.16,26.16,26.16,26.16,600,0
GMET.US,60,20250815,180000,26.2502,26.2502,26.2502,26.2502,200,0
GMET.US,60,20250815,210000,26.25,26.25,26.25,26.25,100,0
GMET.US,60,20250818,190000,26.0635,26.0635,26.0635,26.0635,180,0
GMET.US,60,20250818,200000,26.0928,26.19,26.0928,26.19,800,0
GMET.US,60,20250819,170000,26.1,26.1,25.86,25.86,600,0
GMET.US,60,20250819,180000,25.85,25.85,25.85,25.85,200,0
GMET.US,60,20250819,190000,25.85,25.86,25.79,25.795,3090,0
GMET.US,60,20250819,200000,25.76,25.76,25.76,25.76,100,0
GMET.US,60,20250819,220000,25.49,25.75,25.34,25.72,1408,0
GMET.US,60,20250821,170000,25.53,25.67,25.53,25.67,495,0
GMET.US,60,20250821,210000,25.75,25.9,25.75,25.89,987,0
GMET.US,60,20250822,170000,26.2,26.3,26.2,26.2562,990,0
GMET.US,60,20250822,190000,26.5,26.5,26.46,26.46,900,0
GMET.US,60,20250822,200000,26.53,26.53,26.53,26.53,100,0
GMET.US,60,20250822,210000,26.43,26.43,26.43,26.43,200,0
GMET.US,60,20250822,220000,26.17,26.17,26.17,26.17,300,0
GMET.US,60,20250825,170000,26.67,26.67,26.51,26.62,600,0
GMET.US,60,20250825,180000,26.75,27.3,26.67,27.3,646,0
GMET.US,60,20250826,220000,26.4678,26.525,26.4678,26.525,1124,0
GMET.US,60,20250827,160000,26.4934,26.4934,26.465,26.465,300,0
GMET.US,60,20250827,170000,26.51,26.6599,26.51,26.65,300,0
GMET.US,60,20250827,180000,26.38,26.38,26.37,26.38,500,0
GMET.US,60,20250827,200000,26.66,26.66,26.36,26.522,1050,0
GMET.US,60,20250828,170000,26.93,26.93,26.93,26.93,2640,0
GMET.US,60,20250828,200000,26.41,26.41,26.41,26.41,100,0
GMET.US,60,20250828,220000,26.7367,26.7367,26.7367,26.7367,103,0
GMET.US,60,20250829,170000,26.82,26.83,26.82,26.83,500,0
GMET.US,60,20250829,210000,26.8,26.8,26.8,26.8,100,0
GMET.US,60,20250829,220000,26.81,26.81,26.81,26.81,100,0
GMET.US,60,20250902,160000,26.5,26.5001,26.5,26.5001,200,0
GMET.US,60,20250902,170000,26.605,26.605,26.605,26.605,111,0
GMET.US,60,20250902,180000,26.361,26.361,26.361,26.361,200,0
GMET.US,60,20250902,210000,26.37,26.41,26.37,26.38,2646,0
GMET.US,60,20250902,220000,26.76,26.8,26.76,26.8,221,0
GMET.US,60,20250903,170000,26.93,27.08,26.6846,27.08,983,0
GMET.US,60,20250903,180000,27,27.31,26.9001,27.089,1520,0
GMET.US,60,20250903,190000,26.9001,26.9001,26.9001,26.9001,100,0
GMET.US,60,20250903,210000,27.0843,27.089,27.0843,27.089,200,0
GMET.US,60,20250903,220000,26.98,27.05,26.93,26.93,503,0
GMET.US,60,20250904,190000,26.9674,27.11,26.83,26.9674,700,0
GMET.US,60,20250904,200000,26.6911,26.786,26.6911,26.71,470,0
GMET.US,60,20250904,210000,26.22,26.58,26.22,26.58,500,0
GMET.US,60,20250905,160000,27.68,27.8526,27.68,27.8526,381,0
GMET.US,60,20250905,180000,27.44,27.53,27.44,27.53,300,0
GMET.US,60,20250908,160000,27.8,27.8,27.8,27.8,100,0
GMET.US,60,20250908,170000,27.705,27.705,27.705,27.705,200,0
GMET.US,60,20250908,200000,27.7965,27.7965,27.7965,27.7965,180,0
GMET.US,60,20250908,210000,27.82,27.84,27.82,27.84,200,0
GMET.US,60,20250908,220000,27.85,27.86,27.73,27.86,620,0
GMET.US,60,20250909,170000,28.2999,28.2999,28.2999,28.2999,580,0
GMET.US,60,20250909,220000,28.0921,28.0921,28.0921,28.0921,271,0
GMET.US,60,20250910,160000,28.15,28.28,28.15,28.28,306,0
GMET.US,60,20250910,170000,27.965,27.965,27.965,27.965,808,0
GMET.US,60,20250910,190000,27.9516,27.9516,27.9516,27.9516,107,0
GMET.US,60,20250910,210000,28.02,28.02,28.02,28.02,100,0
GMET.US,60,20250910,220000,27.92,27.92,27.92,27.92,205,0
GMET.US,60,20250911,160000,28.36,28.36,28.36,28.36,107,0
GMET.US,60,20250911,190000,28.331,28.331,28.16,28.31,1391,0
GMET.US,60,20250911,200000,28.36,28.36,28.36,28.36,100,0
GMET.US,60,20250912,220000,28.31,28.5628,28.31,28.5628,200,0
GMET.US,60,20250915,160000,28.5,28.5,28.5,28.5,100,0
GMET.US,60,20250915,190000,28.99,28.99,28.99,28.99,250,0
GMET.US,60,20250915,200000,28.94,28.97,28.94,28.97,224,0
GMET.US,60,20250915,220000,29.03,29.03,29.03,29.03,118,0
GMET.US,60,20250916,160000,29.03,29.03,29.01,29.01,2246,0
GMET.US,60,20250916,180000,28.885,28.885,28.885,28.885,270,0
GMET.US,60,20250916,200000,28.932,28.932,28.932,28.932,100,0
GMET.US,60,20250916,220000,29.02,29.02,28.8912,28.92,431,0
GMET.US,60,20250918,170000,28.52,28.52,28.52,28.52,400,0
GMET.US,60,20250918,220000,28.59,28.59,28.59,28.59,165,0
GMET.US,60,20250919,160000,28.75,28.75,28.7318,28.7318,232,0
GMET.US,60,20250919,170000,28.755,28.755,28.755,28.755,305,0
GMET.US,60,20250919,200000,28.8,28.8,28.8,28.8,100,0
GMET.US,60,20250919,210000,28.855,28.855,28.855,28.855,500,0
GMET.US,60,20250922,160000,28.73,28.73,28.73,28.73,100,0
GMET.US,60,20250922,180000,28.9899,29.04,28.9899,28.9899,1200,0
GMET.US,60,20250922,220000,29.0889,29.0889,29.02,29.0201,374,0
GMET.US,60,20250923,170000,29.52,29.55,29.42,29.42,500,0
GMET.US,60,20250923,180000,29.51,29.51,29.51,29.51,300,0
GMET.US,60,20250923,190000,29.31,29.31,29.31,29.31,100,0
GMET.US,60,20250923,200000,29.321,29.321,29.321,29.321,100,0
GMET.US,60,20250923,220000,29.1516,29.36,29.15,29.36,410,0
GMET.US,60,20250924,160000,29.78,29.78,29.78,29.78,200,0
GMET.US,60,20250924,170000,30,30.0283,30,30.0283,470,0
GMET.US,60,20250924,180000,29.9001,30.0108,29.9001,30.0108,300,0
GMET.US,60,20250924,220000,29.6919,29.76,29.6919,29.76,241,0
GMET.US,60,20250925,160000,29.56,29.7,29.56,29.7,200,0
GMET.US,60,20250925,170000,30.039,30.039,30.039,30.039,100,0
GMET.US,60,20250925,180000,30.03,30.03,30.03,30.03,166,0
GMET.US,60,20250925,220000,29.97,29.97,29.97,29.97,111,0
GMET.US,60,20250926,160000,29.96,29.99,29.96,29.99,2611,0
GMET.US,60,20250926,170000,30.2344,30.2344,30.2344,30.2344,100,0
GMET.US,60,20250926,180000,30.165,30.26,30.165,30.26,400,0
GMET.US,60,20250926,190000,30.2701,30.2701,30.2701,30.2701,100,0
GMET.US,60,20250926,210000,30.4191,30.4191,30.4191,30.4191,936,0
GMET.US,60,20250926,220000,30.42,30.42,30.42,30.42,100,0
GMET.US,60,20250929,160000,30.72,31.09,30.72,31.013,500,0
GMET.US,60,20250929,170000,31.25,31.41,31.25,31.32,930,0
GMET.US,60,20250929,180000,31.27,31.27,31.23,31.23,600,0
GMET.US,60,20250929,190000,31.3,31.3,31.3,31.3,100,0
GMET.US,60,20250929,210000,31.27,31.27,31.27,31.27,200,0
GMET.US,60,20250929,220000,31.27,31.27,31.2376,31.2376,768,0
GMET.US,60,20250930,180000,31.36,31.36,31.36,31.36,200,0
GMET.US,60,20250930,190000,31.401,31.47,31.401,31.47,559,0
GMET.US,60,20250930,200000,31.4976,31.5,31.48,31.5,500,0
GMET.US,60,20250930,210000,31.52,31.54,31.52,31.54,900,0
GMET.US,60,20250930,220000,31.59,31.59,31.5001,31.5001,400,0
GMET.US,60,20251001,160000,31.8601,31.8601,31.8601,31.8601,111,0
GMET.US,60,20251001,170000,31.92,31.92,31.84,31.84,200,0
GMET.US,60,20251001,190000,31.687,31.74,31.687,31.74,900,0
GMET.US,60,20251001,200000,31.79,31.79,31.79,31.79,200,0
GMET.US,60,20251001,210000,31.83,31.83,31.79,31.79,300,0
GMET.US,60,20251001,220000,31.88,31.88,31.72,31.85,1609,0
GMET.US,60,20251002,160000,31.93,31.93,31.93,31.93,100,0
GMET.US,60,20251002,170000,31.86,31.86,31.47,31.47,517,0
GMET.US,60,20251002,190000,31.65,31.69,31.595,31.69,500,0
GMET.US,60,20251002,220000,31.86,31.89,31.86,31.87,1500,0
GMET.US,60,20251003,160000,31.97,32.13,31.8,31.975,1438,0
GMET.US,60,20251003,170000,32.19,32.29,32.19,32.29,2023,0
GMET.US,60,20251003,180000,32.29,32.45,32.2064,32.44,5654,0
GMET.US,60,20251003,190000,32.4294,32.44,32.355,32.44,7295,0
GMET.US,60,20251003,200000,32.39,32.39,32.203,32.25,2720,0
GMET.US,60,20251003,210000,32.22,32.37,32.2198,32.3,2100,0
GMET.US,60,20251003,220000,32.32,32.42,32.2835,32.34,4200,0
GMET.US,60,20251006,160000,32.35,32.56,32.35,32.509,13790,0
GMET.US,60,20251006,170000,32.5,32.53,32.5,32.51,13149,0
GMET.US,60,20251006,180000,32.61,32.61,32.61,32.61,100,0
GMET.US,60,20251006,190000,32.6,32.6001,32.6,32.6001,200,0
GMET.US,60,20251006,200000,32.61,32.77,32.61,32.755,2800,0
GMET.US,60,20251006,210000,32.745,32.745,32.745,32.745,152,0
GMET.US,60,20251006,220000,32.6401,32.66,32.6,32.66,1468,0
GMET.US,60,20251007,160000,32.99,32.99,32.79,32.9,600,0
GMET.US,60,20251007,170000,32.775,32.775,32.775,32.775,100,0
GMET.US,60,20251007,180000,32.79,32.79,32.6,32.6,1903,0
GMET.US,60,20251007,190000,32.5,32.53,32.5,32.53,1300,0
GMET.US,60,20251007,200000,32.6,32.6,32.6,32.6,100,0
GMET.US,60,20251007,220000,32.61,32.61,32.61,32.61,148,0
GMET.US,60,20251008,160000,32.99,33.195,32.99,33.195,3995,0
GMET.US,60,20251008,170000,33.1715,33.317,33.1715,33.2515,2773,0
GMET.US,60,20251008,180000,33.2695,33.2695,33.2695,33.2695,219,0
GMET.US,60,20251008,190000,33.2204,33.36,33.2204,33.3599,708,0
GMET.US,60,20251008,200000,33.46,33.57,33.4112,33.55,2782,0
GMET.US,60,20251008,210000,33.531,33.54,33.531,33.54,200,0
GMET.US,60,20251008,220000,33.535,33.61,33.535,33.56,789,0
GMET.US,60,20251009,160000,33.95,33.95,33.635,33.635,1169,0
GMET.US,60,20251009,170000,33.571,33.635,33.565,33.57,1650,0
GMET.US,60,20251009,180000,33.63,33.63,33.4385,33.4385,9980,0
GMET.US,60,20251009,190000,33.4001,33.4001,33.4001,33.4001,100,0
GMET.US,60,20251009,200000,33.36,33.36,33.24,33.25,500,0
GMET.US,60,20251009,210000,33.27,33.27,33.27,33.27,100,0
GMET.US,60,20251009,220000,33.27,33.27,33.27,33.27,100,0
GMET.US,60,20251010,160000,33.46,33.46,32.8901,33.005,1750,0
GMET.US,60,20251010,170000,32.96,32.96,32.9112,32.94,375,0
GMET.US,60,20251010,180000,32.7665,32.7665,32.37,32.46,971,0
GMET.US,60,20251010,190000,32.595,32.595,32.4388,32.49,361,0
GMET.US,60,20251010,200000,32.15,32.4686,32,32.38,10853,0
GMET.US,60,20251010,210000,32.31,32.42,32.26,32.42,1622,0
GMET.US,60,20251010,220000,32.02,32.2999,32.02,32.04,1197,0
GMET.US,60,20251013,160000,33.51,33.99,33.405,33.63,6244,0
GMET.US,60,20251013,170000,33.63,34.014,33.63,33.935,6786,0
GMET.US,60,20251013,180000,33.94,34.1128,33.94,34.0675,5775,0
GMET.US,60,20251013,190000,34.07,34.22,34.04,34.22,2700,0
GMET.US,60,20251013,200000,34.3,34.3,34.155,34.155,900,0
GMET.US,60,20251013,210000,34.2999,34.3,34.2995,34.2995,594,0
GMET.US,60,20251013,220000,34.1898,34.24,34.116,34.24,792,0
GMET.US,60,20251014,160000,32.965,32.965,32.4696,32.68,775,0
GMET.US,60,20251014,170000,33.16,33.34,33.16,33.243,1169,0
GMET.US,60,20251014,180000,33.1795,33.45,33.1795,33.45,873,0
GMET.US,60,20251014,190000,33.5205,33.5205,33.5205,33.5205,100,0
GMET.US,60,20251014,200000,33.5675,33.5675,33.5675,33.5675,100,0
GMET.US,60,20251014,220000,33.5695,33.5695,33.4335,33.56,2459,0
GMET.US,60,20251015,160000,33.467,33.68,33.4525,33.535,1550,0
GMET.US,60,20251015,170000,33.54,33.78,33.54,33.72,2824,0
GMET.US,60,20251015,180000,33.525,33.59,33.46,33.53,2071,0
GMET.US,60,20251015,190000,33.62,33.62,33.62,33.62,100,0
GMET.US,60,20251015,200000,33.34,33.43,33.25,33.43,3600,0
GMET.US,60,20251015,210000,33.5,33.52,33.5,33.515,1500,0
GMET.US,60,20251015,220000,33.53,33.66,33.53,33.66,321,0
GMET.US,60,20251016,160000,33.85,33.85,33.3701,33.3701,3516,0
GMET.US,60,20251016,170000,33.36,33.36,33.36,33.36,100,0
GMET.US,60,20251016,180000,33.66,33.69,33.66,33.69,655,0
GMET.US,60,20251016,190000,33.49,33.49,33.49,33.49,150,0
GMET.US,60,20251016,200000,33.54,33.54,33.54,33.54,100,0
GMET.US,60,20251016,210000,33.35,33.35,33.33,33.33,600,0
GMET.US,60,20251016,220000,33.36,33.39,33.36,33.39,322,0
GMET.US,60,20251017,160000,32.86,32.861,32.78,32.78,600,0
GMET.US,60,20251017,170000,32.68,32.6801,32.519,32.519,905,0
GMET.US,60,20251017,180000,32.12,32.205,32.12,32.19,900,0
GMET.US,60,20251017,190000,32.205,32.215,32.205,32.215,200,0
GMET.US,60,20251017,200000,32.0801,32.249,32.08,32.2485,755,0
GMET.US,60,20251017,210000,32.23,32.23,32.23,32.23,100,0
GMET.US,60,20251020,170000,32.77,32.98,32.77,32.98,1100,0
GMET.US,60,20251020,180000,32.71,33.01,32.71,32.8273,1705,0
GMET.US,60,20251020,190000,32.9493,33.01,32.9493,33.01,200,0
GMET.US,60,20251020,210000,32.9023,32.9023,32.9,32.9,678,0
GMET.US,60,20251020,220000,33.07,33.08,33.06,33.06,302,0
GMET.US,60,20251021,160000,32.0501,32.26,32.0501,32.26,300,0
GMET.US,60,20251021,170000,31.61,31.61,31.5373,31.5373,710,0
GMET.US,60,20251021,180000,31.6114,31.6945,31.6114,31.6945,850,0
GMET.US,60,20251021,190000,31.72,31.72,31.72,31.72,100,0
GMET.US,60,20251021,220000,31.632,31.632,31.56,31.56,600,0
GMET.US,60,20251022,190000,31.055,31.055,31.05,31.05,200,0
GMET.US,60,20251022,200000,31.03,31.03,31.03,31.03,100,0
GMET.US,60,20251022,210000,31.06,31.06,31.06,31.06,343,0
GMET.US,60,20251022,220000,31.24,31.24,31.24,31.24,100,0
GMET.US,60,20251023,160000,31.65,31.65,31.65,31.65,200,0
GMET.US,60,20251023,170000,32.22,32.4022,32.06,32.4022,1214,0
GMET.US,60,20251023,190000,32.0501,32.0501,32.0501,32.0501,100,0
GMET.US,60,20251023,210000,32.27,32.27,32.16,32.1734,2723,0
GMET.US,60,20251023,220000,32.14,32.14,32.14,32.14,100,0
GMET.US,60,20251024,160000,32.35,32.4171,32.16,32.16,1684,0
GMET.US,60,20251024,170000,32.425,32.425,32.35,32.35,210,0
GMET.US,60,20251024,180000,32.318,32.36,32.318,32.36,975,0
GMET.US,60,20251024,200000,32.5091,32.6291,32.5091,32.6291,2103,0
GMET.US,60,20251024,210000,32.58,32.6,32.58,32.6,497,0
GMET.US,60,20251024,220000,32.59,32.59,32.424,32.424,1075,0
GMET.US,60,20251027,150000,32.3568,32.54,32.3568,32.54,591,0
GMET.US,60,20251027,180000,32.17,32.25,32.17,32.25,200,0
GMET.US,60,20251027,190000,32.2575,32.2575,32.2575,32.2575,100,0
GMET.US,60,20251027,200000,32.2535,32.2535,32.2535,32.2535,175,0
GMET.US,60,20251027,210000,32.2075,32.2075,32.11,32.11,1549,0
GMET.US,60,20251028,150000,31.7734,31.81,31.7734,31.81,900,0
GMET.US,60,20251028,160000,31.91,32.04,31.91,32.04,1135,0
GMET.US,60,20251028,170000,32.07,32.07,32.07,32.07,100,0
GMET.US,60,20251028,180000,32.1401,32.1401,32.1401,32.1401,268,0
GMET.US,60,20251028,190000,32.11,32.11,32.11,32.11,100,0
GMET.US,60,20251028,200000,32.15,32.15,32.13,32.15,500,0
GMET.US,60,20251028,210000,32.135,32.15,32.135,32.15,558,0
GMET.US,60,20251029,150000,32.965,32.965,32.86,32.86,250,0
GMET.US,60,20251029,160000,32.92,32.99,32.92,32.9888,807,0
GMET.US,60,20251029,170000,33.11,33.3099,33.11,33.3099,450,0
GMET.US,60,20251029,190000,33.2699,33.2699,33.08,33.08,200,0
GMET.US,60,20251029,200000,33.29,33.29,33.1801,33.1801,330,0
GMET.US,60,20251029,210000,33,33.07,33,33.07,200,0
GMET.US,60,20251030,150000,32.64,32.7925,32.64,32.7925,343,0
GMET.US,60,20251030,160000,32.685,32.685,32.55,32.5962,1600,0
GMET.US,60,20251030,170000,32.695,32.695,32.695,32.695,100,0
GMET.US,60,20251030,180000,32.7301,32.79,32.73,32.79,800,0
GMET.US,60,20251030,190000,32.82,32.82,32.82,32.82,7546,0
GMET.US,60,20251030,200000,32.87,32.8701,32.86,32.8601,3528,0
GMET.US,60,20251030,210000,32.86,32.86,32.86,32.86,100,0
GMET.US,60,20251031,150000,32.52,32.52,32.52,32.52,100,0
GMET.US,60,20251031,160000,32.34,32.3496,32.34,32.3496,350,0
GMET.US,60,20251031,180000,32.36,32.44,32.335,32.335,612,0
GMET.US,60,20251103,160000,31.93,31.93,31.66,31.73,2131,0
GMET.US,60,20251103,180000,31.5183,31.64,31.5102,31.62,1220,0
GMET.US,60,20251103,190000,31.61,31.7085,31.61,31.6802,6730,0
GMET.US,60,20251103,200000,31.56,31.56,31.56,31.56,100,0
GMET.US,60,20251103,210000,31.52,31.5201,31.51,31.5201,680,0
GMET.US,60,20251103,220000,31.525,31.525,31.52,31.52,386,0
GMET.US,60,20251104,160000,30.38,30.61,30.38,30.61,1484,0
GMET.US,60,20251104,170000,30.56,30.68,30.56,30.68,300,0
GMET.US,60,20251104,180000,30.63,30.63,30.61,30.61,500,0
GMET.US,60,20251104,200000,30.5,30.5,30.5,30.5,150,0
GMET.US,60,20251104,220000,30.42,30.42,30.42,30.42,188,0
GMET.US,60,20251105,160000,30.41,31,29.265,30.6,1758,0
GMET.US,60,20251105,220000,31.06,31.06,31.06,31.06,131,0
GMET.US,60,20251106,160000,31.42,31.42,31.42,31.42,100,0
GMET.US,60,20251106,190000,31.32,31.32,31.32,31.32,100,0
GMET.US,60,20251106,200000,31.475,31.4913,31.475,31.4913,302,0
GMET.US,60,20251107,190000,31.4,31.4,31.4,31.4,100,0
GMET.US,60,20251107,200000,31.4,31.5,31.4,31.5,579,0
GMET.US,60,20251107,210000,31.51,31.51,31.51,31.51,100,0
GMET.US,60,20251107,220000,31.86,31.86,31.86,31.86,160,0
GMET.US,60,20251110,160000,32.52,32.52,32.52,32.52,100,0
GMET.US,60,20251110,190000,32.48,32.48,32.48,32.48,100,0
GMET.US,60,20251110,220000,32.67,32.67,32.67,32.67,155,0
GMET.US,60,20251111,170000,32.5784,32.5784,32.5784,32.5784,100,0
GMET.US,60,20251111,180000,32.4,32.4,32.39,32.39,200,0
GMET.US,60,20251111,220000,32.39,32.39,32.39,32.39,200,0
GMET.US,60,20251112,180000,32.715,32.715,32.715,32.715,265,0
GMET.US,60,20251112,190000,32.75,32.79,32.75,32.79,600,0
GMET.US,60,20251113,210000,32.5125,32.5125,32.5125,32.5125,150,0
GMET.US,60,20251114,160000,32.21,32.23,32.21,32.23,400,0
GMET.US,60,20251114,170000,32.23,32.24,32.075,32.24,2664,0
GMET.US,60,20251114,180000,32.4,32.4,32.4,32.4,575,0
GMET.US,60,20251114,220000,32.35,32.35,32.35,32.35,100,0
GMET.US,60,20251117,160000,31.84,32.43,31.84,32.43,750,0
GMET.US,60,20251117,170000,32.425,32.425,32.425,32.425,292,0
GMET.US,60,20251117,180000,32.318,32.318,32.318,32.318,435,0
GMET.US,60,20251117,190000,32.33,32.33,32.33,32.33,100,0
GMET.US,60,20251117,200000,32.31,32.31,32.31,32.31,2003,0
GMET.US,60,20251117,210000,32.0601,32.0601,32.0601,32.0601,150,0
GMET.US,60,20251117,220000,31.96,31.96,31.96,31.96,100,0
GMET.US,60,20251118,170000,31.11,31.3895,31,31.3895,2029,0
GMET.US,60,20251118,180000,31.5835,31.5835,31.5835,31.5835,520,0
GMET.US,60,20251118,190000,31.64,31.64,31.64,31.64,100,0
GMET.US,60,20251118,200000,31.65,31.65,31.65,31.65,100,0
GMET.US,60,20251119,160000,31.7344,31.9,31.595,31.9,500,0
GMET.US,60,20251119,170000,32.2502,32.2502,32.25,32.25,200,0
GMET.US,60,20251119,200000,32.0899,32.0899,32.0899,32.0899,155,0
GMET.US,60,20251120,160000,32.606,32.606,32.19,32.19,649,0
GMET.US,60,20251120,180000,31.77,31.77,31.77,31.77,500,0
GMET.US,60,20251120,190000,31.5,31.5,31.33,31.33,1900,0
GMET.US,60,20251120,200000,31.35,31.56,31.25,31.25,3764,0
GMET.US,60,20251120,210000,31.29,31.34,31.27,31.33,2520,0
GMET.US,60,20251120,220000,31.34,31.34,31.18,31.18,300,0
GMET.US,60,20251121,160000,30.88,30.88,30.46,30.46,400,0
GMET.US,60,20251121,180000,30.8272,30.8272,30.8272,30.8272,300,0
GMET.US,60,20251121,200000,30.91,30.91,30.91,30.91,100,0
GMET.US,60,20251121,220000,30.99,30.99,30.912,30.912,1100,0
GMET.US,60,20251124,170000,31.3596,31.3596,31.3596,31.3596,256,0
GMET.US,60,20251124,200000,31.5236,31.5236,31.5236,31.5236,100,0
GMET.US,60,20251125,160000,32.14,32.14,32.14,32.14,300,0
GMET.US,60,20251125,170000,32.145,32.145,32.145,32.145,200,0
GMET.US,60,20251125,180000,32.095,32.095,32.095,32.095,100,0
GMET.US,60,20251125,200000,32.2199,32.2199,32.219,32.219,2065,0
GMET.US,60,20251126,170000,32.4,32.4,32.4,32.4,906,0
GMET.US,60,20251126,180000,32.5,32.5,32.5,32.5,100,0
GMET.US,60,20251126,190000,32.4324,32.4324,32.4324,32.4324,149,0
GMET.US,60,20251126,200000,32.87,32.87,32.87,32.87,182,0
GMET.US,60,20251126,220000,32.95,33,32.85,32.85,14650,0
GMET.US,60,20251128,160000,33.15,33.28,33.15,33.28,948,0
GMET.US,60,20251128,180000,33.47,33.47,33.46,33.46,400,0
GMET.US,60,20251128,190000,33.524,33.524,33.524,33.524,177,0
GMET.US,60,20251201,160000,33.68,33.68,33.68,33.68,100,0
GMET.US,60,20251201,170000,34.01,34.03,33.9393,33.991,2038,0
GMET.US,60,20251201,180000,33.98,34.0098,33.84,33.99,2798,0
GMET.US,60,20251201,210000,33.96,33.96,33.96,33.96,100,0
GMET.US,60,20251202,170000,33.4861,33.4861,33.4861,33.4861,100,0
GMET.US,60,20251202,180000,33.42,33.42,33.4,33.4,4100,0
GMET.US,60,20251202,210000,33.46,33.58,33.46,33.58,200,0
GMET.US,60,20251203,160000,33.78,34.13,33.78,33.96,500,0
GMET.US,60,20251203,180000,34.41,34.41,34.28,34.28,200,0
GMET.US,60,20251203,190000,34.34,34.34,34.34,34.34,100,0
GMET.US,60,20251203,210000,34.41,34.4101,34.41,34.4101,617,0
GMET.US,60,20251204,160000,34.4,34.43,34.4,34.43,1100,0
GMET.US,60,20251204,190000,34.49,34.4925,34.49,34.4925,200,0
GMET.US,60,20251204,200000,34.5105,34.5105,34.5,34.5075,445,0
GMET.US,60,20251204,220000,34.5382,34.5382,34.485,34.485,849,0
GMET.US,60,20251205,160000,35,35,35,35,300,0
GMET.US,60,20251205,220000,34.8788,34.8788,34.73,34.73,452,0
GMET.US,60,20251209,160000,34.47,34.47,34.222,34.222,200,0
GMET.US,60,20251209,170000,34.3865,34.3865,34.3865,34.3865,125,0
GMET.US,60,20251209,190000,34.35,34.37,34.35,34.37,510,0
GMET.US,60,20251210,160000,34.52,34.52,34.52,34.52,100,0
GMET.US,60,20251210,180000,34.645,34.645,34.645,34.645,145,0
GMET.US,60,20251210,210000,34.65,34.65,34.65,34.65,100,0
GMET.US,60,20251211,160000,35.2199,35.2199,35.2199,35.2199,300,0
GMET.US,60,20251211,170000,35.46,35.47,35.46,35.47,206,0
GMET.US,60,20251211,180000,35.34,35.47,35.331,35.47,1945,0
GMET.US,60,20251211,190000,35.5185,35.58,35.5185,35.57,878,0
GMET.US,60,20251211,200000,35.665,35.665,35.65,35.66,494,0
GMET.US,60,20251211,210000,35.6599,35.66,35.59,35.59,1868,0
GMET.US,60,20251211,220000,35.572,35.572,35.57,35.57,825,0
GMET.US,60,20251212,160000,35.738,35.797,35.738,35.797,205,0
GMET.US,60,20251212,170000,35.72,35.72,35.501,35.501,240,0
GMET.US,60,20251212,200000,35.33,35.33,35.325,35.33,300,0
GMET.US,60,20251212,220000,35.2572,35.2572,35.15,35.15,5474,0
GMET.US,60,20251215,160000,35.47,35.575,35.47,35.575,250,0
GMET.US,60,20251215,170000,35.1858,35.28,35.1858,35.28,900,0
GMET.US,60,20251215,190000,35.25,35.25,35.25,35.25,100,0
GMET.US,60,20251215,200000,35.2,35.2,35.2,35.2,100,0
GMET.US,60,20251215,220000,35.29,35.3,35.29,35.3,200,0
GMET.US,60,20251216,160000,35.47,35.47,35.4252,35.4252,1000,0
GMET.US,60,20251216,200000,35.115,35.115,34.99,34.99,200,0
GMET.US,60,20251216,210000,34.83,35.1,34.81,34.85,600,0
GMET.US,60,20251216,220000,34.9501,34.9501,34.9501,34.9501,175,0
GMET.US,60,20251217,160000,35.56,35.71,35.455,35.455,600,0
GMET.US,60,20251217,170000,35.76,35.76,35.76,35.76,100,0
GMET.US,60,20251217,190000,35.789,35.789,35.789,35.789,500,0
GMET.US,60,20251217,210000,35.51,35.51,35.51,35.51,202,0
GMET.US,60,20251217,220000,35.5797,35.59,35.51,35.59,862,0
GMET.US,60,20251218,160000,36.72,37,36.72,37,359,0
GMET.US,60,20251218,170000,35.66,35.66,35.55,35.55,920,0
GMET.US,60,20251218,180000,35.899,35.899,35.899,35.899,300,0
GMET.US,60,20251218,190000,35.805,35.805,35.65,35.65,578,0
GMET.US,60,20251218,200000,35.87,35.87,35.87,35.87,100,0
GMET.US,60,20251218,220000,35.83,36.3602,35.8103,35.925,15400,0
GMET.US,60,20251219,160000,37.52,37.52,36.45,36.45,200,0
GMET.US,60,20251219,170000,36.35,36.38,36.35,36.38,475,0
GMET.US,60,20251219,180000,36.42,36.42,36.35,36.35,300,0
GMET.US,60,20251219,190000,36.46,36.46,36.46,36.46,100,0
GMET.US,60,20251219,200000,36.39,36.39,36.39,36.39,100,0
GMET.US,60,20251219,210000,36.325,36.3889,36.325,36.38,450,0
GMET.US,60,20251219,220000,36.3499,36.55,36.3499,36.55,1300,0
GMET.US,60,20251222,160000,37,37,36.42,36.589,638,0
GMET.US,60,20251222,170000,36.45,36.45,36.45,36.45,303,0
GMET.US,60,20251222,180000,36.7,36.7,36.7,36.7,100,0
GMET.US,60,20251222,190000,36.65,36.65,36.65,36.65,100,0
GMET.US,60,20251222,200000,36.65,36.65,36.65,36.65,100,0
GMET.US,60,20251222,210000,36.62,36.63,36.56,36.56,13546,0
GMET.US,60,20251222,220000,36.679,36.68,36.6,36.665,1000,0
GMET.US,60,20251223,160000,37.98,37.98,37,37,800,0
GMET.US,60,20251223,170000,37.12,37.129,37.12,37.129,700,0
GMET.US,60,20251223,180000,37.1551,37.1551,37.1551,37.1551,400,0
GMET.US,60,20251223,190000,37.168,37.168,37.168,37.168,100,0
GMET.US,60,20251223,200000,37.135,37.2174,37.135,37.2174,500,0
GMET.US,60,20251223,210000,37.2301,37.2301,37.2301,37.2301,120,0
GMET.US,60,20251224,160000,37.33,37.33,37.33,37.33,100,0
GMET.US,60,20251224,170000,37.24,37.24,37.24,37.24,350,0
GMET.US,60,20251224,180000,37.28,37.28,37.28,37.28,100,0
GMET.US,60,20251224,190000,37.37,37.43,37.3699,37.3989,5320,0
GMET.US,60,20251226,160000,36,37.93,36,37.88,1299,0
GMET.US,60,20251226,170000,37.68,37.86,37.53,37.86,304,0
GMET.US,60,20251226,180000,37.82,38,37.79,37.79,8594,0
GMET.US,60,20251226,190000,37.81,38,37.81,37.92,53279,0
GMET.US,60,20251226,200000,37.93,37.97,37.86,37.96,8200,0
GMET.US,60,20251226,210000,38,38.0699,37.96,38.03,1000,0
GMET.US,60,20251226,220000,38.04,38.04,38.04,38.04,807,0
