<TICKER>,<PER>,<DATE>,<TIME>,<OPEN>,<HIGH>,<LOW>,<CLOSE>,<VOL>,<OPENINT>
LALT.US,60,20240411,210000,20.8,20.83,20.8,20.83,1304,0
LALT.US,60,20240411,220000,20.83,20.83,20.83,20.83,200,0
LALT.US,60,20240412,190000,20.73,20.73,20.73,20.73,530,0
LALT.US,60,20240412,200000,20.7,20.7,20.67,20.6701,1900,0
LALT.US,60,20240415,170000,20.72,20.72,20.72,20.72,364,0
LALT.US,60,20240415,190000,20.74,20.74,20.7399,20.7399,1300,0
LALT.US,60,20240415,210000,20.73,20.76,20.7299,20.76,633,0
LALT.US,60,20240415,220000,20.73,20.75,20.73,20.75,1100,0
LALT.US,60,20240416,200000,20.67,20.7,20.67,20.7,510,0
LALT.US,60,20240417,180000,20.66,20.66,20.6599,20.6599,800,0
LALT.US,60,20240417,200000,20.615,20.64,20.59,20.64,1405,0
LALT.US,60,20240417,210000,20.64,20.66,20.615,20.6232,2508,0
LALT.US,60,20240417,220000,20.64,20.64,20.64,20.64,1100,0
LALT.US,60,20240419,210000,20.6,20.6,20.58,20.58,536,0
LALT.US,60,20240419,220000,20.6,20.6,20.6,20.6,336,0
LALT.US,60,20240422,180000,20.5017,20.5017,20.5017,20.5017,370,0
LALT.US,60,20240422,190000,20.54,20.54,20.54,20.54,300,0
LALT.US,60,20240422,210000,20.58,20.58,20.58,20.58,500,0
LALT.US,60,20240422,220000,20.58,20.58,20.58,20.58,400,0
LALT.US,60,20240423,180000,20.57,20.57,20.5699,20.5699,200,0
LALT.US,60,20240423,190000,20.59,20.59,20.58,20.58,700,0
LALT.US,60,20240423,210000,20.61,20.61,20.61,20.61,5000,0
LALT.US,60,20240424,170000,20.615,20.66,20.615,20.64,2783,0
LALT.US,60,20240424,180000,20.6109,20.6109,20.6014,20.6014,351,0
LALT.US,60,20240424,190000,20.58,20.62,20.58,20.62,1135,0
LALT.US,60,20240425,160000,20.5381,20.5381,20.5381,20.5381,271,0
LALT.US,60,20240425,170000,20.57,20.59,20.525,20.59,3052,0
LALT.US,60,20240425,220000,20.62,20.62,20.62,20.62,100,0
LALT.US,60,20240426,160000,20.7,20.7,20.7,20.7,234,0
LALT.US,60,20240426,170000,20.66,20.67,20.66,20.67,1900,0
LALT.US,60,20240426,180000,20.69,20.69,20.69,20.69,254,0
LALT.US,60,20240426,190000,20.68,20.68,20.68,20.68,200,0
LALT.US,60,20240429,200000,20.66,20.66,20.66,20.66,1000,0
LALT.US,60,20240429,210000,20.67,20.67,20.67,20.67,500,0
LALT.US,60,20240429,220000,20.64,20.65,20.64,20.65,936,0
LALT.US,60,20240430,210000,20.51,20.54,20.51,20.53,2810,0
LALT.US,60,20240430,220000,20.52,20.52,20.5,20.5,900,0
LALT.US,60,20240501,170000,20.39,20.39,20.38,20.38,234,0
LALT.US,60,20240501,190000,20.3904,20.3904,20.3904,20.3904,296,0
LALT.US,60,20240501,220000,20.45,20.45,20.45,20.45,523,0
LALT.US,60,20240502,180000,20.39,20.39,20.3899,20.3899,478,0
LALT.US,60,20240502,190000,20.31,20.31,20.31,20.31,2200,0
LALT.US,60,20240502,210000,20.381,20.381,20.381,20.381,194,0
LALT.US,60,20240507,190000,20.43,20.43,20.43,20.43,148,0
LALT.US,60,20240507,220000,20.44,20.46,20.44,20.46,200,0
LALT.US,60,20240508,210000,20.4202,20.44,20.4202,20.44,375,0
LALT.US,60,20240509,190000,20.45,20.45,20.45,20.45,1018,0
LALT.US,60,20240510,160000,20.55,20.55,20.515,20.55,400,0
LALT.US,60,20240510,170000,20.514,20.514,20.514,20.514,610,0
LALT.US,60,20240510,210000,20.42,20.4999,20.42,20.4999,222,0
LALT.US,60,20240513,200000,20.5064,20.5064,20.5064,20.5064,644,0
LALT.US,60,20240513,220000,20.45,20.45,20.45,20.45,977,0
LALT.US,60,20240514,170000,20.46,20.46,20.46,20.46,483,0
LALT.US,60,20240514,210000,20.49,20.49,20.49,20.49,3754,0
LALT.US,60,20240516,190000,20.59,20.59,20.59,20.59,169,0
LALT.US,60,20240517,210000,20.59,20.6131,20.59,20.6131,2069,0
LALT.US,60,20240521,170000,20.68,20.68,20.68,20.68,1400,0
LALT.US,60,20240523,220000,20.5256,20.534,20.46,20.47,1648,0
LALT.US,60,20240524,210000,20.508,20.54,20.508,20.5399,1676,0
LALT.US,60,20240528,190000,20.612,20.612,20.612,20.612,157,0
LALT.US,60,20240530,220000,20.57,20.58,20.55,20.55,1537,0
LALT.US,60,20240531,200000,20.4722,20.4722,20.4,20.4,222,0
LALT.US,60,20240603,160000,20.5052,20.5052,20.5052,20.5052,185,0
LALT.US,60,20240603,170000,20.55,20.55,20.49,20.49,4024,0
LALT.US,60,20240603,190000,20.5025,20.5025,20.5025,20.5025,404,0
LALT.US,60,20240603,210000,20.47,20.5099,20.47,20.5099,456,0
LALT.US,60,20240605,200000,20.54,20.54,20.54,20.54,245,0
LALT.US,60,20240606,160000,20.75,20.75,20.75,20.75,394,0
LALT.US,60,20240606,180000,20.64,20.65,20.64,20.65,1167,0
LALT.US,60,20240607,170000,20.52,20.52,20.52,20.52,2077,0
LALT.US,60,20240607,220000,20.51,20.51,20.51,20.51,100,0
LALT.US,60,20240610,160000,20.62,20.62,20.62,20.62,837,0
LALT.US,60,20240611,190000,20.4892,20.4892,20.4892,20.4892,201,0
LALT.US,60,20240612,170000,20.65,20.65,20.61,20.61,7940,0
LALT.US,60,20240612,180000,20.609,20.609,20.609,20.609,415,0
LALT.US,60,20240612,190000,20.6275,20.6275,20.6275,20.6275,300,0
LALT.US,60,20240612,200000,20.6275,20.6275,20.6275,20.6275,365,0
LALT.US,60,20240612,220000,20.64,20.64,20.64,20.64,220,0
LALT.US,60,20240614,190000,20.61,20.64,20.61,20.64,400,0
LALT.US,60,20240614,220000,20.64,20.66,20.64,20.66,3100,0
LALT.US,60,20240617,160000,20.78,20.78,20.78,20.78,710,0
LALT.US,60,20240617,210000,20.68,20.68,20.6699,20.6699,1476,0
LALT.US,60,20240617,220000,20.7,20.71,20.7,20.71,1160,0
LALT.US,60,20240618,160000,20.7109,20.7109,20.71,20.71,318,0
LALT.US,60,20240618,210000,20.71,20.71,20.6401,20.6401,550,0
LALT.US,60,20240618,220000,20.72,20.72,20.72,20.72,600,0
LALT.US,60,20240620,160000,20.81,20.81,20.81,20.81,824,0
LALT.US,60,20240620,200000,20.75,20.75,20.75,20.75,187,0
LALT.US,60,20240620,210000,20.75,20.75,20.75,20.75,301,0
LALT.US,60,20240624,160000,20.84,20.84,20.84,20.84,343,0
LALT.US,60,20240624,220000,20.78,20.78,20.78,20.78,133,0
LALT.US,60,20240625,200000,20.6601,20.75,20.6601,20.75,482,0
LALT.US,60,20240628,190000,20.7,20.7,20.7,20.7,100,0
LALT.US,60,20240628,220000,20.655,20.655,20.655,20.655,683,0
LALT.US,60,20240701,180000,20.645,20.69,20.645,20.6598,2478,0
LALT.US,60,20240701,190000,20.6526,20.6526,20.6526,20.6526,1450,0
LALT.US,60,20240701,220000,20.69,20.73,20.69,20.73,1598,0
LALT.US,60,20240702,180000,20.675,20.675,20.675,20.675,302,0
LALT.US,60,20240702,190000,20.72,20.72,20.675,20.675,1390,0
LALT.US,60,20240702,220000,20.73,20.73,20.73,20.73,100,0
LALT.US,60,20240703,180000,20.79,20.79,20.79,20.79,900,0
LALT.US,60,20240703,190000,20.78,20.81,20.78,20.81,2219,0
LALT.US,60,20240705,220000,20.88,20.88,20.88,20.88,100,0
LALT.US,60,20240708,170000,20.8467,20.8467,20.8467,20.8467,1200,0
LALT.US,60,20240708,200000,20.8499,20.8499,20.8499,20.8499,292,0
LALT.US,60,20240709,190000,20.8327,20.8327,20.8327,20.8327,209,0
LALT.US,60,20240710,160000,21.34,21.34,21.34,21.34,487,0
LALT.US,60,20240710,170000,20.93,20.93,20.93,20.93,456,0
LALT.US,60,20240710,190000,20.87,20.87,20.87,20.87,1662,0
LALT.US,60,20240710,200000,20.895,20.895,20.895,20.895,142,0
LALT.US,60,20240710,220000,20.94,20.94,20.94,20.94,100,0
LALT.US,60,20240711,190000,20.86,20.86,20.86,20.86,601,0
LALT.US,60,20240711,210000,20.92,20.92,20.92,20.92,200,0
LALT.US,60,20240711,220000,20.94,20.95,20.94,20.95,1200,0
LALT.US,60,20240712,180000,20.918,20.918,20.918,20.918,1500,0
LALT.US,60,20240712,190000,20.915,20.915,20.9,20.9,1167,0
LALT.US,60,20240712,220000,20.95,20.96,20.95,20.96,225,0
LALT.US,60,20240717,190000,20.9176,20.9176,20.9176,20.9176,709,0
LALT.US,60,20240717,220000,20.94,20.96,20.94,20.96,2000,0
LALT.US,60,20240718,180000,20.8965,20.8965,20.8965,20.8965,340,0
LALT.US,60,20240719,170000,20.81,20.81,20.775,20.775,770,0
LALT.US,60,20240719,190000,20.7,20.7,20.7,20.7,155,0
LALT.US,60,20240722,160000,20.89,20.89,20.89,20.89,251,0
LALT.US,60,20240722,210000,20.78,20.8,20.78,20.8,511,0
LALT.US,60,20240722,220000,20.76,20.8,20.74,20.8,1816,0
LALT.US,60,20240723,190000,20.78,20.78,20.75,20.75,800,0
LALT.US,60,20240724,180000,20.69,20.69,20.69,20.69,1300,0
LALT.US,60,20240724,220000,20.68,20.68,20.68,20.68,300,0
LALT.US,60,20240725,180000,20.64,20.679,20.64,20.679,461,0
LALT.US,60,20240725,220000,20.7,20.7,20.7,20.7,200,0
LALT.US,60,20240726,170000,20.71,20.7452,20.71,20.7452,2670,0
LALT.US,60,20240726,180000,20.69,20.7,20.6858,20.6858,1627,0
LALT.US,60,20240726,210000,20.72,20.72,20.72,20.72,400,0
LALT.US,60,20240730,170000,20.71,20.71,20.7,20.7,1763,0
LALT.US,60,20240731,190000,20.78,20.78,20.78,20.78,755,0
LALT.US,60,20240731,200000,20.8,20.8,20.8,20.8,426,0
LALT.US,60,20240801,180000,20.83,20.83,20.83,20.83,100,0
LALT.US,60,20240801,210000,20.77,20.77,20.77,20.77,100,0
LALT.US,60,20240801,220000,20.77,20.77,20.75,20.75,800,0
LALT.US,60,20240802,180000,20.67,20.67,20.67,20.67,200,0
LALT.US,60,20240802,220000,20.66,20.66,20.66,20.66,500,0
LALT.US,60,20240805,160000,20.6,20.6,20.6,20.6,300,0
LALT.US,60,20240805,210000,20.59,20.59,20.59,20.59,200,0
LALT.US,60,20240806,160000,20.6,20.6,20.6,20.6,300,0
LALT.US,60,20240806,180000,20.56,20.56,20.56,20.56,36400,0
LALT.US,60,20240806,210000,20.61,20.61,20.61,20.61,300,0
LALT.US,60,20240807,180000,20.66,20.66,20.66,20.66,491,0
LALT.US,60,20240807,210000,20.6,20.6,20.6,20.6,300,0
LALT.US,60,20240807,220000,20.59,20.59,20.59,20.59,900,0
LALT.US,60,20240808,160000,20.66,20.66,20.66,20.66,300,0
LALT.US,60,20240808,180000,20.625,20.625,20.625,20.625,152,0
LALT.US,60,20240808,210000,20.67,20.7,20.6367,20.665,1178,0
LALT.US,60,20240808,220000,20.71,20.71,20.71,20.71,762,0
LALT.US,60,20240809,160000,20.605,20.66,20.6042,20.6177,6353,0
LALT.US,60,20240809,170000,20.65,20.66,20.6167,20.6172,992,0
LALT.US,60,20240809,220000,20.64,20.69,20.64,20.69,1077,0
LALT.US,60,20240813,210000,20.79,20.79,20.79,20.79,124,0
LALT.US,60,20240813,220000,20.79,20.8,20.79,20.8,800,0
LALT.US,60,20240814,160000,20.89,20.89,20.89,20.89,124,0
LALT.US,60,20240814,220000,20.78,20.8,20.78,20.8,2702,0
LALT.US,60,20240815,190000,20.78,20.78,20.78,20.78,1179,0
LALT.US,60,20240815,220000,20.8256,20.84,20.8256,20.84,500,0
LALT.US,60,20240816,160000,20.82,20.82,20.82,20.82,200,0
LALT.US,60,20240816,170000,20.8681,20.8681,20.8681,20.8681,1008,0
LALT.US,60,20240816,180000,20.7901,20.83,20.7901,20.83,1016,0
LALT.US,60,20240820,160000,20.77,20.84,20.77,20.84,2523,0
LALT.US,60,20240820,190000,20.82,20.82,20.82,20.82,100,0
LALT.US,60,20240820,220000,20.8788,20.89,20.8788,20.89,200,0
LALT.US,60,20240821,200000,20.9,20.91,20.874,20.8968,1744,0
LALT.US,60,20240822,190000,20.84,20.84,20.84,20.84,100,0
LALT.US,60,20240823,210000,20.8647,20.91,20.8647,20.91,931,0
LALT.US,60,20240823,220000,20.95,20.95,20.95,20.95,200,0
LALT.US,60,20240826,160000,21.01,21.11,21.01,21.11,7136,0
LALT.US,60,20240826,170000,20.96,20.96,20.96,20.96,100,0
LALT.US,60,20240826,190000,20.88,20.8801,20.88,20.8801,762,0
LALT.US,60,20240827,180000,20.9174,20.9174,20.9174,20.9174,799,0
LALT.US,60,20240828,160000,20.895,20.895,20.895,20.895,133,0
LALT.US,60,20240830,190000,20.7873,20.7873,20.7873,20.7873,316,0
LALT.US,60,20240830,200000,20.82,20.82,20.82,20.82,100,0
LALT.US,60,20240903,170000,20.76,20.76,20.76,20.76,100,0
LALT.US,60,20240903,220000,20.69,20.69,20.69,20.69,845,0
LALT.US,60,20240904,160000,20.79,20.79,20.79,20.79,832,0
LALT.US,60,20240904,190000,20.71,20.71,20.71,20.71,740,0
LALT.US,60,20240904,200000,20.7099,20.7099,20.7099,20.7099,200,0
LALT.US,60,20240904,210000,20.7,20.7,20.7,20.7,200,0
LALT.US,60,20240904,220000,20.685,20.71,20.685,20.71,406,0
LALT.US,60,20240905,210000,20.76,20.76,20.725,20.725,900,0
LALT.US,60,20240905,220000,20.7404,20.7404,20.7404,20.7404,100,0
LALT.US,60,20240909,210000,20.71,20.71,20.71,20.71,118,0
LALT.US,60,20240910,220000,20.7264,20.7264,20.7264,20.7264,605,0
LALT.US,60,20240911,210000,20.74,20.74,20.74,20.74,152,0
LALT.US,60,20240916,160000,20.85,20.85,20.85,20.85,300,0
LALT.US,60,20240917,200000,20.85,20.88,20.85,20.8799,2361,0
LALT.US,60,20240917,220000,20.9,20.9,20.9,20.9,200,0
LALT.US,60,20240919,160000,20.9,20.9,20.9,20.9,240,0
LALT.US,60,20240919,170000,20.94,20.94,20.94,20.94,9099,0
LALT.US,60,20240919,180000,20.96,20.97,20.935,20.935,2200,0
LALT.US,60,20240919,220000,20.97,20.97,20.97,20.97,286,0
LALT.US,60,20240920,170000,20.92,20.92,20.92,20.92,200,0
LALT.US,60,20240920,180000,20.9298,20.93,20.9298,20.93,360,0
LALT.US,60,20240923,190000,20.94,20.94,20.9399,20.9399,400,0
LALT.US,60,20240923,210000,20.91,20.91,20.91,20.91,480,0
LALT.US,60,20240924,190000,20.9536,20.9536,20.9536,20.9536,150,0
LALT.US,60,20240924,210000,21.01,21.01,21.01,21.01,200,0
LALT.US,60,20240924,220000,21.01,21.11,21.01,21.11,10944,0
LALT.US,60,20240925,200000,20.97,20.97,20.92,20.92,805,0
LALT.US,60,20240925,220000,20.945,20.95,20.88,20.95,2278,0
LALT.US,60,20240926,170000,20.93,20.93,20.92,20.92,2000,0
LALT.US,60,20240926,190000,20.96,20.96,20.96,20.96,100,0
LALT.US,60,20240926,220000,21.0272,21.04,20.96,20.96,700,0
LALT.US,60,20240930,180000,21.02,21.02,20.94,20.94,1149,0
LALT.US,60,20240930,190000,20.98,20.98,20.98,20.98,116,0
LALT.US,60,20240930,210000,20.92,20.92,20.92,20.92,100,0
LALT.US,60,20241001,220000,20.92,21,20.92,20.93,648,0
LALT.US,60,20241002,180000,20.9,20.92,20.9,20.92,400,0
LALT.US,60,20241002,220000,20.93,20.93,20.93,20.93,400,0
LALT.US,60,20241003,160000,20.98,20.98,20.98,20.98,100,0
LALT.US,60,20241003,220000,20.92,20.94,20.92,20.94,352,0
LALT.US,60,20241004,200000,20.8994,20.8994,20.8994,20.8994,235,0
LALT.US,60,20241004,220000,20.87,20.95,20.87,20.95,650,0
LALT.US,60,20241007,200000,20.8371,20.8371,20.8371,20.8371,285,0
LALT.US,60,20241007,210000,20.83,20.83,20.83,20.83,200,0
LALT.US,60,20241007,220000,20.86,20.88,20.86,20.88,5400,0
LALT.US,60,20241008,200000,20.86,20.86,20.815,20.815,700,0
LALT.US,60,20241008,210000,20.815,20.815,20.815,20.815,504,0
LALT.US,60,20241008,220000,20.85,20.85,20.85,20.85,200,0
LALT.US,60,20241009,180000,20.8262,20.8262,20.8262,20.8262,504,0
LALT.US,60,20241009,220000,20.87,20.88,20.87,20.88,1200,0
LALT.US,60,20241010,180000,20.89,20.89,20.89,20.89,500,0
LALT.US,60,20241010,220000,20.92,20.92,20.92,20.92,300,0
LALT.US,60,20241011,160000,21.06,21.06,21.06,21.06,140,0
LALT.US,60,20241014,170000,21.05,21.05,21.05,21.05,100,0
LALT.US,60,20241014,180000,21.0267,21.0267,21.0267,21.0267,554,0
LALT.US,60,20241014,190000,21.0421,21.0421,21.0421,21.0421,5705,0
LALT.US,60,20241016,170000,21.025,21.07,21.025,21.065,816,0
LALT.US,60,20241016,200000,21.04,21.04,21.04,21.04,646,0
LALT.US,60,20241016,220000,21.04,21.0872,21.01,21.02,3100,0
LALT.US,60,20241017,160000,21.2,21.2,21.2,21.2,123,0
LALT.US,60,20241018,210000,21.15,21.15,21.15,21.15,3541,0
LALT.US,60,20241021,180000,21.08,21.08,21.0582,21.0582,242,0
LALT.US,60,20241021,210000,21.08,21.1,21.06,21.06,579,0
LALT.US,60,20241023,220000,21.09,21.11,20.965,20.965,486,0
LALT.US,60,20241024,180000,20.95,20.9501,20.95,20.9501,286,0
LALT.US,60,20241025,220000,21.01,21.01,21.01,21.01,100,0
LALT.US,60,20241028,190000,21.08,21.08,21.08,21.08,587,0
LALT.US,60,20241028,210000,21.09,21.09,21.09,21.09,100,0
LALT.US,60,20241029,170000,21.06,21.06,21.06,21.06,400,0
LALT.US,60,20241029,180000,21.06,21.06,21.06,21.06,203,0
LALT.US,60,20241030,210000,21.0714,21.0714,21.0714,21.0714,155,0
LALT.US,60,20241101,180000,20.99,20.99,20.99,20.99,200,0
LALT.US,60,20241101,200000,20.96,20.96,20.96,20.96,133,0
LALT.US,60,20241101,210000,20.95,20.95,20.94,20.94,663,0
LALT.US,60,20241106,190000,20.96,20.96,20.96,20.96,949,0
LALT.US,60,20241107,170000,21.11,21.11,21.11,21.11,246,0
LALT.US,60,20241108,190000,21.11,21.14,21.05,21.05,2033,0
LALT.US,60,20241108,220000,21.05,21.09,21.03,21.03,1825,0
LALT.US,60,20241111,170000,21.06,21.07,21.015,21.015,1135,0
LALT.US,60,20241111,180000,21.06,21.06,21.06,21.06,100,0
LALT.US,60,20241112,200000,21.02,21.15,21.0194,21.0194,10746,0
LALT.US,60,20241112,210000,21.01,21.01,21.01,21.01,17932,0
LALT.US,60,20241113,190000,21.05,21.06,21.0329,21.0329,1750,0
LALT.US,60,20241113,200000,21.025,21.025,21.025,21.025,112,0
LALT.US,60,20241113,210000,21.0492,21.0492,21.0492,21.0492,140,0
LALT.US,60,20241113,220000,21.02,21.02,21.02,21.02,575,0
LALT.US,60,20241114,180000,21.1,21.1,21.1,21.1,3393,0
LALT.US,60,20241114,200000,21.08,21.08,21.08,21.08,126,0
LALT.US,60,20241114,210000,21.09,21.1,21.0757,21.08,5093,0
LALT.US,60,20241114,220000,21.1,21.1,21.09,21.1,3273,0
LALT.US,60,20241115,170000,20.97,20.97,20.97,20.97,832,0
LALT.US,60,20241115,190000,21.0493,21.0493,21.0493,21.0493,687,0
LALT.US,60,20241115,210000,21.04,21.04,21.0399,21.04,1600,0
LALT.US,60,20241115,220000,21.05,21.06,21.025,21.05,2677,0
LALT.US,60,20241118,210000,21.0492,21.0492,21.0492,21.0492,1426,0
LALT.US,60,20241118,220000,21.09,21.09,21.09,21.09,159,0
LALT.US,60,20241119,180000,20.98,20.98,20.98,20.98,100,0
LALT.US,60,20241120,200000,21.065,21.065,21.065,21.065,140,0
LALT.US,60,20241121,190000,21.125,21.125,21.125,21.125,1071,0
LALT.US,60,20241122,200000,21.248,21.25,21.248,21.25,1420,0
LALT.US,60,20241122,210000,21.25,21.25,21.25,21.25,53782,0
LALT.US,60,20241125,220000,21.25,21.25,21.15,21.15,11071,0
LALT.US,60,20241126,160000,21.26,21.26,21.25,21.25,300,0
LALT.US,60,20241126,170000,21.25,21.26,21.25,21.26,800,0
LALT.US,60,20241126,180000,21.26,21.28,21.26,21.28,900,0
LALT.US,60,20241126,190000,21.28,21.28,21.27,21.28,1000,0
LALT.US,60,20241126,200000,21.28,21.28,21.24,21.28,1368,0
LALT.US,60,20241126,210000,21.28,21.28,21.27,21.28,1300,0
LALT.US,60,20241126,220000,21.28,21.3,21.28,21.3,1770,0
LALT.US,60,20241129,180000,21.31,21.38,21.31,21.38,1071,0
LALT.US,60,20241129,190000,21.37,21.37,21.37,21.37,116,0
LALT.US,60,20241202,170000,21.37,21.37,21.3599,21.3599,900,0
LALT.US,60,20241202,180000,21.35,21.35,21.28,21.28,200,0
LALT.US,60,20241202,190000,21.35,21.35,21.35,21.35,200,0
LALT.US,60,20241202,200000,21.35,21.36,21.3272,21.3272,2000,0
LALT.US,60,20241202,210000,21.36,21.36,21.36,21.36,100,0
LALT.US,60,20241202,220000,21.37,21.37,21.37,21.37,425,0
LALT.US,60,20241203,190000,21.41,21.41,21.41,21.41,300,0
LALT.US,60,20241204,200000,21.42,21.45,21.42,21.4499,2213,0
LALT.US,60,20241205,210000,21.47,21.47,21.47,21.47,236,0
LALT.US,60,20241205,220000,21.4699,21.47,21.4699,21.47,350,0
LALT.US,60,20241206,200000,21.52,21.52,21.52,21.52,100,0
LALT.US,60,20241209,210000,21.48,21.48,21.48,21.48,3957,0
LALT.US,60,20241210,190000,21.5558,21.5558,21.5558,21.5558,547,0
LALT.US,60,20241210,200000,21.5543,21.5543,21.545,21.545,515,0
LALT.US,60,20241211,210000,21.58,21.6,21.58,21.6,5138,0
LALT.US,60,20241211,220000,21.59,21.61,21.51,21.61,3634,0
LALT.US,60,20241212,200000,21.46,21.46,21.46,21.46,1922,0
LALT.US,60,20241212,210000,21.54,21.54,21.54,21.54,603,0
LALT.US,60,20241212,220000,21.504,21.52,21.504,21.52,372,0
LALT.US,60,20241213,190000,21.09,21.17,21.09,21.09,1708,0
LALT.US,60,20241213,220000,21.1672,21.1672,21.1588,21.1588,400,0
LALT.US,60,20241216,210000,21.22,21.3499,21.2193,21.23,13282,0
LALT.US,60,20241216,220000,21.25,21.25,21.25,21.25,282,0
LALT.US,60,20241217,180000,21.21,21.22,21.21,21.22,505,0
LALT.US,60,20241218,190000,21.2,21.26,21.2,21.26,3100,0
LALT.US,60,20241218,200000,21.24,21.24,21.24,21.24,100,0
LALT.US,60,20241218,210000,21.21,21.21,21.21,21.21,194,0
LALT.US,60,20241218,220000,21.13,21.13,21.12,21.12,200,0
LALT.US,60,20241219,210000,21.01,21.01,20.99,20.99,1604,0
LALT.US,60,20241219,220000,20.99,20.99,20.9899,20.99,1018,0
LALT.US,60,20241220,190000,21.05,21.06,21.05,21.06,400,0
LALT.US,60,20241223,170000,20.99,20.99,20.99,20.99,100,0
LALT.US,60,20241223,190000,21,21,21,21,300,0
LALT.US,60,20241223,200000,21,21,21,21,128,0
LALT.US,60,20241223,210000,21.02,21.02,21.02,21.02,100,0
LALT.US,60,20241223,220000,21.04,21.16,21.04,21.16,2370,0
LALT.US,60,20241224,170000,21.1,21.1,21.1,21.1,100,0
LALT.US,60,20241226,190000,21.0636,21.0636,21.0636,21.0636,128,0
LALT.US,60,20241226,210000,21.1,21.1,21.1,21.1,474,0
LALT.US,60,20241226,220000,21.11,21.11,21.11,21.11,373,0
LALT.US,60,20241230,170000,20.94,20.94,20.94,20.94,200,0
LALT.US,60,20241230,180000,20.96,20.98,20.96,20.98,200,0
LALT.US,60,20241230,190000,20.96,21,20.96,21,960,0
LALT.US,60,20241230,200000,20.96,20.96,20.94,20.94,2704,0
LALT.US,60,20241230,210000,20.93,20.94,20.92,20.92,1601,0
LALT.US,60,20241230,220000,20.92,20.92,20.9,20.9,1121,0
LALT.US,60,20241231,170000,21.03,21.03,21.03,21.03,300,0
LALT.US,60,20241231,190000,21.01,21.01,21.01,21.01,1237,0
LALT.US,60,20250102,200000,21.08,21.08,21.08,21.08,100,0
LALT.US,60,20250107,190000,21.1999,21.1999,21.1999,21.1999,258,0
LALT.US,60,20250107,200000,21.1999,21.1999,21.1999,21.1999,373,0
LALT.US,60,20250110,170000,21.17,21.18,21.15,21.15,44322,0
LALT.US,60,20250110,210000,21.17,21.17,21.17,21.17,4098,0
LALT.US,60,20250110,220000,21.16,21.16,21.16,21.16,300,0
LALT.US,60,20250113,210000,21.07,21.07,21.05,21.05,10631,0
LALT.US,60,20250114,180000,21.05,21.05,21.05,21.05,107,0
LALT.US,60,20250115,160000,21.15,21.15,21.15,21.15,8004,0
LALT.US,60,20250115,170000,21.1886,21.1886,21.1886,21.1886,139,0
LALT.US,60,20250115,210000,21.24,21.24,21.24,21.24,100,0
LALT.US,60,20250116,180000,21.26,21.28,21.26,21.28,314,0
LALT.US,60,20250116,190000,21.28,21.28,21.28,21.28,6406,0
LALT.US,60,20250117,180000,21.2949,21.2949,21.2949,21.2949,171,0
LALT.US,60,20250117,210000,21.34,21.34,21.3115,21.3115,1814,0
LALT.US,60,20250117,220000,21.34,21.34,21.3399,21.34,1828,0
LALT.US,60,20250121,190000,21.2973,21.2973,21.2973,21.2973,1000,0
LALT.US,60,20250121,210000,21.309,21.32,21.309,21.3099,951,0
LALT.US,60,20250121,220000,21.2845,21.2845,21.2845,21.2845,174,0
LALT.US,60,20250122,180000,21.36,21.36,21.36,21.36,100,0
LALT.US,60,20250122,190000,21.38,21.38,21.3706,21.3706,2438,0
LALT.US,60,20250122,200000,21.4,21.4,21.4,21.4,100,0
LALT.US,60,20250122,220000,21.4,21.4,21.4,21.4,300,0
LALT.US,60,20250123,170000,21.2957,21.2957,21.2957,21.2957,2262,0
LALT.US,60,20250123,210000,21.34,21.37,21.34,21.37,30592,0
LALT.US,60,20250123,220000,21.38,21.38,21.38,21.38,150,0
LALT.US,60,20250124,180000,21.396,21.396,21.396,21.396,439,0
LALT.US,60,20250124,200000,21.3601,21.3601,21.3601,21.3601,607,0
LALT.US,60,20250127,190000,21.1801,21.1801,21.1801,21.1801,100,0
LALT.US,60,20250127,210000,21.22,21.22,21.19,21.19,555,0
LALT.US,60,20250127,220000,21.216,21.216,21.216,21.216,276,0
LALT.US,60,20250128,160000,21.348,21.348,21.348,21.348,100,0
LALT.US,60,20250128,200000,21.31,21.31,21.31,21.31,100,0
LALT.US,60,20250128,210000,21.31,21.32,21.31,21.315,732,0
LALT.US,60,20250130,200000,21.3,21.42,21.3,21.42,1678,0
LALT.US,60,20250131,160000,21.488,21.49,21.488,21.49,214,0
LALT.US,60,20250131,180000,21.48,21.49,21.48,21.48,1216,0
LALT.US,60,20250131,210000,21.43,21.43,21.43,21.43,134,0
LALT.US,60,20250131,220000,21.45,21.45,21.45,21.45,104,0
LALT.US,60,20250203,200000,21.41,21.41,21.41,21.41,400,0
LALT.US,60,20250203,210000,21.41,21.44,21.41,21.44,1000,0
LALT.US,60,20250203,220000,21.43,21.43,21.43,21.43,303,0
LALT.US,60,20250204,170000,21.45,21.45,21.45,21.45,100,0
LALT.US,60,20250204,200000,21.41,21.41,21.41,21.41,300,0
LALT.US,60,20250204,210000,21.3915,21.3915,21.3915,21.3915,112,0
LALT.US,60,20250204,220000,21.41,21.41,21.41,21.41,100,0
LALT.US,60,20250205,180000,21.385,21.385,21.385,21.385,152,0
LALT.US,60,20250205,200000,21.43,21.43,21.43,21.43,100,0
LALT.US,60,20250205,220000,21.41,21.46,21.41,21.46,1910,0
LALT.US,60,20250206,170000,21.4184,21.4184,21.4184,21.4184,530,0
LALT.US,60,20250206,180000,21.42,21.42,21.41,21.41,900,0
LALT.US,60,20250206,190000,21.4,21.4,21.4,21.4,200,0
LALT.US,60,20250206,200000,21.39,21.39,21.39,21.39,100,0
LALT.US,60,20250206,220000,21.41,21.41,21.41,21.41,248,0
LALT.US,60,20250207,200000,21.43,21.43,21.43,21.43,100,0
LALT.US,60,20250207,220000,21.38,21.38,21.38,21.38,128,0
LALT.US,60,20250210,210000,21.54,21.6,21.54,21.54,874,0
LALT.US,60,20250210,220000,21.59,21.61,21.59,21.61,1457,0
LALT.US,60,20250211,170000,21.5598,21.5598,21.515,21.515,986,0
LALT.US,60,20250211,210000,21.56,21.57,21.56,21.57,695,0
LALT.US,60,20250211,220000,21.58,21.58,21.58,21.58,100,0
LALT.US,60,20250212,190000,21.54,21.54,21.54,21.54,800,0
LALT.US,60,20250212,210000,21.53,21.5399,21.5202,21.5399,555,0
LALT.US,60,20250212,220000,21.54,21.54,21.54,21.54,454,0
LALT.US,60,20250213,180000,21.5,21.56,21.5,21.53,540,0
LALT.US,60,20250213,210000,21.59,21.59,21.59,21.59,557,0
LALT.US,60,20250213,220000,21.61,21.61,21.61,21.61,200,0
LALT.US,60,20250214,160000,21.55,21.55,21.55,21.55,150,0
LALT.US,60,20250214,170000,21.49,21.49,21.49,21.49,455,0
LALT.US,60,20250218,200000,21.47,21.5,21.47,21.5,834,0
LALT.US,60,20250219,180000,21.49,21.49,21.49,21.49,5111,0
LALT.US,60,20250219,190000,21.51,21.51,21.51,21.51,100,0
LALT.US,60,20250219,200000,21.51,21.51,21.51,21.51,100,0
LALT.US,60,20250219,210000,21.53,21.53,21.509,21.509,377,0
LALT.US,60,20250219,220000,21.55,21.55,21.55,21.55,200,0
LALT.US,60,20250220,170000,21.49,21.49,21.4899,21.4899,920,0
LALT.US,60,20250220,180000,21.44,21.499,21.44,21.499,1095,0
LALT.US,60,20250220,210000,21.4799,21.6,21.4799,21.6,4702,0
LALT.US,60,20250220,220000,21.49,21.49,21.49,21.49,200,0
LALT.US,60,20250221,210000,21.34,21.34,21.34,21.34,2802,0
LALT.US,60,20250221,220000,21.32,21.32,21.32,21.32,200,0
LALT.US,60,20250224,160000,21.38,21.38,21.3799,21.3799,244,0
LALT.US,60,20250224,210000,21.35,21.36,21.3324,21.35,4869,0
LALT.US,60,20250224,220000,21.34,21.34,21.34,21.34,135,0
LALT.US,60,20250225,200000,21.23,21.24,21.23,21.2399,1504,0
LALT.US,60,20250225,210000,21.24,21.24,21.21,21.21,619,0
LALT.US,60,20250226,160000,21.27,21.27,21.27,21.27,100,0
LALT.US,60,20250226,170000,21.29,21.29,21.29,21.29,1176,0
LALT.US,60,20250226,190000,21.265,21.265,21.265,21.265,109,0
LALT.US,60,20250226,200000,21.16,21.23,21.16,21.23,500,0
LALT.US,60,20250226,220000,21.26,21.26,21.26,21.26,504,0
LALT.US,60,20250227,170000,21.22,21.22,21.22,21.22,100,0
LALT.US,60,20250227,210000,21.26,21.26,21.2599,21.2599,800,0
LALT.US,60,20250227,220000,21.23,21.23,21.23,21.23,669,0
LALT.US,60,20250228,210000,21.19,21.19,21.165,21.18,729,0
LALT.US,60,20250303,190000,21.28,21.28,21.28,21.28,100,0
LALT.US,60,20250303,220000,21.22,21.3,21.18,21.3,12874,0
LALT.US,60,20250304,170000,21.155,21.155,21.155,21.155,226,0
LALT.US,60,20250304,180000,21.18,21.18,21.18,21.18,100,0
LALT.US,60,20250304,190000,21.19,21.19,21.16,21.17,4841,0
LALT.US,60,20250304,200000,21.2,21.21,21.2,21.21,1950,0
LALT.US,60,20250304,220000,21.24,21.24,21.224,21.24,1223,0
LALT.US,60,20250305,160000,21.11,21.11,21.11,21.11,200,0
LALT.US,60,20250305,190000,21.18,21.18,21.18,21.18,200,0
LALT.US,60,20250305,200000,21.17,21.17,21.17,21.17,600,0
LALT.US,60,20250305,210000,21.22,21.23,21.22,21.23,300,0
LALT.US,60,20250305,220000,21.22,21.23,21.21,21.21,1290,0
LALT.US,60,20250306,180000,21.02,21.02,21.02,21.02,100,0
LALT.US,60,20250306,190000,21,21,21,21,600,0
LALT.US,60,20250306,200000,20.99,20.9911,20.99,20.9911,79822,0
LALT.US,60,20250306,210000,21.005,21.02,21.005,21.02,37444,0
LALT.US,60,20250306,220000,21.02,21.05,21,21.05,800,0
LALT.US,60,20250307,190000,21,21,21,21,100,0
LALT.US,60,20250307,200000,21.04,21.04,21.04,21.04,2601,0
LALT.US,60,20250307,210000,21.0988,21.0988,21.04,21.04,221,0
LALT.US,60,20250307,220000,21.0744,21.0744,21.02,21.02,690,0
LALT.US,60,20250310,160000,21,21,21,21,450,0
LALT.US,60,20250310,170000,20.9898,20.99,20.955,20.955,2279,0
LALT.US,60,20250310,180000,20.94,20.94,20.94,20.94,100,0
LALT.US,60,20250310,190000,20.94,20.94,20.94,20.94,100,0
LALT.US,60,20250310,200000,20.91,20.93,20.91,20.93,14735,0
LALT.US,60,20250310,210000,20.92,20.96,20.92,20.96,27835,0
LALT.US,60,20250311,190000,20.95,20.96,20.88,20.9303,12617,0
LALT.US,60,20250311,200000,20.96,21.07,20.96,21.02,17187,0
LALT.US,60,20250311,210000,21.02,21.02,20.99,20.99,3500,0
LALT.US,60,20250312,160000,21,21.1,20.99,20.99,12070,0
LALT.US,60,20250312,170000,20.99,20.99,20.99,20.99,200,0
LALT.US,60,20250312,190000,20.9969,21.04,20.9969,21.04,856,0
LALT.US,60,20250312,210000,21.03,21.11,21.02,21.02,2300,0
LALT.US,60,20250313,200000,20.98,21,20.97,20.98,7342,0
LALT.US,60,20250313,210000,20.98,20.98,20.97,20.97,700,0
LALT.US,60,20250314,180000,20.91,20.9101,20.91,20.9101,516,0
LALT.US,60,20250314,190000,20.973,20.973,20.973,20.973,344,0
LALT.US,60,20250317,210000,21.0488,21.0488,21.0488,21.0488,215,0
LALT.US,60,20250318,160000,21.01,21.01,21.01,21.01,100,0
LALT.US,60,20250318,190000,21.03,21.03,21.03,21.03,7268,0
LALT.US,60,20250318,200000,21.01,21.05,21.01,21.03,854,0
LALT.US,60,20250318,210000,21.02,21.079,21.02,21.079,500,0
LALT.US,60,20250319,180000,21.11,21.129,21.095,21.095,1054,0
LALT.US,60,20250319,200000,21.14,21.14,21.12,21.12,200,0
LALT.US,60,20250319,210000,21.13,21.16,21.1,21.16,2275,0
LALT.US,60,20250320,170000,21.205,21.209,21.18,21.209,507,0
LALT.US,60,20250320,210000,21.16,21.1662,21.16,21.1662,1470,0
LALT.US,60,20250321,170000,21.12,21.12,21.12,21.12,400,0
LALT.US,60,20250321,180000,21.14,21.15,21.1005,21.14,5268,0
LALT.US,60,20250321,190000,21.155,21.155,21.12,21.12,4580,0
LALT.US,60,20250321,200000,21.159,21.159,21.14,21.14,208,0
LALT.US,60,20250321,210000,21.1,21.1,21.07,21.07,566,0
LALT.US,60,20250324,170000,21.18,21.23,21.18,21.19,1217,0
LALT.US,60,20250324,180000,21.19,21.19,21.19,21.19,200,0
LALT.US,60,20250324,200000,21.21,21.21,21.21,21.21,100,0
LALT.US,60,20250324,210000,21.16,21.16,21.16,21.16,200,0
LALT.US,60,20250325,160000,21.25,21.31,21.25,21.31,2250,0
LALT.US,60,20250325,170000,21.25,21.25,21.25,21.25,100,0
LALT.US,60,20250325,190000,21.26,21.26,21.26,21.26,1644,0
LALT.US,60,20250325,200000,21.25,21.25,21.22,21.245,4000,0
LALT.US,60,20250325,210000,21.27,21.27,21.23,21.23,300,0
LALT.US,60,20250326,160000,21.242,21.242,21.242,21.242,500,0
LALT.US,60,20250326,170000,21.25,21.25,21.25,21.25,100,0
LALT.US,60,20250326,180000,21.235,21.24,21.21,21.24,4082,0
LALT.US,60,20250326,190000,21.216,21.23,21.216,21.23,2152,0
LALT.US,60,20250326,200000,21.23,21.23,21.22,21.22,3417,0
LALT.US,60,20250326,210000,21.24,21.24,21.19,21.24,700,0
LALT.US,60,20250327,190000,21.17,21.18,21.14,21.16,1200,0
LALT.US,60,20250327,200000,21.121,21.17,21.121,21.13,423,0
LALT.US,60,20250327,210000,21.14,21.14,21.14,21.14,200,0
LALT.US,60,20250328,160000,21.24,21.24,21.24,21.24,100,0
LALT.US,60,20250328,180000,21.15,21.16,21.14,21.16,3000,0
LALT.US,60,20250328,190000,21.16,21.16,21.16,21.16,100,0
LALT.US,60,20250328,200000,21.14,21.14,21.11,21.11,1148,0
LALT.US,60,20250328,210000,21.14,21.14,21.14,21.14,100,0
LALT.US,60,20250331,170000,21.2,21.2,21.2,21.2,200,0
LALT.US,60,20250331,220000,21.181,21.181,21.181,21.181,121,0
LALT.US,60,20250401,170000,21.24,21.24,21.24,21.24,100,0
LALT.US,60,20250401,200000,21.22,21.22,21.22,21.22,1800,0
LALT.US,60,20250401,220000,21.1901,21.23,21.19,21.23,316,0
LALT.US,60,20250402,160000,21.14,21.14,21.14,21.14,1200,0
LALT.US,60,20250402,170000,21.14,21.14,21.14,21.14,100,0
LALT.US,60,20250402,190000,21.14,21.14,21.14,21.14,600,0
LALT.US,60,20250402,210000,21.269,21.269,21.26,21.26,4089,0
LALT.US,60,20250402,220000,21.2301,21.27,21.22,21.22,1639,0
LALT.US,60,20250403,190000,21.02,21.03,20.985,20.985,1130,0
LALT.US,60,20250403,200000,20.99,20.99,20.99,20.99,5698,0
LALT.US,60,20250403,210000,20.99,20.99,20.99,20.99,2374,0
LALT.US,60,20250404,170000,20.64,20.64,20.64,20.64,100,0
LALT.US,60,20250404,180000,20.55,20.58,20.55,20.58,2534,0
LALT.US,60,20250404,190000,20.56,20.575,20.55,20.57,16152,0
LALT.US,60,20250404,200000,20.58,20.58,20.56,20.56,6136,0
LALT.US,60,20250404,210000,20.5201,20.5455,20.52,20.52,800,0
LALT.US,60,20250404,220000,20.59,20.59,20.59,20.59,100,0
LALT.US,60,20250407,190000,20.27,20.27,20.27,20.27,37570,0
LALT.US,60,20250407,200000,20.27,20.27,20.18,20.255,1964,0
LALT.US,60,20250407,210000,20.255,20.255,20.255,20.255,1014,0
LALT.US,60,20250407,220000,20.21,20.3,20.21,20.28,6017,0
LALT.US,60,20250408,190000,20.29,20.29,20.27,20.27,2752,0
LALT.US,60,20250408,200000,20.23,20.23,20.185,20.2032,2408,0
LALT.US,60,20250408,210000,20.185,20.185,20.185,20.185,278,0
LALT.US,60,20250408,220000,20.14,20.14,20.05,20.05,517,0
LALT.US,60,20250409,160000,19.962,19.962,19.962,19.962,230,0
LALT.US,60,20250409,210000,20.445,20.529,20.445,20.51,1889,0
LALT.US,60,20250409,220000,20.465,20.6599,20.465,20.6599,1760,0
LALT.US,60,20250410,180000,20.41,20.41,20.4,20.41,1000,0
LALT.US,60,20250410,190000,20.38,20.4,20.38,20.38,1634,0
LALT.US,60,20250410,210000,20.385,20.385,20.385,20.385,1216,0
LALT.US,60,20250410,220000,20.35,20.35,20.34,20.34,300,0
LALT.US,60,20250411,180000,20.51,20.54,20.4688,20.4688,2894,0
LALT.US,60,20250411,190000,20.455,20.57,20.455,20.534,3464,0
LALT.US,60,20250411,200000,20.59,20.81,20.5,20.5,4858,0
LALT.US,60,20250411,210000,20.56,20.56,20.49,20.49,2074,0
LALT.US,60,20250411,220000,20.53,20.53,20.49,20.49,300,0
LALT.US,60,20250414,180000,20.55,20.55,20.55,20.55,100,0
LALT.US,60,20250414,190000,20.49,20.54,20.49,20.54,342,0
LALT.US,60,20250414,210000,20.481,20.57,20.48,20.48,1262,0
LALT.US,60,20250414,220000,20.6,20.6,20.6,20.6,100,0
LALT.US,60,20250415,180000,20.58,20.58,20.58,20.58,1805,0
LALT.US,60,20250415,190000,20.68,20.68,20.6101,20.6101,109302,0
LALT.US,60,20250415,200000,20.62,20.63,20.55,20.55,1700,0
LALT.US,60,20250416,210000,20.54,20.78,20.49,20.78,54111,0
LALT.US,60,20250417,170000,20.56,20.56,20.56,20.56,100,0
LALT.US,60,20250421,160000,20.6928,20.6928,20.6928,20.6928,296,0
LALT.US,60,20250421,180000,20.63,20.655,20.63,20.655,758,0
LALT.US,60,20250421,190000,20.6893,20.6893,20.6785,20.6785,986,0
LALT.US,60,20250421,200000,20.71,20.72,20.6875,20.6875,1700,0
LALT.US,60,20250421,210000,20.6963,20.6963,20.62,20.62,3226,0
LALT.US,60,20250422,190000,20.775,20.93,20.775,20.85,4591,0
LALT.US,60,20250422,200000,20.81,20.8126,20.8063,20.81,2362,0
LALT.US,60,20250422,210000,20.81,21,20.8037,20.81,3667,0
LALT.US,60,20250422,220000,20.81,20.82,20.81,20.81,800,0
LALT.US,60,20250423,170000,20.75,20.76,20.75,20.76,300,0
LALT.US,60,20250423,180000,20.8,20.81,20.76,20.76,6800,0
LALT.US,60,20250423,190000,20.76,20.76,20.7501,20.76,1750,0
LALT.US,60,20250423,210000,20.7552,20.7552,20.7552,20.7552,750,0
LALT.US,60,20250423,220000,20.76,20.84,20.76,20.84,1000,0
LALT.US,60,20250424,180000,20.7748,20.7748,20.7748,20.7748,722,0
LALT.US,60,20250424,190000,20.785,20.92,20.785,20.84,3384,0
LALT.US,60,20250424,200000,20.822,20.83,20.822,20.83,886,0
LALT.US,60,20250424,210000,20.83,20.83,20.818,20.818,638,0
LALT.US,60,20250425,170000,20.81,20.81,20.8,20.8,1400,0
LALT.US,60,20250425,180000,20.81,20.81,20.81,20.81,900,0
LALT.US,60,20250425,200000,20.8328,20.8328,20.8295,20.8295,1936,0
LALT.US,60,20250425,210000,20.85,20.85,20.84,20.84,2300,0
LALT.US,60,20250425,220000,20.85,20.85,20.85,20.85,300,0
LALT.US,60,20250428,190000,20.9,20.9,20.9,20.9,100,0
LALT.US,60,20250428,220000,20.93,21.03,20.93,21.03,1681,0
LALT.US,60,20250429,160000,20.77,20.8044,20.77,20.8044,200,0
LALT.US,60,20250429,170000,20.89,20.91,20.89,20.905,4230,0
LALT.US,60,20250429,180000,20.89,20.9,20.89,20.9,1750,0
LALT.US,60,20250429,200000,20.91,20.915,20.9,20.915,2274,0
LALT.US,60,20250429,210000,20.92,20.92,20.919,20.919,300,0
LALT.US,60,20250429,220000,20.9199,20.9299,20.915,20.92,2472,0
LALT.US,60,20250430,180000,20.83,20.83,20.83,20.83,274,0
LALT.US,60,20250430,190000,20.84,20.84,20.84,20.84,100,0
LALT.US,60,20250430,210000,20.85,20.94,20.84,20.84,4581,0
LALT.US,60,20250430,220000,20.8435,20.8435,20.8435,20.8435,239,0
LALT.US,60,20250501,190000,20.81,20.96,20.79,20.8,8370,0
LALT.US,60,20250501,200000,20.82,20.83,20.8163,20.82,900,0
LALT.US,60,20250501,210000,20.82,20.905,20.81,20.8145,3830,0
LALT.US,60,20250501,220000,20.82,20.835,20.81,20.81,2500,0
LALT.US,60,20250502,160000,20.7,20.7,20.7,20.7,300,0
LALT.US,60,20250502,170000,20.6982,20.85,20.65,20.77,4545,0
LALT.US,60,20250502,180000,20.7781,20.7781,20.75,20.75,716,0
LALT.US,60,20250502,210000,20.76,20.84,20.76,20.76,1471,0
LALT.US,60,20250502,220000,20.7465,20.76,20.7465,20.76,1178,0
LALT.US,60,20250505,170000,20.81,20.81,20.81,20.81,400,0
LALT.US,60,20250505,180000,20.81,20.81,20.7954,20.7954,1912,0
LALT.US,60,20250505,190000,20.765,20.7776,20.765,20.765,300,0
LALT.US,60,20250505,210000,20.791,20.791,20.791,20.791,125,0
LALT.US,60,20250506,170000,20.8248,20.8248,20.8248,20.8248,140,0
LALT.US,60,20250506,220000,20.93,20.93,20.93,20.93,469,0
LALT.US,60,20250507,170000,20.9,20.94,20.855,20.86,4436,0
LALT.US,60,20250507,210000,20.89,20.91,20.89,20.91,2700,0
LALT.US,60,20250508,170000,20.89,20.89,20.84,20.84,1500,0
LALT.US,60,20250508,180000,20.89,20.91,20.81,20.81,2000,0
LALT.US,60,20250508,190000,20.85,20.85,20.85,20.85,2200,0
LALT.US,60,20250508,200000,20.845,20.845,20.845,20.845,500,0
LALT.US,60,20250508,210000,20.88,20.88,20.845,20.845,2602,0
LALT.US,60,20250509,170000,20.8641,20.9,20.83,20.8301,2300,0
LALT.US,60,20250509,200000,20.9006,20.9006,20.9006,20.9006,1100,0
LALT.US,60,20250512,170000,20.83,20.83,20.83,20.83,100,0
LALT.US,60,20250512,190000,20.7984,20.7984,20.7984,20.7984,231,0
LALT.US,60,20250512,220000,20.88,20.88,20.86,20.86,248,0
LALT.US,60,20250513,190000,20.96,20.96,20.96,20.96,100,0
LALT.US,60,20250513,210000,20.96,20.96,20.96,20.96,100,0
LALT.US,60,20250514,180000,20.85,20.8746,20.85,20.8746,1001,0
LALT.US,60,20250514,200000,20.87,20.88,20.855,20.855,2338,0
LALT.US,60,20250514,210000,20.86,20.87,20.86,20.8699,340,0
LALT.US,60,20250515,160000,20.87,20.87,20.8154,20.8154,1700,0
LALT.US,60,20250515,170000,20.84,20.86,20.84,20.86,400,0
LALT.US,60,20250515,180000,20.89,20.89,20.89,20.89,100,0
LALT.US,60,20250515,210000,20.9,20.9,20.9,20.9,800,0
LALT.US,60,20250515,220000,20.9,20.9,20.9,20.9,100,0
LALT.US,60,20250516,170000,20.91,20.91,20.9,20.9,200,0
LALT.US,60,20250516,180000,20.88,20.88,20.88,20.88,2376,0
LALT.US,60,20250516,190000,20.88,21.08,20.88,20.929,9784,0
LALT.US,60,20250516,210000,20.94,20.94,20.94,20.94,100,0
LALT.US,60,20250516,220000,20.9499,20.9499,20.84,20.84,284,0
LALT.US,60,20250519,170000,20.98,20.98,20.96,20.96,299,0
LALT.US,60,20250519,200000,20.9685,20.9685,20.9685,20.9685,610,0
LALT.US,60,20250519,210000,20.95,21,20.95,21,2406,0
LALT.US,60,20250520,170000,20.906,20.96,20.906,20.96,389,0
LALT.US,60,20250520,220000,20.94,20.94,20.94,20.94,150,0
LALT.US,60,20250521,170000,20.97,20.97,20.97,20.97,100,0
LALT.US,60,20250521,190000,20.99,20.99,20.89,20.9314,4077,0
LALT.US,60,20250527,210000,20.925,20.925,20.8925,20.8925,1624,0
LALT.US,60,20250528,170000,20.95,21.04,20.9,20.9,7170,0
LALT.US,60,20250528,180000,20.94,20.94,20.94,20.94,100,0
LALT.US,60,20250528,190000,20.94,20.95,20.85,20.93,1700,0
LALT.US,60,20250528,200000,20.94,21.07,20.93,20.93,3741,0
LALT.US,60,20250528,210000,20.905,20.905,20.905,20.905,478,0
LALT.US,60,20250530,170000,20.855,20.9,20.855,20.9,292,0
LALT.US,60,20250530,180000,20.909,20.91,20.909,20.91,299,0
LALT.US,60,20250530,210000,20.81,20.8101,20.8,20.8,784,0
LALT.US,60,20250530,220000,20.87,20.91,20.8,20.9,1883,0
LALT.US,60,20250602,170000,20.9122,20.99,20.9122,20.99,735,0
LALT.US,60,20250602,180000,20.96,20.96,20.96,20.96,3382,0
LALT.US,60,20250602,190000,20.98,21.01,20.98,21.01,250,0
LALT.US,60,20250602,200000,21.009,21.009,21.009,21.009,110,0
LALT.US,60,20250602,220000,21.039,21.039,21.039,21.039,117,0
LALT.US,60,20250603,190000,21.01,21.01,21.01,21.01,846,0
LALT.US,60,20250604,210000,21,21.062,21,21.062,2184,0
LALT.US,60,20250604,220000,21.08,21.08,21.08,21.08,100,0
LALT.US,60,20250605,160000,21.1598,21.1599,21.095,21.095,1910,0
LALT.US,60,20250605,190000,21.105,21.14,21.07,21.07,2200,0
LALT.US,60,20250605,210000,21.13,21.13,21.13,21.13,100,0
LALT.US,60,20250606,180000,21.115,21.15,21.09,21.09,6554,0
LALT.US,60,20250606,190000,21.08,21.08,21.07,21.07,1143,0
LALT.US,60,20250606,200000,21.1,21.1,21.0809,21.0809,1600,0
LALT.US,60,20250606,220000,21.12,21.12,21.12,21.12,200,0
LALT.US,60,20250609,170000,21.16,21.16,21.16,21.16,100,0
LALT.US,60,20250609,180000,21.18,21.18,21.1,21.18,460,0
LALT.US,60,20250609,200000,21.1551,21.1551,21.1551,21.1551,830,0
LALT.US,60,20250609,210000,21.18,21.21,21.1544,21.175,2219,0
LALT.US,60,20250609,220000,21.2,21.2,21.15,21.19,1800,0
LALT.US,60,20250610,160000,21.2,21.2,21.2,21.2,100,0
LALT.US,60,20250610,170000,21.16,21.21,21.16,21.21,2522,0
LALT.US,60,20250610,180000,21.1849,21.2,21.1849,21.2,800,0
LALT.US,60,20250610,190000,21.1655,21.19,21.12,21.12,1525,0
LALT.US,60,20250610,200000,21.17,21.2,21.17,21.17,2200,0
LALT.US,60,20250610,210000,21.2,21.2,21.18,21.18,200,0
LALT.US,60,20250610,220000,21.13,21.2,21.13,21.2,300,0
LALT.US,60,20250611,170000,21.22,21.28,21.1,21.23,1574,0
LALT.US,60,20250611,190000,21.17,21.17,21.1608,21.1608,470,0
LALT.US,60,20250611,200000,21.23,21.23,21.23,21.23,100,0
LALT.US,60,20250611,220000,21.27,21.35,21.27,21.27,2800,0
LALT.US,60,20250612,200000,21.3,21.3,21.2999,21.2999,532,0
LALT.US,60,20250612,210000,21.26,21.27,21.26,21.27,2711,0
LALT.US,60,20250613,170000,21.388,21.388,21.388,21.388,327,0
LALT.US,60,20250613,210000,21.42,21.44,21.32,21.4199,1400,0
LALT.US,60,20250616,170000,21.42,21.42,21.42,21.42,100,0
LALT.US,60,20250616,180000,21.38,21.38,21.38,21.38,400,0
LALT.US,60,20250616,200000,21.46,21.46,21.36,21.37,1100,0
LALT.US,60,20250616,210000,21.38,21.4,21.36,21.4,600,0
LALT.US,60,20250616,220000,21.38,21.54,21.34,21.41,2400,0
LALT.US,60,20250617,180000,21.45,21.47,21.4499,21.4499,530,0
LALT.US,60,20250617,200000,21.375,21.375,21.375,21.375,481,0
LALT.US,60,20250624,190000,21.32,21.34,21.0764,21.0764,1738,0
LALT.US,60,20250626,200000,21.15,21.24,21.15,21.2299,4878,0
LALT.US,60,20250627,170000,21.11,21.11,21.11,21.11,1180,0
LALT.US,60,20250627,210000,21.16,21.16,21.16,21.16,117,0
LALT.US,60,20250630,160000,21.16,21.2,21.145,21.1999,3777,0
LALT.US,60,20250630,170000,21.2,21.2,21.1469,21.155,1749,0
LALT.US,60,20250630,190000,21.21,21.21,21.21,21.21,100,0
LALT.US,60,20250630,200000,21.25,21.25,21.25,21.25,100,0
LALT.US,60,20250630,210000,21.1914,21.1914,21.1914,21.1914,100,0
LALT.US,60,20250701,180000,21.27,21.27,21.21,21.21,626,0
LALT.US,60,20250702,220000,21.32,21.33,21.21,21.27,3155,0
LALT.US,60,20250703,170000,21.29,21.29,21.28,21.28,300,0
LALT.US,60,20250707,210000,21.22,21.33,21.2105,21.3184,874,0
LALT.US,60,20250708,170000,21.3199,21.3199,21.3199,21.3199,100,0
LALT.US,60,20250708,200000,21.3518,21.36,21.3518,21.355,1147,0
LALT.US,60,20250708,210000,21.39,21.39,21.39,21.39,500,0
LALT.US,60,20250709,170000,21.42,21.42,21.4,21.4,300,0
LALT.US,60,20250709,180000,21.41,21.41,21.41,21.41,100,0
LALT.US,60,20250710,170000,21.37,21.37,21.37,21.37,100,0
LALT.US,60,20250710,210000,21.27,21.27,21.2607,21.2607,235,0
LALT.US,60,20250711,190000,21.3964,21.3964,21.3964,21.3964,116,0
LALT.US,60,20250711,220000,21.489,21.489,21.489,21.489,190,0
LALT.US,60,20250714,160000,21.36,21.36,21.36,21.36,200,0
LALT.US,60,20250714,170000,21.3966,21.3966,21.3966,21.3966,967,0
LALT.US,60,20250714,210000,21.43,21.43,21.43,21.43,100,0
LALT.US,60,20250714,220000,21.44,21.44,21.44,21.44,818,0
LALT.US,60,20250715,170000,21.4,21.4,21.4,21.4,100,0
LALT.US,60,20250715,200000,21.3286,21.3286,21.3286,21.3286,270,0
LALT.US,60,20250715,210000,21.3385,21.3385,21.2801,21.2801,823,0
LALT.US,60,20250715,220000,21.345,21.345,21.345,21.345,300,0
LALT.US,60,20250717,170000,21.35,21.38,21.35,21.38,200,0
LALT.US,60,20250717,180000,21.3855,21.3855,21.3855,21.3855,252,0
LALT.US,60,20250717,190000,21.4003,21.4003,21.4003,21.4003,112,0
LALT.US,60,20250718,210000,21.38,21.38,21.37,21.37,763,0
LALT.US,60,20250718,220000,21.46,21.46,21.46,21.46,100,0
LALT.US,60,20250721,210000,21.56,21.62,21.5,21.62,4021,0
LALT.US,60,20250722,200000,21.568,21.568,21.568,21.568,330,0
LALT.US,60,20250722,210000,21.62,21.62,21.62,21.62,100,0
LALT.US,60,20250723,190000,21.7,21.89,21.7,21.7,3707,0
LALT.US,60,20250724,160000,21.53,21.53,21.52,21.52,1174,0
LALT.US,60,20250725,180000,21.55,21.5501,21.55,21.5501,200,0
LALT.US,60,20250728,160000,21.625,21.625,21.625,21.625,172,0
LALT.US,60,20250730,190000,21.67,21.71,21.67,21.7093,1540,0
LALT.US,60,20250730,210000,21.7,21.7,21.7,21.7,100,0
LALT.US,60,20250731,190000,21.65,21.65,21.605,21.6467,2790,0
LALT.US,60,20250731,200000,21.65,21.65,21.65,21.65,200,0
LALT.US,60,20250801,170000,21.49,21.49,21.49,21.49,1061,0
LALT.US,60,20250801,200000,21.45,21.45,21.45,21.45,1457,0
LALT.US,60,20250804,190000,21.54,21.54,21.54,21.54,908,0
LALT.US,60,20250804,210000,21.54,21.54,21.54,21.54,100,0
LALT.US,60,20250804,220000,21.61,21.61,21.61,21.61,300,0
LALT.US,60,20250805,170000,21.5566,21.5566,21.5566,21.5566,166,0
LALT.US,60,20250805,190000,21.61,21.64,21.61,21.64,2438,0
LALT.US,60,20250805,200000,21.65,21.73,21.64,21.64,6458,0
LALT.US,60,20250806,220000,21.64,21.68,21.64,21.68,2360,0
LALT.US,60,20250807,200000,21.6469,21.6469,21.6469,21.6469,460,0
LALT.US,60,20250807,210000,21.67,21.67,21.6408,21.6408,823,0
LALT.US,60,20250807,220000,21.68,21.68,21.68,21.68,100,0
LALT.US,60,20250808,160000,21.75,21.76,21.7235,21.7599,3811,0
LALT.US,60,20250808,210000,21.724,21.724,21.724,21.724,451,0
LALT.US,60,20250808,220000,21.74,21.74,21.74,21.74,100,0
LALT.US,60,20250812,200000,21.745,21.7899,21.745,21.7899,500,0
LALT.US,60,20250813,160000,21.81,21.81,21.81,21.81,909,0
LALT.US,60,20250813,170000,21.84,21.84,21.84,21.84,100,0
LALT.US,60,20250813,180000,21.78,21.78,21.78,21.78,332,0
LALT.US,60,20250814,170000,21.765,21.765,21.765,21.765,107,0
LALT.US,60,20250814,180000,21.77,21.77,21.77,21.77,3700,0
LALT.US,60,20250815,190000,21.75,21.82,21.75,21.82,10957,0
LALT.US,60,20250815,200000,21.82,21.83,21.77,21.83,2890,0
LALT.US,60,20250818,170000,21.77,21.77,21.73,21.73,515,0
LALT.US,60,20250818,180000,21.7503,21.7503,21.7503,21.7503,304,0
LALT.US,60,20250818,190000,21.7937,21.7937,21.765,21.765,1398,0
LALT.US,60,20250818,200000,21.81,21.81,21.81,21.81,100,0
LALT.US,60,20250819,170000,21.86,21.86,21.86,21.86,100,0
LALT.US,60,20250819,210000,21.82,21.83,21.74,21.81,4383,0
LALT.US,60,20250819,220000,21.83,21.83,21.73,21.73,800,0
LALT.US,60,20250820,190000,21.89,21.89,21.88,21.88,500,0
LALT.US,60,20250820,210000,21.89,21.89,21.8108,21.8331,1478,0
LALT.US,60,20250820,220000,21.8753,21.8753,21.8753,21.8753,730,0
LALT.US,60,20250821,210000,21.9,21.91,21.9,21.91,512,0
LALT.US,60,20250821,220000,21.91,21.91,21.9099,21.9099,310,0
LALT.US,60,20250825,170000,22.1,22.1,22.1,22.1,100,0
LALT.US,60,20250825,180000,22.0507,22.0769,22.0507,22.0769,225,0
LALT.US,60,20250825,190000,22.11,22.11,22.11,22.11,100,0
LALT.US,60,20250825,210000,22.11,22.11,22.11,22.11,100,0
LALT.US,60,20250826,170000,22.08,22.08,22.08,22.08,100,0
LALT.US,60,20250827,160000,21.9847,21.9847,21.9847,21.9847,118,0
LALT.US,60,20250827,170000,22.07,22.07,22.07,22.07,100,0
LALT.US,60,20250827,200000,22.075,22.1199,22.075,22.0768,4888,0
LALT.US,60,20250827,210000,22.13,22.13,22.13,22.13,100,0
LALT.US,60,20250827,220000,22.13,22.13,22.13,22.13,7264,0
LALT.US,60,20250828,170000,22.15,22.16,22.15,22.16,7500,0
LALT.US,60,20250828,190000,22.095,22.095,22.026,22.03,2300,0
LALT.US,60,20250829,170000,22.1,22.17,22.0999,22.0999,8697,0
LALT.US,60,20250829,200000,22.05,22.0899,22.05,22.0899,1208,0
LALT.US,60,20250829,210000,22.09,22.09,22.0899,22.0899,398,0
LALT.US,60,20250829,220000,22.08,22.13,22.08,22.13,275,0
LALT.US,60,20250902,160000,22.21,22.21,22.21,22.21,200,0
LALT.US,60,20250902,210000,22.24,22.24,22.2399,22.2399,200,0
LALT.US,60,20250902,220000,22.24,22.24,22.24,22.24,2986,0
LALT.US,60,20250903,170000,22.3,22.3,22.3,22.3,300,0
LALT.US,60,20250903,200000,22.28,22.28,22.24,22.2573,928,0
LALT.US,60,20250903,210000,22.26,22.26,22.26,22.26,171,0
LALT.US,60,20250903,220000,22.28,22.38,22.28,22.36,2686,0
LALT.US,60,20250904,180000,22.33,22.33,22.28,22.28,524,0
LALT.US,60,20250904,190000,22.28,22.28,22.2173,22.2173,1652,0
LALT.US,60,20250904,200000,22.26,22.26,22.2381,22.25,500,0
LALT.US,60,20250904,210000,22.26,22.26,22.26,22.26,421,0
LALT.US,60,20250905,160000,22.36,22.38,22.36,22.36,700,0
LALT.US,60,20250905,170000,22.19,22.19,22.19,22.19,200,0
LALT.US,60,20250905,190000,22.21,22.21,22.2,22.21,400,0
LALT.US,60,20250908,170000,22.2101,22.2101,22.2101,22.2101,259,0
LALT.US,60,20250908,180000,22.32,22.32,22.32,22.32,100,0
LALT.US,60,20250908,210000,22.2752,22.2752,22.2752,22.2752,2518,0
LALT.US,60,20250909,170000,22.2937,22.305,22.27,22.2701,1025,0
LALT.US,60,20250909,210000,22.3049,22.31,22.3049,22.31,17953,0
LALT.US,60,20250910,200000,22.33,22.39,22.33,22.39,5026,0
LALT.US,60,20250910,220000,22.37,22.37,22.3247,22.3247,279,0
LALT.US,60,20250911,170000,22.37,22.37,22.37,22.37,300,0
LALT.US,60,20250911,180000,22.38,22.38,22.3467,22.3467,264,0
LALT.US,60,20250911,190000,22.3,22.3,22.3,22.3,628,0
LALT.US,60,20250911,210000,22.3724,22.3724,22.3724,22.3724,635,0
LALT.US,60,20250912,160000,22.3601,22.3601,22.3601,22.3601,200,0
LALT.US,60,20250912,210000,22.385,22.43,22.385,22.43,4607,0
LALT.US,60,20250912,220000,22.43,22.44,22.42,22.42,11234,0
LALT.US,60,20250915,160000,22.53,22.54,22.4768,22.4768,1802,0
LALT.US,60,20250915,170000,22.53,22.53,22.53,22.53,100,0
LALT.US,60,20250915,200000,22.56,22.56,22.56,22.56,100,0
LALT.US,60,20250915,210000,22.56,22.56,22.56,22.56,900,0
LALT.US,60,20250915,220000,22.56,22.56,22.56,22.56,950,0
LALT.US,60,20250916,180000,22.5189,22.5189,22.5189,22.5189,103,0
LALT.US,60,20250916,190000,22.4958,22.4958,22.4958,22.4958,222,0
LALT.US,60,20250916,210000,22.52,22.52,22.5199,22.5199,538,0
LALT.US,60,20250916,220000,22.52,22.52,22.52,22.52,200,0
LALT.US,60,20250917,160000,22.3775,22.4055,22.3775,22.4055,898,0
LALT.US,60,20250917,190000,22.37,22.37,22.37,22.37,3298,0
LALT.US,60,20250917,200000,22.43,22.43,22.43,22.43,200,0
LALT.US,60,20250917,210000,22.39,22.44,22.39,22.44,150440,0
LALT.US,60,20250918,180000,22.4099,22.41,22.39,22.39,426,0
LALT.US,60,20250918,190000,22.4201,22.46,22.4201,22.46,1200,0
LALT.US,60,20250918,210000,22.4415,22.4415,22.4415,22.4415,125,0
LALT.US,60,20250918,220000,22.47,22.49,22.47,22.49,300,0
LALT.US,60,20250919,200000,22.42,22.42,22.42,22.42,269,0
LALT.US,60,20250919,210000,22.47,22.47,22.47,22.47,138,0
LALT.US,60,20250922,170000,22.482,22.51,22.482,22.51,800,0
LALT.US,60,20250922,210000,22.6184,22.64,22.59,22.59,4369,0
LALT.US,60,20250922,220000,22.615,22.71,22.615,22.71,510,0
LALT.US,60,20250923,160000,22.74,22.74,22.6018,22.6394,636,0
LALT.US,60,20250923,190000,22.65,22.65,22.65,22.65,266,0
LALT.US,60,20250923,200000,22.65,22.65,22.64,22.64,535,0
LALT.US,60,20250923,210000,22.64,22.64,22.625,22.625,1364,0
LALT.US,60,20250924,170000,22.63,22.63,22.63,22.63,2214,0
LALT.US,60,20250924,190000,22.6244,22.6244,22.6244,22.6244,2383,0
LALT.US,60,20250924,220000,22.68,22.68,22.68,22.68,100,0
LALT.US,60,20250925,190000,22.58,22.58,22.58,22.58,111,0
LALT.US,60,20250925,220000,22.615,22.6799,22.615,22.6799,985,0
LALT.US,60,20250926,190000,22.75,22.75,22.75,22.75,304,0
LALT.US,60,20250926,220000,22.8,22.8,22.8,22.8,900,0
LALT.US,60,20250929,160000,22.786,22.786,22.786,22.786,300,0
LALT.US,60,20250929,170000,22.8,22.8,22.76,22.76,200,0
LALT.US,60,20250929,180000,22.77,22.77,22.77,22.77,290,0
LALT.US,60,20250929,190000,22.76,22.765,22.76,22.76,300,0
LALT.US,60,20250929,200000,22.76,22.765,22.76,22.76,7457,0
LALT.US,60,20250929,220000,22.7599,22.76,22.759,22.76,603,0
LALT.US,60,20250930,180000,22.69,22.72,22.69,22.72,4002,0
LALT.US,60,20250930,190000,22.73,22.73,22.73,22.73,334,0
LALT.US,60,20250930,200000,22.77,22.78,22.7699,22.7699,1465,0
LALT.US,60,20250930,210000,22.77,22.79,22.7645,22.79,472,0
LALT.US,60,20250930,220000,22.79,22.79,22.7899,22.7899,220,0
LALT.US,60,20251001,190000,22.83,22.83,22.82,22.82,1097,0
LALT.US,60,20251001,200000,22.8091,22.8091,22.8,22.8,719,0
LALT.US,60,20251001,210000,22.7548,22.8,22.75,22.75,2299,0
LALT.US,60,20251001,220000,22.72,22.81,22.72,22.81,809,0
LALT.US,60,20251002,160000,22.788,22.788,22.788,22.788,200,0
LALT.US,60,20251002,190000,22.6095,22.6095,22.6095,22.6095,240,0
LALT.US,60,20251002,200000,22.67,22.67,22.67,22.67,248,0
LALT.US,60,20251002,210000,22.6032,22.6032,22.6032,22.6032,101,0
LALT.US,60,20251003,200000,22.77,22.77,22.77,22.77,330,0
LALT.US,60,20251003,210000,22.8,22.8,22.7999,22.7999,600,0
LALT.US,60,20251006,200000,22.89,22.89,22.89,22.89,300,0
LALT.US,60,20251006,210000,22.9,22.9,22.9,22.9,130,0
LALT.US,60,20251007,180000,22.82,22.85,22.78,22.85,961,0
LALT.US,60,20251007,190000,22.85,22.85,22.82,22.84,1500,0
LALT.US,60,20251007,200000,22.85,22.87,22.85,22.86,2965,0
LALT.US,60,20251007,210000,22.86,22.87,22.85,22.867,903,0
LALT.US,60,20251007,220000,22.816,22.88,22.816,22.88,677,0
LALT.US,60,20251008,180000,22.935,22.9784,22.935,22.9784,1354,0
LALT.US,60,20251008,200000,22.99,22.99,22.99,22.99,168,0
LALT.US,60,20251008,210000,22.9684,22.9684,22.9684,22.9684,100,0
LALT.US,60,20251008,220000,22.94,22.94,22.94,22.94,464,0
LALT.US,60,20251010,160000,22.782,22.85,22.782,22.85,510,0
LALT.US,60,20251010,170000,22.84,22.85,22.84,22.85,395,0
LALT.US,60,20251010,210000,22.66,22.72,22.61,22.7199,1928,0
LALT.US,60,20251010,220000,22.65,22.65,22.65,22.65,750,0
LALT.US,60,20251013,170000,22.948,22.948,22.948,22.948,100,0
LALT.US,60,20251013,180000,22.948,22.948,22.94,22.94,300,0
LALT.US,60,20251013,200000,22.9517,22.9517,22.9517,22.9517,210,0
LALT.US,60,20251014,160000,22.87,22.87,22.87,22.87,231,0
LALT.US,60,20251014,200000,22.98,22.98,22.9799,22.9799,800,0
LALT.US,60,20251015,170000,23.0655,23.08,23.05,23.07,7600,0
LALT.US,60,20251015,180000,23.05,23.05,23.05,23.05,100,0
LALT.US,60,20251015,200000,22.97,22.97,22.97,22.97,100,0
LALT.US,60,20251015,210000,22.97,22.98,22.97,22.97,3369,0
LALT.US,60,20251016,160000,22.95,22.967,22.94,22.967,3400,0
LALT.US,60,20251016,170000,23.028,23.028,23.028,23.028,105,0
LALT.US,60,20251016,210000,22.97,23,22.955,23,2433,0
LALT.US,60,20251016,220000,23,23,22.99,22.99,1091,0
LALT.US,60,20251017,170000,22.95,22.96,22.905,22.9098,3537,0
LALT.US,60,20251017,210000,22.912,22.912,22.884,22.884,200,0
LALT.US,60,20251020,170000,22.9835,23.0464,22.85,23.0464,10692,0
LALT.US,60,20251020,180000,23.05,23.05,23.05,23.05,103,0
LALT.US,60,20251020,210000,23.09,23.09,23.0201,23.0201,1037,0
LALT.US,60,20251021,160000,22.895,22.895,22.895,22.895,500,0
LALT.US,60,20251021,210000,22.97,23.01,22.9647,23.01,2932,0
LALT.US,60,20251021,220000,22.93,22.93,22.9,22.9,3905,0
LALT.US,60,20251022,160000,22.94,22.94,22.94,22.94,300,0
LALT.US,60,20251022,170000,22.92,22.92,22.92,22.92,450,0
LALT.US,60,20251022,190000,22.96,22.96,22.89,22.89,800,0
LALT.US,60,20251022,210000,22.94,22.94,22.9261,22.9261,548,0
LALT.US,60,20251023,170000,23.06,23.115,23.05,23.115,1600,0
LALT.US,60,20251023,220000,23.05,23.05,23.05,23.05,9231,0
LALT.US,60,20251027,210000,23.03,23.03,22.91,22.91,4576,0
LALT.US,60,20251028,160000,22.86,22.87,22.7988,22.87,1279,0
LALT.US,60,20251028,200000,22.86,22.88,22.8502,22.8502,2142,0
LALT.US,60,20251029,150000,22.9599,22.9599,22.9599,22.9599,304,0
LALT.US,60,20251029,170000,22.9251,22.9251,22.9251,22.9251,109,0
LALT.US,60,20251029,200000,22.961,22.961,22.961,22.961,115,0
LALT.US,60,20251029,210000,22.8401,22.8401,22.8401,22.8401,235,0
LALT.US,60,20251030,150000,22.7982,22.9,22.7982,22.88,432,0
LALT.US,60,20251030,180000,22.9541,23.01,22.9541,23.01,446,0
LALT.US,60,20251030,210000,22.95,22.95,22.95,22.95,726,0
LALT.US,60,20251031,180000,22.89,22.89,22.89,22.89,300,0
LALT.US,60,20251031,200000,22.8867,22.92,22.8867,22.9,3484,0
LALT.US,60,20251031,210000,22.89,22.89,22.85,22.882,4656,0
LALT.US,60,20251103,170000,22.98,22.98,22.98,22.98,100,0
LALT.US,60,20251104,210000,22.8593,22.8593,22.85,22.85,4262,0
LALT.US,60,20251104,220000,22.84,22.89,22.84,22.84,2200,0
LALT.US,60,20251105,180000,22.92,22.92,22.9199,22.9199,274,0
LALT.US,60,20251105,200000,22.9,22.91,22.8893,22.91,3243,0
LALT.US,60,20251105,210000,22.9,22.9,22.86,22.86,1299,0
LALT.US,60,20251105,220000,22.91,22.91,22.858,22.858,1495,0
LALT.US,60,20251106,170000,22.91,22.91,22.91,22.91,100,0
LALT.US,60,20251106,210000,22.88,22.93,22.88,22.9299,1122,0
LALT.US,60,20251106,220000,22.93,22.93,22.93,22.93,130,0
LALT.US,60,20251107,170000,22.919,22.95,22.85,22.92,9113,0
LALT.US,60,20251107,180000,22.89,22.89,22.885,22.885,1950,0
LALT.US,60,20251107,190000,22.88,22.88,22.88,22.88,1000,0
LALT.US,60,20251107,210000,22.9387,22.95,22.915,22.95,828,0
LALT.US,60,20251110,160000,23.09,23.09,23.09,23.09,554,0
LALT.US,60,20251110,190000,23.14,23.14,23.14,23.14,100,0
LALT.US,60,20251110,210000,23.1136,23.2,23.1136,23.1896,1891,0
LALT.US,60,20251110,220000,23.2,23.2,23.2,23.2,100,0
LALT.US,60,20251111,200000,23.245,23.2632,23.245,23.2632,460,0
LALT.US,60,20251111,210000,23.2494,23.2494,23.2494,23.2494,110,0
LALT.US,60,20251112,160000,23.31,23.31,23.3099,23.3099,550,0
LALT.US,60,20251112,170000,23.26,23.26,23.26,23.26,325,0
LALT.US,60,20251112,180000,23.26,23.26,23.26,23.26,650,0
LALT.US,60,20251112,190000,23.26,23.26,23.25,23.26,550,0
LALT.US,60,20251112,200000,23.23,23.23,23.23,23.23,115,0
LALT.US,60,20251112,210000,23.26,23.26,23.22,23.2201,2772,0
LALT.US,60,20251112,220000,23.24,23.25,23.22,23.24,10529,0
LALT.US,60,20251113,160000,23.2,23.2189,23.2,23.2189,507,0
LALT.US,60,20251113,170000,23.21,23.21,23.21,23.21,100,0
LALT.US,60,20251113,190000,23.16,23.16,23.15,23.15,571,0
LALT.US,60,20251113,200000,23.11,23.11,23.09,23.09,200,0
LALT.US,60,20251113,210000,23.09,23.09,23.09,23.09,100,0
LALT.US,60,20251114,170000,23.01,23.03,22.98,22.98,604,0
LALT.US,60,20251114,200000,23.13,23.13,23.12,23.12,200,0
LALT.US,60,20251114,210000,23.1103,23.1103,23.1074,23.11,1309,0
LALT.US,60,20251117,160000,23.01,23.06,23,23.06,700,0
LALT.US,60,20251117,170000,23.0314,23.05,23.0314,23.04,3556,0
LALT.US,60,20251117,180000,23.02,23.02,23.02,23.02,100,0
LALT.US,60,20251117,190000,23.05,23.05,23.04,23.04,1300,0
LALT.US,60,20251117,200000,23.04,23.04,23.04,23.04,100,0
LALT.US,60,20251117,210000,23,23.02,23,23.005,710,0
LALT.US,60,20251117,220000,22.8901,22.96,22.8901,22.96,1045,0
LALT.US,60,20251118,170000,22.99,22.99,22.99,22.99,100,0
LALT.US,60,20251118,180000,22.96,22.96,22.96,22.96,110,0
LALT.US,60,20251118,190000,23.01,23.01,23.01,23.01,100,0
LALT.US,60,20251118,210000,23.062,23.18,23.0405,23.0405,8765,0
LALT.US,60,20251118,220000,23.09,23.09,23.08,23.08,200,0
LALT.US,60,20251119,170000,23.07,23.07,23.07,23.07,200,0
LALT.US,60,20251119,190000,23,23,23,23,100,0
LALT.US,60,20251119,200000,22.995,23.07,22.995,23.07,2591,0
LALT.US,60,20251119,210000,22.9963,23.06,22.9963,23.06,642,0
LALT.US,60,20251119,220000,23.06,23.07,23.06,23.07,500,0
LALT.US,60,20251120,170000,23.13,23.13,23.13,23.13,100,0
LALT.US,60,20251120,190000,22.8857,22.8857,22.8857,22.8857,139,0
LALT.US,60,20251120,200000,22.94,22.94,22.94,22.94,100,0
LALT.US,60,20251120,210000,22.892,22.94,22.892,22.94,686,0
LALT.US,60,20251121,170000,22.83,22.83,22.83,22.83,100,0
LALT.US,60,20251121,180000,22.76,22.87,22.76,22.87,514,0
LALT.US,60,20251121,200000,22.91,22.94,22.91,22.94,507,0
LALT.US,60,20251121,210000,22.94,22.94,22.9399,22.9399,600,0
LALT.US,60,20251121,220000,22.91,22.91,22.91,22.91,100,0
LALT.US,60,20251124,160000,22.8293,22.8293,22.8293,22.8293,140,0
LALT.US,60,20251124,170000,22.9,22.9,22.8656,22.8656,688,0
LALT.US,60,20251124,180000,22.94,22.94,22.94,22.94,100,0
LALT.US,60,20251124,190000,22.94,22.94,22.94,22.94,100,0
LALT.US,60,20251124,200000,22.96,22.97,22.96,22.97,300,0
LALT.US,60,20251124,210000,22.97,22.97,22.9575,22.9575,215,0
LALT.US,60,20251125,160000,22.94,22.94,22.94,22.94,100,0
LALT.US,60,20251125,180000,22.96,22.97,22.925,22.96,7296,0
LALT.US,60,20251125,190000,22.96,23.03,22.96,23.01,14257,0
LALT.US,60,20251125,200000,23.01,23.02,23,23.01,12458,0
LALT.US,60,20251125,210000,22.9781,22.9781,22.92,22.92,760,0
LALT.US,60,20251126,170000,23.03,23.04,22.985,23.04,2465,0
LALT.US,60,20251126,180000,23.07,23.07,23.07,23.07,100,0
LALT.US,60,20251126,200000,23.1,23.11,23.09,23.09,2990,0
LALT.US,60,20251126,210000,23.1,23.11,23.1,23.11,1517,0
LALT.US,60,20251126,220000,23.12,23.12,23.12,23.12,100,0
LALT.US,60,20251128,160000,23.18,23.18,23.18,23.18,100,0
LALT.US,60,20251128,180000,23.19,23.19,23.19,23.19,500,0
LALT.US,60,20251128,190000,23.1388,23.1388,23.1388,23.1388,250,0
LALT.US,60,20251201,180000,23.2,23.2,23.19,23.19,350,0
LALT.US,60,20251201,190000,23.2,23.2,23.2,23.2,500,0
LALT.US,60,20251201,200000,23.2,23.22,23.195,23.195,1608,0
LALT.US,60,20251201,210000,23.21,23.21,23.2,23.2,900,0
LALT.US,60,20251201,220000,23.2,23.28,23.19,23.2,13174,0
LALT.US,60,20251202,170000,23.19,23.19,23.1899,23.19,2700,0
LALT.US,60,20251202,180000,23.17,23.23,23.1366,23.1366,20267,0
LALT.US,60,20251202,190000,23.15,23.23,23.09,23.09,31961,0
LALT.US,60,20251202,210000,23.1323,23.1323,23.1323,23.1323,1342,0
LALT.US,60,20251202,220000,23.15,23.22,23.15,23.175,1701,0
LALT.US,60,20251203,170000,23.1178,23.1178,23.1178,23.1178,129,0
LALT.US,60,20251203,190000,23.18,23.18,23.18,23.18,900,0
LALT.US,60,20251203,200000,23.17,23.24,23.1642,23.18,8021,0
LALT.US,60,20251203,210000,23.17,23.18,23.1621,23.18,5187,0
LALT.US,60,20251203,220000,23.17,23.18,23.135,23.17,3114,0
LALT.US,60,20251204,190000,23.19,23.19,23.1795,23.19,753,0
LALT.US,60,20251204,200000,23.18,23.18,23.18,23.18,400,0
LALT.US,60,20251204,210000,23.18,23.2,23.1439,23.2,7336,0
LALT.US,60,20251204,220000,23.21,23.21,23.21,23.21,300,0
LALT.US,60,20251205,170000,23.256,23.256,23.256,23.256,390,0
LALT.US,60,20251205,180000,23.29,23.3,23.29,23.3,1196,0
LALT.US,60,20251205,190000,23.194,23.194,23.194,23.194,490,0
LALT.US,60,20251205,220000,23.22,23.22,23.22,23.22,140,0
LALT.US,60,20251208,170000,23.06,23.06,23.03,23.03,1527,0
LALT.US,60,20251208,200000,23.0727,23.09,23.0727,23.09,471,0
LALT.US,60,20251208,220000,23.033,23.1,23.033,23.1,4838,0
LALT.US,60,20251209,160000,23.025,23.025,23.025,23.025,182,0
LALT.US,60,20251209,170000,23.05,23.05,23.05,23.05,183,0
LALT.US,60,20251209,180000,23.06,23.06,23.038,23.038,400,0
LALT.US,60,20251209,190000,23.04,23.04,23.04,23.04,182,0
LALT.US,60,20251209,210000,23.015,23.015,23.015,23.015,146,0
LALT.US,60,20251209,220000,23.03,23.05,23.03,23.05,608,0
LALT.US,60,20251210,180000,23.01,23.01,23.01,23.01,199,0
LALT.US,60,20251210,210000,23.039,23.039,23.039,23.039,132,0
LALT.US,60,20251210,220000,23.06,23.11,23.06,23.11,1374,0
LALT.US,60,20251211,170000,23.017,23.07,23.017,23.07,2322,0
LALT.US,60,20251211,180000,23.09,23.09,23.09,23.09,600,0
LALT.US,60,20251211,190000,23.11,23.11,23.11,23.11,475,0
LALT.US,60,20251211,200000,23.13,23.13,23.1299,23.1299,5100,0
LALT.US,60,20251211,210000,23.13,23.13,23.125,23.125,1438,0
LALT.US,60,20251211,220000,23.15,23.16,23.1222,23.15,4941,0
LALT.US,60,20251212,160000,22.778,22.778,22.778,22.778,294,0
LALT.US,60,20251212,170000,22.8,22.8,22.75,22.75,250,0
LALT.US,60,20251212,180000,22.71,22.71,22.71,22.71,200,0
LALT.US,60,20251212,210000,22.71,22.71,22.71,22.71,100,0
LALT.US,60,20251215,160000,22.704,22.704,22.704,22.704,133,0
LALT.US,60,20251215,170000,22.67,22.73,22.66,22.7299,3968,0
LALT.US,60,20251215,180000,22.73,22.73,22.7065,22.7065,5523,0
LALT.US,60,20251215,190000,22.71,22.78,22.7099,22.7099,2535,0
LALT.US,60,20251215,210000,22.7,22.73,22.7,22.7199,637,0
LALT.US,60,20251216,170000,22.58,22.61,22.57,22.61,1192,0
LALT.US,60,20251216,180000,22.5616,22.599,22.5616,22.599,457,0
LALT.US,60,20251216,200000,22.64,22.64,22.62,22.62,1637,0
LALT.US,60,20251216,210000,22.64,22.64,22.6274,22.6355,1500,0
LALT.US,60,20251216,220000,22.66,22.66,22.66,22.66,1200,0
LALT.US,60,20251217,170000,22.99,22.99,22.99,22.99,200,0
LALT.US,60,20251217,190000,22.6101,22.6101,22.6101,22.6101,823,0
LALT.US,60,20251217,200000,22.66,22.69,22.6596,22.67,5640,0
LALT.US,60,20251217,210000,22.65,22.68,22.65,22.68,6110,0
LALT.US,60,20251217,220000,22.69,22.69,22.69,22.69,102,0
LALT.US,60,20251218,180000,22.7,22.7,22.7,22.7,97332,0
LALT.US,60,20251218,210000,22.67,22.67,22.664,22.664,417,0
LALT.US,60,20251219,160000,22.72,22.73,22.7199,22.73,2000,0
LALT.US,60,20251219,180000,22.74,22.74,22.7,22.7,12127,0
LALT.US,60,20251219,190000,22.74,22.75,22.67,22.67,4086,0
LALT.US,60,20251219,200000,22.75,22.75,22.71,22.72,1793,0
LALT.US,60,20251219,210000,22.72,22.74,22.72,22.72,4600,0
LALT.US,60,20251219,220000,22.68,22.75,22.68,22.75,2993,0
LALT.US,60,20251222,160000,22.8299,22.83,22.796,22.796,2250,0
LALT.US,60,20251222,170000,22.78,22.78,22.78,22.78,203,0
LALT.US,60,20251222,190000,22.83,22.84,22.83,22.84,218,0
LALT.US,60,20251222,200000,22.75,22.8,22.75,22.8,420,0
LALT.US,60,20251222,210000,22.77,22.92,22.77,22.92,3832,0
LALT.US,60,20251222,220000,22.84,22.94,22.8,22.8499,6706,0
LALT.US,60,20251223,160000,22.83,22.83,22.83,22.83,219,0
LALT.US,60,20251223,170000,22.77,22.8143,22.77,22.8143,600,0
LALT.US,60,20251223,210000,22.89,22.93,22.85,22.9012,3863,0
LALT.US,60,20251224,190000,22.87,22.87,22.87,22.87,585,0
LALT.US,60,20251226,170000,22.89,22.89,22.89,22.89,100,0
LALT.US,60,20251226,210000,22.96,22.97,22.9599,22.9599,1274,0
LALT.US,60,20251226,220000,22.93,22.93,22.93,22.93,100,0
