<TICKER>,<PER>,<DATE>,<TIME>,<OPEN>,<HIGH>,<LOW>,<CLOSE>,<VOL>,<OPENINT>
OVF.US,60,20240412,190000,24.26,24.26,24.015,24.015,305,0
OVF.US,60,20240412,210000,23.86,23.885,23.86,23.8704,2292,0
OVF.US,60,20240415,220000,23.6789,23.6789,23.6789,23.6789,731,0
OVF.US,60,20240417,170000,23.23,23.23,23.23,23.23,109,0
OVF.US,60,20240417,180000,23.29,23.29,23.29,23.29,100,0
OVF.US,60,20240417,200000,23.3499,23.37,23.3297,23.345,4547,0
OVF.US,60,20240417,210000,23.36,23.36,23.36,23.36,100,0
OVF.US,60,20240417,220000,23.35,23.35,23.35,23.35,3300,0
OVF.US,60,20240419,180000,23.5,23.51,23.25,23.25,21160,0
OVF.US,60,20240419,190000,23.18,23.18,23.1711,23.1711,200,0
OVF.US,60,20240422,210000,23.51,23.51,23.51,23.51,197,0
OVF.US,60,20240423,200000,23.82,23.82,23.73,23.73,41029,0
OVF.US,60,20240424,190000,23.6732,23.72,23.62,23.62,5089,0
OVF.US,60,20240424,220000,23.75,23.75,23.75,23.75,211,0
OVF.US,60,20240425,200000,23.62,23.62,23.61,23.62,2035,0
OVF.US,60,20240425,220000,23.606,23.606,23.606,23.606,511,0
OVF.US,60,20240426,170000,23.87,23.8701,23.87,23.8701,710,0
OVF.US,60,20240426,190000,23.89,23.8901,23.88,23.88,1290,0
OVF.US,60,20240426,200000,23.88,23.88,23.88,23.88,744,0
OVF.US,60,20240429,170000,24,24,24,24,100,0
OVF.US,60,20240429,220000,24.01,24.048,24.01,24.048,1384,0
OVF.US,60,20240430,160000,23.94,23.9401,23.94,23.9401,1130,0
OVF.US,60,20240501,170000,23.99,23.99,23.59,23.59,700,0
OVF.US,60,20240501,220000,23.755,23.755,23.755,23.755,276,0
OVF.US,60,20240502,160000,23.86,23.86,23.86,23.86,100,0
OVF.US,60,20240502,170000,23.84,23.84,23.84,23.84,100,0
OVF.US,60,20240502,180000,23.94,23.9681,23.94,23.9681,2572,0
OVF.US,60,20240502,210000,23.9921,24.0789,23.9921,24.07,6323,0
OVF.US,60,20240502,220000,23.9815,24.15,23.9815,24.15,554,0
OVF.US,60,20240507,210000,24.535,24.6,24.535,24.6,418,0
OVF.US,60,20240508,180000,24.45,24.51,24.44,24.51,17231,0
OVF.US,60,20240509,210000,24.7065,24.7065,24.7065,24.7065,332,0
OVF.US,60,20240510,160000,24.77,24.77,24.77,24.77,1000,0
OVF.US,60,20240510,190000,24.73,24.7761,24.72,24.7761,5226,0
OVF.US,60,20240513,200000,24.85,24.85,24.85,24.85,1818,0
OVF.US,60,20240514,210000,25,25,24.995,24.995,2015,0
OVF.US,60,20240520,200000,25.355,25.355,25.355,25.355,312,0
OVF.US,60,20240522,170000,25.1985,25.1985,25.1985,25.1985,1054,0
OVF.US,60,20240523,210000,24.85,24.888,24.85,24.888,782,0
OVF.US,60,20240523,220000,24.85,24.85,24.85,24.85,264,0
OVF.US,60,20240524,180000,25.1,25.1,25.1,25.1,100,0
OVF.US,60,20240524,190000,25.2,25.22,25.2,25.22,499,0
OVF.US,60,20240529,180000,25.259,25.259,24.78,24.78,1971,0
OVF.US,60,20240529,190000,24.7,24.7,24.7,24.7,900,0
OVF.US,60,20240529,210000,24.77,24.77,24.67,24.7,695,0
OVF.US,60,20240529,220000,24.74,24.74,24.71,24.725,748,0
OVF.US,60,20240530,210000,24.8999,24.8999,24.8999,24.8999,497,0
OVF.US,60,20240604,190000,24.702,24.925,24.702,24.925,901,0
OVF.US,60,20240605,200000,25.2,25.2,25.2,25.2,343,0
OVF.US,60,20240605,210000,25.141,25.141,25.141,25.141,255,0
OVF.US,60,20240606,220000,25.225,25.32,25.225,25.32,1202,0
OVF.US,60,20240607,180000,25.09,25.09,25.09,25.09,6217,0
OVF.US,60,20240607,190000,25.0811,25.0811,25.0811,25.0811,776,0
OVF.US,60,20240610,210000,25.15,25.15,25.13,25.14,2181,0
OVF.US,60,20240611,160000,24.74,24.74,24.71,24.72,14000,0
OVF.US,60,20240611,200000,24.7527,24.7527,24.7527,24.7527,277,0
OVF.US,60,20240611,210000,24.8,24.8,24.8,24.8,200,0
OVF.US,60,20240612,190000,25.29,25.29,25.241,25.241,16931,0
OVF.US,60,20240612,220000,25.17,25.17,25.05,25.05,2054,0
OVF.US,60,20240613,200000,24.7335,24.7335,24.73,24.73,593,0
OVF.US,60,20240614,170000,24.56,24.64,24.435,24.6,8091,0
OVF.US,60,20240614,180000,24.6,24.6,24.6,24.6,100,0
OVF.US,60,20240614,210000,24.57,24.57,24.57,24.57,112,0
OVF.US,60,20240617,200000,24.7984,24.7984,24.7984,24.7984,551,0
OVF.US,60,20240617,210000,24.89,24.89,24.89,24.89,730,0
OVF.US,60,20240617,220000,24.9,24.9,24.78,24.78,1993,0
OVF.US,60,20240618,180000,24.9043,24.9043,24.9043,24.9043,1850,0
OVF.US,60,20240618,220000,24.89,24.89,24.89,24.89,100,0
OVF.US,60,20240620,170000,25.04,25.04,25.04,25.04,200,0
OVF.US,60,20240621,180000,24.92,24.92,24.6825,24.77,5928,0
OVF.US,60,20240621,190000,24.75,24.81,24.74,24.74,4405,0
OVF.US,60,20240621,200000,24.86,24.86,24.8341,24.8341,1438,0
OVF.US,60,20240621,210000,24.72,24.72,24.71,24.71,836,0
OVF.US,60,20240625,170000,24.87,24.87,24.87,24.87,260,0
OVF.US,60,20240625,220000,24.92,24.92,24.92,24.92,416,0
OVF.US,60,20240626,200000,24.8525,24.8525,24.85,24.85,800,0
OVF.US,60,20240627,190000,24.8012,24.8012,24.8012,24.8012,197,0
OVF.US,60,20240627,210000,24.83,24.83,24.83,24.83,376,0
OVF.US,60,20240627,220000,24.9399,24.9399,24.86,24.86,1340,0
OVF.US,60,20240628,170000,25.05,25.05,25.05,25.05,100,0
OVF.US,60,20240701,160000,24.83,25.012,24.83,25.01,1721,0
OVF.US,60,20240701,200000,24.9505,24.9625,24.9505,24.9625,400,0
OVF.US,60,20240701,210000,24.87,25,24.87,25,347,0
OVF.US,60,20240702,200000,25.01,25.08,24.88,25.08,4508,0
OVF.US,60,20240702,210000,25.02,25.02,25.02,25.02,211,0
OVF.US,60,20240705,160000,25.17,25.17,25.05,25.05,300,0
OVF.US,60,20240705,170000,25.01,25.075,25,25.075,1639,0
OVF.US,60,20240705,180000,25.01,25.01,25.01,25.01,100,0
OVF.US,60,20240705,190000,25.125,25.125,25.1,25.1,600,0
OVF.US,60,20240705,200000,25.1,25.12,25.095,25.12,300,0
OVF.US,60,20240705,210000,25.135,25.15,25.135,25.15,300,0
OVF.US,60,20240705,220000,25.17,25.17,25.17,25.17,100,0
OVF.US,60,20240708,190000,25.03,25.03,25.0274,25.0274,441,0
OVF.US,60,20240709,170000,24.8501,24.8501,24.8501,24.8501,219,0
OVF.US,60,20240709,190000,24.9238,24.9238,24.9238,24.9238,176,0
OVF.US,60,20240709,200000,24.935,24.935,24.935,24.935,123,0
OVF.US,60,20240710,180000,25.09,25.21,25.08,25.21,468,0
OVF.US,60,20240710,190000,25.2,25.27,25.2,25.27,600,0
OVF.US,60,20240710,210000,25.2,25.2,25.2,25.2,200,0
OVF.US,60,20240715,220000,25.46,25.46,25.46,25.46,145,0
OVF.US,60,20240716,190000,25.36,25.36,25.36,25.36,100,0
OVF.US,60,20240716,220000,25.46,25.46,25.44,25.46,847,0
OVF.US,60,20240717,180000,25.28,25.28,25.28,25.28,400,0
OVF.US,60,20240718,200000,25.27,25.27,25.15,25.16,957,0
OVF.US,60,20240719,180000,24.8845,24.8845,24.8845,24.8845,400,0
OVF.US,60,20240719,190000,24.9131,24.9131,24.9131,24.9131,1175,0
OVF.US,60,20240719,220000,24.88,24.88,24.88,24.88,100,0
OVF.US,60,20240722,160000,24.92,25.04,24.92,25.04,900,0
OVF.US,60,20240722,190000,25.03,25.04,24.99,24.99,742,0
OVF.US,60,20240722,200000,25.1599,25.16,25.04,25.04,2178,0
OVF.US,60,20240722,210000,25.12,25.13,25.11,25.13,500,0
OVF.US,60,20240723,180000,24.96,24.96,24.96,24.96,239,0
OVF.US,60,20240724,160000,24.8135,24.8135,24.8135,24.8135,325,0
OVF.US,60,20240725,190000,24.6299,24.6299,24.6299,24.6299,332,0
OVF.US,60,20240726,170000,24.7099,24.7099,24.65,24.65,800,0
OVF.US,60,20240726,200000,24.7216,24.7216,24.7216,24.7216,194,0
OVF.US,60,20240729,210000,24.6235,24.6235,24.6235,24.6235,184,0
OVF.US,60,20240730,180000,24.56,24.56,24.56,24.56,165,0
OVF.US,60,20240730,190000,24.576,24.576,24.576,24.576,521,0
OVF.US,60,20240730,200000,24.57,24.57,24.57,24.57,100,0
OVF.US,60,20240731,190000,25.11,25.11,25.11,25.11,277,0
OVF.US,60,20240731,220000,25.0001,25.05,25.0001,25.05,921,0
OVF.US,60,20240801,210000,24.27,24.27,24.27,24.27,1741,0
OVF.US,60,20240801,220000,24.4,24.405,24.4,24.405,362,0
OVF.US,60,20240802,160000,24.1,24.1,24.1,24.1,143,0
OVF.US,60,20240805,180000,23.38,23.38,23.32,23.32,480,0
OVF.US,60,20240805,200000,23.32,23.3651,23.32,23.3651,202,0
OVF.US,60,20240807,170000,23.81,23.81,23.81,23.81,100,0
OVF.US,60,20240808,200000,23.93,23.93,23.9,23.9,673,0
OVF.US,60,20240808,210000,23.982,23.982,23.982,23.982,251,0
OVF.US,60,20240809,170000,23.974,23.974,23.974,23.974,161,0
OVF.US,60,20240809,180000,24.025,24.03,23.985,23.985,1071,0
OVF.US,60,20240809,190000,23.9299,23.9299,23.9299,23.9299,415,0
OVF.US,60,20240809,220000,24.04,24.04,24.04,24.04,100,0
OVF.US,60,20240814,180000,24.3707,24.57,24.3707,24.56,3234,0
OVF.US,60,20240814,220000,24.6,24.61,24.52,24.54,2407,0
OVF.US,60,20240815,210000,24.97,24.97,24.97,24.97,100,0
OVF.US,60,20240815,220000,24.9008,24.9008,24.9008,24.9008,365,0
OVF.US,60,20240816,170000,25.05,25.05,25.05,25.05,208,0
OVF.US,60,20240816,180000,25.038,25.038,25.038,25.038,226,0
OVF.US,60,20240819,210000,25.41,25.4699,25.38,25.4699,10489,0
OVF.US,60,20240820,220000,25.42,25.42,25.3225,25.3225,692,0
OVF.US,60,20240821,180000,25.48,25.52,25.48,25.5199,450,0
OVF.US,60,20240822,170000,25.46,25.46,25.46,25.46,202,0
OVF.US,60,20240822,210000,25.4,25.4,25.39,25.39,200,0
OVF.US,60,20240822,220000,25.4,25.4,25.33,25.33,740,0
OVF.US,60,20240823,170000,25.82,25.82,25.82,25.82,187,0
OVF.US,60,20240826,190000,25.65,25.7,25.65,25.7,1035,0
OVF.US,60,20240826,220000,25.72,25.72,25.72,25.72,400,0
OVF.US,60,20240827,180000,25.785,25.83,25.785,25.7872,933,0
OVF.US,60,20240827,200000,25.86,25.86,25.832,25.832,575,0
OVF.US,60,20240827,220000,25.8002,25.8002,25.8,25.8,794,0
OVF.US,60,20240828,180000,25.78,25.78,25.7799,25.7799,306,0
OVF.US,60,20240828,200000,25.69,25.69,25.67,25.67,385,0
OVF.US,60,20240828,210000,25.548,25.5726,25.548,25.5726,776,0
OVF.US,60,20240828,220000,25.6525,25.6525,25.6525,25.6525,210,0
OVF.US,60,20240829,180000,25.85,25.85,25.7645,25.8492,369,0
OVF.US,60,20240829,200000,25.8848,25.903,25.8848,25.903,2572,0
OVF.US,60,20240829,220000,25.8,25.8,25.8,25.8,400,0
OVF.US,60,20240904,180000,25.3401,25.3401,25.3401,25.3401,127,0
OVF.US,60,20240904,210000,25.22,25.22,25.22,25.22,349,0
OVF.US,60,20240905,170000,25.3201,25.3501,25.3201,25.3501,1914,0
OVF.US,60,20240905,190000,25.2037,25.2037,25.2037,25.2037,169,0
OVF.US,60,20240905,220000,25.26,25.26,25.26,25.26,300,0
OVF.US,60,20240909,200000,24.98,24.98,24.98,24.98,200,0
OVF.US,60,20240909,210000,24.96,24.96,24.96,24.96,1685,0
OVF.US,60,20240909,220000,24.98,24.98,24.98,24.98,805,0
OVF.US,60,20240910,180000,24.7526,24.7526,24.7526,24.7526,595,0
OVF.US,60,20240910,220000,24.92,24.92,24.92,24.92,103,0
OVF.US,60,20240911,180000,24.76,24.76,24.76,24.76,318,0
OVF.US,60,20240912,170000,25.1,25.12,25.1,25.12,4149,0
OVF.US,60,20240912,210000,25.26,25.26,25.26,25.26,100,0
OVF.US,60,20240913,160000,25.435,25.48,25.435,25.4542,4856,0
OVF.US,60,20240913,180000,25.4463,25.4463,25.4463,25.4463,1752,0
OVF.US,60,20240913,210000,25.43,25.43,25.43,25.43,255,0
OVF.US,60,20240913,220000,25.45,25.45,25.45,25.45,249,0
OVF.US,60,20240916,170000,25.54,25.54,25.53,25.53,1869,0
OVF.US,60,20240916,210000,25.52,25.52,25.52,25.52,100,0
OVF.US,60,20240916,220000,25.64,25.64,25.64,25.64,511,0
OVF.US,60,20240917,190000,25.52,25.5267,25.4415,25.4415,886,0
OVF.US,60,20240917,200000,25.49,25.5,25.4899,25.5,3111,0
OVF.US,60,20240917,220000,25.4562,25.49,25.4562,25.49,347,0
OVF.US,60,20240918,200000,25.425,25.425,25.425,25.425,396,0
OVF.US,60,20240918,210000,25.69,25.69,25.69,25.69,200,0
OVF.US,60,20240919,220000,25.5,25.9999,25.5,25.9999,2639,0
OVF.US,60,20240920,180000,25.72,25.72,25.7057,25.72,2174,0
OVF.US,60,20240920,210000,25.75,25.75,25.75,25.75,100,0
OVF.US,60,20240923,190000,25.85,25.85,25.85,25.85,100,0
OVF.US,60,20240923,220000,25.91,25.91,25.91,25.91,900,0
OVF.US,60,20240924,200000,26.09,26.1082,26.09,26.1082,3124,0
OVF.US,60,20240924,210000,26.09,26.0901,26.085,26.09,4899,0
OVF.US,60,20240924,220000,26.125,26.125,26.0901,26.0901,833,0
OVF.US,60,20240925,170000,26.1,26.1,26.1,26.1,435,0
OVF.US,60,20240925,180000,26.13,26.13,26.07,26.07,6179,0
OVF.US,60,20240925,200000,26.04,26.04,26.04,26.04,200,0
OVF.US,60,20240926,170000,26.55,26.55,26.55,26.55,1740,0
OVF.US,60,20240926,180000,26.59,26.59,26.53,26.53,1494,0
OVF.US,60,20240926,190000,26.6,26.6,26.56,26.56,853,0
OVF.US,60,20240926,200000,26.58,26.64,26.58,26.625,1131,0
OVF.US,60,20240926,210000,26.65,26.65,26.6201,26.6201,263,0
OVF.US,60,20240927,180000,26.65,26.65,26.65,26.65,200,0
OVF.US,60,20240927,200000,26.56,26.56,26.56,26.56,200,0
OVF.US,60,20240927,210000,26.49,26.49,26.49,26.49,200,0
OVF.US,60,20240930,180000,26.42,26.42,26.42,26.42,200,0
OVF.US,60,20240930,190000,26.375,26.4,26.375,26.3999,403,0
OVF.US,60,20240930,200000,26.399,26.41,26.3899,26.4094,7300,0
OVF.US,60,20240930,210000,26.365,26.365,26.3,26.3001,400,0
OVF.US,60,20240930,220000,26.3196,26.43,26.2913,26.43,5455,0
OVF.US,60,20241001,190000,26.16,26.16,26.16,26.16,200,0
OVF.US,60,20241002,170000,26.23,26.23,26.23,26.23,200,0
OVF.US,60,20241002,190000,26.29,26.29,26.2877,26.29,3690,0
OVF.US,60,20241003,170000,25.92,25.92,25.92,25.92,200,0
OVF.US,60,20241003,190000,25.9,25.9,25.9,25.9,100,0
OVF.US,60,20241003,220000,25.86,25.89,25.86,25.89,1053,0
OVF.US,60,20241004,170000,26.02,26.02,26.02,26.02,200,0
OVF.US,60,20241004,180000,26.07,26.07,26.01,26.01,200,0
OVF.US,60,20241004,190000,26.07,26.07,26.02,26.02,1134,0
OVF.US,60,20241004,200000,26.07,26.1,26.05,26.06,14396,0
OVF.US,60,20241004,210000,26.085,26.085,26.085,26.085,100,0
OVF.US,60,20241004,220000,26.105,26.125,26.105,26.125,200,0
OVF.US,60,20241007,180000,26.05,26.05,26.045,26.045,672,0
OVF.US,60,20241007,210000,26.04,26.04,25.97,25.97,200,0
OVF.US,60,20241008,180000,25.83,25.8545,25.83,25.8545,12744,0
OVF.US,60,20241008,190000,25.83,25.9,25.83,25.9,47708,0
OVF.US,60,20241008,200000,25.8301,25.8301,25.8,25.8,10600,0
OVF.US,60,20241008,220000,25.8988,25.9072,25.8988,25.8988,300,0
OVF.US,60,20241009,180000,25.8999,25.91,25.8745,25.8745,1271,0
OVF.US,60,20241009,220000,25.92,25.92,25.92,25.92,584,0
OVF.US,60,20241010,160000,25.75,25.78,25.7,25.78,508,0
OVF.US,60,20241010,170000,25.79,25.79,25.77,25.78,700,0
OVF.US,60,20241010,180000,25.78,25.84,25.78,25.84,986,0
OVF.US,60,20241010,190000,25.86,25.86,25.82,25.82,1086,0
OVF.US,60,20241010,200000,25.805,25.87,25.805,25.835,1006,0
OVF.US,60,20241010,210000,25.87,25.87,25.85,25.85,792,0
OVF.US,60,20241010,220000,25.83,25.9,25.83,25.9,818,0
OVF.US,60,20241011,180000,25.96,25.96,25.96,25.96,137,0
OVF.US,60,20241014,160000,25.99,25.99,25.99,25.99,205,0
OVF.US,60,20241014,200000,26,26,26,26,148,0
OVF.US,60,20241014,220000,26.055,26.1,26.055,26.0665,3499,0
OVF.US,60,20241015,170000,25.87,25.87,25.87,25.87,100,0
OVF.US,60,20241015,210000,25.65,25.65,25.59,25.59,770,0
OVF.US,60,20241015,220000,25.61,25.61,25.61,25.61,125,0
OVF.US,60,20241016,210000,25.74,25.74,25.735,25.735,237,0
OVF.US,60,20241017,180000,25.8,25.8,25.771753,25.771753,689,0
OVF.US,60,20241017,210000,25.74,25.74,25.74,25.74,200,0
OVF.US,60,20241017,220000,25.7,25.73,25.7,25.73,1658,0
OVF.US,60,20241018,200000,25.91,25.91,25.91,25.91,254,0
OVF.US,60,20241018,210000,25.92,25.92,25.915,25.915,451,0
OVF.US,60,20241018,220000,25.92,25.92,25.92,25.92,174,0
OVF.US,60,20241021,160000,25.78,25.78,25.78,25.78,285,0
OVF.US,60,20241021,170000,25.7,25.7,25.59,25.59,424,0
OVF.US,60,20241021,210000,25.57,25.6292,25.55,25.559,1786,0
OVF.US,60,20241021,220000,25.62,25.64,25.62,25.64,400,0
OVF.US,60,20241023,200000,25.46,25.46,25.09,25.09,264,0
OVF.US,60,20241023,220000,25.1,25.13,25.1,25.13,277,0
OVF.US,60,20241024,190000,25.15,25.15,25.15,25.15,548,0
OVF.US,60,20241024,210000,25.16,25.1601,25.16,25.1601,200,0
OVF.US,60,20241024,220000,25.24,25.269,25.23,25.23,3922,0
OVF.US,60,20241025,170000,25.385,25.385,25.385,25.385,271,0
OVF.US,60,20241025,180000,25.3118,25.3118,25.3118,25.3118,3083,0
OVF.US,60,20241025,200000,25.21,25.21,25.21,25.21,100,0
OVF.US,60,20241028,210000,25.35,25.35,25.35,25.35,100,0
OVF.US,60,20241029,160000,25.29,25.29,25.29,25.29,200,0
OVF.US,60,20241029,170000,25.255,25.255,25.255,25.255,345,0
OVF.US,60,20241029,180000,25.25,25.25,25.24,25.25,1202,0
OVF.US,60,20241029,200000,25.264,25.264,25.264,25.264,819,0
OVF.US,60,20241030,160000,25.19,25.19,25.19,25.19,200,0
OVF.US,60,20241030,170000,25.22,25.2299,25.22,25.2299,444,0
OVF.US,60,20241030,180000,25.17,25.17,25.17,25.17,100,0
OVF.US,60,20241030,190000,25.12,25.12,25.12,25.12,100,0
OVF.US,60,20241031,160000,24.76,24.76,24.73,24.73,200,0
OVF.US,60,20241031,170000,24.7187,24.7187,24.7187,24.7187,766,0
OVF.US,60,20241104,180000,25.02,25.03,24.9,24.9,1372,0
OVF.US,60,20241104,220000,24.87,24.87,24.87,24.87,200,0
OVF.US,60,20241105,190000,25.215,25.215,25.215,25.215,778,0
OVF.US,60,20241105,200000,25.19,25.19,25.19,25.19,100,0
OVF.US,60,20241106,170000,24.92,24.92,24.92,24.92,379,0
OVF.US,60,20241106,180000,24.9063,24.9063,24.9063,24.9063,500,0
OVF.US,60,20241106,190000,24.92,24.935,24.92,24.935,1633,0
OVF.US,60,20241106,210000,25,25,25,25,100,0
OVF.US,60,20241107,180000,25.39,25.39,25.39,25.39,200,0
OVF.US,60,20241107,210000,25.38,25.38,25.38,25.38,100,0
OVF.US,60,20241107,220000,25.43,25.43,25.4299,25.4299,1276,0
OVF.US,60,20241108,180000,25.01,25.01,25.0099,25.0099,2270,0
OVF.US,60,20241108,190000,24.95,24.95,24.9499,24.9499,5930,0
OVF.US,60,20241108,200000,25.035,25.035,24.99,24.99,200,0
OVF.US,60,20241108,220000,25.03,25.03,25.03,25.03,100,0
OVF.US,60,20241111,190000,25.06,25.06,25.06,25.06,100,0
OVF.US,60,20241111,220000,25.0291,25.0291,25.0201,25.0201,599,0
OVF.US,60,20241112,170000,24.63,24.63,24.63,24.63,100,0
OVF.US,60,20241112,190000,24.46,24.46,24.46,24.46,100,0
OVF.US,60,20241112,210000,24.5401,24.5797,24.54,24.5797,1761,0
OVF.US,60,20241113,170000,24.3791,24.3791,24.3791,24.3791,200,0
OVF.US,60,20241113,190000,24.4501,24.4501,24.4501,24.4501,1702,0
OVF.US,60,20241113,210000,24.4464,24.4464,24.3601,24.3601,452,0
OVF.US,60,20241114,180000,24.579,24.58,24.56,24.58,900,0
OVF.US,60,20241114,190000,24.53,24.53,24.53,24.53,100,0
OVF.US,60,20241114,220000,24.42,24.42,24.42,24.42,200,0
OVF.US,60,20241115,170000,24.23,24.23,24.2186,24.2199,4476,0
OVF.US,60,20241115,190000,24.18,24.18,24.18,24.18,100,0
OVF.US,60,20241115,200000,24.18,24.18,24.12,24.1201,376,0
OVF.US,60,20241118,180000,24.3259,24.3259,24.3259,24.3259,167,0
OVF.US,60,20241118,200000,24.38,24.41,24.38,24.41,1061,0
OVF.US,60,20241118,210000,24.37,24.37,24.3652,24.3699,542,0
OVF.US,60,20241118,220000,24.3667,24.3667,24.3667,24.3667,1644,0
OVF.US,60,20241119,180000,24.36,24.36,24.3599,24.3599,1010,0
OVF.US,60,20241119,200000,24.33,24.33,24.33,24.33,100,0
OVF.US,60,20241120,170000,24.1,24.1,24.1,24.1,100,0
OVF.US,60,20241120,180000,24.15,24.15,24.15,24.15,100,0
OVF.US,60,20241120,200000,24.18,24.18,24.18,24.18,100,0
OVF.US,60,20241121,170000,24.26,24.26,24.26,24.26,100,0
OVF.US,60,20241121,180000,24.25,24.25,24.25,24.25,100,0
OVF.US,60,20241122,160000,24.2802,24.2802,24.2802,24.2802,455,0
OVF.US,60,20241122,210000,24.44,24.44,24.44,24.44,100,0
OVF.US,60,20241125,170000,24.58,24.58,24.58,24.58,305,0
OVF.US,60,20241125,190000,24.52,24.52,24.52,24.52,100,0
OVF.US,60,20241125,200000,24.5739,24.5739,24.5739,24.5739,165,0
OVF.US,60,20241125,220000,24.6136,24.6136,24.6136,24.6136,290,0
OVF.US,60,20241126,170000,24.43,24.43,24.43,24.43,200,0
OVF.US,60,20241126,180000,24.42,24.42,24.42,24.42,284,0
OVF.US,60,20241126,220000,24.48,24.48,24.48,24.48,103,0
OVF.US,60,20241127,160000,24.27,24.557,24.27,24.557,1234,0
OVF.US,60,20241127,170000,24.52,24.52,24.52,24.52,100,0
OVF.US,60,20241127,190000,24.5399,24.54,24.5399,24.5399,5082,0
OVF.US,60,20241127,200000,24.58,24.58,24.5714,24.5714,3254,0
OVF.US,60,20241127,210000,24.555,24.555,24.54,24.54,1772,0
OVF.US,60,20241129,170000,24.73,24.77,24.73,24.7699,932,0
OVF.US,60,20241202,180000,24.878,24.878,24.878,24.878,180,0
OVF.US,60,20241203,170000,25,25,25,25,100,0
OVF.US,60,20241203,180000,25.06,25.06,25.02,25.05,2396,0
OVF.US,60,20241203,220000,25.081,25.1,25.081,25.1,460,0
OVF.US,60,20241204,190000,25.15,25.1501,25.15,25.1501,200,0
OVF.US,60,20241205,200000,25.27,25.27,25.27,25.27,100,0
OVF.US,60,20241205,210000,25.26,25.26,25.26,25.26,200,0
OVF.US,60,20241205,220000,25.25,25.2501,25.25,25.2501,1444,0
OVF.US,60,20241206,170000,25.29,25.29,25.29,25.29,100,0
OVF.US,60,20241206,190000,25.25,25.25,25.2399,25.2399,576,0
OVF.US,60,20241206,200000,25.24,25.26,25.2299,25.26,6650,0
OVF.US,60,20241206,210000,25.24,25.24,25.24,25.24,100,0
OVF.US,60,20241206,220000,25.22,25.22,25.22,25.22,118,0
OVF.US,60,20241209,170000,25.47,25.47,25.45,25.45,200,0
OVF.US,60,20241209,210000,25.41,25.41,25.4,25.4,400,0
OVF.US,60,20241209,220000,25.3,25.3,25.26,25.3,400,0
OVF.US,60,20241210,170000,25.103,25.103,25.103,25.103,104,0
OVF.US,60,20241210,180000,25.08,25.08,25.08,25.08,200,0
OVF.US,60,20241210,190000,25.03,25.049,25.03,25.049,508,0
OVF.US,60,20241210,210000,25.05,25.0501,25.01,25.01,44113,0
OVF.US,60,20241210,220000,24.99,25.03,24.99,25.03,396,0
OVF.US,60,20241211,180000,25.1105,25.1105,25.1105,25.1105,166,0
OVF.US,60,20241211,190000,25.18,25.18,25.18,25.18,43442,0
OVF.US,60,20241211,200000,25.21,25.21,25.21,25.21,37635,0
OVF.US,60,20241211,220000,25.2,25.2,25.16,25.16,24754,0
OVF.US,60,20241212,180000,25.0516,25.0516,25.03,25.0301,899,0
OVF.US,60,20241213,220000,24.92,24.92,24.83,24.83,270,0
OVF.US,60,20241217,170000,24.69,24.69,24.69,24.69,226,0
OVF.US,60,20241220,220000,24.67,24.67,24,24.01,4817,0
OVF.US,60,20241223,180000,23.928,23.928,23.928,23.928,243,0
OVF.US,60,20241223,210000,24.06,24.06,24.06,24.06,100,0
OVF.US,60,20241224,170000,23.64,23.64,23.64,23.64,213,0
OVF.US,60,20241224,180000,23.62,23.645,23.62,23.62,1252,0
OVF.US,60,20241226,160000,23.69,23.72,23.69,23.72,1396,0
OVF.US,60,20241226,170000,23.75,23.8,23.7399,23.7837,2330,0
OVF.US,60,20241226,180000,23.82,23.82,23.81,23.81,300,0
OVF.US,60,20241226,190000,23.84,23.84,23.78,23.78,387,0
OVF.US,60,20241226,200000,23.81,23.82,23.8,23.8,489,0
OVF.US,60,20241226,210000,23.79,23.82,23.79,23.82,578,0
OVF.US,60,20241226,220000,23.77,23.77,23.77,23.77,2000,0
OVF.US,60,20241227,170000,23.63,23.63,23.63,23.63,100,0
OVF.US,60,20241227,180000,23.72,23.72,23.7199,23.7199,2204,0
OVF.US,60,20241227,200000,23.595,23.66,23.595,23.66,1366,0
OVF.US,60,20241227,210000,23.65,23.69,23.65,23.69,5156,0
OVF.US,60,20241227,220000,23.68,23.68,23.61,23.61,257,0
OVF.US,60,20241230,190000,23.44,23.45,23.44,23.45,400,0
OVF.US,60,20241230,200000,23.55,23.55,23.55,23.55,100,0
OVF.US,60,20241230,210000,23.53,23.53,23.53,23.53,200,0
OVF.US,60,20241230,220000,23.5165,23.5165,23.5165,23.5165,120,0
OVF.US,60,20241231,170000,23.54,23.5701,23.54,23.5701,324,0
OVF.US,60,20241231,190000,23.43,23.43,23.43,23.43,100,0
OVF.US,60,20250102,170000,23.47,23.47,23.47,23.47,100,0
OVF.US,60,20250102,220000,23.35,23.35,23.35,23.35,579,0
OVF.US,60,20250103,200000,23.5284,23.5284,23.52,23.52,1106,0
OVF.US,60,20250106,160000,23.84,23.84,23.84,23.84,896,0
OVF.US,60,20250106,170000,23.84,23.84,23.84,23.84,100,0
OVF.US,60,20250106,180000,23.95,23.95,23.95,23.95,155,0
OVF.US,60,20250106,210000,23.7701,23.7701,23.7701,23.7701,428,0
OVF.US,60,20250106,220000,23.81,23.81,23.81,23.81,202,0
OVF.US,60,20250107,170000,23.79,23.79,23.79,23.79,100,0
OVF.US,60,20250107,190000,23.78,23.79,23.7799,23.7799,3796,0
OVF.US,60,20250107,200000,23.78,23.7942,23.775,23.775,2673,0
OVF.US,60,20250107,220000,23.69,23.69,23.69,23.69,100,0
OVF.US,60,20250108,160000,23.44,23.44,23.44,23.44,1056,0
OVF.US,60,20250108,210000,23.58,23.58,23.5725,23.5725,1759,0
OVF.US,60,20250108,220000,23.555,23.555,23.555,23.555,1663,0
OVF.US,60,20250110,180000,23.1531,23.1531,23.1507,23.1507,506,0
OVF.US,60,20250110,190000,23.09,23.09,23.09,23.09,107,0
OVF.US,60,20250110,220000,23.1101,23.1101,23.11,23.11,368,0
OVF.US,60,20250114,170000,23.17,23.17,23.17,23.17,100,0
OVF.US,60,20250115,180000,23.4597,23.4597,23.4597,23.4597,609,0
OVF.US,60,20250115,200000,23.51,23.51,23.5013,23.5013,10890,0
OVF.US,60,20250121,170000,23.58,24.13,23.58,24.1299,6658,0
OVF.US,60,20250121,180000,24.13,24.14,24.13,24.14,10200,0
OVF.US,60,20250123,220000,24.2505,24.43,24.2505,24.43,3774,0
OVF.US,60,20250124,170000,24.59,24.59,24.58,24.58,2588,0
OVF.US,60,20250124,200000,24.64,24.64,24.64,24.64,100,0
OVF.US,60,20250127,190000,24.3001,24.32,24.3001,24.32,296,0
OVF.US,60,20250128,200000,24.38,24.3801,24.38,24.3801,962,0
OVF.US,60,20250129,220000,24.42,24.42,24.42,24.42,1428,0
OVF.US,60,20250130,170000,24.7328,24.7328,24.7328,24.7328,112,0
OVF.US,60,20250130,200000,24.79,24.79,24.7899,24.7899,212,0
OVF.US,60,20250130,220000,24.85,24.85,24.7,24.7699,4077,0
OVF.US,60,20250131,170000,24.78,24.78,24.7799,24.7799,1668,0
OVF.US,60,20250131,180000,24.8086,24.8086,24.8086,24.8086,1280,0
OVF.US,60,20250131,190000,24.8,24.8899,24.8,24.8899,600,0
OVF.US,60,20250203,160000,24,24,24,24,6200,0
OVF.US,60,20250205,180000,24.79,24.85,24.79,24.85,725,0
OVF.US,60,20250205,210000,24.8,24.8,24.8,24.8,103,0
OVF.US,60,20250206,220000,24.91,24.91,24.91,24.91,1000,0
OVF.US,60,20250207,190000,24.72,24.81,24.72,24.81,7817,0
OVF.US,60,20250207,220000,24.75,24.75,24.75,24.75,296,0
OVF.US,60,20250210,210000,24.93,24.93,24.93,24.93,101,0
OVF.US,60,20250211,180000,24.9501,25,24.95,24.95,2021,0
OVF.US,60,20250211,200000,24.99,24.99,24.99,24.99,107,0
OVF.US,60,20250211,210000,24.98,24.98,24.98,24.98,123,0
OVF.US,60,20250211,220000,24.98,24.98,24.98,24.98,1144,0
OVF.US,60,20250212,180000,24.96,24.96,24.96,24.96,176,0
OVF.US,60,20250212,190000,25.08,25.14,25.07,25.07,13021,0
OVF.US,60,20250212,210000,25.02,25.149,25.02,25.149,456,0
OVF.US,60,20250212,220000,25.13,25.14,25.051,25.051,2824,0
OVF.US,60,20250213,190000,25.3335,25.3335,25.3335,25.3335,243,0
OVF.US,60,20250213,220000,25.4299,25.4299,25.4299,25.4299,136,0
OVF.US,60,20250218,170000,25.6896,25.6896,25.6896,25.6896,701,0
OVF.US,60,20250218,210000,25.62,25.63,25.6032,25.6032,1470,0
OVF.US,60,20250218,220000,25.59,25.59,25.57,25.58,2664,0
OVF.US,60,20250219,180000,25.3999,25.4155,25.35,25.38,2116,0
OVF.US,60,20250219,190000,25.4383,25.4383,25.38,25.38,476,0
OVF.US,60,20250219,210000,25.41,25.41,25.41,25.41,140,0
OVF.US,60,20250219,220000,25.45,25.45,25.45,25.45,1373,0
OVF.US,60,20250220,170000,25.47,25.47,25.47,25.47,100,0
OVF.US,60,20250220,180000,25.47,25.47,25.47,25.47,258,0
OVF.US,60,20250220,190000,25.42,25.52,25.42,25.4915,1545,0
OVF.US,60,20250221,170000,25.5,25.5,25.43,25.43,511,0
OVF.US,60,20250221,220000,25.3499,25.3499,25.3037,25.3037,410,0
OVF.US,60,20250224,190000,25.34,25.34,25.34,25.34,200,0
OVF.US,60,20250224,200000,25.34,25.34,25.34,25.34,300,0
OVF.US,60,20250224,210000,25.33,25.34,25.28,25.28,1150,0
OVF.US,60,20250224,220000,25.28,25.28,25.25,25.26,1350,0
OVF.US,60,20250225,170000,25.24,25.24,25.24,25.24,1018,0
OVF.US,60,20250225,200000,25.325,25.325,25.32,25.32,2087,0
OVF.US,60,20250225,210000,25.3266,25.3266,25.3266,25.3266,115,0
OVF.US,60,20250225,220000,25.365,25.365,25.365,25.365,200,0
OVF.US,60,20250226,190000,25.54,25.54,25.54,25.54,100,0
OVF.US,60,20250227,200000,25.28,25.28,25.28,25.28,875,0
OVF.US,60,20250228,190000,25.005,25.005,25.005,25.005,503,0
OVF.US,60,20250228,210000,24.905,24.905,24.905,24.905,710,0
OVF.US,60,20250228,220000,24.88,24.8801,24.88,24.8801,1038,0
OVF.US,60,20250303,180000,25.395,25.395,25.395,25.395,793,0
OVF.US,60,20250303,200000,25.38,25.38,25.38,25.38,100,0
OVF.US,60,20250303,210000,25.35,25.35,25.35,25.35,245,0
OVF.US,60,20250304,170000,24.83,24.89,24.83,24.89,1466,0
OVF.US,60,20250304,200000,24.94,24.94,24.94,24.94,161,0
OVF.US,60,20250305,180000,25.54,25.54,25.481,25.52,535,0
OVF.US,60,20250305,190000,25.55,25.5849,25.55,25.57,1267,0
OVF.US,60,20250306,170000,25.68,25.68,25.68,25.68,127,0
OVF.US,60,20250306,180000,25.73,25.73,25.73,25.73,100,0
OVF.US,60,20250306,220000,25.54,25.54,25.44,25.44,1637,0
OVF.US,60,20250307,180000,25.43,25.43,25.41,25.41,6186,0
OVF.US,60,20250307,200000,25.69,25.69,25.69,25.69,100,0
OVF.US,60,20250311,210000,25.69,25.6927,25,25,1290,0
OVF.US,60,20250313,190000,25.11,25.11,24.8796,24.8796,2585,0
OVF.US,60,20250314,200000,25.39,25.39,25.39,25.39,190,0
OVF.US,60,20250317,190000,25.701,25.71,25.68,25.68,1727,0
OVF.US,60,20250317,200000,25.8131,25.8131,25.8131,25.8131,283,0
OVF.US,60,20250317,210000,25.83,25.83,25.83,25.83,100,0
OVF.US,60,20250318,150000,25.59,25.59,25.57,25.57,1300,0
OVF.US,60,20250318,170000,25.5538,25.64,25.5538,25.6399,646,0
OVF.US,60,20250318,190000,25.7099,25.7099,25.7099,25.7099,391,0
OVF.US,60,20250318,210000,25.71,25.71,25.71,25.71,403,0
OVF.US,60,20250319,200000,25.74,25.74,25.74,25.74,100,0
OVF.US,60,20250320,180000,25.5631,25.5631,25.5631,25.5631,174,0
OVF.US,60,20250324,170000,25.51,25.51,25.51,25.51,1334,0
OVF.US,60,20250324,180000,25.503,25.503,25.503,25.503,413,0
OVF.US,60,20250324,200000,25.56,25.56,25.525,25.525,1203,0
OVF.US,60,20250325,170000,25.72,25.72,25.67,25.67,200,0
OVF.US,60,20250325,190000,25.735,25.735,25.6401,25.6401,2314,0
OVF.US,60,20250325,210000,25.7,25.7,25.61,25.7,3133,0
OVF.US,60,20250326,170000,25.49,25.49,25.49,25.49,100,0
OVF.US,60,20250326,190000,25.2893,25.2893,25.245,25.245,405,0
OVF.US,60,20250326,200000,25.34,25.34,25.3399,25.3399,210,0
OVF.US,60,20250327,160000,25.3601,25.3601,25.3601,25.3601,150,0
OVF.US,60,20250327,210000,25.39,25.39,25.39,25.39,280,0
OVF.US,60,20250328,170000,24.845,24.845,24.82,24.8201,1360,0
OVF.US,60,20250331,190000,24.8105,24.8105,24.3901,24.3901,958,0
OVF.US,60,20250401,170000,24.75,24.75,24.75,24.75,1693,0
OVF.US,60,20250401,180000,24.72,24.72,24.72,24.72,793,0
OVF.US,60,20250401,220000,24.692,24.692,24.692,24.692,189,0
OVF.US,60,20250402,210000,24.65,24.696,24.65,24.696,470,0
OVF.US,60,20250402,220000,24.84,24.84,24.84,24.84,2991,0
OVF.US,60,20250403,170000,24.1965,24.1965,24.1965,24.1965,177,0
OVF.US,60,20250404,190000,24.25,24.25,22.56,22.57,2339,0
OVF.US,60,20250404,200000,22.59,22.59,22.52,22.52,544,0
OVF.US,60,20250407,190000,21.72,21.72,21.72,21.72,100,0
OVF.US,60,20250407,210000,22.01,22.01,22.01,22.01,1811,0
OVF.US,60,20250408,180000,22.441,22.441,22.44,22.44,500,0
OVF.US,60,20250408,190000,22.2,22.2,22.2,22.2,200,0
OVF.US,60,20250408,200000,22.05,22.05,21.96,21.96,200,0
OVF.US,60,20250408,210000,21.93,21.9652,21.89,21.925,2579,0
OVF.US,60,20250408,220000,21.705,21.705,21.705,21.705,100,0
OVF.US,60,20250409,180000,21.7404,21.7404,21.7404,21.7404,143,0
OVF.US,60,20250409,190000,21.69,21.69,21.69,21.69,307,0
OVF.US,60,20250409,200000,21.92,21.92,21.92,21.92,100,0
OVF.US,60,20250409,210000,23.3,23.3,23.3,23.3,300,0
OVF.US,60,20250410,170000,22.94,22.94,22.94,22.94,100,0
OVF.US,60,20250410,180000,22.99,22.99,22.97,22.97,915,0
OVF.US,60,20250410,220000,23.0999,23.0999,22.84,22.84,1000,0
OVF.US,60,20250411,190000,23.5,23.5,23.37,23.4744,767,0
OVF.US,60,20250414,170000,24.0299,24.0299,24.0299,24.0299,197,0
OVF.US,60,20250414,190000,23.72,23.72,23.72,23.72,480,0
OVF.US,60,20250414,200000,23.88,23.91,23.841,23.91,818,0
OVF.US,60,20250414,220000,24.02,24.02,23.95,23.95,15329,0
OVF.US,60,20250415,170000,24.12,24.12,24.12,24.12,200,0
OVF.US,60,20250415,180000,24.11,24.11,24.11,24.11,187,0
OVF.US,60,20250415,210000,24.0464,24.05,24.0464,24.05,498,0
OVF.US,60,20250415,220000,24.1,24.1,24.1,24.1,100,0
OVF.US,60,20250416,180000,24.13,24.13,24.13,24.13,100,0
OVF.US,60,20250416,210000,23.8312,23.94,23.8312,23.86,7439,0
OVF.US,60,20250417,200000,24.21,24.21,24.21,24.21,1690,0
OVF.US,60,20250417,220000,24.2693,24.2693,24.17,24.17,812,0
OVF.US,60,20250421,160000,24.21,24.21,24.21,24.21,100,0
OVF.US,60,20250421,180000,23.89,23.89,23.88,23.88,267,0
OVF.US,60,20250421,200000,23.81,23.81,23.81,23.81,1243,0
OVF.US,60,20250421,220000,23.97,23.99,23.97,23.99,300,0
OVF.US,60,20250422,170000,24.51,24.51,24.51,24.51,100,0
OVF.US,60,20250422,200000,24.47,24.4741,24.47,24.4741,788,0
OVF.US,60,20250422,220000,24.56,24.56,24.56,24.56,200,0
OVF.US,60,20250423,180000,24.74,24.74,24.74,24.74,137,0
OVF.US,60,20250423,200000,24.68,24.68,24.6696,24.6696,367,0
OVF.US,60,20250424,210000,24.6448,24.9799,24.6448,24.97,1142,0
OVF.US,60,20250424,220000,24.9785,24.9785,24.9785,24.9785,454,0
OVF.US,60,20250425,190000,25.05,25.05,25.05,25.05,100,0
OVF.US,60,20250425,220000,25.06,25.06,25.06,25.06,485,0
OVF.US,60,20250428,170000,25.13,25.15,25.13,25.15,291,0
OVF.US,60,20250428,180000,25.14,25.15,25.085,25.085,2897,0
OVF.US,60,20250428,190000,25.11,25.11,25.083,25.1,1491,0
OVF.US,60,20250429,220000,25.1901,25.35,25.17,25.35,816,0
OVF.US,60,20250430,170000,25.07,25.07,25.07,25.07,127,0
OVF.US,60,20250430,180000,25.2204,25.2204,25.2204,25.2204,198,0
OVF.US,60,20250430,200000,25.2,25.2,25.2,25.2,233,0
OVF.US,60,20250430,220000,25.2497,25.2497,25.2497,25.2497,173,0
OVF.US,60,20250501,180000,25.37,25.37,25.28,25.28,853,0
OVF.US,60,20250501,210000,25.31,25.32,25.2901,25.2901,1476,0
OVF.US,60,20250501,220000,25.3357,25.34,25.3357,25.34,549,0
OVF.US,60,20250502,210000,25.77,25.77,25.77,25.77,516,0
OVF.US,60,20250505,180000,25.91,25.91,25.86,25.86,957,0
OVF.US,60,20250505,190000,25.83,25.8301,25.83,25.8301,668,0
OVF.US,60,20250505,210000,25.857,25.91,25.857,25.8844,2189,0
OVF.US,60,20250505,220000,25.85,25.85,25.85,25.85,100,0
OVF.US,60,20250506,170000,25.82,25.82,25.82,25.82,100,0
OVF.US,60,20250506,180000,25.86,25.88,25.81,25.81,552,0
OVF.US,60,20250506,190000,25.83,25.83,25.83,25.83,100,0
OVF.US,60,20250506,220000,25.8,25.86,25.8,25.86,200,0
OVF.US,60,20250507,170000,25.7322,25.7322,25.71,25.71,431,0
OVF.US,60,20250507,180000,25.66,25.66,25.66,25.66,100,0
OVF.US,60,20250507,190000,25.66,25.66,25.66,25.66,100,0
OVF.US,60,20250507,200000,25.71,25.71,25.71,25.71,100,0
OVF.US,60,20250507,210000,25.66,25.66,25.66,25.66,100,0
OVF.US,60,20250508,220000,25.66,25.72,25.63,25.66,55896,0
OVF.US,60,20250509,170000,25.8,25.8,25.8,25.8,300,0
OVF.US,60,20250509,190000,25.77,25.78,25.77,25.78,1423,0
OVF.US,60,20250509,200000,25.71,25.71,25.71,25.71,207,0
OVF.US,60,20250509,210000,25.785,25.785,25.785,25.785,246,0
OVF.US,60,20250509,220000,25.76,25.76,25.76,25.76,100,0
OVF.US,60,20250512,170000,25.95,25.95,25.87,25.9,355,0
OVF.US,60,20250512,180000,25.96,25.961,25.93,25.9301,742,0
OVF.US,60,20250512,200000,25.99,25.99,25.99,25.99,300,0
OVF.US,60,20250512,210000,25.97,25.97,25.97,25.97,606,0
OVF.US,60,20250513,220000,26.005,26.16,26,26,12332,0
OVF.US,60,20250514,170000,26.08,26.08,26.08,26.08,100,0
OVF.US,60,20250514,180000,26.1299,26.1299,26.1,26.1092,1572,0
OVF.US,60,20250514,190000,26.04,26.05,26.04,26.05,1191,0
OVF.US,60,20250514,210000,26.0168,26.0168,26.0068,26.0068,615,0
OVF.US,60,20250514,220000,26.04,26.04,26.02,26.02,312,0
OVF.US,60,20250515,170000,26.11,26.11,26.0872,26.0872,358,0
OVF.US,60,20250515,190000,26.229,26.229,26.15,26.15,988,0
OVF.US,60,20250515,200000,26.24,26.24,26.23,26.23,631,0
OVF.US,60,20250516,160000,26.26,26.26,26.26,26.26,467,0
OVF.US,60,20250516,210000,26.32,26.33,26.32,26.33,2200,0
OVF.US,60,20250516,220000,26.34,26.34,26.34,26.34,100,0
OVF.US,60,20250519,160000,26.35,26.35,26.35,26.35,100,0
OVF.US,60,20250519,180000,26.48,26.48,26.48,26.48,455,0
OVF.US,60,20250519,190000,26.41,26.47,26.41,26.47,705,0
OVF.US,60,20250519,200000,26.47,26.49,26.45,26.45,2945,0
OVF.US,60,20250519,220000,26.56,26.56,26.56,26.56,440,0
OVF.US,60,20250521,180000,26.52,26.71,26.52,26.71,613,0
OVF.US,60,20250521,190000,26.76,26.76,26.75,26.75,1497,0
OVF.US,60,20250521,210000,26.59,26.59,26.505,26.53,26562,0
OVF.US,60,20250521,220000,26.42,26.42,26.42,26.42,100,0
OVF.US,60,20250527,200000,26.82,26.82,26.81,26.82,500,0
OVF.US,60,20250527,210000,26.83,26.83,26.74,26.83,6171,0
OVF.US,60,20250528,190000,26.54,26.54,26.54,26.54,1452,0
OVF.US,60,20250528,210000,26.59,26.59,26.59,26.59,1142,0
OVF.US,60,20250528,220000,26.5501,26.5501,26.5007,26.5007,281,0
OVF.US,60,20250530,210000,26.6,26.62,26.57,26.6,2451,0
OVF.US,60,20250602,160000,26.63,26.63,26.63,26.63,100,0
OVF.US,60,20250602,170000,26.79,26.79,26.79,26.79,200,0
OVF.US,60,20250602,180000,26.775,26.81,26.745,26.76,3438,0
OVF.US,60,20250602,200000,26.7676,26.7676,26.7676,26.7676,225,0
OVF.US,60,20250602,220000,26.89,26.91,26.89,26.91,1157,0
OVF.US,60,20250603,190000,26.74,26.74,26.74,26.74,328,0
OVF.US,60,20250603,200000,26.76,26.76,26.76,26.76,655,0
OVF.US,60,20250603,220000,26.7803,26.81,26.7803,26.81,4915,0
OVF.US,60,20250604,170000,26.95,26.9998,26.95,26.9998,542,0
OVF.US,60,20250604,180000,26.94,26.94,26.94,26.94,123,0
OVF.US,60,20250604,190000,26.9825,26.9825,26.9825,26.9825,472,0
OVF.US,60,20250605,170000,27.0001,27.0001,27.0001,27.0001,263,0
OVF.US,60,20250605,200000,27.03,27.03,27.03,27.03,100,0
OVF.US,60,20250605,220000,26.99,26.99,26.91,26.91,865,0
OVF.US,60,20250606,160000,27.045,27.045,27.045,27.045,114,0
OVF.US,60,20250609,180000,27.11,27.12,27.095,27.1,3436,0
OVF.US,60,20250609,190000,27.139,27.14,27.13,27.13,11011,0
OVF.US,60,20250609,200000,27.18,27.18,27.18,27.18,1420,0
OVF.US,60,20250609,220000,27.1301,27.1301,27.1301,27.1301,471,0
OVF.US,60,20250611,170000,27.3,27.31,27.27,27.27,3600,0
OVF.US,60,20250611,190000,27.2558,27.28,27.2558,27.28,871,0
OVF.US,60,20250611,200000,27.2784,27.31,27.2784,27.29,857,0
OVF.US,60,20250612,210000,27.37,27.37,27.37,27.37,100,0
OVF.US,60,20250613,220000,26.941,26.96,26.9,26.91,1629,0
OVF.US,60,20250616,160000,27.23,27.26,27.21,27.24,2200,0
OVF.US,60,20250616,170000,27.29,27.33,27.29,27.33,1100,0
OVF.US,60,20250616,180000,27.28,27.31,27.27,27.27,1100,0
OVF.US,60,20250616,190000,27.3,27.3,27.27,27.3,700,0
OVF.US,60,20250616,200000,27.22,27.24,27.2,27.22,1951,0
OVF.US,60,20250616,210000,27.18,27.2,27.18,27.2,300,0
OVF.US,60,20250616,220000,27.16,27.16,27.16,27.16,1586,0
OVF.US,60,20250617,200000,26.83,26.83,26.8033,26.8033,1377,0
OVF.US,60,20250617,210000,26.76,26.82,26.75,26.75,2237,0
OVF.US,60,20250618,170000,26.9214,26.9214,26.9214,26.9214,606,0
OVF.US,60,20250618,180000,26.99,26.99,26.99,26.99,7020,0
OVF.US,60,20250618,190000,26.96,26.96,26.9344,26.9503,617,0
OVF.US,60,20250618,210000,26.94,26.94,26.94,26.94,292,0
OVF.US,60,20250618,220000,26.8393,26.88,26.8349,26.8799,2315,0
OVF.US,60,20250620,160000,26.84,26.84,26.84,26.84,100,0
OVF.US,60,20250620,170000,26.83,26.91,26.83,26.91,300,0
OVF.US,60,20250620,180000,26.75,26.75,26.75,26.75,200,0
OVF.US,60,20250620,190000,26.75,26.75,26.75,26.75,200,0
OVF.US,60,20250620,200000,26.68,26.68,26.68,26.68,100,0
OVF.US,60,20250620,210000,26.71,26.74,26.71,26.72,300,0
OVF.US,60,20250620,220000,26.69,26.69,26.6425,26.6425,1284,0
OVF.US,60,20250623,170000,26.72,26.72,26.67,26.72,900,0
OVF.US,60,20250623,180000,26.75,26.75,26.75,26.75,100,0
OVF.US,60,20250623,200000,26.7099,26.7099,26.7099,26.7099,450,0
OVF.US,60,20250623,220000,26.875,26.875,26.875,26.875,4056,0
OVF.US,60,20250624,190000,27.24,27.24,27.23,27.23,763,0
OVF.US,60,20250624,220000,27.31,27.31,27.31,27.31,100,0
OVF.US,60,20250625,180000,27.14,27.14,27.14,27.14,100,0
OVF.US,60,20250625,200000,27.17,27.18,27.09,27.106,10126,0
OVF.US,60,20250625,210000,27.15,27.16,27.06,27.08,7859,0
OVF.US,60,20250625,220000,27.156,27.19,27.156,27.19,4109,0
OVF.US,60,20250626,180000,27.44,27.44,27.44,27.44,100,0
OVF.US,60,20250627,170000,27.65,27.67,27.65,27.67,802,0
OVF.US,60,20250627,180000,27.68,27.77,27.68,27.77,3508,0
OVF.US,60,20250627,190000,27.78,27.78,27.77,27.77,302,0
OVF.US,60,20250627,200000,27.75,27.75,27.57,27.57,4864,0
OVF.US,60,20250627,210000,27.66,27.66,27.53,27.5799,1118,0
OVF.US,60,20250627,220000,27.62,28.47,27.62,27.7,963,0
OVF.US,60,20250630,160000,27.53,27.53,27.53,27.53,300,0
OVF.US,60,20250630,170000,27.64,27.64,27.625,27.625,436,0
OVF.US,60,20250630,180000,27.68,27.68,27.66,27.66,900,0
OVF.US,60,20250630,190000,27.7,27.7,27.69,27.69,1191,0
OVF.US,60,20250630,200000,27.72,27.72,27.68,27.68,300,0
OVF.US,60,20250630,210000,27.66,27.71,27.66,27.71,200,0
OVF.US,60,20250630,220000,27.75,27.77,27.75,27.77,4641,0
OVF.US,60,20250701,160000,27.6597,27.6597,27.64,27.64,308,0
OVF.US,60,20250701,210000,27.705,27.705,27.705,27.705,180,0
OVF.US,60,20250701,220000,27.6964,27.74,27.65,27.65,2429,0
OVF.US,60,20250702,180000,27.72,27.72,27.6922,27.6976,3015,0
OVF.US,60,20250702,190000,27.7287,27.77,27.724,27.7495,4053,0
OVF.US,60,20250702,200000,27.76,27.77,27.71,27.77,2964,0
OVF.US,60,20250702,210000,27.77,27.79,27.74,27.765,7174,0
OVF.US,60,20250702,220000,27.79,27.81,27.78,27.81,1400,0
OVF.US,60,20250703,180000,27.33,27.33,27.33,27.33,418,0
OVF.US,60,20250707,160000,27.1846,27.1846,27.11,27.11,606,0
OVF.US,60,20250707,170000,27.15,27.15,27.15,27.15,2769,0
OVF.US,60,20250707,180000,27.135,27.135,27.135,27.135,219,0
OVF.US,60,20250707,190000,27.12,27.12,27.03,27.03,200,0
OVF.US,60,20250707,200000,27.05,27.05,27.05,27.05,100,0
OVF.US,60,20250707,220000,27.05,27.05,27.01,27.025,1664,0
OVF.US,60,20250708,170000,27.13,27.13,27.13,27.13,100,0
OVF.US,60,20250708,190000,27.1931,27.1931,27.1931,27.1931,421,0
OVF.US,60,20250708,200000,27.21,27.21,27.21,27.21,100,0
OVF.US,60,20250708,210000,27.22,27.22,27.22,27.22,524,0
OVF.US,60,20250708,220000,27.26,27.26,27.26,27.26,100,0
OVF.US,60,20250709,180000,27.3215,27.3215,27.3215,27.3215,126,0
OVF.US,60,20250709,190000,27.325,27.35,27.325,27.35,468,0
OVF.US,60,20250709,200000,27.3767,27.3767,27.3767,27.3767,1263,0
OVF.US,60,20250710,170000,27.33,27.33,27.33,27.33,200,0
OVF.US,60,20250710,180000,27.389,27.389,27.3717,27.3717,450,0
OVF.US,60,20250710,190000,27.43,27.435,27.43,27.43,805,0
OVF.US,60,20250710,200000,27.4,27.45,27.4,27.45,817,0
OVF.US,60,20250710,210000,27.46,27.46,27.45,27.45,400,0
OVF.US,60,20250710,220000,27.46,27.47,27.46,27.46,1000,0
OVF.US,60,20250711,190000,27.2,27.2,27.2,27.2,201,0
OVF.US,60,20250711,210000,27.21,27.21,27.21,27.21,207,0
OVF.US,60,20250711,220000,27.18,27.18,27.18,27.18,241,0
OVF.US,60,20250714,170000,27.22,27.22,27.17,27.18,400,0
OVF.US,60,20250714,180000,27.185,27.22,27.185,27.22,988,0
OVF.US,60,20250714,190000,27.19,27.19,27.19,27.19,100,0
OVF.US,60,20250714,200000,27.23,27.23,27.23,27.23,1000,0
OVF.US,60,20250714,210000,27.2331,27.2331,27.2331,27.2331,667,0
OVF.US,60,20250714,220000,27.24,27.24,27.225,27.225,592,0
OVF.US,60,20250715,170000,27.1665,27.1665,27.082,27.082,1846,0
OVF.US,60,20250715,180000,27.06,27.06,27.06,27.06,100,0
OVF.US,60,20250716,170000,26.96,26.9935,26.96,26.9935,476,0
OVF.US,60,20250716,180000,27.06,27.06,27.06,27.06,591,0
OVF.US,60,20250716,190000,27.02,27.02,27.02,27.02,100,0
OVF.US,60,20250716,200000,27.1267,27.17,27.1267,27.14,1875,0
OVF.US,60,20250716,220000,27.16,27.16,27.16,27.16,40302,0
OVF.US,60,20250717,170000,27.17,27.2,27.17,27.2,1200,0
OVF.US,60,20250717,190000,27.23,27.23,27.23,27.23,100,0
OVF.US,60,20250717,210000,27.21,27.27,27.21,27.27,879,0
OVF.US,60,20250717,220000,27.2701,27.2701,27.2701,27.2701,141,0
OVF.US,60,20250718,200000,27.24,27.24,27.24,27.24,258,0
OVF.US,60,20250718,210000,27.23,27.23,27.23,27.23,133,0
OVF.US,60,20250721,180000,27.54,27.54,27.5,27.5,1046,0
OVF.US,60,20250721,190000,27.4997,27.4997,27.4997,27.4997,241,0
OVF.US,60,20250721,220000,27.44,27.44,27.44,27.44,810,0
OVF.US,60,20250722,190000,27.4779,27.4779,27.4779,27.4779,136,0
OVF.US,60,20250722,200000,27.51,27.51,27.4926,27.4926,2126,0
OVF.US,60,20250722,210000,27.51,27.55,27.51,27.55,1205,0
OVF.US,60,20250722,220000,27.57,27.6,27.53,27.59,5439,0
OVF.US,60,20250723,170000,27.9337,27.9337,27.9337,27.9337,400,0
OVF.US,60,20250723,180000,27.95,28.01,27.88,28.01,600,0
OVF.US,60,20250723,190000,28.04,28.04,28.04,28.04,100,0
OVF.US,60,20250723,200000,28.0586,28.0586,28.0586,28.0586,227,0
OVF.US,60,20250724,180000,27.97,27.97,27.97,27.97,100,0
OVF.US,60,20250724,190000,27.94,27.94,27.94,27.94,154,0
OVF.US,60,20250724,200000,28.02,28.02,28.02,28.02,658,0
OVF.US,60,20250725,170000,27.75,27.75,27.75,27.75,100,0
OVF.US,60,20250725,190000,27.87,27.89,27.87,27.88,8008,0
OVF.US,60,20250725,200000,27.9092,27.9092,27.9092,27.9092,192,0
OVF.US,60,20250725,210000,27.84,27.93,27.84,27.85,2282,0
OVF.US,60,20250728,180000,27.52,27.6199,27.51,27.52,835,0
OVF.US,60,20250728,210000,27.43,27.44,27.42,27.44,1919,0
OVF.US,60,20250728,220000,27.5,27.5,27.5,27.5,100,0
OVF.US,60,20250729,190000,27.49,27.49,27.49,27.49,1139,0
OVF.US,60,20250729,210000,27.42,27.44,27.42,27.44,1823,0
OVF.US,60,20250729,220000,27.41,27.41,27.41,27.41,100,0
OVF.US,60,20250730,190000,27.31,27.31,27.31,27.31,100,0
OVF.US,60,20250730,220000,27.1809,27.1892,27.13,27.13,4102,0
OVF.US,60,20250731,170000,27.15,27.15,27.08,27.08,785,0
OVF.US,60,20250731,180000,27.1267,27.1267,27.1267,27.1267,1760,0
OVF.US,60,20250731,220000,26.99,26.99,26.99,26.99,111,0
OVF.US,60,20250801,200000,26.685,26.685,26.685,26.685,196,0
OVF.US,60,20250804,210000,27.19,27.19,27.13,27.13,200,0
OVF.US,60,20250804,220000,27.21,27.21,27.21,27.21,121,0
OVF.US,60,20250805,170000,27.17,27.17,27.15,27.15,632,0
OVF.US,60,20250805,190000,27.24,27.24,27.17,27.23,1195,0
OVF.US,60,20250805,210000,27.21,27.21,27.21,27.21,100,0
OVF.US,60,20250806,170000,27.28,27.28,27.28,27.28,200,0
OVF.US,60,20250806,200000,27.39,27.4,27.3722,27.3722,16188,0
OVF.US,60,20250807,170000,27.6,27.6,27.57,27.57,1000,0
OVF.US,60,20250807,180000,27.57,27.6027,27.57,27.6027,244,0
OVF.US,60,20250807,190000,27.58,27.58,27.58,27.58,100,0
OVF.US,60,20250807,200000,27.57,27.57,27.5576,27.5576,1290,0
OVF.US,60,20250807,210000,27.52,27.5285,27.5,27.5,311,0
OVF.US,60,20250807,220000,27.5355,27.5355,27.49,27.49,1571,0
OVF.US,60,20250808,180000,27.75,27.76,27.75,27.76,1800,0
OVF.US,60,20250808,200000,27.8,27.83,27.8,27.83,400,0
OVF.US,60,20250808,210000,27.83,27.83,27.81,27.83,600,0
OVF.US,60,20250808,220000,27.81,27.85,27.78,27.85,800,0
OVF.US,60,20250811,170000,27.67,27.67,27.67,27.67,100,0
OVF.US,60,20250812,200000,27.99,28.015,27.98,28.0069,2616,0
OVF.US,60,20250812,210000,28,28.04,27.99,28.04,1430,0
OVF.US,60,20250813,180000,28.19,28.19,28.19,28.19,100,0
OVF.US,60,20250813,210000,28.19,28.2,28.14,28.2,1200,0
OVF.US,60,20250814,170000,28.0999,28.13,28.0999,28.13,812,0
OVF.US,60,20250814,180000,28.09,28.09,28.09,28.09,100,0
OVF.US,60,20250814,210000,28.0861,28.0861,28.0861,28.0861,868,0
OVF.US,60,20250814,220000,28.159,28.159,28.159,28.159,128,0
OVF.US,60,20250815,210000,28.2675,28.2675,28.2675,28.2675,187,0
OVF.US,60,20250818,170000,28.22,28.22,28.22,28.22,100,0
OVF.US,60,20250818,190000,28.2407,28.2407,28.19,28.19,251,0
OVF.US,60,20250818,200000,28.25,28.2699,28.24,28.24,1001,0
OVF.US,60,20250818,210000,28.24,28.24,28.19,28.215,939,0
OVF.US,60,20250818,220000,28.24,28.2401,28.24,28.2401,428,0
OVF.US,60,20250819,170000,28.34,28.34,28.3,28.3,206,0
OVF.US,60,20250819,210000,28.1373,28.1527,28.12,28.1527,783,0
OVF.US,60,20250819,220000,28.11,28.11,28.11,28.11,288,0
OVF.US,60,20250820,170000,28.1001,28.1001,28.1001,28.1001,157,0
OVF.US,60,20250820,180000,28.12,28.22,28.12,28.17,2111,0
OVF.US,60,20250820,220000,28.2,28.27,28.17,28.27,2674,0
OVF.US,60,20250821,170000,28.1242,28.1242,28.1242,28.1242,114,0
OVF.US,60,20250821,180000,28.09,28.09,28.09,28.09,100,0
OVF.US,60,20250821,200000,28.0722,28.0722,28.049,28.049,1091,0
OVF.US,60,20250821,210000,28.0855,28.0855,28.0855,28.0855,216,0
OVF.US,60,20250822,170000,28.54,28.57,28.54,28.57,500,0
OVF.US,60,20250822,180000,28.5956,28.5956,28.56,28.56,1117,0
OVF.US,60,20250822,190000,28.5599,28.5599,28.53,28.53,909,0
OVF.US,60,20250822,210000,28.57,28.57,28.56,28.56,2389,0
OVF.US,60,20250825,170000,28.45,28.45,28.45,28.45,200,0
OVF.US,60,20250825,200000,28.3599,28.3599,28.3599,28.3599,100,0
OVF.US,60,20250825,210000,28.31,28.31,28.31,28.31,1383,0
OVF.US,60,20250826,180000,28.1976,28.22,28.19,28.19,2497,0
OVF.US,60,20250826,190000,28.21,28.23,28.21,28.23,980,0
OVF.US,60,20250826,200000,28.19,28.19,28.19,28.19,100,0
OVF.US,60,20250827,170000,27.99,27.99,27.99,27.99,200,0
OVF.US,60,20250827,210000,28.16,28.17,28.16,28.16,600,0
OVF.US,60,20250827,220000,28.16,28.16,28.14,28.16,900,0
OVF.US,60,20250828,170000,28.24,28.24,28.24,28.24,161,0
OVF.US,60,20250828,180000,28.2599,28.27,28.23,28.23,1314,0
OVF.US,60,20250829,170000,28.09,28.09,28.09,28.09,100,0
OVF.US,60,20250829,180000,28.08,28.08,28.07,28.07,2995,0
OVF.US,60,20250829,210000,28.08,28.08,28.08,28.08,363,0
OVF.US,60,20250829,220000,28.09,28.09,28.09,28.09,100,0
OVF.US,60,20250902,180000,27.66,27.66,27.66,27.66,189,0
OVF.US,60,20250902,190000,27.66,27.68,27.653,27.68,1184,0
OVF.US,60,20250902,200000,27.74,27.74,27.74,27.74,193,0
OVF.US,60,20250903,180000,27.93,27.93,27.93,27.93,418,0
OVF.US,60,20250903,190000,27.9076,27.9076,27.9076,27.9076,254,0
OVF.US,60,20250903,200000,27.91,27.91,27.8705,27.8705,515,0
OVF.US,60,20250903,210000,27.89,27.91,27.8684,27.8684,454,0
OVF.US,60,20250903,220000,27.8638,27.8638,27.85,27.85,773,0
OVF.US,60,20250904,190000,28.01,28.013,28.0038,28.013,3564,0
OVF.US,60,20250904,200000,28.0176,28.05,28,28.05,1671,0
OVF.US,60,20250904,210000,28.06,28.06,28.01,28.01,1146,0
OVF.US,60,20250904,220000,28.0445,28.095,28.04,28.081,2381,0
OVF.US,60,20250905,170000,28.32,28.32,28.32,28.32,278,0
OVF.US,60,20250905,180000,28.19,28.19,28.19,28.19,300,0
OVF.US,60,20250905,190000,28.27,28.27,28.27,28.27,100,0
OVF.US,60,20250908,180000,28.52,28.52,28.52,28.52,200,0
OVF.US,60,20250908,190000,28.51,28.52,28.51,28.52,531,0
OVF.US,60,20250908,210000,28.52,28.53,28.52,28.53,496,0
OVF.US,60,20250910,170000,28.48,28.64,28.48,28.64,300,0
OVF.US,60,20250910,180000,28.62,28.62,28.62,28.62,100,0
OVF.US,60,20250910,200000,28.57,28.57,28.57,28.57,305,0
OVF.US,60,20250911,190000,28.87,28.87,28.87,28.87,771,0
OVF.US,60,20250911,220000,28.88,28.88,28.8762,28.8762,603,0
OVF.US,60,20250912,200000,28.813,28.813,28.813,28.813,623,0
OVF.US,60,20250912,220000,28.83,28.83,28.83,28.83,100,0
OVF.US,60,20250916,170000,28.98,29.01,28.98,29.01,200,0
OVF.US,60,20250916,210000,29.01,29.01,29.01,29.01,1793,0
OVF.US,60,20250916,220000,29.02,29.02,29,29.02,2854,0
OVF.US,60,20250918,170000,29,29.02,28.94,29.02,2476,0
OVF.US,60,20250918,180000,28.92,28.92,28.92,28.92,279,0
OVF.US,60,20250918,220000,29.01,29.01,29.01,29.01,488,0
OVF.US,60,20250919,210000,28.86,28.86,28.86,28.86,227,0
OVF.US,60,20250922,170000,28.85,28.8885,28.85,28.8885,605,0
OVF.US,60,20250922,200000,29.04,29.04,29.04,29.04,473,0
OVF.US,60,20250924,170000,28.911,28.911,28.911,28.911,214,0
OVF.US,60,20250924,220000,28.79,28.83,28.79,28.83,675,0
OVF.US,60,20250925,180000,28.471,28.471,28.471,28.471,350,0
OVF.US,60,20250926,170000,28.65,28.65,28.65,28.65,100,0
OVF.US,60,20250926,200000,28.6618,28.68,28.6618,28.68,5283,0
OVF.US,60,20250929,180000,28.91,28.92,28.875,28.91,21879,0
OVF.US,60,20250929,200000,28.79,28.79,28.79,28.79,322,0
OVF.US,60,20250929,210000,28.82,28.82,28.82,28.82,205,0
OVF.US,60,20250930,170000,28.8307,28.8307,28.8307,28.8307,745,0
OVF.US,60,20250930,190000,28.8845,28.8845,28.8845,28.8845,109,0
OVF.US,60,20250930,200000,28.92,28.92,28.92,28.92,468,0
OVF.US,60,20250930,220000,28.93,28.95,28.93,28.95,305,0
OVF.US,60,20251001,170000,29.1419,29.18,29.1419,29.18,428,0
OVF.US,60,20251001,200000,29.185,29.195,29.185,29.195,282,0
OVF.US,60,20251001,210000,29.2368,29.25,29.23,29.2499,609,0
OVF.US,60,20251001,220000,29.245,29.245,29.24,29.24,2292,0
OVF.US,60,20251002,170000,29.24,29.24,29.22,29.22,1110,0
OVF.US,60,20251002,190000,29.24,29.24,29.24,29.24,147,0
OVF.US,60,20251002,200000,29.2896,29.2896,29.2896,29.2896,964,0
OVF.US,60,20251002,210000,29.31,29.34,29.31,29.34,225,0
OVF.US,60,20251002,220000,29.3181,29.36,29.3181,29.33,923,0
OVF.US,60,20251003,190000,29.41,29.45,29.41,29.45,3486,0
OVF.US,60,20251006,170000,29.4334,29.4401,29.4334,29.4401,1296,0
OVF.US,60,20251006,180000,29.4794,29.4794,29.4794,29.4794,255,0
OVF.US,60,20251006,210000,29.5099,29.52,29.48,29.48,1198,0
OVF.US,60,20251006,220000,29.487,29.51,29.48,29.48,2390,0
OVF.US,60,20251007,170000,29.38,29.38,29.38,29.38,100,0
OVF.US,60,20251007,180000,29.308,29.32,29.298,29.298,2791,0
OVF.US,60,20251007,200000,29.27,29.27,29.25,29.25,1418,0
OVF.US,60,20251007,220000,29.2185,29.2185,29.2185,29.2185,293,0
OVF.US,60,20251008,180000,29.325,29.325,29.325,29.325,234,0
OVF.US,60,20251008,190000,29.2867,29.2867,29.282,29.282,3439,0
OVF.US,60,20251008,200000,29.28,29.28,29.28,29.28,307,0
OVF.US,60,20251008,210000,29.27,29.27,29.27,29.27,840,0
OVF.US,60,20251008,220000,29.311,29.34,29.311,29.3399,1689,0
OVF.US,60,20251009,170000,29.21,29.21,29.1764,29.1764,699,0
OVF.US,60,20251009,200000,29.07,29.07,29.07,29.07,100,0
OVF.US,60,20251009,210000,29.04,29.04,29.0307,29.0307,962,0
OVF.US,60,20251010,170000,29.0077,29.0077,29.0077,29.0077,1145,0
OVF.US,60,20251010,180000,28.72,28.72,28.64,28.64,200,0
OVF.US,60,20251010,200000,28.44,28.44,28.44,28.44,482,0
OVF.US,60,20251010,210000,28.41,28.45,28.41,28.45,666,0
OVF.US,60,20251010,220000,28.39,28.409,28.39,28.409,3484,0
OVF.US,60,20251013,170000,28.64,28.65,28.64,28.65,200,0
OVF.US,60,20251013,190000,28.754,28.84,28.754,28.83,11272,0
OVF.US,60,20251013,210000,28.765,28.82,28.765,28.8199,841,0
OVF.US,60,20251014,170000,28.6493,28.6493,28.6236,28.6236,343,0
OVF.US,60,20251014,180000,28.64,28.78,28.64,28.78,681,0
OVF.US,60,20251014,190000,28.8,28.9599,28.8,28.9599,2024,0
OVF.US,60,20251014,200000,28.88,28.91,28.88,28.8958,2371,0
OVF.US,60,20251014,210000,28.95,28.95,28.89,28.9,2812,0
OVF.US,60,20251014,220000,28.9,28.91,28.8,28.85,2937,0
OVF.US,60,20251015,180000,29.12,29.12,29.1,29.1,805,0
OVF.US,60,20251015,190000,29.09,29.09,29.09,29.09,100,0
OVF.US,60,20251015,200000,29.02,29.02,28.91,28.91,1262,0
OVF.US,60,20251015,220000,29.055,29.055,29.055,29.055,100,0
OVF.US,60,20251016,180000,29.28,29.28,29.26,29.26,200,0
OVF.US,60,20251016,190000,29.22,29.2774,29.17,29.17,1619,0
OVF.US,60,20251016,200000,29.21,29.24,29.21,29.24,200,0
OVF.US,60,20251016,220000,29.13,29.17,29.13,29.17,2600,0
OVF.US,60,20251017,170000,29.12,29.12,29.12,29.12,200,0
OVF.US,60,20251017,200000,29.09,29.09,29.09,29.09,420,0
OVF.US,60,20251020,190000,29.461,29.461,29.45,29.45,617,0
OVF.US,60,20251020,200000,29.47,29.47,29.47,29.47,691,0
OVF.US,60,20251020,220000,29.48,29.515,29.48,29.515,1480,0
OVF.US,60,20251021,170000,29.32,29.32,29.32,29.32,500,0
OVF.US,60,20251021,180000,29.345,29.345,29.345,29.345,100,0
OVF.US,60,20251021,190000,29.36,29.36,29.33,29.33,872,0
OVF.US,60,20251021,200000,29.3006,29.32,29.3,29.305,2837,0
OVF.US,60,20251021,210000,29.3,29.31,29.3,29.31,871,0
OVF.US,60,20251021,220000,29.28,29.3,29.27,29.3,2486,0
OVF.US,60,20251022,170000,29.29,29.29,29.29,29.29,100,0
OVF.US,60,20251022,180000,29.28,29.2999,29.28,29.2999,269,0
OVF.US,60,20251022,200000,29.18,29.18,29.1039,29.1039,221,0
OVF.US,60,20251023,170000,29.3575,29.3575,29.3575,29.3575,279,0
OVF.US,60,20251023,180000,29.34,29.34,29.34,29.34,100,0
OVF.US,60,20251023,210000,29.42,29.42,29.4,29.4,200,0
OVF.US,60,20251024,170000,29.48,29.48,29.48,29.48,100,0
OVF.US,60,20251024,180000,29.53,29.53,29.53,29.53,100,0
OVF.US,60,20251024,190000,29.481,29.5,29.481,29.5,727,0
OVF.US,60,20251027,150000,29.71,29.71,29.71,29.71,100,0
OVF.US,60,20251027,160000,29.7136,29.7136,29.7136,29.7136,127,0
OVF.US,60,20251027,190000,29.72,29.72,29.72,29.72,100,0
OVF.US,60,20251028,160000,29.7399,29.7399,29.7217,29.7217,261,0
OVF.US,60,20251029,170000,29.72,29.76,29.72,29.7405,2122,0
OVF.US,60,20251029,200000,29.72,29.72,29.61,29.61,200,0
OVF.US,60,20251030,170000,29.49,29.49,29.49,29.49,100,0
OVF.US,60,20251030,210000,29.45,29.45,29.45,29.45,100,0
OVF.US,60,20251031,160000,29.29,29.29,29.29,29.29,100,0
OVF.US,60,20251031,170000,29.315,29.315,29.315,29.315,189,0
OVF.US,60,20251031,180000,29.29,29.29,29.23,29.2301,630,0
OVF.US,60,20251031,190000,29.23,29.23,29.23,29.23,100,0
OVF.US,60,20251031,200000,29.2795,29.2844,29.2795,29.2844,2148,0
OVF.US,60,20251103,170000,29.29,29.29,29.29,29.29,100,0
OVF.US,60,20251103,220000,29.37,29.37,29.37,29.37,252,0
OVF.US,60,20251104,170000,29.09,29.09,29.09,29.09,200,0
OVF.US,60,20251104,180000,29.058,29.058,29.058,29.058,273,0
OVF.US,60,20251104,190000,29.08,29.09,29.02,29.02,1518,0
OVF.US,60,20251104,210000,28.96,28.96,28.9,28.9001,720,0
OVF.US,60,20251105,170000,29.09,29.09,29.09,29.09,200,0
OVF.US,60,20251105,190000,29.17,29.17,29.17,29.17,840,0
OVF.US,60,20251105,210000,29.17,29.1725,29.17,29.1725,242,0
OVF.US,60,20251105,220000,29.1706,29.1706,29.1706,29.1706,323,0
OVF.US,60,20251106,180000,28.94,28.94,28.94,28.94,701,0
OVF.US,60,20251106,200000,28.96,28.96,28.96,28.96,100,0
OVF.US,60,20251106,210000,29.05,29.05,29.0499,29.0499,400,0
OVF.US,60,20251106,220000,29.01,29.01,29.01,29.01,100,0
OVF.US,60,20251107,170000,28.79,28.79,28.79,28.79,100,0
OVF.US,60,20251107,180000,28.79,28.79,28.79,28.79,352,0
OVF.US,60,20251107,190000,28.7085,28.7085,28.7085,28.7085,776,0
OVF.US,60,20251107,220000,28.97,29,28.95,28.975,3039,0
OVF.US,60,20251110,170000,29.3394,29.3394,29.3394,29.3394,784,0
OVF.US,60,20251110,180000,29.23,29.23,29.23,29.23,380,0
OVF.US,60,20251111,160000,29.56,29.56,29.56,29.56,100,0
OVF.US,60,20251111,180000,29.59,29.59,29.59,29.59,100,0
OVF.US,60,20251111,190000,29.59,29.66,29.59,29.66,351,0
OVF.US,60,20251111,210000,29.69,29.7,29.664,29.68,3554,0
OVF.US,60,20251111,220000,29.686,29.7,29.686,29.7,449,0
OVF.US,60,20251112,160000,29.77,29.77,29.77,29.77,100,0
OVF.US,60,20251112,180000,29.76,29.76,29.76,29.76,100,0
OVF.US,60,20251112,210000,29.77,29.77,29.77,29.77,100,0
OVF.US,60,20251113,170000,29.69,29.69,29.61,29.61,300,0
OVF.US,60,20251113,180000,29.59,29.6,29.59,29.6,572,0
OVF.US,60,20251113,190000,29.6,29.6,29.57,29.57,831,0
OVF.US,60,20251113,200000,29.48,29.48,29.43,29.43,371,0
OVF.US,60,20251113,220000,29.37,29.42,29.37,29.42,214,0
OVF.US,60,20251114,160000,29.29,29.29,29.29,29.29,100,0
OVF.US,60,20251114,180000,29.34,29.34,29.34,29.34,100,0
OVF.US,60,20251114,190000,29.41,29.41,29.41,29.41,100,0
OVF.US,60,20251114,210000,29.36,29.36,29.36,29.36,200,0
OVF.US,60,20251117,170000,29.16,29.16,29.142,29.15,1322,0
OVF.US,60,20251117,180000,29.1,29.1101,29.06,29.1101,781,0
OVF.US,60,20251117,190000,29.18,29.18,29.18,29.18,100,0
OVF.US,60,20251117,200000,29.07,29.07,29.07,29.07,1541,0
OVF.US,60,20251117,210000,28.85,28.85,28.85,28.85,144,0
OVF.US,60,20251118,170000,28.49,28.49,28.49,28.49,100,0
OVF.US,60,20251118,200000,28.61,28.6435,28.6,28.6435,3175,0
OVF.US,60,20251119,170000,28.64,28.64,28.62,28.62,462,0
OVF.US,60,20251119,190000,28.38,28.38,28.38,28.38,702,0
OVF.US,60,20251120,180000,28.583,28.583,28.583,28.583,210,0
OVF.US,60,20251120,220000,28.06,28.06,28.0599,28.0599,400,0
OVF.US,60,20251121,200000,28.33,28.33,28.33,28.33,586,0
OVF.US,60,20251124,210000,28.57,28.57,28.57,28.57,200,0
OVF.US,60,20251124,220000,28.61,28.61,28.61,28.61,140,0
OVF.US,60,20251125,190000,28.83,28.88,28.83,28.88,744,0
OVF.US,60,20251125,220000,28.98,28.98,28.98,28.98,1143,0
OVF.US,60,20251126,190000,29.34,29.34,29.34,29.34,124,0
OVF.US,60,20251126,210000,29.3144,29.36,29.3144,29.36,395,0
OVF.US,60,20251202,170000,29.43,29.43,29.42,29.42,1318,0
OVF.US,60,20251202,180000,29.29,29.2961,29.29,29.2961,660,0
OVF.US,60,20251202,190000,29.31,29.31,29.31,29.31,210,0
OVF.US,60,20251202,210000,29.3101,29.3101,29.3101,29.3101,108,0
OVF.US,60,20251202,220000,29.43,29.43,29.3927,29.3927,9844,0
OVF.US,60,20251203,190000,29.4699,29.4699,29.441,29.441,724,0
OVF.US,60,20251203,210000,29.4901,29.4901,29.4901,29.4901,157,0
OVF.US,60,20251204,160000,29.665,29.665,29.665,29.665,226,0
OVF.US,60,20251204,210000,29.6158,29.6158,29.6158,29.6158,201,0
OVF.US,60,20251204,220000,29.6,29.6,29.6,29.6,100,0
OVF.US,60,20251205,180000,29.74,29.74,29.67,29.68,693,0
OVF.US,60,20251208,170000,29.57,29.57,29.57,29.57,100,0
OVF.US,60,20251208,180000,29.58,29.59,29.58,29.59,444,0
OVF.US,60,20251208,190000,29.55,29.55,29.549,29.549,329,0
OVF.US,60,20251208,200000,29.63,29.63,29.5645,29.59,421,0
OVF.US,60,20251209,170000,29.581,29.581,29.581,29.581,209,0
OVF.US,60,20251209,210000,29.553,29.553,29.553,29.553,150,0
OVF.US,60,20251209,220000,29.59,29.59,29.59,29.59,163,0
OVF.US,60,20251210,190000,29.64,29.64,29.64,29.64,1338,0
OVF.US,60,20251211,210000,30.0262,30.0262,30.0262,30.0262,700,0
OVF.US,60,20251215,170000,29.82,29.96,29.81,29.96,2084,0
OVF.US,60,20251215,210000,29.8075,29.825,29.8,29.8,391,0
OVF.US,60,20251216,160000,29.72,29.75,29.69,29.75,29593,0
OVF.US,60,20251216,180000,29.68,29.68,29.62,29.62,280,0
OVF.US,60,20251216,210000,29.7,29.7,29.6999,29.7,1212,0
OVF.US,60,20251217,170000,29.56,29.57,29.54,29.54,840,0
OVF.US,60,20251217,200000,29.45,29.45,29.45,29.45,100,0
OVF.US,60,20251217,210000,29.41,29.44,29.41,29.44,295,0
OVF.US,60,20251218,160000,29.647,29.655,29.64,29.655,1053,0
OVF.US,60,20251218,190000,29.5828,29.7,29.5828,29.7,1950,0
OVF.US,60,20251218,200000,29.7698,29.77,29.74,29.77,800,0
OVF.US,60,20251218,210000,29.78,29.78,29.73,29.73,222,0
OVF.US,60,20251219,220000,30.01,30.01,29.93,29.93,1067,0
OVF.US,60,20251222,170000,30.08,30.08,30.08,30.08,772,0
OVF.US,60,20251222,210000,30.08,30.08,30.08,30.08,106,0
OVF.US,60,20251222,220000,30.13,30.16,30.13,30.16,944,0
OVF.US,60,20251223,170000,29.22,29.22,29.22,29.22,113,0
OVF.US,60,20251223,180000,29.2516,29.2516,29.2116,29.2116,1378,0
OVF.US,60,20251224,160000,29.6005,29.6005,29.34,29.42,5130,0
OVF.US,60,20251224,170000,29.43,29.44,29.39,29.44,4368,0
OVF.US,60,20251224,180000,29.46,29.49,29.41,29.47,6202,0
OVF.US,60,20251224,190000,29.48,29.48,29.48,29.48,262,0
OVF.US,60,20251226,170000,29.41,29.41,29.41,29.41,200,0
OVF.US,60,20251226,180000,29.45,29.45,29.45,29.45,500,0
OVF.US,60,20251226,200000,29.415,29.45,29.415,29.45,300,0
OVF.US,60,20251226,210000,29.47,29.47,29.47,29.47,479,0
