<TICKER>,<PER>,<DATE>,<TIME>,<OPEN>,<HIGH>,<LOW>,<CLOSE>,<VOL>,<OPENINT>
PSH.US,60,20240411,160000,50.18,50.18,50.18,50.18,200,0
PSH.US,60,20240411,170000,50.14,50.14,50.08,50.11,3400,0
PSH.US,60,20240411,180000,50.15,50.15,50.15,50.15,100,0
PSH.US,60,20240412,160000,50.12,50.14,50.12,50.14,1100,0
PSH.US,60,20240412,200000,50.13,50.13,50.13,50.13,100,0
PSH.US,60,20240415,170000,50.13,50.13,50.06,50.06,3077,0
PSH.US,60,20240415,180000,50.04,50.07,50.03,50.05,2599,0
PSH.US,60,20240415,200000,50,50,49.99,49.99,400,0
PSH.US,60,20240415,210000,49.98,49.98,49.98,49.98,400,0
PSH.US,60,20240415,220000,49.99,50.04,49.99,50.04,1967,0
PSH.US,60,20240416,160000,50.05,50.05,49.96,49.96,2200,0
PSH.US,60,20240416,170000,49.93,49.93,49.93,49.93,200,0
PSH.US,60,20240416,210000,49.95,49.95,49.95,49.95,600,0
PSH.US,60,20240417,220000,49.96,50.01,49.95,50.01,1200,0
PSH.US,60,20240418,160000,50,50,49.93,49.93,1000,0
PSH.US,60,20240419,190000,50.02,50.13,50.009,50.13,1200,0
PSH.US,60,20240422,170000,50.1877,50.1877,50.1877,50.1877,161,0
PSH.US,60,20240422,190000,50.24,50.25,50.24,50.25,700,0
PSH.US,60,20240422,200000,50.29,50.29,50.29,50.29,400,0
PSH.US,60,20240422,220000,50.27,50.27,50.25,50.25,2000,0
PSH.US,60,20240423,160000,50.33,50.36,50.33,50.36,700,0
PSH.US,60,20240424,170000,50.36,50.39,50.23,50.23,5443,0
PSH.US,60,20240425,160000,50.12,50.13,50.12,50.12,2100,0
PSH.US,60,20240425,200000,50.26,50.26,50.23,50.23,1300,0
PSH.US,60,20240425,220000,50.3,50.3,50.28,50.29,1500,0
PSH.US,60,20240430,180000,50.27,50.27,50.27,50.27,300,0
PSH.US,60,20240430,220000,50.25,50.25,50.22,50.22,900,0
PSH.US,60,20240501,210000,50.03,50.15,50.03,50.14,3800,0
PSH.US,60,20240502,220000,50.13,50.15,50.07,50.15,4200,0
PSH.US,60,20240510,180000,50.2,50.2,50.1999,50.2,2000,0
PSH.US,60,20240510,220000,50.24,50.24,50.24,50.24,300,0
PSH.US,60,20240514,210000,50.2556,50.2556,50.2556,50.2556,111,0
PSH.US,60,20240515,160000,50.38,50.38,50.37,50.38,1600,0
PSH.US,60,20240515,180000,50.38,50.38,50.38,50.38,400,0
PSH.US,60,20240515,190000,50.38,50.38,50.38,50.38,200,0
PSH.US,60,20240515,200000,50.39,50.399,50.3857,50.3857,2822,0
PSH.US,60,20240516,220000,50.35,50.35,50.3499,50.3499,600,0
PSH.US,60,20240520,190000,50.34,50.34,50.3399,50.34,1500,0
PSH.US,60,20240520,220000,50.3032,50.3032,50.3032,50.3032,398,0
PSH.US,60,20240521,160000,50.34,50.34,50.34,50.34,101,0
PSH.US,60,20240521,190000,50.415,50.42,50.415,50.42,1600,0
PSH.US,60,20240522,220000,50.31,50.31,50.31,50.31,100,0
PSH.US,60,20240523,160000,50.24,50.25,50.24,50.25,3000,0
PSH.US,60,20240523,170000,50.23,50.25,50.23,50.24,2400,0
PSH.US,60,20240523,180000,50.2427,50.28,50.2427,50.2799,4508,0
PSH.US,60,20240523,200000,50.26,50.27,50.21,50.23,3498,0
PSH.US,60,20240523,210000,50.2338,50.25,50.2338,50.25,2480,0
PSH.US,60,20240523,220000,50.26,50.26,50.2599,50.2599,1000,0
PSH.US,60,20240524,170000,50.28,50.28,50.2799,50.28,1500,0
PSH.US,60,20240524,180000,50.32,50.3359,50.295,50.3099,7526,0
PSH.US,60,20240524,190000,50.3399,50.3399,50.3399,50.3399,320,0
PSH.US,60,20240528,170000,50.32,50.32,50.32,50.32,685,0
PSH.US,60,20240528,190000,50.28,50.29,50.26,50.26,1300,0
PSH.US,60,20240528,200000,50.2398,50.2398,50.22,50.22,217,0
PSH.US,60,20240528,210000,50.21,50.21,50.19,50.19,800,0
PSH.US,60,20240528,220000,50.2,50.22,50.2,50.22,2700,0
PSH.US,60,20240529,160000,50.13,50.13,50.13,50.13,600,0
PSH.US,60,20240529,180000,50.19,50.19,50.19,50.19,355,0
PSH.US,60,20240529,190000,50.145,50.19,50.145,50.1899,516,0
PSH.US,60,20240529,210000,50.1701,50.19,50.17,50.17,800,0
PSH.US,60,20240529,220000,50.17,50.17,50.15,50.16,1390,0
PSH.US,60,20240530,160000,50.24,50.24,50.24,50.24,700,0
PSH.US,60,20240530,180000,50.25,50.28,50.24,50.25,4400,0
PSH.US,60,20240530,210000,50.27,50.29,50.27,50.2899,400,0
PSH.US,60,20240530,220000,50.26,50.26,50.26,50.26,300,0
PSH.US,60,20240531,160000,50.36,50.3696,50.32,50.32,6388,0
PSH.US,60,20240531,170000,50.34,50.34,50.34,50.34,400,0
PSH.US,60,20240531,190000,50.3127,50.3127,50.29,50.29,1080,0
PSH.US,60,20240531,200000,50.315,50.33,50.315,50.3299,924,0
PSH.US,60,20240603,160000,50.04,50.04,50.04,50.04,600,0
PSH.US,60,20240603,170000,50.06,50.06,50.03,50.05,3000,0
PSH.US,60,20240603,180000,50.045,50.07,50.045,50.05,700,0
PSH.US,60,20240603,220000,50.031,50.07,50.03,50.03,1800,0
PSH.US,60,20240604,160000,50.08,50.08,50.08,50.08,100,0
PSH.US,60,20240604,170000,50.11,50.11,50.09,50.09,900,0
PSH.US,60,20240604,180000,50.0812,50.0895,50.04,50.07,5495,0
PSH.US,60,20240604,210000,50.07,50.09,50.07,50.0754,625,0
PSH.US,60,20240604,220000,50.06,50.06,50.04,50.04,600,0
PSH.US,60,20240605,170000,50.1,50.1,50.1,50.1,100,0
PSH.US,60,20240605,180000,50.11,50.15,50.11,50.15,1600,0
PSH.US,60,20240605,190000,50.1338,50.1338,50.126,50.126,399,0
PSH.US,60,20240605,200000,50.14,50.14,50.11,50.11,500,0
PSH.US,60,20240605,210000,50.06,50.11,50.06,50.1079,1374,0
PSH.US,60,20240605,220000,50.09,50.1,50.09,50.1,200,0
PSH.US,60,20240606,170000,50.09,50.09,50.09,50.09,208,0
PSH.US,60,20240606,180000,50.0906,50.1,50.09,50.1,800,0
PSH.US,60,20240606,190000,50.1,50.1,50.1,50.1,100,0
PSH.US,60,20240606,200000,50.1,50.1,50.1,50.1,100,0
PSH.US,60,20240606,210000,50.0788,50.0788,50.07,50.07,2096,0
PSH.US,60,20240606,220000,50.06,50.06,50.06,50.06,100,0
PSH.US,60,20240607,160000,49.95,49.96,49.94,49.94,7200,0
PSH.US,60,20240607,170000,49.9778,50,49.9778,50,309,0
PSH.US,60,20240607,180000,50.01,50.02,50.01,50.02,1100,0
PSH.US,60,20240607,200000,50.04,50.04,50.04,50.04,100,0
PSH.US,60,20240607,210000,50.025,50.025,49.98,50.02,1044,0
PSH.US,60,20240607,220000,49.9947,49.9947,49.9947,49.9947,200,0
PSH.US,60,20240610,160000,49.93,49.98,49.93,49.98,641,0
PSH.US,60,20240610,170000,50.01,50.0391,50.01,50.0391,1723,0
PSH.US,60,20240610,180000,50.06,50.06,50.06,50.06,100,0
PSH.US,60,20240610,220000,50.08,50.08,50.07,50.08,400,0
PSH.US,60,20240611,210000,50.12,50.12,50.12,50.12,200,0
PSH.US,60,20240611,220000,50.11,50.12,50.1,50.1,3499,0
PSH.US,60,20240612,200000,50.2683,50.2683,50.2683,50.2683,100,0
PSH.US,60,20240612,210000,50.28,50.28,50.2399,50.2499,2745,0
PSH.US,60,20240612,220000,50.21,50.21,50.205,50.205,795,0
PSH.US,60,20240613,160000,50.2399,50.24,50.2399,50.24,250,0
PSH.US,60,20240613,200000,50.1941,50.2,50.1941,50.2,351,0
PSH.US,60,20240613,210000,50.23,50.23,50.21,50.21,996,0
PSH.US,60,20240614,160000,50.08,50.08,50.08,50.08,200,0
PSH.US,60,20240614,170000,50.1,50.1,50.0999,50.0999,200,0
PSH.US,60,20240614,180000,50.09,50.09,50.08,50.08,500,0
PSH.US,60,20240614,190000,50.075,50.1,50.07,50.08,5858,0
PSH.US,60,20240614,200000,50.1,50.12,50.08,50.1,4942,0
PSH.US,60,20240614,220000,50.05,50.1,50.05,50.1,700,0
PSH.US,60,20240617,160000,50.07,50.07,50.07,50.07,399,0
PSH.US,60,20240617,170000,50.08,50.08,50.08,50.08,100,0
PSH.US,60,20240617,180000,50.066,50.09,50.066,50.0899,2151,0
PSH.US,60,20240617,190000,50.16,50.16,50.1499,50.1499,900,0
PSH.US,60,20240617,200000,50.16,50.17,50.16,50.17,200,0
PSH.US,60,20240617,220000,50.16,50.17,50.16,50.17,1932,0
PSH.US,60,20240618,170000,50.22,50.22,50.2199,50.2199,300,0
PSH.US,60,20240618,190000,50.24,50.25,50.24,50.25,431,0
PSH.US,60,20240618,210000,50.26,50.26,50.26,50.26,100,0
PSH.US,60,20240618,220000,50.25,50.27,50.25,50.26,1257,0
PSH.US,60,20240620,170000,50.22,50.22,50.219,50.219,200,0
PSH.US,60,20240620,200000,50.2097,50.21,50.2097,50.21,200,0
PSH.US,60,20240620,220000,50.2468,50.2468,50.2468,50.2468,100,0
PSH.US,60,20240621,170000,50.27,50.27,50.24,50.2502,2555,0
PSH.US,60,20240621,190000,50.2898,50.2898,50.2898,50.2898,200,0
PSH.US,60,20240621,220000,50.285,50.3,50.285,50.3,1000,0
PSH.US,60,20240624,170000,50.35,50.35,50.35,50.35,100,0
PSH.US,60,20240624,180000,50.33,50.33,50.319,50.319,400,0
PSH.US,60,20240624,210000,50.3054,50.31,50.3053,50.3053,2155,0
PSH.US,60,20240624,220000,50.29,50.29,50.29,50.29,100,0
PSH.US,60,20240625,170000,50.275,50.275,50.24,50.26,3862,0
PSH.US,60,20240625,220000,50.2999,50.2999,50.2999,50.2999,250,0
PSH.US,60,20240626,160000,50.18,50.221,50.18,50.221,300,0
PSH.US,60,20240626,180000,50.22,50.22,50.21,50.21,1290,0
PSH.US,60,20240626,190000,50.2395,50.2427,50.2395,50.2427,1237,0
PSH.US,60,20240626,200000,50.29,50.29,50.2899,50.2899,400,0
PSH.US,60,20240626,220000,50.27,50.27,50.27,50.27,100,0
PSH.US,60,20240627,190000,50.265,50.265,50.265,50.265,100,0
PSH.US,60,20240628,170000,50.38,50.38,50.36,50.36,700,0
PSH.US,60,20240628,180000,50.32,50.32,50.3057,50.3057,400,0
PSH.US,60,20240628,190000,50.3,50.3,50.3,50.3,507,0
PSH.US,60,20240628,220000,50.29,50.29,50.28,50.28,300,0
PSH.US,60,20240701,180000,49.88,49.88,49.83,49.8617,300,0
PSH.US,60,20240701,190000,49.88,49.89,49.8657,49.871,2436,0
PSH.US,60,20240701,200000,49.89,49.939,49.871,49.92,12328,0
PSH.US,60,20240701,210000,49.914,49.92,49.914,49.9199,1014,0
PSH.US,60,20240701,220000,49.939,49.95,49.93,49.95,300,0
PSH.US,60,20240702,170000,49.94,49.94,49.94,49.94,100,0
PSH.US,60,20240702,180000,49.97,49.99,49.97,49.9899,800,0
PSH.US,60,20240702,190000,49.9753,49.98,49.95,49.95,1300,0
PSH.US,60,20240702,220000,49.98,50,49.98,50,4479,0
PSH.US,60,20240703,170000,50.06,50.06,50.06,50.06,900,0
PSH.US,60,20240703,190000,50.06,50.09,50.06,50.09,1300,0
PSH.US,60,20240705,160000,50.17,50.17,50.1,50.13,2600,0
PSH.US,60,20240705,170000,50.12,50.12,50.12,50.12,200,0
PSH.US,60,20240705,180000,50.1502,50.17,50.1502,50.17,229,0
PSH.US,60,20240705,190000,50.17,50.17,50.17,50.17,100,0
PSH.US,60,20240705,200000,50.18,50.18,50.18,50.18,400,0
PSH.US,60,20240705,220000,50.19,50.19,50.15,50.1721,10803,0
PSH.US,60,20240708,190000,50.1487,50.1487,50.1487,50.1487,1000,0
PSH.US,60,20240708,200000,50.18,50.18,50.1795,50.1795,300,0
PSH.US,60,20240708,220000,50.2,50.2,50.2,50.2,100,0
PSH.US,60,20240709,160000,50.19,50.19,50.19,50.19,200,0
PSH.US,60,20240709,170000,50.19,50.19,50.16,50.16,1932,0
PSH.US,60,20240709,180000,50.15,50.1798,50.14,50.1798,1650,0
PSH.US,60,20240709,200000,50.19,50.24,50.19,50.19,8282,0
PSH.US,60,20240709,210000,50.18,50.18,50.14,50.14,7624,0
PSH.US,60,20240709,220000,50.19,50.19,50.19,50.19,500,0
PSH.US,60,20240710,160000,50.24,50.24,50.24,50.24,224,0
PSH.US,60,20240710,190000,50.26,50.27,50.2599,50.2699,1284,0
PSH.US,60,20240710,220000,50.25,50.27,50.245,50.27,646,0
PSH.US,60,20240711,160000,50.36,50.36,50.36,50.36,1281,0
PSH.US,60,20240711,180000,50.33,50.33,50.3299,50.3299,200,0
PSH.US,60,20240711,200000,50.32,50.32,50.3054,50.3054,200,0
PSH.US,60,20240712,220000,50.33,50.43,50.33,50.42,3252,0
PSH.US,60,20240715,160000,50.43,50.43,50.43,50.43,146,0
PSH.US,60,20240715,180000,50.4271,50.45,50.4254,50.442,4551,0
PSH.US,60,20240715,190000,50.4428,50.4428,50.4427,50.4427,877,0
PSH.US,60,20240715,200000,50.43,50.43,50.43,50.43,100,0
PSH.US,60,20240715,210000,50.47,50.48,50.47,50.48,500,0
PSH.US,60,20240715,220000,50.4644,50.4644,50.4644,50.4644,100,0
PSH.US,60,20240716,180000,50.53,50.53,50.5299,50.5299,1059,0
PSH.US,60,20240716,190000,50.5222,50.5222,50.5222,50.5222,1000,0
PSH.US,60,20240716,210000,50.58,50.58,50.569,50.5799,300,0
PSH.US,60,20240717,160000,50.49,50.49,50.49,50.49,240,0
PSH.US,60,20240717,210000,50.527,50.55,50.51,50.51,797,0
PSH.US,60,20240718,190000,50.47,50.48,50.466,50.466,1900,0
PSH.US,60,20240718,200000,50.4641,50.47,50.4641,50.47,200,0
PSH.US,60,20240718,220000,50.47,50.47,50.46,50.47,1080,0
PSH.US,60,20240719,180000,50.3917,50.3917,50.3917,50.3917,299,0
PSH.US,60,20240719,190000,50.4,50.4,50.3952,50.3952,634,0
PSH.US,60,20240719,210000,50.41,50.42,50.37,50.42,400,0
PSH.US,60,20240719,220000,50.43,50.45,50.39,50.45,2000,0
PSH.US,60,20240722,170000,50.57,50.57,50.57,50.57,100,0
PSH.US,60,20240722,190000,50.5385,50.5385,50.5385,50.5385,575,0
PSH.US,60,20240722,220000,50.57,50.57,50.57,50.57,587,0
PSH.US,60,20240723,200000,50.5847,50.5847,50.5847,50.5847,104,0
PSH.US,60,20240723,210000,50.6,50.6,50.6,50.6,100,0
PSH.US,60,20240724,170000,50.53,50.53,50.53,50.53,115,0
PSH.US,60,20240725,190000,50.5228,50.5228,50.5228,50.5228,200,0
PSH.US,60,20240725,200000,50.518,50.518,50.518,50.518,300,0
PSH.US,60,20240725,210000,50.52,50.52,50.52,50.52,200,0
PSH.US,60,20240725,220000,50.49,50.5299,50.47,50.48,2200,0
PSH.US,60,20240726,180000,50.5173,50.5173,50.5173,50.5173,450,0
PSH.US,60,20240729,190000,50.49,50.49,50.49,50.49,100,0
PSH.US,60,20240730,170000,50.49,50.49,50.49,50.49,400,0
PSH.US,60,20240731,180000,50.5994,50.5994,50.5994,50.5994,435,0
PSH.US,60,20240801,170000,50.2603,50.2603,50.2458,50.2459,1356,0
PSH.US,60,20240801,190000,50.2,50.2,50.2,50.2,100,0
PSH.US,60,20240801,220000,50.18,50.18,50.15,50.15,700,0
PSH.US,60,20240802,180000,50.06,50.06,49.98,50,11083,0
PSH.US,60,20240802,190000,50.01,50.03,50,50.03,681,0
PSH.US,60,20240802,220000,50.04,50.04,50.04,50.04,777,0
PSH.US,60,20240805,180000,49.82,49.82,49.82,49.82,100,0
PSH.US,60,20240805,220000,49.77,49.81,49.77,49.81,633,0
PSH.US,60,20240806,160000,49.78,49.78,49.78,49.78,100,0
PSH.US,60,20240806,220000,49.9597,49.97,49.86,49.86,1200,0
PSH.US,60,20240807,170000,50.12,50.12,50.1199,50.1199,610,0
PSH.US,60,20240807,200000,50.03,50.03,50.006,50.02,633,0
PSH.US,60,20240807,220000,49.97,49.97,49.92,49.92,334,0
PSH.US,60,20240809,210000,50.15,50.15,50.15,50.15,424,0
PSH.US,60,20240812,170000,50.1597,50.16,50.1597,50.1597,1091,0
PSH.US,60,20240813,160000,50.16,50.16,50.16,50.16,500,0
PSH.US,60,20240814,170000,50.29,50.29,50.29,50.29,400,0
PSH.US,60,20240814,180000,50.36,50.36,50.36,50.36,450,0
PSH.US,60,20240815,170000,50.36,50.36,50.36,50.36,400,0
PSH.US,60,20240815,210000,50.36,50.36,50.35,50.35,500,0
PSH.US,60,20240815,220000,50.34,50.34,50.34,50.34,300,0
PSH.US,60,20240820,160000,50.64,50.64,50.64,50.64,607,0
PSH.US,60,20240820,200000,50.43,50.43,50.43,50.43,104,0
PSH.US,60,20240822,170000,50.55,50.55,50.48,50.48,300,0
PSH.US,60,20240823,190000,50.74,50.74,50.74,50.74,500,0
PSH.US,60,20240826,160000,50.76,50.76,50.76,50.76,1000,0
PSH.US,60,20240826,180000,50.7,50.7,50.6999,50.6999,394,0
PSH.US,60,20240826,210000,50.685,50.685,50.685,50.685,180,0
PSH.US,60,20240826,220000,50.6836,50.6836,50.68,50.68,550,0
PSH.US,60,20240827,190000,50.7001,50.7001,50.7001,50.7001,400,0
PSH.US,60,20240828,200000,50.71,50.71,50.71,50.71,250,0
PSH.US,60,20240829,170000,50.7298,50.7298,50.72,50.72,1064,0
PSH.US,60,20240829,180000,50.72,50.72,50.72,50.72,199,0
PSH.US,60,20240829,200000,50.695,50.695,50.695,50.695,100,0
PSH.US,60,20240903,160000,50.82,50.82,50.4,50.4,300,0
PSH.US,60,20240903,200000,50.37,50.37,50.365,50.365,634,0
PSH.US,60,20240903,220000,50.365,50.37,50.365,50.37,627,0
PSH.US,60,20240904,160000,50.35,50.35,50.35,50.35,1422,0
PSH.US,60,20240904,210000,50.44,50.44,50.44,50.44,375,0
PSH.US,60,20240904,220000,50.42,50.45,50.405,50.45,1050,0
PSH.US,60,20240905,160000,50.5,50.5,50.475,50.481,629,0
PSH.US,60,20240905,170000,50.5,50.5,50.469,50.469,298,0
PSH.US,60,20240905,180000,50.48,50.48,50.48,50.48,118,0
PSH.US,60,20240905,220000,50.4843,50.4867,50.4843,50.4867,306,0
PSH.US,60,20240906,160000,50.5,50.57,50.5,50.57,1400,0
PSH.US,60,20240906,180000,50.48,50.48,50.4,50.4,1100,0
PSH.US,60,20240906,190000,50.39,50.39,50.3696,50.3696,400,0
PSH.US,60,20240906,200000,50.3864,50.3864,50.3864,50.3864,600,0
PSH.US,60,20240906,210000,50.4524,50.46,50.4524,50.46,331,0
PSH.US,60,20240906,220000,50.47,50.47,50.47,50.47,138,0
PSH.US,60,20240909,170000,50.5092,50.5099,50.5092,50.5099,300,0
PSH.US,60,20240909,180000,50.5065,50.51,50.5,50.5,1275,0
PSH.US,60,20240909,190000,50.55,50.55,50.5408,50.5408,300,0
PSH.US,60,20240909,200000,50.565,50.565,50.565,50.565,391,0
PSH.US,60,20240909,220000,50.565,50.57,50.565,50.57,863,0
PSH.US,60,20240910,170000,50.51,50.51,50.51,50.51,600,0
PSH.US,60,20240910,180000,50.5197,50.5197,50.49,50.49,2199,0
PSH.US,60,20240910,190000,50.5,50.5,50.43,50.47,3343,0
PSH.US,60,20240910,200000,50.47,50.48,50.46,50.48,700,0
PSH.US,60,20240910,220000,50.5,50.52,50.5,50.52,397,0
PSH.US,60,20240911,180000,50.405,50.405,50.405,50.405,130,0
PSH.US,60,20240911,200000,50.48,51.09,50.48,50.53,12000,0
PSH.US,60,20240911,210000,50.53,50.54,50.53,50.54,1550,0
PSH.US,60,20240911,220000,50.56,50.62,50.55,50.61,1402,0
PSH.US,60,20240912,160000,50.52,50.52,50.52,50.52,100,0
PSH.US,60,20240912,170000,50.54,50.54,50.5181,50.5181,796,0
PSH.US,60,20240912,180000,50.57,50.57,50.56,50.56,752,0
PSH.US,60,20240912,190000,50.57,50.57,50.56,50.56,988,0
PSH.US,60,20240912,200000,50.575,50.64,50.575,50.64,1864,0
PSH.US,60,20240912,210000,50.62,50.62,50.6,50.62,2036,0
PSH.US,60,20240912,220000,50.61,50.61,50.61,50.61,600,0
PSH.US,60,20240913,160000,50.61,50.68,50.61,50.6537,1157,0
PSH.US,60,20240913,170000,50.71,50.71,50.71,50.71,100,0
PSH.US,60,20240913,180000,50.7193,50.7193,50.7193,50.7193,1000,0
PSH.US,60,20240913,190000,50.695,50.695,50.695,50.695,493,0
PSH.US,60,20240913,200000,50.695,50.695,50.695,50.695,100,0
PSH.US,60,20240913,210000,50.6948,50.6948,50.6948,50.6948,100,0
PSH.US,60,20240916,160000,50.71,50.71,50.71,50.71,101,0
PSH.US,60,20240916,170000,50.7037,50.71,50.7037,50.7057,692,0
PSH.US,60,20240916,180000,50.72,50.72,50.7036,50.7036,594,0
PSH.US,60,20240916,190000,50.76,50.76,50.7432,50.7432,1000,0
PSH.US,60,20240916,210000,50.78,50.78,50.78,50.78,100,0
PSH.US,60,20240917,220000,50.81,50.81,50.81,50.81,300,0
PSH.US,60,20240918,180000,50.731,50.7334,50.731,50.7334,817,0
PSH.US,60,20240918,220000,50.82,50.82,50.79,50.79,630,0
PSH.US,60,20240920,200000,50.92,50.92,50.92,50.92,300,0
PSH.US,60,20240923,170000,50.96,50.96,50.96,50.96,100,0
PSH.US,60,20240923,180000,50.95,50.96,50.95,50.96,730,0
PSH.US,60,20240923,190000,50.96,50.96,50.95,50.95,2900,0
PSH.US,60,20240923,200000,50.94,50.94,50.89,50.89,200,0
PSH.US,60,20240923,210000,50.9231,50.9231,50.9231,50.9231,150,0
PSH.US,60,20240924,220000,50.94,50.96,50.91,50.935,1714,0
PSH.US,60,20240925,170000,50.915,50.915,50.915,50.915,196,0
PSH.US,60,20240925,220000,50.86,50.8601,50.86,50.8601,200,0
PSH.US,60,20240926,160000,50.945,50.945,50.945,50.945,150,0
PSH.US,60,20240926,170000,50.89,50.9201,50.89,50.9201,395,0
PSH.US,60,20240926,180000,50.95,50.96,50.9499,50.96,3370,0
PSH.US,60,20240926,190000,50.96,50.96,50.9599,50.9599,500,0
PSH.US,60,20240926,220000,51.01,51.01,50.95,51,3400,0
PSH.US,60,20240927,180000,51.04,51.04,51.04,51.04,400,0
PSH.US,60,20240927,190000,51.04,51.04,51.02,51.02,1450,0
PSH.US,60,20240930,220000,51.07,51.08,51.07,51.07,600,0
PSH.US,60,20241001,180000,50.7701,50.7701,50.7701,50.7701,184,0
PSH.US,60,20241001,210000,50.787,50.787,50.787,50.787,100,0
PSH.US,60,20241001,220000,50.79,50.79,50.78,50.78,807,0
PSH.US,60,20241002,200000,50.69,50.69,50.6899,50.6899,200,0
PSH.US,60,20241002,220000,50.7252,50.7252,50.7252,50.7252,200,0
PSH.US,60,20241003,160000,50.69,50.695,50.67,50.67,1427,0
PSH.US,60,20241004,170000,50.66,50.66,50.5653,50.5653,2280,0
PSH.US,60,20241004,190000,50.5786,50.5786,50.5786,50.5786,300,0
PSH.US,60,20241007,160000,50.57,50.57,50.57,50.57,437,0
PSH.US,60,20241007,170000,50.58,50.58,50.57,50.57,200,0
PSH.US,60,20241007,220000,50.57,50.57,50.5699,50.5699,452,0
PSH.US,60,20241008,190000,50.5657,50.5657,50.5657,50.5657,100,0
PSH.US,60,20241008,210000,50.58,50.58,50.58,50.58,500,0
PSH.US,60,20241009,220000,50.57,50.58,50.56,50.57,1500,0
PSH.US,60,20241011,170000,50.565,50.63,50.565,50.63,448,0
PSH.US,60,20241011,180000,50.7,50.7,50.679,50.679,1600,0
PSH.US,60,20241011,220000,50.67,50.69,50.67,50.69,3118,0
PSH.US,60,20241014,170000,50.66,50.66,50.66,50.66,100,0
PSH.US,60,20241014,180000,50.6376,50.68,50.6376,50.6799,1858,0
PSH.US,60,20241015,210000,50.71,50.92,50.7,50.73,5979,0
PSH.US,60,20241015,220000,50.68,50.68,50.68,50.68,161611,0
PSH.US,60,20241016,160000,50.73,50.73,50.73,50.73,263,0
PSH.US,60,20241016,180000,50.73,50.73,50.73,50.73,6346,0
PSH.US,60,20241016,190000,50.725,50.74,50.7,50.72,3912,0
PSH.US,60,20241016,210000,50.705,50.705,50.705,50.705,179,0
PSH.US,60,20241017,190000,50.63,50.7,50.63,50.7,90600,0
PSH.US,60,20241017,210000,50.7,50.7,50.7,50.7,318,0
PSH.US,60,20241017,220000,50.7192,50.77,50.7192,50.76,1501,0
PSH.US,60,20241018,160000,50.72,50.72,50.68,50.72,3321,0
PSH.US,60,20241018,170000,50.7225,50.74,50.7225,50.74,478,0
PSH.US,60,20241018,200000,50.7642,50.7642,50.7642,50.7642,118,0
PSH.US,60,20241021,220000,50.76,50.76,50.655,50.655,700,0
PSH.US,60,20241023,170000,50.56,50.56,50.56,50.56,459,0
PSH.US,60,20241023,190000,50.57,50.57,50.5699,50.5699,200,0
PSH.US,60,20241024,180000,50.603,50.62,50.603,50.6199,1372,0
PSH.US,60,20241024,190000,50.605,50.605,50.605,50.605,380,0
PSH.US,60,20241024,220000,50.61,50.61,50.6,50.6,400,0
PSH.US,60,20241025,170000,50.7008,50.7008,50.7008,50.7008,200,0
PSH.US,60,20241025,180000,50.7034,50.7034,50.7034,50.7034,294,0
PSH.US,60,20241028,160000,50.67,50.67,50.67,50.67,100,0
PSH.US,60,20241028,180000,50.67,50.67,50.67,50.67,436,0
PSH.US,60,20241029,150000,50.6044,50.6044,50.6044,50.6044,300,0
PSH.US,60,20241029,170000,50.64,50.64,50.6314,50.6314,200,0
PSH.US,60,20241029,200000,50.67,50.72,50.67,50.67,1340,0
PSH.US,60,20241029,210000,50.73,50.73,50.73,50.73,300,0
PSH.US,60,20241030,150000,50.68,50.73,50.68,50.73,250,0
PSH.US,60,20241030,170000,50.73,50.73,50.73,50.73,440,0
PSH.US,60,20241030,190000,50.73,50.73,50.73,50.73,500,0
PSH.US,60,20241030,200000,50.73,50.73,50.7299,50.7299,200,0
PSH.US,60,20241030,210000,50.6,50.6,50.6,50.6,100,0
PSH.US,60,20241031,180000,50.6227,50.6227,50.6185,50.6185,387,0
PSH.US,60,20241101,160000,50.3999,50.4,50.3998,50.4,400,0
PSH.US,60,20241101,180000,50.3893,50.3893,50.3893,50.3893,300,0
PSH.US,60,20241101,190000,50.4,50.41,50.38,50.3831,2100,0
PSH.US,60,20241101,200000,50.39,50.4,50.38,50.4,1180,0
PSH.US,60,20241101,210000,50.37,50.93,50.36,50.4,12980,0
PSH.US,60,20241104,170000,50.47,50.55,50.47,50.55,3300,0
PSH.US,60,20241104,180000,50.4436,50.45,50.4436,50.45,220,0
PSH.US,60,20241104,190000,50.4433,50.4433,50.4433,50.4433,171,0
PSH.US,60,20241104,220000,50.44,50.44,50.44,50.44,200,0
PSH.US,60,20241105,170000,50.45,50.45,50.45,50.45,600,0
PSH.US,60,20241105,190000,50.46,50.46,50.4411,50.4411,791,0
PSH.US,60,20241105,210000,50.48,50.48,50.47,50.475,962,0
PSH.US,60,20241105,220000,50.4939,50.52,50.4939,50.52,594,0
PSH.US,60,20241106,180000,50.49,50.49,50.49,50.49,200,0
PSH.US,60,20241106,220000,50.6,50.6,50.6,50.6,100,0
PSH.US,60,20241107,170000,50.66,50.66,50.66,50.66,305,0
PSH.US,60,20241107,200000,50.7185,50.7299,50.7185,50.7299,4060,0
PSH.US,60,20241107,220000,50.71,50.71,50.71,50.71,100,0
PSH.US,60,20241108,160000,50.82,50.82,50.82,50.82,557,0
PSH.US,60,20241111,170000,50.755,50.83,50.7418,50.7418,5775,0
PSH.US,60,20241111,180000,50.755,50.755,50.755,50.755,300,0
PSH.US,60,20241111,200000,50.755,50.755,50.755,50.755,197,0
PSH.US,60,20241112,160000,50.69,50.73,50.69,50.73,684,0
PSH.US,60,20241112,180000,50.66,50.66,50.63,50.63,595,0
PSH.US,60,20241112,190000,50.5647,50.5647,50.5319,50.5319,358,0
PSH.US,60,20241113,180000,50.66,50.66,50.66,50.66,1300,0
PSH.US,60,20241113,210000,50.61,50.648,50.59,50.63,816,0
PSH.US,60,20241113,220000,50.6274,50.6274,50.6274,50.6274,100,0
PSH.US,60,20241114,170000,50.6223,50.6223,50.6223,50.6223,209,0
PSH.US,60,20241114,190000,50.59,50.59,50.59,50.59,194,0
PSH.US,60,20241115,170000,50.43,50.43,50.43,50.43,100,0
PSH.US,60,20241115,180000,50.485,50.485,50.485,50.485,100,0
PSH.US,60,20241118,200000,50.4912,50.6599,50.4912,50.6599,337,0
PSH.US,60,20241119,160000,50.69,50.69,50.69,50.69,100,0
PSH.US,60,20241119,180000,50.685,50.685,50.685,50.685,237,0
PSH.US,60,20241119,200000,50.6957,50.6957,50.6957,50.6957,100,0
PSH.US,60,20241119,220000,50.72,50.72,50.72,50.72,200,0
PSH.US,60,20241120,170000,50.6509,50.6509,50.6509,50.6509,395,0
PSH.US,60,20241120,180000,50.7,50.7,50.6542,50.68,481,0
PSH.US,60,20241120,190000,50.69,50.69,50.69,50.69,410,0
PSH.US,60,20241120,200000,50.64,50.66,50.6,50.66,500,0
PSH.US,60,20241120,210000,50.6471,50.6471,50.6408,50.6408,229,0
PSH.US,60,20241121,180000,50.73,50.73,50.73,50.73,600,0
PSH.US,60,20241121,210000,50.64,50.64,50.64,50.64,190,0
PSH.US,60,20241121,220000,50.6418,50.645,50.6,50.645,1406,0
PSH.US,60,20241125,170000,50.64,50.8,50.63,50.7928,3701,0
PSH.US,60,20241125,180000,50.81,50.81,50.73,50.73,1100,0
PSH.US,60,20241125,210000,50.7618,50.7618,50.7618,50.7618,116,0
PSH.US,60,20241126,170000,50.7203,50.7203,50.7203,50.7203,400,0
PSH.US,60,20241126,180000,50.73,50.73,50.7299,50.7299,380,0
PSH.US,60,20241126,200000,50.6893,50.72,50.6893,50.7199,689,0
PSH.US,60,20241126,210000,50.6411,50.6411,50.6411,50.6411,817,0
PSH.US,60,20241126,220000,50.7052,50.7052,50.7052,50.7052,400,0
PSH.US,60,20241127,170000,50.7492,50.7492,50.7492,50.7492,200,0
PSH.US,60,20241127,190000,50.7211,50.7219,50.7211,50.7219,328,0
PSH.US,60,20241127,220000,50.7647,50.7647,50.74,50.74,375,0
PSH.US,60,20241202,160000,50.4402,50.4418,50.4402,50.4418,400,0
PSH.US,60,20241202,180000,50.5496,50.6,50.5,50.5,4705,0
PSH.US,60,20241202,210000,50.575,50.575,50.55,50.55,557,0
PSH.US,60,20241202,220000,50.6,50.6,50.6,50.6,100,0
PSH.US,60,20241204,180000,50.57,50.57,50.57,50.57,571,0
PSH.US,60,20241204,220000,50.55,50.55,50.55,50.55,100,0
PSH.US,60,20241205,210000,50.55,50.585,50.54,50.585,3800,0
PSH.US,60,20241205,220000,50.53,50.5717,50.49,50.49,2820,0
PSH.US,60,20241206,170000,50.63,50.63,50.58,50.6289,856,0
PSH.US,60,20241206,180000,50.5813,50.5813,50.5813,50.5813,153,0
PSH.US,60,20241206,190000,50.65,50.66,50.65,50.66,1000,0
PSH.US,60,20241206,200000,50.61,50.61,50.59,50.59,1200,0
PSH.US,60,20241206,210000,50.56,50.56,50.54,50.54,1941,0
PSH.US,60,20241206,220000,50.53,50.54,50.53,50.54,500,0
PSH.US,60,20241209,180000,50.589,50.63,50.589,50.59,485,0
PSH.US,60,20241209,200000,50.61,50.61,50.61,50.61,158,0
PSH.US,60,20241209,210000,50.604,50.604,50.604,50.604,177,0
PSH.US,60,20241210,170000,50.5858,50.5858,50.5858,50.5858,600,0
PSH.US,60,20241210,190000,50.5899,50.5899,50.5899,50.5899,100,0
PSH.US,60,20241210,200000,50.5772,50.5772,50.5772,50.5772,100,0
PSH.US,60,20241210,220000,50.6089,50.6089,50.6089,50.6089,296,0
PSH.US,60,20241212,180000,50.69,50.69,50.57,50.57,633,0
PSH.US,60,20241212,190000,50.57,50.57,50.57,50.57,100,0
PSH.US,60,20241212,200000,50.5632,50.565,50.55,50.555,5329,0
PSH.US,60,20241212,210000,50.56,50.63,50.56,50.63,1780,0
PSH.US,60,20241212,220000,50.6018,50.6018,50.5741,50.5741,316,0
PSH.US,60,20241213,200000,50.55,50.55,50.55,50.55,1000,0
PSH.US,60,20241216,220000,50.525,50.5975,50.525,50.5975,235,0
PSH.US,60,20241218,170000,50.48,50.599,50.48,50.5327,1584,0
PSH.US,60,20241218,190000,50.5,50.5,50.5,50.5,100,0
PSH.US,60,20241218,210000,50.46,50.46,50.4238,50.4238,658,0
PSH.US,60,20241218,220000,50.3879,50.3879,50.3879,50.3879,224,0
PSH.US,60,20241219,170000,50.34,50.34,50.23,50.32,20258,0
PSH.US,60,20241220,190000,50.38,50.43,50.38,50.4,728,0
PSH.US,60,20241220,210000,50.36,50.3929,50.36,50.3929,233,0
PSH.US,60,20241220,220000,50.36,50.36,50.36,50.36,386,0
PSH.US,60,20241224,170000,50.41,50.47,50.41,50.46,2159,0
PSH.US,60,20241224,190000,50.5,50.5,50.5,50.5,3908,0
PSH.US,60,20241226,160000,50.43,50.47,50.43,50.47,700,0
PSH.US,60,20241226,170000,50.48,50.48,50.425,50.48,1844,0
PSH.US,60,20241226,180000,50.5,50.54,50.5,50.54,1700,0
PSH.US,60,20241226,210000,50.505,50.505,50.4755,50.4755,1289,0
PSH.US,60,20241226,220000,50.5745,50.5745,50.5745,50.5745,100,0
PSH.US,60,20241227,180000,50.02,50.1,50.02,50.0799,1204,0
PSH.US,60,20241227,190000,50.0499,50.0499,50.0499,50.0499,600,0
PSH.US,60,20241227,200000,50.0599,50.0599,50.0583,50.0583,1400,0
PSH.US,60,20241230,170000,50.0576,50.0576,50.0568,50.0568,1000,0
PSH.US,60,20241230,180000,50.0795,50.08,50.0501,50.08,1667,0
PSH.US,60,20241230,220000,50.12,50.12,50.12,50.12,750,0
PSH.US,60,20241231,160000,50.16,50.16,50.1599,50.1599,1028,0
PSH.US,60,20241231,170000,50.1,50.1,50.1,50.1,199,0
PSH.US,60,20241231,180000,50.11,50.11,50.1091,50.1091,300,0
PSH.US,60,20241231,190000,50.11,50.11,50.11,50.11,200,0
PSH.US,60,20241231,200000,50.11,50.11,50.11,50.11,100,0
PSH.US,60,20241231,210000,50.11,50.16,50.11,50.16,3918,0
PSH.US,60,20241231,220000,50.16,50.17,50.135,50.135,1808,0
PSH.US,60,20250102,160000,50.1,50.1,50.1,50.1,100,0
PSH.US,60,20250102,180000,50.12,50.12,50.12,50.12,700,0
PSH.US,60,20250102,190000,50.1131,50.16,50.1131,50.16,548,0
PSH.US,60,20250102,210000,50.13,50.2,50.13,50.19,3410,0
PSH.US,60,20250103,170000,50.248,50.248,50.248,50.248,534,0
PSH.US,60,20250103,180000,50.1923,50.89,50.1923,50.26,4842,0
PSH.US,60,20250103,190000,50.26,50.26,50.26,50.26,400,0
PSH.US,60,20250103,200000,50.26,50.27,50.26,50.27,400,0
PSH.US,60,20250103,210000,50.255,50.28,50.255,50.28,298,0
PSH.US,60,20250103,220000,50.25,50.25,50.25,50.25,397,0
PSH.US,60,20250106,160000,50.2501,50.2501,50.2501,50.2501,300,0
PSH.US,60,20250106,190000,50.25,50.25,50.2499,50.2499,600,0
PSH.US,60,20250106,200000,50.31,50.4099,50.31,50.31,4633,0
PSH.US,60,20250107,160000,50.21,50.21,50.21,50.21,100,0
PSH.US,60,20250107,190000,50.16,50.16,50.12,50.13,1009,0
PSH.US,60,20250107,200000,50.23,50.23,50.2019,50.2019,1700,0
PSH.US,60,20250108,190000,50.1974,50.1974,50.1974,50.1974,100,0
PSH.US,60,20250108,200000,50.25,50.26,50.25,50.26,200,0
PSH.US,60,20250108,210000,50.2,50.25,50.2,50.25,800,0
PSH.US,60,20250108,220000,50.25,50.32,50.25,50.32,2729,0
PSH.US,60,20250110,170000,50.1999,50.2,50.1999,50.1999,800,0
PSH.US,60,20250110,180000,50.1464,50.1464,50.1464,50.1464,700,0
PSH.US,60,20250110,190000,50.12,50.12,50.08,50.08,200,0
PSH.US,60,20250110,200000,50.18,50.18,50.1799,50.1799,800,0
PSH.US,60,20250110,210000,50.16,50.16,50.16,50.16,336,0
PSH.US,60,20250110,220000,50.115,50.115,50.115,50.115,400,0
PSH.US,60,20250113,170000,50.11,50.13,50.11,50.13,1400,0
PSH.US,60,20250113,180000,50.17,50.17,50.11,50.11,500,0
PSH.US,60,20250113,190000,50.16,50.16,50.1448,50.1448,200,0
PSH.US,60,20250113,210000,50.17,50.17,50.17,50.17,100,0
PSH.US,60,20250114,190000,50.185,50.185,50.185,50.185,496,0
PSH.US,60,20250114,210000,50.26,50.26,50.2204,50.2204,498,0
PSH.US,60,20250114,220000,50.24,50.25,50.24,50.24,800,0
PSH.US,60,20250115,170000,50.39,50.39,50.39,50.39,1300,0
PSH.US,60,20250115,190000,50.3951,50.3951,50.3662,50.3735,995,0
PSH.US,60,20250115,200000,50.4,50.46,50.3999,50.435,1000,0
PSH.US,60,20250115,210000,50.48,50.49,50.47,50.49,900,0
PSH.US,60,20250116,160000,50.4,50.4,50.4,50.4,100,0
PSH.US,60,20250116,170000,50.51,50.6756,50.51,50.52,6933,0
PSH.US,60,20250116,180000,50.5,50.5696,50.5,50.5,1194,0
PSH.US,60,20250117,170000,50.52,50.52,50.52,50.52,100,0
PSH.US,60,20250117,180000,50.4864,50.4864,50.4864,50.4864,100,0
PSH.US,60,20250117,210000,50.55,50.55,50.55,50.55,19568,0
PSH.US,60,20250117,220000,50.505,50.505,50.46,50.46,357,0
PSH.US,60,20250121,180000,50.6399,50.6399,50.6399,50.6399,150,0
PSH.US,60,20250121,200000,50.63,50.64,50.55,50.55,1000,0
PSH.US,60,20250121,210000,50.63,50.63,50.5972,50.63,18524,0
PSH.US,60,20250122,170000,50.61,50.61,50.5886,50.5886,2100,0
PSH.US,60,20250122,180000,50.59,50.61,50.59,50.61,5554,0
PSH.US,60,20250122,190000,50.61,50.61,50.61,50.61,200,0
PSH.US,60,20250122,200000,50.61,50.61,50.6006,50.6006,330,0
PSH.US,60,20250122,210000,50.61,50.62,50.6099,50.61,1956,0
PSH.US,60,20250122,220000,50.61,50.61,50.61,50.61,2113,0
PSH.US,60,20250123,170000,50.58,50.74,50.58,50.58,2300,0
PSH.US,60,20250123,180000,50.555,50.555,50.555,50.555,255,0
PSH.US,60,20250123,190000,50.5212,50.5212,50.52,50.52,3316,0
PSH.US,60,20250124,180000,50.6525,50.7099,50.6525,50.7099,220,0
PSH.US,60,20250124,190000,50.6999,50.6999,50.6999,50.6999,130,0
PSH.US,60,20250127,170000,50.6491,50.7,50.6491,50.7,547,0
PSH.US,60,20250127,200000,50.64,50.64,50.6101,50.6101,1300,0
PSH.US,60,20250127,210000,50.615,50.615,50.58,50.58,1400,0
PSH.US,60,20250127,220000,50.611,50.611,50.611,50.611,328,0
PSH.US,60,20250128,160000,50.614,50.64,50.614,50.64,396,0
PSH.US,60,20250128,180000,50.6,50.6001,50.54,50.54,2400,0
PSH.US,60,20250128,210000,50.62,50.62,50.62,50.62,100,0
PSH.US,60,20250128,220000,50.6723,50.6723,50.6723,50.6723,181,0
PSH.US,60,20250129,190000,50.6201,50.6201,50.62,50.6201,964,0
PSH.US,60,20250129,220000,50.6287,50.6287,50.6287,50.6287,113,0
PSH.US,60,20250130,170000,50.6641,50.6641,50.6641,50.6641,1500,0
PSH.US,60,20250131,180000,50.685,50.685,50.685,50.685,500,0
PSH.US,60,20250131,210000,50.64,50.67,50.6,50.67,16270,0
PSH.US,60,20250131,220000,50.67,50.67,50.67,50.67,100,0
PSH.US,60,20250203,170000,50.3,50.3,50.3,50.3,100,0
PSH.US,60,20250203,190000,50.314,50.33,50.28,50.28,1694,0
PSH.US,60,20250203,200000,50.38,50.39,50.38,50.39,99258,0
PSH.US,60,20250203,210000,50.29,50.38,50.29,50.38,343,0
PSH.US,60,20250203,220000,50.39,50.48,50.39,50.39,3400,0
PSH.US,60,20250204,170000,50.3899,50.42,50.3899,50.4199,582,0
PSH.US,60,20250204,180000,50.3308,50.3308,50.3308,50.3308,179,0
PSH.US,60,20250204,190000,50.42,50.42,50.33,50.33,3253,0
PSH.US,60,20250204,210000,50.3802,50.3802,50.3802,50.3802,143,0
PSH.US,60,20250204,220000,50.3875,50.419,50.3875,50.419,700,0
PSH.US,60,20250205,170000,50.54,50.54,50.465,50.465,627,0
PSH.US,60,20250205,180000,50.4976,50.4976,50.4401,50.49,1387,0
PSH.US,60,20250205,190000,50.502,50.54,50.502,50.5112,940,0
PSH.US,60,20250205,200000,50.53,50.53,50.514,50.514,200,0
PSH.US,60,20250205,210000,50.505,50.54,50.47,50.53,900,0
PSH.US,60,20250206,160000,50.475,50.475,50.465,50.465,425,0
PSH.US,60,20250206,170000,50.53,50.53,50.4725,50.4725,2330,0
PSH.US,60,20250206,180000,50.45,50.45,50.45,50.45,220,0
PSH.US,60,20250206,200000,50.42,50.46,50.42,50.46,1000,0
PSH.US,60,20250206,210000,50.452,50.452,50.44,50.44,2101,0
PSH.US,60,20250207,190000,50.4,50.4,50.34,50.34,10245,0
PSH.US,60,20250207,200000,50.41,50.42,50.41,50.42,1100,0
PSH.US,60,20250210,180000,50.4317,50.4317,50.4317,50.4317,178,0
PSH.US,60,20250210,190000,50.48,50.49,50.41,50.46,4400,0
PSH.US,60,20250210,200000,50.45,50.45,50.4,50.4,698,0
PSH.US,60,20250211,170000,50.43,50.43,50.43,50.43,1000,0
PSH.US,60,20250211,190000,50.36,50.42,50.3512,50.42,1356,0
PSH.US,60,20250211,200000,50.39,50.39,50.39,50.39,300,0
PSH.US,60,20250211,210000,50.415,50.44,50.415,50.42,864,0
PSH.US,60,20250212,190000,50.3807,50.3807,50.36,50.36,1446,0
PSH.US,60,20250212,200000,50.4,50.43,50.4,50.43,1883,0
PSH.US,60,20250212,210000,50.3716,50.43,50.37,50.43,2791,0
PSH.US,60,20250212,220000,50.44,50.46,50.36,50.45,7700,0
PSH.US,60,20250213,170000,50.45,50.45,50.45,50.45,800,0
PSH.US,60,20250213,190000,50.44,50.51,50.43,50.51,2882,0
PSH.US,60,20250213,210000,50.5099,50.5099,50.5099,50.5099,100,0
PSH.US,60,20250213,220000,50.46,50.46,50.46,50.46,100,0
PSH.US,60,20250214,190000,50.56,50.56,50.52,50.52,66452,0
PSH.US,60,20250214,200000,50.58,50.62,50.53,50.53,500,0
PSH.US,60,20250218,170000,50.44,50.4885,50.44,50.4885,400,0
PSH.US,60,20250218,220000,50.49,50.49,50.49,50.49,200,0
PSH.US,60,20250220,190000,50.5,50.5,50.5,50.5,110,0
PSH.US,60,20250220,200000,50.53,50.53,50.47,50.47,2438,0
PSH.US,60,20250220,210000,50.505,50.505,50.505,50.505,110,0
PSH.US,60,20250220,220000,50.549,50.549,50.47,50.49,300,0
PSH.US,60,20250224,170000,50.5799,50.5799,50.4841,50.54,2178,0
PSH.US,60,20250224,180000,50.5687,50.5687,50.5687,50.5687,500,0
PSH.US,60,20250224,190000,50.5788,50.695,50.5788,50.65,36316,0
PSH.US,60,20250224,200000,50.6,50.605,50.6,50.6,20200,0
PSH.US,60,20250224,220000,50.51,50.51,50.51,50.51,100,0
PSH.US,60,20250225,160000,50.57,50.57,50.57,50.57,1974,0
PSH.US,60,20250225,170000,50.5638,50.5638,50.5638,50.5638,839,0
PSH.US,60,20250225,180000,50.6,50.605,50.5632,50.605,1961,0
PSH.US,60,20250225,190000,50.61,50.61,50.61,50.61,400,0
PSH.US,60,20250225,200000,50.63,50.63,50.61,50.61,500,0
PSH.US,60,20250225,210000,50.63,50.75,50.58,50.58,3200,0
PSH.US,60,20250226,170000,50.65,50.65,50.645,50.645,1600,0
PSH.US,60,20250226,180000,50.6504,50.6504,50.6504,50.6504,1200,0
PSH.US,60,20250226,190000,50.689,50.69,50.689,50.6899,425,0
PSH.US,60,20250226,200000,50.6427,50.6427,50.6427,50.6427,137,0
PSH.US,60,20250226,210000,50.66,50.7,50.66,50.6999,1312,0
PSH.US,60,20250227,180000,50.665,50.665,50.665,50.665,200,0
PSH.US,60,20250227,190000,50.655,50.655,50.655,50.655,170,0
PSH.US,60,20250227,220000,50.645,50.645,50.645,50.645,100,0
PSH.US,60,20250228,160000,50.655,50.655,50.655,50.655,200,0
PSH.US,60,20250228,170000,50.67,50.67,50.6699,50.6699,400,0
PSH.US,60,20250228,180000,50.68,50.68,50.674,50.674,500,0
PSH.US,60,20250303,170000,50.38,50.41,50.38,50.41,256,0
PSH.US,60,20250303,180000,50.3406,50.4,50.3406,50.4,887,0
PSH.US,60,20250303,210000,50.3715,50.3715,50.3715,50.3715,650,0
PSH.US,60,20250303,220000,50.36,50.56,50.36,50.48,3340,0
PSH.US,60,20250304,180000,50.28,50.28,50.28,50.28,600,0
PSH.US,60,20250304,190000,50.285,50.3282,50.285,50.3282,200,0
PSH.US,60,20250304,210000,50.33,50.36,50.33,50.36,1822,0
PSH.US,60,20250305,170000,50.36,50.36,50.36,50.36,110,0
PSH.US,60,20250305,190000,50.38,50.39,50.3386,50.345,2602,0
PSH.US,60,20250305,210000,50.3915,50.3915,50.3915,50.3915,100,0
PSH.US,60,20250305,220000,50.31,50.374,50.31,50.374,228,0
PSH.US,60,20250306,180000,50.33,50.34,50.33,50.34,800,0
PSH.US,60,20250306,210000,50.3249,50.3249,50.3249,50.3249,500,0
PSH.US,60,20250306,220000,50.33,50.36,50.33,50.35,4414,0
PSH.US,60,20250307,160000,50.39,50.39,50.39,50.39,100,0
PSH.US,60,20250307,170000,50.39,50.4,50.3854,50.395,2693,0
PSH.US,60,20250307,180000,50.37,50.37,50.37,50.37,3598,0
PSH.US,60,20250307,210000,50.41,50.41,50.3774,50.4,895,0
PSH.US,60,20250307,220000,50.44,50.44,50.44,50.44,130,0
PSH.US,60,20250310,180000,50.305,50.305,50.305,50.305,350,0
PSH.US,60,20250310,200000,50.2897,50.29,50.27,50.27,600,0
PSH.US,60,20250311,150000,50.2669,50.2669,50.2669,50.2669,550,0
PSH.US,60,20250311,160000,50.25,50.26,50.25,50.26,200,0
PSH.US,60,20250311,170000,50.2561,50.2561,50.2561,50.2561,200,0
PSH.US,60,20250311,190000,50.19,50.19,50.19,50.19,100,0
PSH.US,60,20250311,210000,50.21,50.21,50.21,50.21,100,0
PSH.US,60,20250312,200000,50.235,50.235,50.235,50.235,600,0
PSH.US,60,20250312,210000,50.2684,50.2684,50.225,50.25,1175,0
PSH.US,60,20250313,160000,50.14,50.14,50.14,50.14,884,0
PSH.US,60,20250313,170000,50.13,50.134,50.13,50.134,300,0
PSH.US,60,20250313,190000,50.1182,50.12,50.1132,50.1132,2278,0
PSH.US,60,20250313,210000,50.12,50.12,50.12,50.12,200,0
PSH.US,60,20250314,180000,50.2,50.2,50.2,50.2,211,0
PSH.US,60,20250317,160000,50.14,50.14,50.14,50.14,200,0
PSH.US,60,20250317,180000,50.2444,50.2444,50.2444,50.2444,350,0
PSH.US,60,20250317,190000,50.265,50.265,50.265,50.265,250,0
PSH.US,60,20250317,200000,50.31,50.32,50.31,50.32,1000,0
PSH.US,60,20250317,210000,50.32,50.43,50.22,50.43,15438,0
PSH.US,60,20250318,160000,50.3,50.31,50.22,50.27,21270,0
PSH.US,60,20250318,190000,50.1978,50.1978,50.193,50.193,498,0
PSH.US,60,20250318,210000,50.29,50.3,50.19,50.29,875,0
PSH.US,60,20250319,160000,50.265,50.265,50.2076,50.2076,911,0
PSH.US,60,20250319,190000,50.295,50.34,50.295,50.34,604,0
PSH.US,60,20250319,210000,50.52,50.52,50.52,50.52,394,0
PSH.US,60,20250320,160000,50.46,50.46,50.46,50.46,1770,0
PSH.US,60,20250320,170000,50.4999,50.4999,50.45,50.47,2131,0
PSH.US,60,20250320,190000,50.424,50.424,50.424,50.424,121,0
PSH.US,60,20250320,200000,50.43,50.43,50.43,50.43,2000,0
PSH.US,60,20250320,210000,50.24,50.42,50.24,50.4199,6351,0
PSH.US,60,20250321,160000,50.285,50.285,50.258,50.258,505,0
PSH.US,60,20250321,170000,50.2978,50.2978,50.2978,50.2978,300,0
PSH.US,60,20250321,210000,50.335,50.4,50.27,50.4,6618,0
PSH.US,60,20250324,160000,50.32,50.32,50.2815,50.2815,400,0
PSH.US,60,20250324,170000,50.49,50.529,50.49,50.529,227,0
PSH.US,60,20250324,180000,50.3329,50.52,50.3329,50.442,570,0
PSH.US,60,20250324,190000,50.52,50.52,50.49,50.49,500,0
PSH.US,60,20250324,200000,50.4899,50.4899,50.4899,50.4899,200,0
PSH.US,60,20250325,190000,50.465,50.5581,50.465,50.5581,922,0
PSH.US,60,20250325,200000,50.4,50.52,50.4,50.52,300,0
PSH.US,60,20250326,160000,50.375,50.3998,50.375,50.3998,481,0
PSH.US,60,20250326,190000,50.3525,50.3525,50.33,50.33,1100,0
PSH.US,60,20250326,200000,50.3197,50.3197,50.3197,50.3197,120,0
PSH.US,60,20250327,170000,50.4086,50.4086,50.4086,50.4086,200,0
PSH.US,60,20250327,180000,50.3388,50.38,50.3388,50.38,2873,0
PSH.US,60,20250327,190000,50.29,50.36,50.29,50.36,634,0
PSH.US,60,20250327,210000,50.29,50.3722,50.19,50.19,400,0
PSH.US,60,20250328,150000,50.25,50.26,50.25,50.26,250,0
PSH.US,60,20250328,160000,50.196,50.196,50.196,50.196,397,0
PSH.US,60,20250328,170000,50.225,50.225,50.1657,50.19,497,0
PSH.US,60,20250328,190000,50.23,50.25,50.215,50.215,1528,0
PSH.US,60,20250331,170000,50.29,50.29,50.26,50.26,201,0
PSH.US,60,20250331,180000,50.2897,50.2897,50.22,50.28,3100,0
PSH.US,60,20250331,190000,50.2984,50.2984,50.1416,50.1416,1988,0
PSH.US,60,20250331,210000,50.26,50.2781,50.26,50.26,566,0
PSH.US,60,20250331,220000,50.31,50.31,50.31,50.31,100,0
PSH.US,60,20250401,160000,49.88,49.88,49.8008,49.8008,892,0
PSH.US,60,20250401,170000,50.02,50.02,50.0199,50.0199,740,0
PSH.US,60,20250401,180000,50.0343,50.0343,50.03,50.03,239,0
PSH.US,60,20250401,190000,50.088,50.088,50.08,50.08,1100,0
PSH.US,60,20250401,200000,50.0781,50.0781,49.975,49.975,1361,0
PSH.US,60,20250402,160000,49.95,50.025,49.95,49.9519,4137,0
PSH.US,60,20250402,170000,49.96,50.04,49.96,50.04,324,0
PSH.US,60,20250402,200000,50.065,50.065,50.065,50.065,106,0
PSH.US,60,20250402,210000,50.04,50.04,50.04,50.04,269,0
PSH.US,60,20250402,220000,50.11,50.149,50.0725,50.13,1280,0
PSH.US,60,20250403,160000,49.95,49.95,49.6124,49.6124,1919,0
PSH.US,60,20250403,170000,49.87,49.87,49.75,49.75,7043,0
PSH.US,60,20250403,190000,49.75,49.755,49.75,49.755,260,0
PSH.US,60,20250403,200000,49.71,49.84,49.69,49.7,2490,0
PSH.US,60,20250403,210000,49.63,49.87,49.61,49.87,1300,0
PSH.US,60,20250403,220000,49.725,49.86,49.725,49.86,2415,0
PSH.US,60,20250404,160000,49.335,49.335,49.335,49.335,800,0
PSH.US,60,20250404,170000,49.15,49.2282,48.9196,48.9999,7991,0
PSH.US,60,20250404,180000,49.115,49.115,49.045,49.045,506,0
PSH.US,60,20250404,200000,49.01,49.01,49.01,49.01,200,0
PSH.US,60,20250404,210000,48.99,48.99,48.99,48.99,1000,0
PSH.US,60,20250404,220000,49.2499,49.2499,49.23,49.23,396,0
PSH.US,60,20250407,160000,48.44,48.4401,48.36,48.37,14880,0
PSH.US,60,20250407,170000,49.04,49.04,49.04,49.04,2004,0
PSH.US,60,20250407,180000,48.78,48.9799,48.55,48.9799,1633,0
PSH.US,60,20250407,210000,48.675,48.685,48.675,48.685,1515,0
PSH.US,60,20250407,220000,48.61,48.96,48.61,48.96,200,0
PSH.US,60,20250408,160000,49.1289,49.1289,49.1289,49.1289,600,0
PSH.US,60,20250408,190000,48.84,48.85,48.78,48.78,300,0
PSH.US,60,20250409,170000,48.2901,48.2901,48.2901,48.2901,450,0
PSH.US,60,20250409,180000,48.394,48.394,48.394,48.394,200,0
PSH.US,60,20250409,190000,48.31,48.64,48.31,48.64,1375,0
PSH.US,60,20250409,200000,48.7604,49.1119,48.7604,49.1119,562,0
PSH.US,60,20250409,210000,49.0593,49.49,49.0593,49.49,700,0
PSH.US,60,20250409,220000,49.43,49.5,49.43,49.5,545,0
PSH.US,60,20250410,180000,48.7941,49.0224,48.7941,49.0224,452,0
PSH.US,60,20250410,190000,49,49,49,49,150,0
PSH.US,60,20250410,210000,48.8001,49.28,48.8001,49.28,405,0
PSH.US,60,20250410,220000,49.2257,49.2257,48.8,49.2087,600,0
PSH.US,60,20250411,160000,49.19,49.21,49.19,49.21,200,0
PSH.US,60,20250411,190000,49.085,49.165,49.085,49.0876,860,0
PSH.US,60,20250411,210000,49.11,49.11,48.9808,48.9808,284,0
PSH.US,60,20250411,220000,49.185,49.185,49.185,49.185,200,0
PSH.US,60,20250414,160000,49.22,49.295,49.22,49.295,250,0
PSH.US,60,20250414,170000,49.47,49.47,49.202,49.2467,1050,0
PSH.US,60,20250414,190000,49.26,49.26,49.26,49.26,110,0
PSH.US,60,20250414,200000,49.14,49.335,49.14,49.335,300,0
PSH.US,60,20250414,210000,49.2,49.2,49.2,49.2,600,0
PSH.US,60,20250414,220000,49.345,49.345,49.345,49.345,100,0
PSH.US,60,20250415,200000,49.59,49.59,49.26,49.26,600,0
PSH.US,60,20250415,220000,49.56,49.57,49.24,49.3001,4636,0
PSH.US,60,20250416,160000,49.3943,49.3943,49.3943,49.3943,106,0
PSH.US,60,20250416,170000,49.4216,49.4216,49.4216,49.4216,131,0
PSH.US,60,20250416,210000,49.332,49.332,49.332,49.332,529,0
PSH.US,60,20250417,180000,49.53,49.64,49.4,49.64,1500,0
PSH.US,60,20250417,210000,49.6209,49.6209,49.4476,49.4536,2301,0
PSH.US,60,20250421,160000,49.3,49.4145,49.3,49.4145,400,0
PSH.US,60,20250421,170000,49.65,49.65,49.31,49.31,352,0
PSH.US,60,20250421,200000,49.56,49.59,49.416,49.416,2155,0
PSH.US,60,20250421,210000,49.4061,49.4061,49.4061,49.4061,1000,0
PSH.US,60,20250422,170000,49.575,49.575,49.47,49.47,200,0
PSH.US,60,20250422,190000,49.63,49.63,49.63,49.63,482,0
PSH.US,60,20250422,200000,49.7099,49.7099,49.7099,49.7099,855,0
PSH.US,60,20250422,220000,49.6319,49.6319,49.5202,49.5202,306,0
PSH.US,60,20250423,160000,49.8,49.8,49.8,49.8,3835,0
PSH.US,60,20250423,180000,49.65,49.7495,49.65,49.7495,370,0
PSH.US,60,20250423,210000,49.755,49.755,49.755,49.755,100,0
PSH.US,60,20250424,160000,49.85,49.85,49.85,49.85,302,0
PSH.US,60,20250424,170000,49.76,49.9984,49.76,49.7692,660,0
PSH.US,60,20250424,180000,49.76,49.95,49.76,49.76,400,0
PSH.US,60,20250424,190000,49.83,49.99,49.83,49.99,1269,0
PSH.US,60,20250424,200000,49.85,49.99,49.77,49.96,4250,0
PSH.US,60,20250424,210000,49.81,50,49.81,49.99,850,0
PSH.US,60,20250424,220000,49.84,49.84,49.84,49.84,100,0
PSH.US,60,20250425,170000,49.9,49.9,49.9,49.9,100,0
PSH.US,60,20250425,200000,50.1,50.1,49.99,50.1,1812,0
PSH.US,60,20250425,220000,50.012,50.012,50.012,50.012,300,0
PSH.US,60,20250428,160000,49.96,49.96,49.96,49.96,100,0
PSH.US,60,20250428,170000,50.0985,50.0985,50.0985,50.0985,772,0
PSH.US,60,20250428,200000,49.98,49.9801,49.98,49.9801,400,0
PSH.US,60,20250428,210000,50.08,50.0976,49.97,49.97,901,0
PSH.US,60,20250428,220000,50.02,50.08,50.02,50.08,200,0
PSH.US,60,20250429,160000,50.09,50.1,50.08,50.1,2000,0
PSH.US,60,20250429,190000,50.04,50.0989,50.04,50.0989,1612,0
PSH.US,60,20250429,220000,50.1,50.1,50.1,50.1,100,0
PSH.US,60,20250430,170000,49.89,49.89,49.89,49.89,100,0
PSH.US,60,20250430,190000,49.9314,50.07,49.9314,50.07,2793,0
PSH.US,60,20250430,200000,49.93,49.93,49.93,49.93,100,0
PSH.US,60,20250430,210000,50.08,50.08,50.08,50.08,200,0
PSH.US,60,20250501,160000,49.88,49.88,49.855,49.855,300,0
PSH.US,60,20250501,170000,49.76,49.92,49.76,49.92,2399,0
PSH.US,60,20250501,180000,49.9399,49.9399,49.84,49.84,775,0
PSH.US,60,20250501,190000,49.8351,49.86,49.8351,49.86,350,0
PSH.US,60,20250501,200000,49.88,49.88,49.88,49.88,103,0
PSH.US,60,20250501,210000,49.8645,49.8994,49.8645,49.8994,301,0
PSH.US,60,20250501,220000,49.87,49.9,49.87,49.9,10169,0
PSH.US,60,20250502,170000,49.855,49.855,49.78,49.78,1400,0
PSH.US,60,20250502,180000,49.9299,49.9299,49.8,49.91,1510,0
PSH.US,60,20250502,190000,49.91,49.91,49.91,49.91,365,0
PSH.US,60,20250502,210000,49.87,49.98,49.87,49.98,200,0
PSH.US,60,20250502,220000,49.903,49.903,49.87,49.87,637,0
PSH.US,60,20250505,160000,49.93,49.99,49.69,49.99,2150,0
PSH.US,60,20250505,170000,50.03,50.03,49.76,49.76,694,0
PSH.US,60,20250505,180000,49.97,50.01,49.82,49.82,1500,0
PSH.US,60,20250505,190000,49.91,49.9304,49.882,49.9304,799,0
PSH.US,60,20250505,200000,49.98,49.98,49.98,49.98,300,0
PSH.US,60,20250505,210000,50,50,49.82,49.93,438,0
PSH.US,60,20250505,220000,50,50,49.81,49.81,800,0
PSH.US,60,20250506,170000,49.8709,49.9659,49.8709,49.9659,300,0
PSH.US,60,20250506,180000,49.868,49.96,49.76,49.76,1852,0
PSH.US,60,20250506,190000,49.93,49.93,49.77,49.77,600,0
PSH.US,60,20250506,210000,49.7614,49.88,49.7614,49.88,245,0
PSH.US,60,20250506,220000,49.82,50.03,49.82,50.0099,10284,0
PSH.US,60,20250507,170000,50,50,50,50,100,0
PSH.US,60,20250507,210000,49.87,49.87,49.87,49.87,300,0
PSH.US,60,20250507,220000,49.732,49.86,49.732,49.86,300,0
PSH.US,60,20250508,200000,50.0182,50.0182,49.93,49.93,4442,0
PSH.US,60,20250508,210000,49.9,50.0176,49.9,50.0176,250,0
PSH.US,60,20250508,220000,49.99,49.99,49.99,49.99,110,0
PSH.US,60,20250509,180000,50,50,50,50,200,0
PSH.US,60,20250509,190000,50.01,50.01,49.935,49.935,900,0
PSH.US,60,20250509,200000,49.94,49.94,49.94,49.94,100,0
PSH.US,60,20250509,210000,49.9409,49.9409,49.9409,49.9409,176,0
PSH.US,60,20250509,220000,49.87,49.87,49.85,49.85,2128,0
PSH.US,60,20250512,160000,50.03,50.03,50.03,50.03,100,0
PSH.US,60,20250512,170000,50.0975,50.1,50.0975,50.1,900,0
PSH.US,60,20250512,190000,50.07,50.1,50.07,50.0862,2895,0
PSH.US,60,20250512,200000,50.09,50.1,50.09,50.1,803,0
PSH.US,60,20250512,210000,50.1,50.1,50.1,50.1,200,0
PSH.US,60,20250512,220000,50.1,50.1,50.095,50.1,2500,0
PSH.US,60,20250513,190000,50.34,50.34,50.34,50.34,100,0
PSH.US,60,20250513,210000,50.3976,50.3976,50.3976,50.3976,304,0
PSH.US,60,20250513,220000,50.35,50.35,50.35,50.35,100,0
PSH.US,60,20250514,180000,50.1506,50.1506,50.1506,50.1506,473,0
PSH.US,60,20250514,190000,50.2748,50.33,50.12,50.12,900,0
PSH.US,60,20250514,200000,50.32,50.32,50.2,50.2,600,0
PSH.US,60,20250514,220000,50.09,50.28,50.09,50.28,2036,0
PSH.US,60,20250515,170000,50.1343,50.1343,50.1343,50.1343,200,0
PSH.US,60,20250515,190000,50.16,50.35,50.13,50.35,538,0
PSH.US,60,20250516,170000,50.2647,50.2647,50.2647,50.2647,200,0
PSH.US,60,20250516,210000,50.17,50.21,50.17,50.21,265,0
PSH.US,60,20250519,170000,50.245,50.33,50.245,50.33,3346,0
PSH.US,60,20250519,200000,50.27,50.27,50.27,50.27,140,0
PSH.US,60,20250519,210000,50.2,50.2,50.2,50.2,204,0
PSH.US,60,20250519,220000,50.19,50.19,50.19,50.19,300,0
PSH.US,60,20250520,190000,50.33,50.34,50.33,50.34,480,0
PSH.US,60,20250520,210000,50.25,50.35,50.25,50.35,500,0
PSH.US,60,20250520,220000,50.2,50.2,50.2,50.2,117,0
PSH.US,60,20250521,160000,50.21,50.21,50.21,50.21,595,0
PSH.US,60,20250527,210000,50.19,50.3,50,50.3,951,0
PSH.US,60,20250527,220000,50.39,50.4,50.39,50.3999,2990,0
PSH.US,60,20250528,160000,50.4,50.4,50.3138,50.3138,1600,0
PSH.US,60,20250528,170000,50.38,50.38,50.38,50.38,100,0
PSH.US,60,20250528,180000,50.31,50.31,50.31,50.31,1100,0
PSH.US,60,20250528,190000,50.38,50.4,50.38,50.4,1575,0
PSH.US,60,20250528,200000,50.37,50.37,50.37,50.37,100,0
PSH.US,60,20250528,210000,50.28,50.4,50.28,50.349,2274,0
PSH.US,60,20250528,220000,50.4,50.4,50.21,50.399,304,0
PSH.US,60,20250530,170000,50.4,50.4,50.33,50.33,201,0
PSH.US,60,20250530,190000,50.33,50.33,50.33,50.33,140,0
PSH.US,60,20250530,210000,50.38,50.38,50.33,50.33,521,0
PSH.US,60,20250530,220000,50.27,50.3993,50.27,50.38,1143,0
PSH.US,60,20250602,170000,49.86,50.13,49.86,50.13,442,0
PSH.US,60,20250602,180000,50.14,50.14,49.92,50.1299,1664,0
PSH.US,60,20250602,190000,50.13,50.13,50.04,50.13,640,0
PSH.US,60,20250602,200000,50.13,50.13,50.13,50.13,100,0
PSH.US,60,20250602,210000,50.14,50.14,50.055,50.1232,900,0
PSH.US,60,20250602,220000,49.9701,50.07,49.9701,50.07,1410,0
PSH.US,60,20250603,160000,50.14,50.1744,50.14,50.16,301,0
PSH.US,60,20250603,170000,50.21,50.21,50.21,50.21,200,0
PSH.US,60,20250603,190000,50.165,50.165,50.165,50.165,200,0
PSH.US,60,20250603,200000,50.21,50.21,50.21,50.21,100,0
PSH.US,60,20250603,220000,50.22,50.23,50.1868,50.21,11154,0
PSH.US,60,20250604,170000,50.3099,50.3099,50.26,50.26,292,0
PSH.US,60,20250604,180000,50.1764,50.1764,50.1764,50.1764,139,0
PSH.US,60,20250604,190000,50.175,50.24,50.1,50.24,1041,0
PSH.US,60,20250604,200000,50.185,50.185,50.1543,50.1543,318,0
PSH.US,60,20250604,210000,50.275,50.29,50.27,50.27,6025,0
PSH.US,60,20250604,220000,50.29,50.29,50.29,50.29,200,0
PSH.US,60,20250605,170000,50.28,50.28,50.27,50.27,340,0
PSH.US,60,20250605,180000,50.2799,50.2799,50.2799,50.2799,2000,0
PSH.US,60,20250605,200000,50.25,50.25,50.25,50.25,158,0
PSH.US,60,20250605,220000,50.21,50.33,50.21,50.33,1450,0
PSH.US,60,20250606,160000,50.185,50.2,50.185,50.2,200,0
PSH.US,60,20250606,170000,50.2772,50.2772,50.2772,50.2772,100,0
PSH.US,60,20250606,190000,50.196,50.196,50.1001,50.1001,569,0
PSH.US,60,20250606,200000,50.25,50.25,50.25,50.25,100,0
PSH.US,60,20250606,220000,50.19,50.19,50.19,50.19,500,0
PSH.US,60,20250609,170000,50.27,50.27,50.26,50.26,200,0
PSH.US,60,20250609,180000,50.2799,50.2799,50.1997,50.1997,200,0
PSH.US,60,20250609,190000,50.22,50.22,50.22,50.22,264,0
PSH.US,60,20250609,200000,50.15,50.2049,50.15,50.2049,400,0
PSH.US,60,20250609,210000,50.1596,50.3,50.1596,50.3,4623,0
PSH.US,60,20250609,220000,50.3,50.3,50.28,50.28,200,0
PSH.US,60,20250610,170000,50.215,50.28,50.215,50.28,480,0
PSH.US,60,20250610,220000,50.345,50.38,50.3065,50.35,6010,0
PSH.US,60,20250611,170000,50.39,50.4,50.3,50.365,4782,0
PSH.US,60,20250611,210000,50.23,50.2301,50.22,50.2301,400,0
PSH.US,60,20250612,160000,50.235,50.235,50.235,50.235,937,0
PSH.US,60,20250612,170000,50.37,50.37,50.37,50.37,100,0
PSH.US,60,20250612,190000,50.3599,50.3599,50.3599,50.3599,125,0
PSH.US,60,20250612,200000,50.26,50.26,50.26,50.26,100,0
PSH.US,60,20250612,210000,50.26,50.36,50.2595,50.33,5275,0
PSH.US,60,20250613,180000,50.3378,50.3378,50.3378,50.3378,408,0
PSH.US,60,20250613,190000,50.31,50.31,50.31,50.31,2456,0
PSH.US,60,20250613,200000,50.3,50.33,50.23,50.329,3280,0
PSH.US,60,20250613,210000,50.33,50.33,50.33,50.33,100,0
PSH.US,60,20250613,220000,50.3,50.3,50.3,50.3,100,0
PSH.US,60,20250616,170000,50.37,50.37,50.3214,50.3214,695,0
PSH.US,60,20250616,180000,50.2869,50.2869,50.2869,50.2869,100,0
PSH.US,60,20250616,220000,50.325,50.325,50.3197,50.3197,1000,0
PSH.US,60,20250617,170000,50.38,50.38,50.38,50.38,100,0
PSH.US,60,20250617,200000,50.2616,50.2616,50.2616,50.2616,593,0
PSH.US,60,20250617,210000,50.24,50.24,50.24,50.24,160,0
PSH.US,60,20250617,220000,50.245,50.38,50.245,50.35,6467,0
PSH.US,60,20250618,160000,50.41,50.41,50.41,50.41,119,0
PSH.US,60,20250618,180000,50.2966,50.2966,50.2966,50.2966,164,0
PSH.US,60,20250618,190000,50.3164,50.3164,50.3164,50.3164,200,0
PSH.US,60,20250618,200000,50.3,50.42,50.27,50.42,2984,0
PSH.US,60,20250620,190000,50.42,50.42,50.4199,50.4199,1900,0
PSH.US,60,20250623,170000,50.42,50.42,50.3763,50.4199,877,0
PSH.US,60,20250623,180000,50.37,50.37,50.37,50.37,100,0
PSH.US,60,20250623,190000,50.42,50.51,50.42,50.51,566,0
PSH.US,60,20250623,200000,50.53,50.53,50.34,50.4,5336,0
PSH.US,60,20250623,210000,50.53,50.53,50.5299,50.5299,1360,0
PSH.US,60,20250624,190000,50.4693,50.4693,50.4693,50.4693,200,0
PSH.US,60,20250624,210000,50.5325,50.5325,50.5325,50.5325,207,0
PSH.US,60,20250625,170000,50.45,50.61,50.45,50.61,1400,0
PSH.US,60,20250625,190000,50.53,50.53,50.53,50.53,125,0
PSH.US,60,20250626,220000,50.609,50.7,50.54,50.66,4150,0
PSH.US,60,20250627,170000,50.729,50.729,50.635,50.635,2340,0
PSH.US,60,20250627,190000,50.7399,50.7399,50.7399,50.7399,110,0
PSH.US,60,20250627,200000,50.71,50.71,50.71,50.71,100,0
PSH.US,60,20250627,210000,50.6128,50.6128,50.6128,50.6128,120,0
PSH.US,60,20250630,170000,50.75,50.75,50.71,50.71,2460,0
PSH.US,60,20250630,180000,50.7692,50.7692,50.68,50.68,4010,0
PSH.US,60,20250630,210000,50.6493,50.68,50.6493,50.68,1155,0
PSH.US,60,20250630,220000,50.675,50.675,50.61,50.61,218,0
PSH.US,60,20250701,160000,50.47,50.47,50.35,50.415,1400,0
PSH.US,60,20250701,170000,50.47,50.47,50.44,50.45,300,0
PSH.US,60,20250701,190000,50.47,50.47,50.47,50.47,100,0
PSH.US,60,20250701,200000,50.47,50.47,50.38,50.4214,336,0
PSH.US,60,20250701,210000,50.3465,50.469,50.3465,50.3674,400,0
PSH.US,60,20250702,160000,50.3,50.3,50.3,50.3,3398,0
PSH.US,60,20250702,170000,50.24,50.46,50.24,50.46,932,0
PSH.US,60,20250702,180000,50.46,50.47,50.4507,50.46,905,0
PSH.US,60,20250702,200000,50.4,50.49,50.3,50.3,515,0
PSH.US,60,20250702,210000,50.33,50.33,50.33,50.33,100,0
PSH.US,60,20250702,220000,50.5,50.5,50.49,50.4917,600,0
PSH.US,60,20250703,170000,50.54,50.54,50.54,50.54,100,0
PSH.US,60,20250703,190000,50.59,50.59,50.38,50.38,1344,0
PSH.US,60,20250703,200000,50.59,50.61,50.59,50.59,1006,0
PSH.US,60,20250707,170000,50.3517,50.3517,50.3517,50.3517,342,0
PSH.US,60,20250707,220000,50.45,50.45,50.45,50.45,22400,0
PSH.US,60,20250708,160000,50.36,50.36,50.36,50.36,150,0
PSH.US,60,20250708,190000,50.3987,50.3987,50.3987,50.3987,1787,0
PSH.US,60,20250708,220000,50.38,50.38,50.365,50.365,900,0
PSH.US,60,20250709,160000,50.3826,50.3826,50.3826,50.3826,400,0
PSH.US,60,20250709,170000,50.4877,50.4877,50.4877,50.4877,1000,0
PSH.US,60,20250709,200000,50.469,50.47,50.26,50.47,1049,0
PSH.US,60,20250709,210000,50.48,50.48,50.4799,50.4799,300,0
PSH.US,60,20250709,220000,50.48,50.48,50.48,50.48,900,0
PSH.US,60,20250710,170000,50.49,50.49,50.4034,50.4034,1364,0
PSH.US,60,20250710,180000,50.489,50.489,50.489,50.489,1201,0
PSH.US,60,20250710,190000,50.49,50.49,50.49,50.49,1000,0
PSH.US,60,20250710,200000,50.48,50.48,50.48,50.48,3950,0
PSH.US,60,20250710,210000,50.48,50.48,50.47,50.47,5073,0
PSH.US,60,20250710,220000,50.45,50.45,50.45,50.45,123,0
PSH.US,60,20250711,190000,50.4,50.4,50.4,50.4,300,0
PSH.US,60,20250711,200000,50.45,50.45,50.4499,50.4499,232,0
PSH.US,60,20250711,210000,50.4268,50.4268,50.4268,50.4268,100,0
PSH.US,60,20250714,170000,50.44,50.44,50.44,50.44,100,0
PSH.US,60,20250714,180000,50.43,50.43,50.43,50.43,377,0
PSH.US,60,20250714,190000,50.374,50.374,50.374,50.374,238,0
PSH.US,60,20250714,200000,50.45,50.45,50.3673,50.3673,595,0
PSH.US,60,20250714,210000,50.2501,50.2501,50.2501,50.2501,113,0
PSH.US,60,20250714,220000,50.345,50.45,50.345,50.45,1158,0
PSH.US,60,20250715,190000,50.29,50.29,50.29,50.29,300,0
PSH.US,60,20250715,200000,50.36,50.36,50.295,50.295,340,0
PSH.US,60,20250715,220000,50.36,50.36,50.36,50.36,300,0
PSH.US,60,20250716,190000,50.3683,50.43,50.3683,50.43,400,0
PSH.US,60,20250716,210000,50.3743,50.3743,50.365,50.365,1438,0
PSH.US,60,20250716,220000,50.41,50.48,50.41,50.4683,3325,0
PSH.US,60,20250717,170000,50.42,50.42,50.42,50.42,100,0
PSH.US,60,20250717,190000,50.4097,50.4097,50.4097,50.4097,250,0
PSH.US,60,20250717,200000,50.38,50.38,50.38,50.38,1422,0
PSH.US,60,20250717,220000,50.43,50.43,50.43,50.43,819,0
PSH.US,60,20250722,170000,50.65,50.65,50.57,50.57,200,0
PSH.US,60,20250722,180000,50.565,50.565,50.565,50.565,315,0
PSH.US,60,20250722,210000,50.6699,50.6699,50.6699,50.6699,100,0
PSH.US,60,20250722,220000,50.575,50.575,50.48,50.48,1713,0
PSH.US,60,20250723,170000,50.62,50.6371,50.5,50.5,935,0
PSH.US,60,20250723,180000,50.57,50.6,50.57,50.6,442,0
PSH.US,60,20250723,190000,50.57,50.68,50.57,50.68,645,0
PSH.US,60,20250723,200000,50.63,50.63,50.63,50.63,100,0
PSH.US,60,20250723,220000,50.71,50.71,50.71,50.71,392,0
PSH.US,60,20250724,160000,50.68,50.68,50.519,50.606,974,0
PSH.US,60,20250724,170000,50.63,50.63,50.63,50.63,200,0
PSH.US,60,20250724,180000,50.566,50.566,50.5,50.5,668,0
PSH.US,60,20250724,210000,50.605,50.615,50.605,50.615,1183,0
PSH.US,60,20250724,220000,50.63,50.63,50.63,50.63,100,0
PSH.US,60,20250725,170000,50.605,50.605,50.605,50.605,118,0
PSH.US,60,20250725,190000,50.64,50.647,50.64,50.647,611,0
PSH.US,60,20250725,200000,50.6488,50.6488,50.6488,50.6488,100,0
PSH.US,60,20250725,210000,50.65,50.65,50.65,50.65,700,0
PSH.US,60,20250728,200000,50.67,50.67,50.6202,50.6202,300,0
PSH.US,60,20250729,180000,50.6687,50.6687,50.6687,50.6687,274,0
PSH.US,60,20250729,200000,50.685,50.685,50.685,50.685,100,0
PSH.US,60,20250730,170000,50.64,50.64,50.64,50.64,395,0
PSH.US,60,20250730,180000,50.64,50.64,50.64,50.64,409,0
PSH.US,60,20250730,200000,50.64,50.65,50.61,50.65,528,0
PSH.US,60,20250730,220000,50.64,50.64,50.63,50.64,1288,0
PSH.US,60,20250731,170000,50.6168,50.6168,50.6168,50.6168,1000,0
PSH.US,60,20250731,210000,50.64,50.64,50.64,50.64,100,0
PSH.US,60,20250801,180000,50.345,50.345,50.345,50.345,396,0
PSH.US,60,20250801,190000,50.42,50.42,50.29,50.29,33610,0
PSH.US,60,20250801,220000,50.325,50.325,50.325,50.325,500,0
PSH.US,60,20250804,180000,50.47,50.47,50.47,50.47,100,0
PSH.US,60,20250804,200000,50.51,50.51,50.51,50.51,130,0
PSH.US,60,20250804,210000,50.496,50.496,50.36,50.4276,644,0
PSH.US,60,20250804,220000,50.36,50.36,50.36,50.36,100,0
PSH.US,60,20250805,160000,50.31,50.31,50.31,50.31,100,0
PSH.US,60,20250805,170000,50.4475,50.49,50.34,50.48,2706,0
PSH.US,60,20250805,180000,50.34,50.3401,50.34,50.3401,600,0
PSH.US,60,20250805,200000,50.426,50.426,50.426,50.426,320,0
PSH.US,60,20250805,220000,50.52,50.52,50.52,50.52,200,0
PSH.US,60,20250806,160000,50.4,50.4,50.4,50.4,300,0
PSH.US,60,20250806,170000,50.4494,50.4494,50.44,50.44,320,0
PSH.US,60,20250806,180000,50.5382,50.5382,50.44,50.44,1100,0
PSH.US,60,20250806,200000,50.47,50.55,50.47,50.475,7895,0
PSH.US,60,20250806,210000,50.45,50.45,50.45,50.45,100,0
PSH.US,60,20250807,160000,50.48,50.48,50.48,50.48,200,0
PSH.US,60,20250807,200000,50.5188,50.5188,50.46,50.46,628,0
PSH.US,60,20250807,210000,50.51,50.53,50.505,50.53,2626,0
PSH.US,60,20250807,220000,50.53,50.53,50.505,50.5286,883,0
PSH.US,60,20250808,160000,50.57,50.57,50.57,50.57,1230,0
PSH.US,60,20250808,170000,50.56,50.565,50.56,50.565,254,0
PSH.US,60,20250808,180000,50.58,50.58,50.56,50.58,1200,0
PSH.US,60,20250808,200000,50.58,50.59,50.58,50.59,200,0
PSH.US,60,20250808,210000,50.566,50.566,50.566,50.566,615,0
PSH.US,60,20250808,220000,50.5494,50.59,50.5494,50.59,2300,0
PSH.US,60,20250811,170000,50.52,50.58,50.52,50.5752,2942,0
PSH.US,60,20250811,180000,50.59,50.59,50.59,50.59,79374,0
PSH.US,60,20250811,200000,50.62,50.6499,50.6025,50.6499,700,0
PSH.US,60,20250811,220000,50.5986,50.64,50.56,50.56,3761,0
PSH.US,60,20250812,170000,50.51,50.51,50.51,50.51,200,0
PSH.US,60,20250812,180000,50.51,50.53,50.51,50.53,3433,0
PSH.US,60,20250812,190000,50.52,50.7008,50.52,50.7008,245,0
PSH.US,60,20250812,200000,50.54,50.54,50.54,50.54,200,0
PSH.US,60,20250812,210000,50.54,50.5617,50.54,50.5617,300,0
PSH.US,60,20250812,220000,50.55,50.5501,50.55,50.5501,388,0
PSH.US,60,20250813,170000,50.67,50.8099,50.61,50.61,1088,0
PSH.US,60,20250813,190000,50.688,50.688,50.688,50.688,200,0
PSH.US,60,20250813,200000,50.6,50.751,50.6,50.61,3302,0
PSH.US,60,20250813,210000,50.6,50.6,50.6,50.6,200,0
PSH.US,60,20250813,220000,50.6934,50.6934,50.62,50.62,2594,0
PSH.US,60,20250814,170000,50.56,50.59,50.56,50.59,200,0
PSH.US,60,20250814,180000,50.66,50.7238,50.57,50.57,339,0
PSH.US,60,20250814,210000,50.57,50.57,50.57,50.57,200,0
PSH.US,60,20250814,220000,50.58,50.58,50.58,50.58,232,0
PSH.US,60,20250815,170000,50.6594,50.6594,50.57,50.57,1638,0
PSH.US,60,20250815,180000,50.7307,50.7307,50.645,50.645,1028,0
PSH.US,60,20250815,190000,50.5975,50.65,50.59,50.6491,1700,0
PSH.US,60,20250815,200000,50.6132,50.6132,50.58,50.59,641,0
PSH.US,60,20250815,220000,50.59,50.5956,50.59,50.5956,460,0
PSH.US,60,20250818,160000,50.59,50.59,50.59,50.59,400,0
PSH.US,60,20250818,170000,50.77,50.77,50.77,50.77,475,0
PSH.US,60,20250818,180000,50.668,50.736,50.668,50.736,220,0
PSH.US,60,20250818,190000,50.57,50.655,50.57,50.655,700,0
PSH.US,60,20250818,200000,50.623,50.623,50.623,50.623,204,0
PSH.US,60,20250818,210000,50.7237,50.7237,50.7237,50.7237,370,0
PSH.US,60,20250818,220000,50.59,50.74,50.59,50.59,1000,0
PSH.US,60,20250819,170000,50.7,50.7,50.7,50.7,100,0
PSH.US,60,20250819,180000,50.7,50.7,50.62,50.62,400,0
PSH.US,60,20250819,210000,50.6758,50.6758,50.6758,50.6758,100,0
PSH.US,60,20250819,220000,50.6904,50.7041,50.68,50.7041,550,0
PSH.US,60,20250820,170000,50.68,50.68,50.68,50.68,100,0
PSH.US,60,20250820,190000,50.72,50.72,50.72,50.72,200,0
PSH.US,60,20250820,200000,50.6461,50.6461,50.6461,50.6461,231,0
PSH.US,60,20250820,210000,50.71,50.71,50.645,50.71,1150,0
PSH.US,60,20250820,220000,50.7,50.7,50.7,50.7,100,0
PSH.US,60,20250821,170000,50.67,50.67,50.67,50.67,100,0
PSH.US,60,20250821,180000,50.617,50.617,50.617,50.617,100,0
PSH.US,60,20250821,210000,50.5681,50.65,50.5681,50.65,277,0
PSH.US,60,20250822,170000,50.7258,50.88,50.7258,50.88,3879,0
PSH.US,60,20250822,190000,50.85,50.85,50.85,50.85,100,0
PSH.US,60,20250822,200000,50.89,50.89,50.795,50.795,427,0
PSH.US,60,20250822,220000,50.8174,50.8174,50.805,50.805,1618,0
PSH.US,60,20250825,160000,50.8202,50.8202,50.8202,50.8202,196,0
PSH.US,60,20250825,170000,50.86,50.86,50.6919,50.6919,382,0
PSH.US,60,20250825,200000,50.8315,50.9,50.8315,50.85,3667,0
PSH.US,60,20250825,210000,50.8567,50.8567,50.85,50.85,900,0
PSH.US,60,20250825,220000,50.8699,50.8699,50.6701,50.8121,670,0
PSH.US,60,20250826,190000,50.9185,50.9185,50.9185,50.9185,144,0
PSH.US,60,20250826,200000,50.91,50.93,50.91,50.9119,636,0
PSH.US,60,20250826,220000,50.9315,50.9315,50.9315,50.9315,320,0
PSH.US,60,20250827,170000,50.76,50.76,50.76,50.76,216,0
PSH.US,60,20250827,180000,50.85,50.85,50.85,50.85,275,0
PSH.US,60,20250827,190000,50.9281,50.9281,50.75,50.75,15823,0
PSH.US,60,20250827,220000,50.855,50.9606,50.855,50.9606,1871,0
PSH.US,60,20250828,170000,50.97,50.97,50.97,50.97,341,0
PSH.US,60,20250828,190000,50.88,50.88,50.88,50.88,367,0
PSH.US,60,20250828,200000,50.8997,50.8997,50.8636,50.8636,3536,0
PSH.US,60,20250828,210000,50.89,50.92,50.89,50.9,2447,0
PSH.US,60,20250828,220000,50.935,50.935,50.935,50.935,136,0
PSH.US,60,20250829,160000,50.878,50.878,50.878,50.878,300,0
PSH.US,60,20250829,170000,50.9982,50.9982,50.9982,50.9982,1100,0
PSH.US,60,20250829,200000,50.905,50.905,50.905,50.905,430,0
PSH.US,60,20250829,210000,50.895,50.895,50.895,50.895,200,0
PSH.US,60,20250829,220000,50.9266,50.9266,50.9266,50.9266,858,0
PSH.US,60,20250902,170000,50.5728,50.5801,50.5521,50.5521,3802,0
PSH.US,60,20250902,180000,50.4665,50.59,50.4665,50.59,325,0
PSH.US,60,20250902,190000,50.56,50.6,50.56,50.56,900,0
PSH.US,60,20250902,200000,50.57,50.57,50.57,50.57,100,0
PSH.US,60,20250902,210000,50.55,50.55,50.54,50.54,600,0
PSH.US,60,20250902,220000,50.4,50.6,50.4,50.6,10932,0
PSH.US,60,20250903,160000,50.57,50.57,50.57,50.57,472,0
PSH.US,60,20250903,170000,50.63,50.66,50.58,50.66,1341,0
PSH.US,60,20250903,190000,50.4801,50.63,50.48,50.63,2180,0
PSH.US,60,20250903,200000,50.5099,50.6715,50.5,50.6,211426,0
PSH.US,60,20250903,210000,50.65,50.67,50.6026,50.65,688,0
PSH.US,60,20250903,220000,50.58,50.58,50.58,50.58,100,0
PSH.US,60,20250904,170000,50.7399,50.7399,50.6939,50.6939,366,0
PSH.US,60,20250904,180000,50.54,50.54,50.54,50.54,108,0
PSH.US,60,20250904,200000,50.65,50.65,50.62,50.62,1356,0
PSH.US,60,20250904,220000,50.6824,50.71,50.658,50.71,935,0
PSH.US,60,20250905,170000,50.71,50.71,50.71,50.71,100,0
PSH.US,60,20250905,190000,50.79,50.79,50.79,50.79,117,0
PSH.US,60,20250908,170000,50.7678,50.7678,50.7678,50.7678,506,0
PSH.US,60,20250908,210000,50.715,50.75,50.63,50.75,14069,0
PSH.US,60,20250908,220000,50.75,50.7789,50.75,50.75,2730,0
PSH.US,60,20250909,170000,50.7775,50.7775,50.6,50.6,7400,0
PSH.US,60,20250909,180000,50.72,50.74,50.58,50.722,906,0
PSH.US,60,20250909,190000,50.71,50.74,50.71,50.73,1000,0
PSH.US,60,20250909,210000,50.73,50.73,50.73,50.73,281,0
PSH.US,60,20250909,220000,50.6955,50.75,50.59,50.59,3099,0
PSH.US,60,20250910,160000,50.8673,50.8673,50.8199,50.8199,1496,0
PSH.US,60,20250910,170000,50.8182,50.8182,50.65,50.7095,589,0
PSH.US,60,20250910,180000,50.8183,50.8183,50.8183,50.8183,800,0
PSH.US,60,20250910,200000,50.74,50.74,50.74,50.74,630,0
PSH.US,60,20250910,210000,50.8046,50.8049,50.79,50.79,897,0
PSH.US,60,20250910,220000,50.8031,50.8031,50.705,50.705,3605,0
PSH.US,60,20250911,160000,50.63,50.735,50.63,50.735,1667,0
PSH.US,60,20250911,170000,50.8599,50.87,50.765,50.8549,2291,0
PSH.US,60,20250911,180000,50.8463,50.85,50.83,50.85,8825,0
PSH.US,60,20250911,190000,50.86,50.866,50.84,50.8552,4011,0
PSH.US,60,20250911,200000,50.84,50.84,50.84,50.84,100,0
PSH.US,60,20250911,210000,50.82,50.86,50.765,50.7967,4135,0
PSH.US,60,20250912,170000,50.82,50.82,50.7096,50.79,26414,0
PSH.US,60,20250912,180000,50.7984,50.7984,50.7984,50.7984,1000,0
PSH.US,60,20250912,190000,50.69,50.69,50.69,50.69,200,0
PSH.US,60,20250912,200000,50.7834,50.7834,50.7834,50.7834,148,0
PSH.US,60,20250912,210000,50.8,50.8,50.7987,50.7987,200,0
PSH.US,60,20250915,160000,50.86,50.86,50.86,50.86,100,0
PSH.US,60,20250915,170000,50.79,50.8298,50.79,50.8298,1700,0
PSH.US,60,20250915,180000,50.81,50.89,50.81,50.815,2160,0
PSH.US,60,20250915,190000,50.81,50.8935,50.8077,50.88,1117,0
PSH.US,60,20250915,200000,50.8214,50.86,50.8138,50.8138,450,0
PSH.US,60,20250915,210000,50.7429,50.7429,50.7429,50.7429,100,0
PSH.US,60,20250915,220000,50.8,50.88,50.78,50.8385,1729,0
PSH.US,60,20250916,170000,50.91,50.92,50.8592,50.89,700,0
PSH.US,60,20250916,180000,50.89,50.9021,50.88,50.88,1443,0
PSH.US,60,20250916,190000,50.89,50.8932,50.88,50.88,1642,0
PSH.US,60,20250916,200000,50.89,50.89,50.83,50.83,1919,0
PSH.US,60,20250916,210000,50.8984,50.8984,50.84,50.8984,1345,0
PSH.US,60,20250916,220000,50.88,50.8966,50.835,50.88,911,0
PSH.US,60,20250917,170000,50.818,50.818,50.795,50.795,1923,0
PSH.US,60,20250917,180000,50.8,50.8,50.8,50.8,432,0
PSH.US,60,20250917,190000,50.73,50.7301,50.73,50.7301,335,0
PSH.US,60,20250917,200000,50.8012,50.86,50.8012,50.83,2713,0
PSH.US,60,20250917,210000,50.93,50.93,50.93,50.93,200,0
PSH.US,60,20250917,220000,50.8623,50.8684,50.775,50.83,9100,0
PSH.US,60,20250918,160000,50.79,50.79,50.79,50.79,984,0
PSH.US,60,20250918,170000,50.795,50.795,50.71,50.71,962,0
PSH.US,60,20250918,180000,50.72,50.9,50.72,50.9,569,0
PSH.US,60,20250918,190000,50.8862,50.8862,50.74,50.74,734,0
PSH.US,60,20250918,200000,50.8862,50.8862,50.8862,50.8862,314,0
PSH.US,60,20250918,210000,50.8816,50.8816,50.8816,50.8816,100,0
PSH.US,60,20250918,220000,50.82,51.29,50.73,51.29,8042,0
PSH.US,60,20250919,160000,50.83,50.83,50.83,50.83,100,0
PSH.US,60,20250919,170000,50.825,50.89,50.76,50.87,3160,0
PSH.US,60,20250919,180000,50.84,50.919,50.76,50.76,1098,0
PSH.US,60,20250919,190000,50.88,50.9191,50.74,50.86,61746,0
PSH.US,60,20250919,200000,50.87,50.8987,50.7317,50.8151,4723,0
PSH.US,60,20250919,210000,50.815,50.815,50.8028,50.8028,1291,0
PSH.US,60,20250919,220000,50.815,50.823,50.815,50.82,700,0
PSH.US,60,20250922,160000,50.88,50.9,50.81,50.87,8119,0
PSH.US,60,20250922,170000,50.88,50.88,50.88,50.88,500,0
PSH.US,60,20250922,180000,50.8181,50.83,50.7977,50.83,669,0
PSH.US,60,20250922,190000,50.851,50.8899,50.83,50.8899,6899,0
PSH.US,60,20250922,200000,50.875,50.88,50.875,50.88,687,0
PSH.US,60,20250922,210000,50.87,50.87,50.87,50.87,300,0
PSH.US,60,20250922,220000,50.9,50.9,50.87,50.87,13292,0
PSH.US,60,20250923,160000,50.8205,50.8205,50.8205,50.8205,165,0
PSH.US,60,20250923,170000,50.76,50.89,50.76,50.89,532,0
PSH.US,60,20250923,180000,50.8468,50.9,50.83,50.83,673,0
PSH.US,60,20250923,190000,50.7416,50.8994,50.7416,50.8994,2328,0
PSH.US,60,20250923,200000,50.82,50.82,50.815,50.815,430,0
PSH.US,60,20250923,210000,50.86,50.89,50.7956,50.822,44261,0
PSH.US,60,20250923,220000,50.8095,50.88,50.8095,50.85,168958,0
PSH.US,60,20250924,170000,50.9,50.9,50.815,50.815,681,0
PSH.US,60,20250924,190000,50.819,50.87,50.819,50.87,1000,0
PSH.US,60,20250924,200000,50.7425,50.785,50.7425,50.785,736,0
PSH.US,60,20250924,220000,50.8234,50.8234,50.7,50.7,600,0
PSH.US,60,20250925,170000,50.705,50.705,50.705,50.705,280,0
PSH.US,60,20250925,190000,50.7165,50.75,50.7165,50.75,647,0
PSH.US,60,20250925,200000,50.78,50.78,50.72,50.77,7705,0
PSH.US,60,20250925,210000,50.769,50.77,50.769,50.77,1946,0
PSH.US,60,20250925,220000,50.769,50.769,50.63,50.75,2591,0
PSH.US,60,20250926,170000,50.81,50.83,50.735,50.735,2513,0
PSH.US,60,20250926,180000,50.81,50.83,50.7679,50.7679,4362,0
PSH.US,60,20250926,200000,50.83,50.83,50.83,50.83,200,0
PSH.US,60,20250926,210000,50.75,50.81,50.75,50.755,1524,0
PSH.US,60,20250926,220000,50.81,50.84,50.67,50.84,7158,0
PSH.US,60,20250929,160000,50.85,50.85,50.85,50.85,106,0
PSH.US,60,20250929,170000,50.84,50.84,50.84,50.84,100,0
PSH.US,60,20250929,180000,50.8096,50.8096,50.8096,50.8096,118,0
PSH.US,60,20250929,190000,50.8078,50.8078,50.8078,50.8078,123,0
PSH.US,60,20250929,200000,50.805,50.83,50.805,50.83,225,0
PSH.US,60,20250929,210000,50.8,50.8,50.8,50.8,100,0
PSH.US,60,20250929,220000,50.79,50.84,50.79,50.82,7648,0
PSH.US,60,20250930,160000,50.79,50.85,50.79,50.85,200,0
PSH.US,60,20250930,170000,50.822,50.84,50.795,50.8075,1561,0
PSH.US,60,20250930,180000,50.7925,50.83,50.75,50.785,20937,0
PSH.US,60,20250930,190000,50.7963,50.8134,50.78,50.78,2268,0
PSH.US,60,20250930,200000,50.775,50.775,50.775,50.775,100,0
PSH.US,60,20250930,210000,50.78,50.78,50.78,50.78,2166,0
PSH.US,60,20250930,220000,50.785,50.785,50.75,50.75,600,0
PSH.US,60,20251001,160000,50.57,50.57,50.57,50.57,100,0
PSH.US,60,20251001,170000,50.57,50.57,50.5523,50.56,3546,0
PSH.US,60,20251001,180000,50.57,50.575,50.53,50.575,1310,0
PSH.US,60,20251001,190000,50.58,50.5877,50.55,50.55,552,0
PSH.US,60,20251001,200000,50.629,50.629,50.629,50.629,100,0
PSH.US,60,20251001,210000,50.595,50.6023,50.595,50.6023,290,0
PSH.US,60,20251001,220000,50.6486,50.6486,50.57,50.57,6000,0
PSH.US,60,20251002,180000,50.58,50.63,50.5,50.5,2530,0
PSH.US,60,20251002,190000,50.5112,50.5112,50.5112,50.5112,217,0
PSH.US,60,20251002,210000,50.53,50.53,50.52,50.52,2890,0
PSH.US,60,20251002,220000,50.52,50.6025,50.52,50.6025,9168,0
PSH.US,60,20251003,160000,50.58,50.61,50.58,50.61,203,0
PSH.US,60,20251003,170000,50.6116,50.62,50.575,50.595,19378,0
PSH.US,60,20251003,180000,50.575,50.61,50.5685,50.59,5634,0
PSH.US,60,20251003,190000,50.5201,50.6,50.5201,50.6,4623,0
PSH.US,60,20251003,200000,50.61,50.61,50.6,50.61,300,0
PSH.US,60,20251003,210000,50.5802,50.5802,50.5802,50.5802,692,0
PSH.US,60,20251003,220000,50.5605,50.61,50.53,50.53,10357,0
PSH.US,60,20251006,160000,50.5209,50.5209,50.5209,50.5209,223,0
PSH.US,60,20251006,170000,50.6094,50.6094,50.5871,50.5871,2996,0
PSH.US,60,20251006,180000,50.6,50.6088,50.54,50.596,1616,0
PSH.US,60,20251006,190000,50.5775,50.5775,50.5775,50.5775,378,0
PSH.US,60,20251006,200000,50.6,50.6,50.6,50.6,400,0
PSH.US,60,20251006,210000,50.61,50.61,50.59,50.59,1365,0
PSH.US,60,20251006,220000,50.58,50.62,50.5694,50.62,3317,0
PSH.US,60,20251007,160000,50.55,50.5501,50.55,50.5501,200,0
PSH.US,60,20251007,180000,50.55,50.55,50.535,50.535,1000,0
PSH.US,60,20251007,190000,50.53,50.5499,50.53,50.5499,2818,0
PSH.US,60,20251007,200000,50.55,50.55,50.5499,50.5499,306,0
PSH.US,60,20251007,220000,50.5322,50.58,50.5252,50.58,5098,0
PSH.US,60,20251008,160000,50.58,50.58,50.58,50.58,100,0
PSH.US,60,20251008,170000,50.55,50.59,50.55,50.5797,2279,0
PSH.US,60,20251008,180000,50.5794,50.58,50.55,50.55,20254,0
PSH.US,60,20251008,190000,50.57,50.63,50.5,50.57,6311,0
PSH.US,60,20251008,200000,50.57,50.57,50.57,50.57,500,0
PSH.US,60,20251008,210000,50.57,50.57,50.5205,50.5519,2947,0
PSH.US,60,20251008,220000,50.5599,50.5599,50.5295,50.5295,3253,0
PSH.US,60,20251009,160000,50.53,50.53,50.46,50.46,313,0
PSH.US,60,20251009,170000,50.3601,50.47,50.3601,50.44,1400,0
PSH.US,60,20251009,180000,50.3808,50.46,50.3808,50.44,3340,0
PSH.US,60,20251009,190000,50.4396,50.4396,50.42,50.43,450,0
PSH.US,60,20251009,200000,50.41,50.41,50.3527,50.3527,2311,0
PSH.US,60,20251009,210000,50.38,50.38,50.38,50.38,100,0
PSH.US,60,20251009,220000,50.3637,50.38,50.358,50.38,1794,0
PSH.US,60,20251010,160000,50.2871,50.2871,50.2871,50.2871,2482,0
PSH.US,60,20251010,170000,50.381,50.381,50.381,50.381,151,0
PSH.US,60,20251010,190000,50.2,50.3,50.2,50.3,527,0
PSH.US,60,20251010,200000,50.2005,50.31,50.2005,50.31,1887,0
PSH.US,60,20251010,210000,50.31,50.31,50.2844,50.2844,378,0
PSH.US,60,20251010,220000,50.2567,50.3599,50.23,50.32,50537,0
PSH.US,60,20251013,160000,50.46,50.46,50.33,50.33,624,0
PSH.US,60,20251013,170000,50.459,50.459,50.34,50.45,4871,0
PSH.US,60,20251013,180000,50.3492,50.47,50.3492,50.365,3981,0
PSH.US,60,20251013,190000,50.34,50.468,50.34,50.468,3517,0
PSH.US,60,20251013,200000,50.39,50.498,50.39,50.498,757,0
PSH.US,60,20251013,210000,50.37,50.47,50.37,50.3735,2161,0
PSH.US,60,20251013,220000,50.47,50.5,50.41,50.4635,7424,0
PSH.US,60,20251014,160000,50.48,50.489,50.4,50.4,3900,0
PSH.US,60,20251014,170000,50.39,50.49,50.36,50.45,7461,0
PSH.US,60,20251014,180000,50.4814,50.5,50.41,50.44,3633,0
PSH.US,60,20251014,190000,50.52,50.5389,50.495,50.495,580,0
PSH.US,60,20251014,200000,50.53,50.55,50.47,50.48,1983,0
PSH.US,60,20251014,210000,50.58,50.58,50.515,50.5287,3549,0
PSH.US,60,20251014,220000,50.54,50.62,50.47,50.54,11352,0
PSH.US,60,20251015,170000,50.64,50.65,50.5501,50.649,5703,0
PSH.US,60,20251015,180000,50.63,50.6352,50.6,50.62,830,0
PSH.US,60,20251015,190000,50.629,50.629,50.53,50.575,3788,0
PSH.US,60,20251015,200000,50.57,50.6,50.53,50.5803,915,0
PSH.US,60,20251015,210000,50.5776,50.63,50.5776,50.59,2002,0
PSH.US,60,20251015,220000,50.62,50.62,50.62,50.62,100,0
PSH.US,60,20251016,160000,50.66,50.66,50.6098,50.6098,1390,0
PSH.US,60,20251016,170000,50.64,50.64,50.5991,50.64,1114,0
PSH.US,60,20251016,180000,50.6129,50.62,50.59,50.605,2964,0
PSH.US,60,20251016,190000,50.61,50.62,50.61,50.62,400,0
PSH.US,60,20251016,200000,50.62,50.65,50.62,50.62,300,0
PSH.US,60,20251016,210000,50.6046,50.63,50.5675,50.625,22054,0
PSH.US,60,20251016,220000,50.5799,50.65,50.4862,50.59,22568,0
PSH.US,60,20251017,170000,50.59,50.59,50.5152,50.58,2864,0
PSH.US,60,20251017,180000,50.56,50.58,50.48,50.58,4804,0
PSH.US,60,20251017,190000,50.59,50.62,50.59,50.62,1300,0
PSH.US,60,20251017,200000,50.6,50.62,50.58,50.59,3835,0
PSH.US,60,20251017,210000,50.61,50.65,50.61,50.63,2971,0
PSH.US,60,20251017,220000,50.65,50.69,50.595,50.66,7843,0
PSH.US,60,20251020,160000,50.6423,50.6423,50.6423,50.6423,150,0
PSH.US,60,20251020,170000,50.6651,50.6651,50.6,50.651,1200,0
PSH.US,60,20251020,190000,50.6755,50.6755,50.6464,50.6464,280,0
PSH.US,60,20251020,210000,50.645,50.645,50.645,50.645,120,0
PSH.US,60,20251020,220000,50.645,50.65,50.58,50.59,3186,0
PSH.US,60,20251021,160000,50.61,50.64,50.61,50.64,275,0
PSH.US,60,20251021,170000,50.62,50.64,50.61,50.63,21300,0
PSH.US,60,20251021,180000,50.64,50.64,50.64,50.64,773,0
PSH.US,60,20251021,190000,50.68,50.729,50.68,50.729,492,0
PSH.US,60,20251021,200000,50.71,50.71,50.685,50.685,200,0
PSH.US,60,20251021,210000,50.675,50.7064,50.65,50.65,1050,0
PSH.US,60,20251021,220000,50.6895,50.6995,50.638,50.65,1322,0
PSH.US,60,20251022,170000,50.6905,50.6905,50.645,50.645,356,0
PSH.US,60,20251022,180000,50.57,50.57,50.57,50.57,100,0
PSH.US,60,20251022,190000,50.6894,50.6894,50.57,50.64,3445,0
PSH.US,60,20251022,200000,50.648,50.648,50.648,50.648,394,0
PSH.US,60,20251022,210000,50.6247,50.69,50.53,50.53,21894,0
PSH.US,60,20251022,220000,50.63,50.72,50.54,50.69,2324,0
PSH.US,60,20251023,160000,50.561,50.561,50.561,50.561,300,0
PSH.US,60,20251023,170000,50.74,50.74,50.6,50.6,2355,0
PSH.US,60,20251023,180000,50.58,50.58,50.55,50.55,1822,0
PSH.US,60,20251023,200000,50.581,50.5811,50.58,50.5801,3200,0
PSH.US,60,20251023,210000,50.6789,50.6789,50.6789,50.6789,370,0
PSH.US,60,20251024,160000,50.75,50.75,50.75,50.75,289,0
PSH.US,60,20251024,170000,50.7,50.7546,50.7,50.7546,200,0
PSH.US,60,20251024,190000,50.78,50.79,50.71,50.7585,3724,0
PSH.US,60,20251024,200000,50.7899,50.7899,50.7,50.73,370,0
PSH.US,60,20251024,210000,50.7415,50.7985,50.7415,50.7415,1237,0
PSH.US,60,20251024,220000,50.7,50.775,50.7,50.7,650,0
PSH.US,60,20251027,160000,50.78,50.78,50.69,50.74,3005,0
PSH.US,60,20251027,170000,50.735,50.77,50.7308,50.75,1600,0
PSH.US,60,20251027,180000,50.77,50.77,50.77,50.77,100,0
PSH.US,60,20251027,190000,50.742,50.742,50.72,50.72,200,0
PSH.US,60,20251027,200000,50.7532,50.77,50.7491,50.7491,6229,0
PSH.US,60,20251027,210000,50.7489,50.8,50.7307,50.8,1237,0
PSH.US,60,20251028,150000,50.8,50.8,50.8,50.8,600,0
PSH.US,60,20251028,160000,50.83,50.83,50.73,50.7896,1060,0
PSH.US,60,20251028,170000,50.8029,50.83,50.7715,50.7715,2398,0
PSH.US,60,20251028,180000,50.81,50.8299,50.75,50.76,6892,0
PSH.US,60,20251028,190000,50.785,50.83,50.74,50.785,2849,0
PSH.US,60,20251028,200000,50.81,50.83,50.79,50.79,2456,0
PSH.US,60,20251028,210000,50.79,50.79,50.79,50.79,250,0
PSH.US,60,20251029,150000,50.7398,50.7398,50.7398,50.7398,100,0
PSH.US,60,20251029,160000,50.83,50.83,50.7604,50.775,1010,0
PSH.US,60,20251029,170000,50.8454,50.8454,50.7,50.74,2921,0
PSH.US,60,20251029,180000,50.8292,50.8292,50.79,50.816,362,0
PSH.US,60,20251029,190000,50.79,50.8292,50.79,50.7921,709,0
PSH.US,60,20251029,200000,50.93,50.93,50.65,50.7044,2560,0
PSH.US,60,20251029,210000,50.79,50.79,50.61,50.64,3051,0
PSH.US,60,20251030,150000,50.655,50.655,50.655,50.655,302,0
PSH.US,60,20251030,160000,50.75,50.77,50.6595,50.6595,3271,0
PSH.US,60,20251030,170000,50.74,50.74,50.72,50.72,1336,0
PSH.US,60,20251030,190000,50.665,50.665,50.665,50.665,250,0
PSH.US,60,20251030,200000,50.7099,50.7099,50.655,50.655,1181,0
PSH.US,60,20251030,210000,50.67,50.67,50.65,50.65,300,0
PSH.US,60,20251031,150000,50.7791,50.7791,50.7277,50.7277,2429,0
PSH.US,60,20251031,160000,50.7206,50.7206,50.7206,50.7206,200,0
PSH.US,60,20251031,170000,50.75,50.7799,50.6,50.72,3359,0
PSH.US,60,20251031,180000,50.6001,50.6683,50.6001,50.6455,1313,0
PSH.US,60,20251031,190000,50.702,50.702,50.702,50.702,500,0
PSH.US,60,20251031,210000,50.65,51.29,50.645,50.7,7952,0
PSH.US,60,20251103,160000,50.51,50.54,50.44,50.54,2708,0
PSH.US,60,20251103,170000,50.4783,50.4783,50.31,50.31,3346,0
PSH.US,60,20251103,190000,50.4486,50.4486,50.31,50.31,12838,0
PSH.US,60,20251103,200000,50.4022,50.4022,50.4022,50.4022,280,0
PSH.US,60,20251103,210000,50.388,50.388,50.388,50.388,101,0
PSH.US,60,20251103,220000,50.43,50.43,50.3112,50.39,5075,0
PSH.US,60,20251104,160000,50.3,50.31,50.24,50.31,1366,0
PSH.US,60,20251104,180000,50.37,50.37,50.32,50.32,907,0
PSH.US,60,20251104,190000,50.325,50.325,50.325,50.325,1000,0
PSH.US,60,20251104,210000,50.39,50.39,50.25,50.25,1559,0
PSH.US,60,20251104,220000,50.315,50.38,50.315,50.37,366,0
PSH.US,60,20251105,160000,50.38,50.38,50.38,50.38,100,0
PSH.US,60,20251105,170000,50.38,50.3867,50.31,50.31,2193,0
PSH.US,60,20251105,190000,50.2802,50.2875,50.2802,50.2875,526,0
PSH.US,60,20251105,200000,50.3279,50.34,50.3279,50.34,7901,0
PSH.US,60,20251105,210000,50.333,50.37,50.33,50.35,5622,0
PSH.US,60,20251105,220000,50.3691,50.3691,50.33,50.33,1113,0
PSH.US,60,20251106,170000,50.3043,50.3043,50.3,50.3,300,0
PSH.US,60,20251106,190000,50.33,50.33,50.32,50.33,7600,0
PSH.US,60,20251106,200000,50.31,50.338,50.2995,50.2995,2638,0
PSH.US,60,20251106,210000,50.315,50.315,50.2948,50.2948,1283,0
PSH.US,60,20251106,220000,50.35,50.36,50.29,50.36,1991,0
PSH.US,60,20251107,160000,50.27,50.33,50.27,50.28,600,0
PSH.US,60,20251107,170000,50.3584,50.3584,50.2,50.28,12908,0
PSH.US,60,20251107,180000,50.26,50.26,50.2285,50.2285,300,0
PSH.US,60,20251107,190000,50.2436,50.2599,50.2436,50.257,1011,0
PSH.US,60,20251107,200000,50.2588,50.27,50.2588,50.27,300,0
PSH.US,60,20251107,210000,50.28,50.2997,50.28,50.2997,200,0
PSH.US,60,20251107,220000,50.3,50.3,50.25,50.25,911,0
PSH.US,60,20251110,160000,50.451,50.451,50.45,50.45,300,0
PSH.US,60,20251110,170000,50.45,50.45,50.3939,50.3939,786,0
PSH.US,60,20251110,180000,50.45,50.45,50.34,50.34,7100,0
PSH.US,60,20251110,200000,50.4401,50.4629,50.4,50.42,3154,0
PSH.US,60,20251110,210000,50.4,50.4564,50.4,50.4564,695,0
PSH.US,60,20251110,220000,50.445,50.445,50.4295,50.4295,2175,0
PSH.US,60,20251111,160000,50.52,50.54,50.51,50.51,8786,0
PSH.US,60,20251111,170000,50.51,50.52,50.4,50.4,3324,0
PSH.US,60,20251111,180000,50.455,50.4555,50.4,50.4555,4814,0
PSH.US,60,20251111,190000,50.47,50.47,50.47,50.47,1400,0
PSH.US,60,20251111,200000,50.4112,50.4112,50.4112,50.4112,265,0
PSH.US,60,20251111,220000,50.4101,50.5288,50.4101,50.5288,1297,0
PSH.US,60,20251112,160000,50.4839,50.5016,50.4839,50.5016,250,0
PSH.US,60,20251112,170000,50.45,50.45,50.43,50.4393,846,0
PSH.US,60,20251112,180000,50.39,50.42,50.39,50.39,8800,0
PSH.US,60,20251112,190000,50.41,50.41,50.39,50.39,563,0
PSH.US,60,20251112,200000,50.408,50.42,50.39,50.42,323,0
PSH.US,60,20251112,210000,50.39,50.39,50.39,50.39,100,0
PSH.US,60,20251113,160000,50.37,50.39,50.37,50.39,2242,0
PSH.US,60,20251113,170000,50.24,50.4,50.22,50.4,5796,0
PSH.US,60,20251113,180000,50.36,50.36,50.36,50.36,100,0
PSH.US,60,20251113,190000,50.37,50.37,50.3488,50.3488,5438,0
PSH.US,60,20251113,200000,50.285,50.3015,50.285,50.3,398,0
PSH.US,60,20251113,210000,50.26,50.26,50.1715,50.1715,1293,0
PSH.US,60,20251113,220000,50.238,50.238,50.238,50.238,120,0
PSH.US,60,20251114,160000,50.1975,50.31,50.1975,50.3,575,0
PSH.US,60,20251114,170000,50.295,50.37,50.25,50.37,2324,0
PSH.US,60,20251114,180000,50.36,50.375,50.36,50.37,10222,0
PSH.US,60,20251114,190000,50.3296,50.3385,50.29,50.3385,400,0
PSH.US,60,20251114,200000,50.28,50.36,50.2616,50.325,4499,0
PSH.US,60,20251114,210000,50.33,50.33,50.3,50.3,200,0
PSH.US,60,20251114,220000,50.3,50.3,50.3,50.3,200,0
PSH.US,60,20251117,160000,50.35,50.35,50.2001,50.2001,1998,0
PSH.US,60,20251117,170000,50.2875,50.33,50.19,50.19,91906,0
PSH.US,60,20251117,180000,50.2515,50.2995,50.25,50.2995,996,0
PSH.US,60,20251117,190000,50.3091,50.3091,50.25,50.285,1210,0
PSH.US,60,20251117,200000,50.25,50.3,50.25,50.28,73341,0
PSH.US,60,20251117,210000,50.28,50.28,50.26,50.26,326,0
PSH.US,60,20251117,220000,50.2502,50.2607,50.25,50.26,2378,0
PSH.US,60,20251118,170000,50.21,50.2399,50.19,50.19,650,0
PSH.US,60,20251118,180000,50.18,50.22,50.18,50.2,400,0
PSH.US,60,20251118,190000,50.21,50.21,50.21,50.21,10779,0
PSH.US,60,20251118,200000,50.265,50.265,50.265,50.265,161,0
PSH.US,60,20251118,210000,50.2301,50.2304,50.23,50.23,764,0
PSH.US,60,20251118,220000,50.2301,50.2749,50.1801,50.1801,1373,0
PSH.US,60,20251119,190000,50.333,50.333,50.275,50.275,1135,0
PSH.US,60,20251119,200000,50.302,50.3161,50.302,50.3161,1128,0
PSH.US,60,20251119,210000,50.275,50.275,50.275,50.275,100,0
PSH.US,60,20251120,170000,50.385,50.4249,50.35,50.35,672,0
PSH.US,60,20251120,180000,50.41,50.4299,50.32,50.32,1300,0
PSH.US,60,20251120,190000,50.3,50.3,50.3,50.3,100,0
PSH.US,60,20251120,200000,50.25,50.25,50.25,50.25,100,0
PSH.US,60,20251120,210000,50.2935,50.295,50.24,50.295,1866,0
PSH.US,60,20251120,220000,50.2866,50.2866,50.2866,50.2866,2074,0
PSH.US,60,20251121,170000,50.33,50.33,50.28,50.28,287,0
PSH.US,60,20251121,180000,50.3506,50.3506,50.345,50.345,1541,0
PSH.US,60,20251121,190000,50.365,50.365,50.365,50.365,2095,0
PSH.US,60,20251121,200000,50.39,50.3999,50.37,50.37,2150,0
PSH.US,60,20251121,210000,50.43,50.47,50.39,50.39,1011,0
PSH.US,60,20251121,220000,50.43,50.439,50.41,50.43,1846,0
PSH.US,60,20251124,160000,50.425,50.425,50.425,50.425,100,0
PSH.US,60,20251124,170000,50.4338,50.5,50.41,50.49,11128,0
PSH.US,60,20251124,180000,50.4501,50.48,50.4501,50.48,223,0
PSH.US,60,20251124,190000,50.4253,50.45,50.4253,50.45,487,0
PSH.US,60,20251124,200000,50.47,50.47,50.4435,50.4435,200,0
PSH.US,60,20251124,210000,50.4401,50.48,50.4,50.4,1869,0
PSH.US,60,20251124,220000,50.4895,50.4895,50.45,50.45,1200,0
PSH.US,60,20251125,160000,50.48,50.48,50.4415,50.4415,1314,0
PSH.US,60,20251125,170000,50.5,50.5,50.465,50.465,440,0
PSH.US,60,20251125,180000,50.47,50.47,50.47,50.47,516,0
PSH.US,60,20251125,190000,50.4723,50.54,50.4723,50.495,1250,0
PSH.US,60,20251125,200000,50.49,50.535,50.48,50.48,2187,0
PSH.US,60,20251125,210000,50.56,50.56,50.56,50.56,100,0
PSH.US,60,20251126,160000,50.545,50.6388,50.545,50.6388,2449,0
PSH.US,60,20251126,170000,50.6,50.6099,50.6,50.6099,600,0
PSH.US,60,20251126,180000,50.51,50.51,50.51,50.51,200,0
PSH.US,60,20251126,190000,50.6,50.6,50.6,50.6,100,0
PSH.US,60,20251126,200000,50.6,50.6,50.6,50.6,100,0
PSH.US,60,20251126,210000,50.5517,50.56,50.5517,50.56,813,0
PSH.US,60,20251126,220000,50.5101,50.6,50.5101,50.57,2052,0
PSH.US,60,20251128,160000,50.58,50.58,50.58,50.58,100,0
PSH.US,60,20251128,170000,50.575,50.72,50.49,50.49,549,0
PSH.US,60,20251128,180000,50.65,50.65,50.575,50.575,300,0
PSH.US,60,20251201,160000,50.3,50.34,50.2832,50.2832,6544,0
PSH.US,60,20251201,170000,50.33,50.33,50.29,50.29,4100,0
PSH.US,60,20251201,180000,50.29,50.29,50.29,50.29,100,0
PSH.US,60,20251201,190000,50.3,50.328,50.2851,50.2851,2331,0
PSH.US,60,20251201,200000,50.32,50.34,50.32,50.33,2000,0
PSH.US,60,20251201,210000,50.33,50.33,50.3,50.31,628,0
PSH.US,60,20251201,220000,50.28,50.32,50.275,50.31,4059,0
PSH.US,60,20251202,170000,50.3483,50.3581,50.25,50.3581,10547,0
PSH.US,60,20251202,180000,50.33,50.33,50.3051,50.3051,1050,0
PSH.US,60,20251202,190000,50.2717,50.35,50.2717,50.34,1200,0
PSH.US,60,20251202,200000,50.3485,50.3485,50.26,50.2806,2014,0
PSH.US,60,20251202,210000,50.3,50.32,50.2715,50.318,5106,0
PSH.US,60,20251202,220000,50.3,50.3,50.3,50.3,100,0
PSH.US,60,20251203,160000,50.3899,50.3899,50.2795,50.2795,1375,0
PSH.US,60,20251203,170000,50.3195,50.357,50.3195,50.357,750,0
PSH.US,60,20251203,190000,50.3684,50.38,50.365,50.365,1043,0
PSH.US,60,20251203,200000,50.3715,50.3715,50.3715,50.3715,200,0
PSH.US,60,20251203,210000,50.36,50.3806,50.36,50.3806,1127,0
PSH.US,60,20251203,220000,50.39,50.4,50.37,50.37,3116,0
PSH.US,60,20251204,170000,50.41,50.41,50.3532,50.3532,250,0
PSH.US,60,20251204,180000,50.335,50.335,50.335,50.335,104,0
PSH.US,60,20251204,200000,50.345,50.37,50.34,50.34,1022,0
PSH.US,60,20251204,210000,50.345,50.345,50.3438,50.3438,316,0
PSH.US,60,20251204,220000,50.3495,50.3495,50.3001,50.3001,977,0
PSH.US,60,20251205,160000,50.438,50.438,50.365,50.365,2517,0
PSH.US,60,20251205,170000,50.42,50.44,50.42,50.43,300,0
PSH.US,60,20251205,190000,50.3796,50.39,50.346,50.39,674,0
PSH.US,60,20251205,200000,50.35,50.35,50.35,50.35,200,0
PSH.US,60,20251205,210000,50.35,50.415,50.35,50.415,660,0
PSH.US,60,20251205,220000,50.42,50.44,50.42,50.44,510,0
PSH.US,60,20251208,160000,50.49,50.5,50.39,50.39,1312,0
PSH.US,60,20251208,170000,50.37,50.37,50.325,50.37,700,0
PSH.US,60,20251208,180000,50.3795,50.38,50.3795,50.38,555,0
PSH.US,60,20251208,190000,50.38,50.3828,50.36,50.36,1723,0
PSH.US,60,20251208,200000,50.39,50.39,50.35,50.38,1552,0
PSH.US,60,20251208,210000,50.37,50.37,50.37,50.37,595,0
PSH.US,60,20251208,220000,50.39,50.39,50.34,50.39,1326,0
PSH.US,60,20251209,160000,50.335,50.335,50.335,50.335,298,0
PSH.US,60,20251209,170000,50.43,50.43,50.28,50.28,323,0
PSH.US,60,20251209,180000,50.28,50.39,50.28,50.36,1827,0
PSH.US,60,20251209,190000,50.36,50.39,50.3496,50.3496,1654,0
PSH.US,60,20251209,200000,50.39,50.3999,50.3591,50.3591,7220,0
PSH.US,60,20251209,210000,50.37,50.3799,50.37,50.3796,1700,0
PSH.US,60,20251209,220000,50.37,50.37,50.35,50.35,62904,0
PSH.US,60,20251210,160000,50.3214,50.42,50.321,50.38,2428,0
PSH.US,60,20251210,170000,50.37,50.37,50.3,50.3,1414,0
PSH.US,60,20251210,180000,50.3524,50.3524,50.3524,50.3524,200,0
PSH.US,60,20251210,190000,50.39,50.39,50.39,50.39,344,0
PSH.US,60,20251210,200000,50.37,50.37,50.31,50.31,300,0
PSH.US,60,20251210,210000,50.38,50.4775,50.38,50.461,936,0
PSH.US,60,20251210,220000,50.3701,50.4499,50.3701,50.4499,1215,0
PSH.US,60,20251211,160000,50.405,50.405,50.405,50.405,193,0
PSH.US,60,20251211,170000,50.4394,50.4399,50.4,50.4399,638,0
PSH.US,60,20251211,180000,50.42,50.42,50.42,50.42,200,0
PSH.US,60,20251211,200000,50.42,50.43,50.395,50.43,1049,0
PSH.US,60,20251211,210000,50.43,50.43,50.3887,50.3887,480,0
PSH.US,60,20251211,220000,50.41,50.44,50.39,50.42,2978,0
PSH.US,60,20251212,170000,50.4354,50.4354,50.34,50.34,3162,0
PSH.US,60,20251212,180000,50.3605,50.3605,50.34,50.34,463,0
PSH.US,60,20251212,190000,50.3742,50.3742,50.37,50.37,958,0
PSH.US,60,20251212,210000,50.46,50.46,50.44,50.44,334,0
PSH.US,60,20251212,220000,50.41,50.41,50.403,50.403,550,0
PSH.US,60,20251215,160000,50.356,50.356,50.356,50.356,100,0
PSH.US,60,20251215,170000,50.33,50.35,50.22,50.335,12006,0
PSH.US,60,20251215,180000,50.3233,50.3233,50.3233,50.3233,102,0
PSH.US,60,20251215,190000,50.3359,50.34,50.335,50.34,1400,0
PSH.US,60,20251215,200000,50.33,50.33,50.33,50.33,200,0
PSH.US,60,20251215,210000,50.31,50.32,50.3,50.32,1521,0
PSH.US,60,20251215,220000,50.3604,50.39,50.355,50.39,3461,0
PSH.US,60,20251216,170000,50.5,50.5,50.4099,50.4099,2165,0
PSH.US,60,20251216,180000,50.4094,50.4094,50.4094,50.4094,100,0
PSH.US,60,20251216,190000,50.3997,50.3997,50.3997,50.3997,217,0
PSH.US,60,20251216,200000,50.41,50.41,50.41,50.41,260,0
PSH.US,60,20251216,210000,50.4019,50.41,50.39,50.395,1383,0
PSH.US,60,20251216,220000,50.3877,50.44,50.3877,50.44,5051,0
PSH.US,60,20251217,160000,50.3214,50.41,50.3214,50.41,1582,0
PSH.US,60,20251217,170000,50.38,50.4039,50.359,50.4039,1975,0
PSH.US,60,20251217,180000,50.39,50.41,50.35,50.35,5456,0
PSH.US,60,20251217,190000,50.3301,50.4,50.3301,50.39,2558,0
PSH.US,60,20251217,200000,50.38,50.38,50.38,50.38,23946,0
PSH.US,60,20251217,210000,50.3978,50.41,50.3978,50.41,1625,0
PSH.US,60,20251217,220000,50.41,50.41,50.375,50.39,774,0
PSH.US,60,20251218,160000,50.43,50.43,50.43,50.43,373,0
PSH.US,60,20251218,170000,50.435,50.47,50.34,50.47,3587,0
PSH.US,60,20251218,180000,50.4627,50.5,50.41,50.5,10249,0
PSH.US,60,20251218,200000,50.4641,50.4641,50.4616,50.4616,1100,0
PSH.US,60,20251218,210000,50.4494,50.49,50.4494,50.46,1892,0
PSH.US,60,20251218,220000,50.465,50.5,50.4557,50.5,1179,0
PSH.US,60,20251219,170000,50.5068,50.5068,50.5068,50.5068,200,0
PSH.US,60,20251219,180000,50.485,50.5171,50.485,50.485,570,0
PSH.US,60,20251219,190000,50.52,50.52,50.4744,50.4744,407,0
PSH.US,60,20251219,200000,50.47,50.48,50.47,50.48,340,0
PSH.US,60,20251219,210000,50.4776,50.4776,50.47,50.47,406,0
PSH.US,60,20251219,220000,50.47,50.47,50.47,50.47,176,0
PSH.US,60,20251222,170000,50.37,50.4539,50.37,50.4539,200,0
PSH.US,60,20251222,180000,50.41,50.46,50.41,50.46,200,0
PSH.US,60,20251222,190000,50.5099,50.5099,50.41,50.47,675,0
PSH.US,60,20251222,210000,50.44,50.53,50.44,50.53,1300,0
PSH.US,60,20251222,220000,50.48,50.53,50.4401,50.45,1475,0
PSH.US,60,20251223,160000,50.47,50.5487,50.47,50.5487,672,0
PSH.US,60,20251223,170000,50.4533,50.4533,50.4,50.4,2093,0
PSH.US,60,20251223,180000,50.44,50.54,50.4,50.41,7695,0
PSH.US,60,20251223,190000,50.41,50.41,50.41,50.41,100,0
PSH.US,60,20251223,200000,50.465,50.465,50.465,50.465,921,0
PSH.US,60,20251223,210000,50.54,50.55,50.54,50.55,600,0
PSH.US,60,20251223,220000,50.48,50.485,50.48,50.485,833,0
PSH.US,60,20251224,170000,50.545,50.56,50.545,50.56,7872,0
PSH.US,60,20251224,190000,50.55,50.55,50.55,50.55,100,0
PSH.US,60,20251226,180000,50.6,50.6,50.6,50.6,100,0
PSH.US,60,20251226,210000,50.53,50.5876,50.53,50.565,1285,0
PSH.US,60,20251226,220000,50.556,50.58,50.51,50.555,2310,0
