<TICKER>,<PER>,<DATE>,<TIME>,<OPEN>,<HIGH>,<LOW>,<CLOSE>,<VOL>,<OPENINT>
RDFI.US,60,20240411,160000,22.9,22.9,22.69,22.69,315,0
RDFI.US,60,20240411,170000,22.62,22.62,22.62,22.62,100,0
RDFI.US,60,20240411,180000,22.59,22.59,22.4507,22.4507,2729,0
RDFI.US,60,20240411,190000,22.5901,22.5901,22.59,22.59,3255,0
RDFI.US,60,20240412,180000,22.47,22.47,22.47,22.47,100,0
RDFI.US,60,20240412,220000,22.451,22.451,22.451,22.451,197,0
RDFI.US,60,20240415,190000,22.3,22.3,22.3,22.3,392,0
RDFI.US,60,20240415,200000,22.27,22.27,22.27,22.27,100,0
RDFI.US,60,20240415,210000,22.2462,22.2462,22.2462,22.2462,126,0
RDFI.US,60,20240415,220000,22.2097,22.2097,22.2,22.2,306,0
RDFI.US,60,20240416,180000,22.17,22.17,22.17,22.17,100,0
RDFI.US,60,20240417,170000,22.29,22.29,22.29,22.29,448,0
RDFI.US,60,20240417,180000,22.3,22.3,22.3,22.3,171,0
RDFI.US,60,20240417,190000,22.29,22.29,22.29,22.29,1740,0
RDFI.US,60,20240417,200000,22.28,22.28,22.28,22.28,5268,0
RDFI.US,60,20240417,220000,22.3,22.3,22.281,22.281,17948,0
RDFI.US,60,20240418,190000,22.3,22.3594,22.3,22.3,9511,0
RDFI.US,60,20240418,200000,22.29,22.29,22.29,22.29,100,0
RDFI.US,60,20240418,210000,22.29,22.29,22.29,22.29,674,0
RDFI.US,60,20240418,220000,22.28,22.36,22.28,22.35,3717,0
RDFI.US,60,20240419,170000,22.38,22.41,22.38,22.41,348,0
RDFI.US,60,20240419,200000,22.34,22.34,22.34,22.34,1452,0
RDFI.US,60,20240419,210000,22.35,22.35,22.35,22.35,1593,0
RDFI.US,60,20240419,220000,22.36,22.36,22.36,22.36,300,0
RDFI.US,60,20240422,170000,22.38,22.38,22.38,22.38,223,0
RDFI.US,60,20240422,180000,22.41,22.41,22.4099,22.41,1710,0
RDFI.US,60,20240422,190000,22.36,22.36,22.36,22.36,1000,0
RDFI.US,60,20240422,220000,22.43,22.43,22.4,22.4,2500,0
RDFI.US,60,20240423,160000,22.4301,22.4301,22.4301,22.4301,100,0
RDFI.US,60,20240423,170000,22.49,22.49,22.49,22.49,105,0
RDFI.US,60,20240425,180000,22.4901,22.4901,22.27,22.27,387,0
RDFI.US,60,20240425,200000,22.3,22.3001,22.3,22.3001,220,0
RDFI.US,60,20240425,220000,22.34,22.3698,22.34,22.3698,507,0
RDFI.US,60,20240426,180000,22.422,22.422,22.422,22.422,3226,0
RDFI.US,60,20240426,210000,22.46,22.46,22.4599,22.4599,230,0
RDFI.US,60,20240429,160000,22.02,22.02,22.02,22.02,491,0
RDFI.US,60,20240429,170000,22.43,22.43,22.43,22.43,249,0
RDFI.US,60,20240429,180000,22.48,22.48,22.45,22.45,3926,0
RDFI.US,60,20240429,210000,22.42,22.42,22.42,22.42,105,0
RDFI.US,60,20240429,220000,22.38,22.44,22.38,22.44,299,0
RDFI.US,60,20240430,170000,22.4101,22.4101,22.4101,22.4101,234,0
RDFI.US,60,20240501,160000,22.39,22.39,22.39,22.39,133,0
RDFI.US,60,20240501,190000,22.4,22.4,22.4,22.4,349,0
RDFI.US,60,20240507,180000,22.39,22.79,22.39,22.79,282,0
RDFI.US,60,20240507,210000,22.75,22.75,22.75,22.75,300,0
RDFI.US,60,20240507,220000,22.76,22.76,22.76,22.76,100,0
RDFI.US,60,20240508,200000,22.76,22.76,22.7599,22.7599,208,0
RDFI.US,60,20240509,190000,22.71,22.71,22.71,22.71,185,0
RDFI.US,60,20240509,210000,22.77,22.77,22.77,22.77,450,0
RDFI.US,60,20240510,220000,22.76,22.76,22.68,22.69,500,0
RDFI.US,60,20240513,170000,22.71,22.71,22.71,22.71,100,0
RDFI.US,60,20240513,190000,22.62,22.6201,22.62,22.6201,910,0
RDFI.US,60,20240513,200000,22.7,22.7,22.62,22.6468,2969,0
RDFI.US,60,20240515,160000,22.86,22.86,22.8599,22.8599,276,0
RDFI.US,60,20240515,170000,22.87,22.87,22.8699,22.8699,252,0
RDFI.US,60,20240515,190000,22.8302,22.8302,22.83,22.83,920,0
RDFI.US,60,20240515,200000,22.83,22.8301,22.83,22.8301,770,0
RDFI.US,60,20240515,210000,22.88,22.88,22.88,22.88,1143,0
RDFI.US,60,20240515,220000,22.92,22.93,22.89,22.93,8526,0
RDFI.US,60,20240516,210000,22.87,22.88,22.87,22.88,1865,0
RDFI.US,60,20240516,220000,22.88,22.88,22.88,22.88,198,0
RDFI.US,60,20240517,170000,22.86,22.86,22.86,22.86,490,0
RDFI.US,60,20240517,210000,22.83,22.83,22.83,22.83,175,0
RDFI.US,60,20240520,160000,22.88,22.88,22.88,22.88,1005,0
RDFI.US,60,20240521,180000,22.87,22.95,22.87,22.87,1533,0
RDFI.US,60,20240521,220000,22.97,22.97,22.97,22.97,382,0
RDFI.US,60,20240522,160000,23.04,23.04,23.04,23.04,100,0
RDFI.US,60,20240522,210000,22.95,22.96,22.95,22.96,43779,0
RDFI.US,60,20240522,220000,22.91,22.91,22.91,22.91,294,0
RDFI.US,60,20240523,180000,22.84,22.84,22.8001,22.8001,833,0
RDFI.US,60,20240523,220000,22.766,22.766,22.766,22.766,250,0
RDFI.US,60,20240524,160000,22.77,22.77,22.77,22.77,199,0
RDFI.US,60,20240524,170000,22.76,22.76,22.76,22.76,245,0
RDFI.US,60,20240528,160000,22.83,22.83,22.83,22.83,382,0
RDFI.US,60,20240529,200000,22.47,22.47,22.47,22.47,901,0
RDFI.US,60,20240530,190000,22.5789,22.5789,22.5789,22.5789,880,0
RDFI.US,60,20240530,210000,22.57,22.57,22.57,22.57,488,0
RDFI.US,60,20240530,220000,22.57,22.57,22.57,22.57,230,0
RDFI.US,60,20240531,180000,22.66,22.66,22.66,22.66,17583,0
RDFI.US,60,20240603,160000,22.66,22.66,22.66,22.66,20324,0
RDFI.US,60,20240603,190000,22.75,22.75,22.75,22.75,377,0
RDFI.US,60,20240603,220000,22.79,22.79,22.79,22.79,17003,0
RDFI.US,60,20240604,160000,22.74,22.74,22.74,22.74,111,0
RDFI.US,60,20240604,200000,22.7,22.73,22.7,22.73,2129,0
RDFI.US,60,20240605,160000,23,23,22.7901,22.7901,570,0
RDFI.US,60,20240605,220000,22.89,22.9,22.89,22.9,2413,0
RDFI.US,60,20240606,200000,22.87,22.87,22.87,22.87,3496,0
RDFI.US,60,20240606,210000,22.88,22.88,22.88,22.88,525,0
RDFI.US,60,20240606,220000,22.88,22.88,22.87,22.87,10189,0
RDFI.US,60,20240607,160000,22.82,22.82,22.82,22.82,516,0
RDFI.US,60,20240607,170000,22.8301,22.865,22.83,22.8534,2281,0
RDFI.US,60,20240607,200000,22.83,22.9,22.83,22.86,3195,0
RDFI.US,60,20240607,210000,22.8301,22.865,22.8301,22.85,2936,0
RDFI.US,60,20240607,220000,22.9,22.9,22.9,22.9,6446,0
RDFI.US,60,20240610,170000,22.8601,22.8601,22.8601,22.8601,874,0
RDFI.US,60,20240610,200000,22.88,22.895,22.86,22.8601,592,0
RDFI.US,60,20240610,210000,22.89,22.89,22.85,22.8501,2184,0
RDFI.US,60,20240611,170000,22.87,22.87,22.87,22.87,2517,0
RDFI.US,60,20240611,220000,22.93,22.93,22.93,22.93,1638,0
RDFI.US,60,20240612,160000,22.63,23.095,22.63,23.095,1232,0
RDFI.US,60,20240612,210000,23.105,23.105,23.105,23.105,189,0
RDFI.US,60,20240613,200000,23.0801,23.15,23.0801,23.15,261,0
RDFI.US,60,20240614,220000,23.16,23.16,23.065,23.065,6687,0
RDFI.US,60,20240617,180000,23.09,23.09,23.03,23.03,300,0
RDFI.US,60,20240617,210000,23.11,23.11,23.0417,23.0417,336,0
RDFI.US,60,20240617,220000,23.05,23.05,23.05,23.05,1248,0
RDFI.US,60,20240618,170000,23.1,23.1,23.1,23.1,172,0
RDFI.US,60,20240618,180000,23.14,23.14,23.14,23.14,706,0
RDFI.US,60,20240618,220000,23.13,23.13,23.13,23.13,947,0
RDFI.US,60,20240620,210000,23.06,23.06,23.06,23.06,121,0
RDFI.US,60,20240620,220000,23.11,23.11,23.11,23.11,542,0
RDFI.US,60,20240621,180000,23.0683,23.0683,23.0683,23.0683,648,0
RDFI.US,60,20240621,190000,23.13,23.13,23.08,23.08,373,0
RDFI.US,60,20240621,200000,23.092,23.092,23.092,23.092,183,0
RDFI.US,60,20240621,210000,23.05,23.12,23.05,23.12,1408,0
RDFI.US,60,20240624,180000,23.1117,23.12,23.1117,23.12,2440,0
RDFI.US,60,20240624,190000,23.1699,23.1699,23.1699,23.1699,118,0
RDFI.US,60,20240626,170000,23.13,23.1485,23.08,23.1132,5739,0
RDFI.US,60,20240626,180000,23.11,23.11,23.11,23.11,129,0
RDFI.US,60,20240626,190000,23.15,23.15,23.115,23.1499,5240,0
RDFI.US,60,20240626,210000,23.16,23.16,23.16,23.16,300,0
RDFI.US,60,20240626,220000,23.169,23.169,23.169,23.169,100,0
RDFI.US,60,20240627,210000,23.17,23.17,23.15,23.15,412,0
RDFI.US,60,20240627,220000,23.2,23.22,23.2,23.22,4703,0
RDFI.US,60,20240628,160000,23.3399,23.34,23.3399,23.34,5954,0
RDFI.US,60,20240628,180000,23.2101,23.2101,23.2101,23.2101,215,0
RDFI.US,60,20240702,210000,23.05,23.05,23.02,23.0419,572,0
RDFI.US,60,20240703,160000,23.27,23.27,23.27,23.27,255,0
RDFI.US,60,20240703,170000,23.18,23.18,23.145,23.145,1781,0
RDFI.US,60,20240705,180000,23.23,23.23,23.23,23.23,4304,0
RDFI.US,60,20240705,190000,23.2,23.2,23.2,23.2,197,0
RDFI.US,60,20240705,210000,23.2,23.23,23.2,23.23,2592,0
RDFI.US,60,20240708,160000,23.23,23.23,23.23,23.23,490,0
RDFI.US,60,20240708,210000,23.17,23.1701,23.17,23.1701,448,0
RDFI.US,60,20240708,220000,23.1901,23.2,23.1901,23.2,1922,0
RDFI.US,60,20240709,170000,23.2092,23.2092,23.2092,23.2092,167,0
RDFI.US,60,20240709,180000,23.22,23.22,23.22,23.22,17533,0
RDFI.US,60,20240709,200000,23.27,23.27,23.22,23.22,2125,0
RDFI.US,60,20240709,220000,23.28,23.36,23.28,23.36,2176,0
RDFI.US,60,20240711,210000,23.65,23.65,23.5825,23.5825,1501,0
RDFI.US,60,20240711,220000,23.6,23.6,23.6,23.6,102,0
RDFI.US,60,20240712,160000,23.74,23.74,23.74,23.74,131,0
RDFI.US,60,20240712,180000,23.76,23.76,23.76,23.76,120,0
RDFI.US,60,20240715,170000,23.76,23.76,23.76,23.76,100,0
RDFI.US,60,20240715,180000,23.89,23.89,23.8342,23.8342,417,0
RDFI.US,60,20240715,220000,23.8,23.8,23.8,23.8,1622,0
RDFI.US,60,20240716,170000,23.85,23.85,23.85,23.85,100,0
RDFI.US,60,20240716,180000,23.915,23.915,23.915,23.915,100,0
RDFI.US,60,20240716,220000,23.9699,23.97,23.9699,23.97,5755,0
RDFI.US,60,20240717,160000,23.92,23.95,23.91,23.95,4426,0
RDFI.US,60,20240717,170000,23.8694,23.8694,23.85,23.85,213,0
RDFI.US,60,20240717,190000,23.81,23.81,23.81,23.81,100,0
RDFI.US,60,20240717,200000,23.76,23.76,23.76,23.76,317,0
RDFI.US,60,20240717,220000,23.8,23.82,23.8,23.82,1770,0
RDFI.US,60,20240718,200000,23.63,23.63,23.63,23.63,118,0
RDFI.US,60,20240719,220000,23.65,23.65,23.5332,23.56,21984,0
RDFI.US,60,20240722,170000,23.63,23.63,23.6299,23.6299,1032,0
RDFI.US,60,20240722,190000,23.54,23.54,23.54,23.54,14922,0
RDFI.US,60,20240722,210000,23.54,23.54,23.53,23.53,11000,0
RDFI.US,60,20240722,220000,23.585,23.585,23.53,23.53,3170,0
RDFI.US,60,20240723,170000,23.612,23.612,23.612,23.612,229,0
RDFI.US,60,20240723,210000,23.64,23.68,23.6,23.68,3583,0
RDFI.US,60,20240723,220000,23.68,23.68,23.68,23.68,600,0
RDFI.US,60,20240724,180000,23.59,23.59,23.57,23.57,543,0
RDFI.US,60,20240724,220000,23.49,23.53,23.44,23.5247,2740,0
RDFI.US,60,20240725,170000,23.5534,23.5534,23.5534,23.5534,872,0
RDFI.US,60,20240725,210000,23.58,23.58,23.58,23.58,134,0
RDFI.US,60,20240725,220000,23.56,23.56,23.511,23.511,601,0
RDFI.US,60,20240726,190000,23.66,23.66,23.66,23.66,727,0
RDFI.US,60,20240726,200000,23.66,23.69,23.65,23.65,8204,0
RDFI.US,60,20240726,220000,23.62,23.73,23.62,23.73,2527,0
RDFI.US,60,20240729,180000,23.76,23.76,23.7599,23.7599,5210,0
RDFI.US,60,20240729,200000,23.77,23.77,23.77,23.77,100,0
RDFI.US,60,20240729,210000,23.76,23.76,23.76,23.76,100,0
RDFI.US,60,20240729,220000,23.75,23.75,23.75,23.75,100,0
RDFI.US,60,20240730,180000,23.766,23.766,23.766,23.766,630,0
RDFI.US,60,20240730,190000,23.76,23.76,23.76,23.76,274,0
RDFI.US,60,20240730,220000,23.79,23.83,23.75,23.83,22790,0
RDFI.US,60,20240731,170000,23.9,23.9,23.9,23.9,100,0
RDFI.US,60,20240731,180000,23.915,23.925,23.915,23.925,1178,0
RDFI.US,60,20240731,190000,23.95,23.95,23.93,23.93,2026,0
RDFI.US,60,20240731,200000,23.94,23.94,23.94,23.94,100,0
RDFI.US,60,20240801,220000,23.94,24,23.94,24,1200,0
RDFI.US,60,20240802,160000,23.93,23.93,23.93,23.93,114,0
RDFI.US,60,20240802,180000,24.038,24.038,24.038,24.038,311,0
RDFI.US,60,20240802,200000,24.1,24.1,24.1,24.1,588,0
RDFI.US,60,20240805,170000,23.7975,23.7975,23.7975,23.7975,1995,0
RDFI.US,60,20240805,180000,23.7,23.7,23.7,23.7,100,0
RDFI.US,60,20240805,200000,23.76,23.76,23.76,23.76,100,0
RDFI.US,60,20240806,220000,23.675,23.86,23.675,23.86,5545,0
RDFI.US,60,20240807,170000,24.01,24.02,23.9701,23.9701,1520,0
RDFI.US,60,20240807,190000,24.02,24.02,24.02,24.02,477,0
RDFI.US,60,20240807,210000,23.96,23.96,23.92,23.921,13749,0
RDFI.US,60,20240808,180000,24.01,24.0248,23.97,24.0248,4755,0
RDFI.US,60,20240808,190000,23.97,23.97,23.96,23.96,200,0
RDFI.US,60,20240808,200000,23.95,23.9501,23.95,23.95,4521,0
RDFI.US,60,20240808,210000,23.96,23.96,23.96,23.96,100,0
RDFI.US,60,20240808,220000,24.01,24.0343,23.97,23.97,1855,0
RDFI.US,60,20240809,170000,24.05,24.05,24.05,24.05,300,0
RDFI.US,60,20240809,200000,24.09,24.09,24.07,24.07,1015,0
RDFI.US,60,20240809,220000,24.0701,24.1299,24.07,24.07,1797,0
RDFI.US,60,20240812,170000,24.15,24.15,24.15,24.15,100,0
RDFI.US,60,20240812,180000,24.11,24.11,24.11,24.11,2471,0
RDFI.US,60,20240812,190000,24.095,24.095,24.05,24.05,1206,0
RDFI.US,60,20240812,210000,24.11,24.11,24.11,24.11,250,0
RDFI.US,60,20240812,220000,24.08,24.08,24.08,24.08,837,0
RDFI.US,60,20240813,170000,24.111,24.15,24.111,24.15,206,0
RDFI.US,60,20240813,200000,24.19,24.19,24.17,24.17,1455,0
RDFI.US,60,20240814,160000,24.21,24.21,24.21,24.21,339,0
RDFI.US,60,20240814,170000,24.26,24.26,24.22,24.22,9158,0
RDFI.US,60,20240814,180000,24.22,24.22,24.22,24.22,1064,0
RDFI.US,60,20240814,210000,24.228,24.228,24.22,24.22,200,0
RDFI.US,60,20240814,220000,24.2,24.2,24.2,24.2,2000,0
RDFI.US,60,20240815,160000,24.23,24.23,24.23,24.23,100,0
RDFI.US,60,20240815,180000,24.26,24.26,24.2599,24.2599,246,0
RDFI.US,60,20240815,210000,24.25,24.25,24.2499,24.2499,246,0
RDFI.US,60,20240815,220000,24.22,24.22,24.22,24.22,220,0
RDFI.US,60,20240819,170000,24.231,24.32,24.23,24.32,1022,0
RDFI.US,60,20240819,200000,24.32,24.32,24.32,24.32,330,0
RDFI.US,60,20240820,170000,24.41,24.41,24.36,24.36,4719,0
RDFI.US,60,20240820,180000,24.39,24.39,24.39,24.39,100,0
RDFI.US,60,20240820,210000,24.36,24.36,24.36,24.36,4971,0
RDFI.US,60,20240821,160000,24.37,24.3983,24.37,24.3983,1736,0
RDFI.US,60,20240821,170000,24.41,24.41,24.41,24.41,100,0
RDFI.US,60,20240821,200000,24.3709,24.3709,24.3709,24.3709,100,0
RDFI.US,60,20240822,160000,24.391,24.391,24.39,24.3901,1196,0
RDFI.US,60,20240822,170000,24.3552,24.42,24.3552,24.42,404,0
RDFI.US,60,20240822,180000,24.39,24.39,24.39,24.39,199,0
RDFI.US,60,20240822,190000,24.39,24.3911,24.39,24.3911,534,0
RDFI.US,60,20240822,200000,24.4,24.4,24.3999,24.3999,820,0
RDFI.US,60,20240822,210000,24.39,24.39,24.39,24.39,1800,0
RDFI.US,60,20240822,220000,24.38,24.38,24.35,24.35,1672,0
RDFI.US,60,20240823,160000,24.36,24.39,24.36,24.3899,1207,0
RDFI.US,60,20240823,170000,24.45,24.45,24.45,24.45,100,0
RDFI.US,60,20240823,190000,24.43,24.44,24.43,24.44,486,0
RDFI.US,60,20240823,210000,24.45,24.45,24.45,24.45,100,0
RDFI.US,60,20240823,220000,24.46,24.46,24.46,24.46,200,0
RDFI.US,60,20240826,170000,24.51,24.51,24.51,24.51,100,0
RDFI.US,60,20240826,180000,24.5,24.5,24.4999,24.4999,214,0
RDFI.US,60,20240826,190000,24.44,24.44,24.44,24.44,147,0
RDFI.US,60,20240827,160000,24.5,24.5,24.5,24.5,100,0
RDFI.US,60,20240827,220000,24.4883,24.4884,24.4883,24.4884,1044,0
RDFI.US,60,20240828,190000,24.49,24.49,24.42,24.47,1800,0
RDFI.US,60,20240828,210000,24.47,24.47,24.47,24.47,200,0
RDFI.US,60,20240829,170000,24.52,24.52,24.52,24.52,100,0
RDFI.US,60,20240829,180000,24.51,24.51,24.51,24.51,250,0
RDFI.US,60,20240830,170000,24.57,24.57,24.57,24.57,100,0
RDFI.US,60,20240830,180000,24.5286,24.53,24.493,24.53,658,0
RDFI.US,60,20240830,190000,24.4301,24.4301,24.4301,24.4301,313,0
RDFI.US,60,20240903,160000,24.59,24.59,24.59,24.59,562,0
RDFI.US,60,20240903,200000,24.57,24.57,24.5599,24.5599,1220,0
RDFI.US,60,20240903,210000,24.5401,24.58,24.5401,24.58,50152,0
RDFI.US,60,20240904,170000,24.3583,24.45,24.3583,24.45,1514,0
RDFI.US,60,20240904,180000,24.45,24.45,24.45,24.45,213,0
RDFI.US,60,20240904,200000,24.44,24.44,24.44,24.44,200,0
RDFI.US,60,20240904,210000,24.45,24.45,24.45,24.45,250,0
RDFI.US,60,20240904,220000,24.43,24.45,24.36,24.45,2077,0
RDFI.US,60,20240905,160000,24.84,24.84,24.84,24.84,249,0
RDFI.US,60,20240905,180000,24.52,24.52,24.52,24.52,1430,0
RDFI.US,60,20240905,190000,24.46,24.51,24.46,24.5,3770,0
RDFI.US,60,20240905,220000,24.46,24.46,24.46,24.46,29548,0
RDFI.US,60,20240906,160000,24.5,24.5,24.5,24.5,1005,0
RDFI.US,60,20240906,190000,24.51,24.51,24.51,24.51,547,0
RDFI.US,60,20240906,220000,24.43,24.43,24.43,24.43,9019,0
RDFI.US,60,20240909,160000,24.83,24.83,24.54,24.54,1511,0
RDFI.US,60,20240909,170000,24.51,24.51,24.45,24.4901,7244,0
RDFI.US,60,20240909,180000,24.4501,24.46,24.4501,24.46,702,0
RDFI.US,60,20240909,210000,24.54,24.54,24.53,24.53,325,0
RDFI.US,60,20240910,160000,24.47,24.47,24.47,24.47,100,0
RDFI.US,60,20240910,170000,24.49,24.49,24.49,24.49,636,0
RDFI.US,60,20240910,190000,24.461,24.461,24.461,24.461,129,0
RDFI.US,60,20240910,210000,24.51,24.555,24.48,24.555,1284,0
RDFI.US,60,20240911,170000,24.6,24.6,24.56,24.56,1256,0
RDFI.US,60,20240911,180000,24.5433,24.5433,24.5433,24.5433,965,0
RDFI.US,60,20240911,200000,24.55,24.55,24.54,24.54,957,0
RDFI.US,60,20240911,210000,24.58,24.59,24.51,24.5101,825,0
RDFI.US,60,20240911,220000,24.57,24.57,24.53,24.53,1749,0
RDFI.US,60,20240912,200000,24.6497,24.6497,24.6497,24.6497,830,0
RDFI.US,60,20240912,220000,24.615,24.66,24.615,24.66,3069,0
RDFI.US,60,20240913,160000,24.71,24.71,24.67,24.67,4612,0
RDFI.US,60,20240916,170000,24.6701,24.82,24.6701,24.82,34635,0
RDFI.US,60,20240916,180000,24.8499,24.8499,24.8499,24.8499,292,0
RDFI.US,60,20240916,190000,24.7801,24.79,24.78,24.7801,2980,0
RDFI.US,60,20240916,200000,24.79,24.79,24.79,24.79,100,0
RDFI.US,60,20240916,210000,24.7901,24.8799,24.7901,24.835,801,0
RDFI.US,60,20240916,220000,24.8799,24.9,24.8351,24.9,3142,0
RDFI.US,60,20240917,170000,24.945,24.945,24.945,24.945,200,0
RDFI.US,60,20240917,180000,24.95,24.95,24.91,24.9101,2774,0
RDFI.US,60,20240917,200000,24.9287,24.9287,24.9287,24.9287,290,0
RDFI.US,60,20240917,210000,24.92,24.9499,24.92,24.9499,1465,0
RDFI.US,60,20240917,220000,24.9486,25,24.9486,25,868,0
RDFI.US,60,20240918,160000,24.98,24.98,24.98,24.98,1090,0
RDFI.US,60,20240918,170000,25.5551,25.5551,25.5551,25.5551,250,0
RDFI.US,60,20240918,180000,24.982,24.9899,24.87,24.87,12728,0
RDFI.US,60,20240918,210000,24.9254,24.9254,24.9254,24.9254,463,0
RDFI.US,60,20240918,220000,25.02,25.03,24.9401,24.98,1060,0
RDFI.US,60,20240919,160000,24.9319,24.9319,24.9319,24.9319,200,0
RDFI.US,60,20240920,180000,24.962,24.98,24.962,24.98,6177,0
RDFI.US,60,20240923,220000,24.9601,25.05,24.9601,25,615,0
RDFI.US,60,20240924,190000,25.055,25.055,25.055,25.055,803,0
RDFI.US,60,20240924,200000,25.07,25.07,25.07,25.07,2071,0
RDFI.US,60,20240924,210000,25.095,25.095,25.095,25.095,200,0
RDFI.US,60,20240925,200000,25.0284,25.0284,25.0284,25.0284,100,0
RDFI.US,60,20240925,210000,25.065,25.065,25.0201,25.06,22997,0
RDFI.US,60,20240927,220000,25.03,25.04,25.03,25.04,42708,0
RDFI.US,60,20240930,160000,25.13,25.13,25.13,25.13,239,0
RDFI.US,60,20240930,170000,25.155,25.1999,25.155,25.1999,2719,0
RDFI.US,60,20240930,180000,25.2099,25.2099,25.2099,25.2099,2618,0
RDFI.US,60,20240930,190000,25.2,25.2099,25.16,25.16,1680,0
RDFI.US,60,20240930,210000,25.23,25.23,25.19,25.19,611,0
RDFI.US,60,20240930,220000,25.1689,25.24,25.1689,25.24,1892,0
RDFI.US,60,20241001,160000,25.49,25.49,25.11,25.1101,1120,0
RDFI.US,60,20241001,170000,25.1439,25.1439,25.14,25.14,2260,0
RDFI.US,60,20241001,180000,25.14,25.14,25.14,25.14,100,0
RDFI.US,60,20241001,200000,25.071,25.071,25.0701,25.0701,687,0
RDFI.US,60,20241001,220000,25.12,25.18,25.12,25.18,2653,0
RDFI.US,60,20241002,210000,24.953,24.953,24.953,24.953,362,0
RDFI.US,60,20241002,220000,25.039,25.039,25.0094,25.0094,560,0
RDFI.US,60,20241003,160000,25.32,25.32,25.32,25.32,146,0
RDFI.US,60,20241003,170000,24.91,24.9599,24.91,24.9599,1932,0
RDFI.US,60,20241003,190000,24.84,24.87,24.84,24.84,1660,0
RDFI.US,60,20241003,220000,24.9,24.9,24.9,24.9,147,0
RDFI.US,60,20241004,160000,24.91,24.91,24.91,24.91,215,0
RDFI.US,60,20241004,170000,24.85,24.85,24.81,24.81,507,0
RDFI.US,60,20241004,180000,24.8161,24.8161,24.8161,24.8161,812,0
RDFI.US,60,20241004,190000,24.87,24.89,24.8474,24.89,7979,0
RDFI.US,60,20241004,200000,24.83,24.83,24.83,24.83,396,0
RDFI.US,60,20241004,220000,24.82,24.82,24.8,24.805,400,0
RDFI.US,60,20241007,160000,24.725,24.725,24.725,24.725,150,0
RDFI.US,60,20241007,170000,24.6681,24.6681,24.6681,24.6681,242,0
RDFI.US,60,20241007,200000,24.65,24.65,24.65,24.65,931,0
RDFI.US,60,20241007,220000,24.63,24.67,24.63,24.67,407,0
RDFI.US,60,20241008,170000,24.6,24.69,24.6,24.66,1752,0
RDFI.US,60,20241008,180000,24.5904,24.68,24.58,24.63,10372,0
RDFI.US,60,20241008,190000,24.66,24.66,24.66,24.66,405,0
RDFI.US,60,20241008,200000,24.69,24.69,24.6775,24.6775,8310,0
RDFI.US,60,20241008,210000,24.71,24.71,24.7,24.7,1192,0
RDFI.US,60,20241008,220000,24.7,24.7,24.64,24.68,2172,0
RDFI.US,60,20241009,170000,24.6799,24.6799,24.6799,24.6799,400,0
RDFI.US,60,20241009,190000,24.68,24.68,24.6604,24.6604,843,0
RDFI.US,60,20241009,210000,24.66,24.6647,24.66,24.66,319,0
RDFI.US,60,20241009,220000,24.65,24.67,24.65,24.67,1068,0
RDFI.US,60,20241010,160000,24.7,24.7,24.69,24.69,4781,0
RDFI.US,60,20241010,170000,24.69,24.69,24.6899,24.6899,944,0
RDFI.US,60,20241010,180000,24.69,24.7,24.6899,24.7,1590,0
RDFI.US,60,20241010,200000,24.6361,24.655,24.6349,24.655,1800,0
RDFI.US,60,20241011,180000,24.66,24.66,24.66,24.66,121,0
RDFI.US,60,20241011,200000,24.6201,24.6201,24.6201,24.6201,447,0
RDFI.US,60,20241014,190000,24.6,24.6,24.6,24.6,180,0
RDFI.US,60,20241014,200000,24.5601,24.5601,24.5601,24.5601,300,0
RDFI.US,60,20241014,220000,24.6,24.61,24.6,24.61,493,0
RDFI.US,60,20241015,170000,24.68,24.68,24.6799,24.6799,598,0
RDFI.US,60,20241015,180000,24.656,24.656,24.656,24.656,187,0
RDFI.US,60,20241015,220000,24.6201,24.63,24.6201,24.63,443,0
RDFI.US,60,20241016,160000,24.67,24.67,24.67,24.67,100,0
RDFI.US,60,20241016,170000,24.6703,24.6733,24.67,24.67,5432,0
RDFI.US,60,20241016,180000,24.68,24.68,24.6799,24.6799,2024,0
RDFI.US,60,20241016,210000,24.64,24.64,24.62,24.62,1520,0
RDFI.US,60,20241016,220000,24.6301,24.6301,24.6301,24.6301,1206,0
RDFI.US,60,20241017,190000,24.58,24.5884,24.58,24.5884,300,0
RDFI.US,60,20241018,160000,24.62,24.63,24.62,24.63,70577,0
RDFI.US,60,20241018,170000,24.63,24.63,24.6299,24.63,1258,0
RDFI.US,60,20241018,180000,24.63,24.63,24.6196,24.6196,1100,0
RDFI.US,60,20241018,200000,24.5725,24.5725,24.5725,24.5725,245,0
RDFI.US,60,20241018,220000,24.55,24.55,24.55,24.55,2258,0
RDFI.US,60,20241021,160000,24.71,24.71,24.5482,24.5482,1300,0
RDFI.US,60,20241021,170000,24.54,24.54,24.54,24.54,100,0
RDFI.US,60,20241021,190000,24.49,24.49,24.4525,24.4525,870,0
RDFI.US,60,20241021,200000,24.48,24.48,24.48,24.48,300,0
RDFI.US,60,20241021,220000,24.4796,24.48,24.4796,24.48,465,0
RDFI.US,60,20241022,170000,24.49,24.49,24.49,24.49,1000,0
RDFI.US,60,20241022,190000,24.44,24.44,24.41,24.41,1101,0
RDFI.US,60,20241022,210000,24.39,24.3901,24.39,24.3901,1282,0
RDFI.US,60,20241022,220000,24.42,24.42,24.42,24.42,100,0
RDFI.US,60,20241023,160000,24.43,24.43,24.43,24.43,398,0
RDFI.US,60,20241023,200000,24.27,24.27,24.27,24.27,1381,0
RDFI.US,60,20241023,210000,24.19,24.19,24.19,24.19,1000,0
RDFI.US,60,20241023,220000,24.21,24.21,24.21,24.21,683,0
RDFI.US,60,20241024,160000,24.25,24.25,24.25,24.25,400,0
RDFI.US,60,20241024,190000,24.17,24.17,24.17,24.17,233,0
RDFI.US,60,20241024,220000,24.23,24.23,24.23,24.23,4124,0
RDFI.US,60,20241028,160000,24.2,24.2,24.2,24.2,669,0
RDFI.US,60,20241028,170000,24.14,24.14,24.14,24.14,100,0
RDFI.US,60,20241028,180000,24.1234,24.1234,24.1234,24.1234,500,0
RDFI.US,60,20241028,200000,24.07,24.07,24.07,24.07,800,0
RDFI.US,60,20241028,210000,24.07,24.1,24.07,24.1,990,0
RDFI.US,60,20241029,150000,23.67,24.06,23.67,24,2005,0
RDFI.US,60,20241029,190000,23.97,23.97,23.97,23.97,100,0
RDFI.US,60,20241029,210000,23.98,24,23.96,23.9601,3032,0
RDFI.US,60,20241030,150000,23.99,23.9901,23.99,23.99,2246,0
RDFI.US,60,20241030,160000,24.02,24.0201,24.0101,24.0101,2301,0
RDFI.US,60,20241030,180000,24.01,24.0101,24.01,24.0101,864,0
RDFI.US,60,20241030,210000,24.01,24.0101,24.01,24.0101,5198,0
RDFI.US,60,20241031,150000,24.02,24.02,24.02,24.02,616,0
RDFI.US,60,20241031,180000,24.02,24.02,24.02,24.02,247,0
RDFI.US,60,20241031,190000,24.04,24.04,24.04,24.04,117,0
RDFI.US,60,20241031,200000,24.07,24.07,24.07,24.07,178,0
RDFI.US,60,20241031,210000,24.07,24.07,24.0601,24.0601,809,0
RDFI.US,60,20241101,160000,24.11,24.15,24.11,24.1498,7050,0
RDFI.US,60,20241101,180000,24.06,24.06,24.04,24.059,4140,0
RDFI.US,60,20241101,190000,24.07,24.11,24.0586,24.07,39726,0
RDFI.US,60,20241101,200000,24.07,24.07,24.07,24.07,135,0
RDFI.US,60,20241101,210000,24.05,24.05,24.05,24.05,600,0
RDFI.US,60,20241104,180000,23.8773,23.9,23.87,23.87,1036,0
RDFI.US,60,20241104,190000,23.85,23.8501,23.85,23.8501,203,0
RDFI.US,60,20241104,200000,23.8575,23.87,23.845739,23.845739,1527,0
RDFI.US,60,20241104,210000,23.8699,23.87,23.86,23.86,1825,0
RDFI.US,60,20241104,220000,23.846244,23.86,23.8273,23.86,3243,0
RDFI.US,60,20241105,160000,26.15,26.15,23.89,23.9,3820,0
RDFI.US,60,20241105,170000,23.88,23.88,23.88,23.88,2896,0
RDFI.US,60,20241105,220000,23.98,23.98,23.98,23.98,685,0
RDFI.US,60,20241106,160000,23.8899,23.89,23.8899,23.8899,314,0
RDFI.US,60,20241106,170000,23.85,23.8898,23.84,23.8898,3531,0
RDFI.US,60,20241106,180000,23.85,23.85,23.85,23.85,100,0
RDFI.US,60,20241106,190000,23.86,23.86,23.86,23.86,300,0
RDFI.US,60,20241106,200000,23.91,23.91,23.88,23.88,1073,0
RDFI.US,60,20241106,220000,23.875,23.92,23.875,23.92,45915,0
RDFI.US,60,20241107,170000,24.015,24.04,24.01,24.02,10558,0
RDFI.US,60,20241107,180000,24.02,24.04,24.02,24.035,1539,0
RDFI.US,60,20241107,190000,24.0586,24.065,24.031,24.065,1350,0
RDFI.US,60,20241107,200000,24.09,24.09,24.07,24.07,2252,0
RDFI.US,60,20241107,220000,24.15,24.15,24.15,24.15,3167,0
RDFI.US,60,20241108,160000,24.56,24.56,24.2,24.22,5088,0
RDFI.US,60,20241108,170000,24.285,24.29455,24.285,24.29455,843,0
RDFI.US,60,20241108,180000,24.3199,24.3199,24.285,24.285,5606,0
RDFI.US,60,20241108,190000,24.31,24.32,24.296147,24.3,5377,0
RDFI.US,60,20241108,200000,24.3001,24.3001,24.3001,24.3001,196,0
RDFI.US,60,20241108,210000,24.36,24.36,24.34,24.34,821,0
RDFI.US,60,20241108,220000,24.3101,24.36,24.3101,24.36,211,0
RDFI.US,60,20241111,180000,24.37,24.37,24.37,24.37,100,0
RDFI.US,60,20241111,190000,24.34,24.3619,24.34,24.3619,2320,0
RDFI.US,60,20241111,200000,24.34,24.34,24.3201,24.3201,871,0
RDFI.US,60,20241111,210000,24.2801,24.2801,24.2801,24.2801,166,0
RDFI.US,60,20241112,160000,24.24,24.24,24.24,24.24,100,0
RDFI.US,60,20241112,170000,24.22,24.22,24.22,24.22,100,0
RDFI.US,60,20241112,180000,24.16,24.16,24.1201,24.1201,1085,0
RDFI.US,60,20241113,160000,24.135,24.135,24.135,24.135,535,0
RDFI.US,60,20241113,170000,24.08,24.08,24.08,24.08,100,0
RDFI.US,60,20241113,190000,24.0201,24.0201,24.0201,24.0201,143,0
RDFI.US,60,20241113,210000,23.9601,23.9601,23.9601,23.9601,1841,0
RDFI.US,60,20241113,220000,23.99,23.99,23.99,23.99,1700,0
RDFI.US,60,20241114,160000,23.9679,23.9679,23.9679,23.9679,486,0
RDFI.US,60,20241114,210000,23.98,23.98,23.96,23.96,1040,0
RDFI.US,60,20241114,220000,23.96,23.96,23.9178,23.96,1060,0
RDFI.US,60,20241115,160000,23.95,23.95,23.95,23.95,438,0
RDFI.US,60,20241115,170000,23.9,23.9,23.9,23.9,100,0
RDFI.US,60,20241115,180000,23.88,23.88,23.8501,23.8501,3055,0
RDFI.US,60,20241115,190000,23.8886,23.8886,23.88,23.88,1242,0
RDFI.US,60,20241115,210000,23.9,23.94,23.9,23.9399,16469,0
RDFI.US,60,20241115,220000,23.97,23.97,23.92,23.92,500,0
RDFI.US,60,20241118,160000,23.9425,23.9425,23.9425,23.9425,203,0
RDFI.US,60,20241118,180000,24.0125,24.0125,24.0125,24.0125,5856,0
RDFI.US,60,20241118,190000,24.05,24.05,24.05,24.05,100,0
RDFI.US,60,20241118,210000,24.03,24.0399,24.0162,24.0399,300,0
RDFI.US,60,20241118,220000,24.04,24.04,24.04,24.04,100,0
RDFI.US,60,20241119,160000,24.08,24.08,24.08,24.08,2500,0
RDFI.US,60,20241119,170000,24.01,24.0309,24.01,24.0269,4394,0
RDFI.US,60,20241119,180000,24.075,24.075,24.075,24.075,915,0
RDFI.US,60,20241119,210000,24.07,24.0979,24.0696,24.07,2018,0
RDFI.US,60,20241119,220000,24.0501,24.08,24.0501,24.08,400,0
RDFI.US,60,20241120,170000,24.11,24.11,24.11,24.11,100,0
RDFI.US,60,20241120,180000,24.09,24.12,24.0713,24.0861,2543,0
RDFI.US,60,20241120,190000,24.0704,24.095,24.07,24.095,2796,0
RDFI.US,60,20241120,220000,24.12,24.12,24.12,24.12,800,0
RDFI.US,60,20241121,170000,24.14,24.1542,24.14,24.1542,543,0
RDFI.US,60,20241121,190000,24.1688,24.1688,24.1688,24.1688,3574,0
RDFI.US,60,20241121,210000,24.13,24.1301,24.1,24.1,581,0
RDFI.US,60,20241121,220000,24.1168,24.15,24.1,24.15,11421,0
RDFI.US,60,20241122,190000,24.2,24.24,24.2,24.24,526,0
RDFI.US,60,20241122,210000,24.24,24.24,24.24,24.24,2339,0
RDFI.US,60,20241122,220000,24.24,24.26,24.24,24.26,655,0
RDFI.US,60,20241125,160000,24.39,24.39,24.39,24.39,1762,0
RDFI.US,60,20241125,190000,24.3799,24.38,24.3799,24.38,280,0
RDFI.US,60,20241125,210000,24.37,24.37,24.3612,24.3612,510,0
RDFI.US,60,20241125,220000,24.3391,24.38,24.33,24.38,5940,0
RDFI.US,60,20241126,170000,24.31,24.31,24.3099,24.3099,200,0
RDFI.US,60,20241126,180000,24.29,24.31,24.2563,24.2563,932,0
RDFI.US,60,20241126,190000,24.27,24.27,24.241,24.241,517,0
RDFI.US,60,20241126,200000,24.26,24.28,24.26,24.28,2587,0
RDFI.US,60,20241126,210000,24.25,24.25,24.25,24.25,100,0
RDFI.US,60,20241126,220000,24.27,24.27,24.2699,24.2699,400,0
RDFI.US,60,20241127,160000,24.3101,24.3101,24.3101,24.3101,111,0
RDFI.US,60,20241127,170000,24.34,24.345,24.3291,24.345,589,0
RDFI.US,60,20241127,180000,24.35,24.36167,24.35,24.355,2803,0
RDFI.US,60,20241127,190000,24.3573,24.3573,24.3573,24.3573,169,0
RDFI.US,60,20241127,210000,24.385,24.385,24.385,24.385,335,0
RDFI.US,60,20241127,220000,24.39,24.41,24.39,24.41,395,0
RDFI.US,60,20241129,170000,24.5333,24.5333,24.5333,24.5333,200,0
RDFI.US,60,20241129,180000,24.5212,24.5212,24.5212,24.5212,200,0
RDFI.US,60,20241129,190000,24.57,24.58,24.57,24.58,2759,0
RDFI.US,60,20241202,160000,24.5101,24.5101,24.5101,24.5101,196,0
RDFI.US,60,20241202,170000,24.53,24.57,24.53,24.57,4664,0
RDFI.US,60,20241202,180000,24.53,24.555,24.51,24.54,13616,0
RDFI.US,60,20241202,190000,24.54,24.54,24.47,24.47,14010,0
RDFI.US,60,20241202,200000,24.47,24.56,24.47,24.53,13530,0
RDFI.US,60,20241202,220000,24.52,24.52,24.52,24.52,298,0
RDFI.US,60,20241203,170000,24.415,24.415,24.415,24.415,500,0
RDFI.US,60,20241203,180000,24.4,24.4,24.4,24.4,189,0
RDFI.US,60,20241203,200000,24.424,24.424,24.424,24.424,146,0
RDFI.US,60,20241203,210000,24.3996,24.42,24.3996,24.42,433,0
RDFI.US,60,20241203,220000,24.39,24.3901,24.39,24.3901,410,0
RDFI.US,60,20241204,160000,24.41,24.42,24.41,24.42,208,0
RDFI.US,60,20241204,170000,24.46,24.46,24.4599,24.4599,4000,0
RDFI.US,60,20241204,180000,24.47,24.47,24.4557,24.4557,400,0
RDFI.US,60,20241204,220000,24.46,24.47,24.42,24.42,5681,0
RDFI.US,60,20241205,190000,24.4175,24.4175,24.41,24.41,800,0
RDFI.US,60,20241205,210000,24.42,24.42,24.42,24.42,100,0
RDFI.US,60,20241205,220000,24.41,24.42,24.41,24.41,1880,0
RDFI.US,60,20241206,170000,24.4338,24.4338,24.411,24.4307,1050,0
RDFI.US,60,20241206,180000,24.44,24.44,24.4399,24.4399,709,0
RDFI.US,60,20241209,160000,24.47,24.47,24.47,24.47,170,0
RDFI.US,60,20241209,170000,24.4795,24.49,24.4795,24.49,845,0
RDFI.US,60,20241209,180000,24.4301,24.4301,24.4301,24.4301,117,0
RDFI.US,60,20241209,190000,24.43,24.43,24.43,24.43,400,0
RDFI.US,60,20241209,220000,24.44,24.44,24.43,24.44,13186,0
RDFI.US,60,20241210,160000,24.41,24.41,24.41,24.41,124,0
RDFI.US,60,20241210,170000,24.4254,24.46,24.41,24.46,9004,0
RDFI.US,60,20241210,180000,24.41,24.45,24.3911,24.45,620,0
RDFI.US,60,20241210,200000,24.4148,24.4148,24.39,24.39,1006,0
RDFI.US,60,20241210,210000,24.405,24.405,24.405,24.405,280,0
RDFI.US,60,20241210,220000,24.38,24.4,24.38,24.4,700,0
RDFI.US,60,20241211,160000,24.42,24.4495,24.42,24.4495,749,0
RDFI.US,60,20241211,170000,24.41,24.4373,24.39,24.39,3692,0
RDFI.US,60,20241211,180000,24.4,24.4,24.4,24.4,200,0
RDFI.US,60,20241211,210000,24.405407,24.405407,24.405407,24.405407,250,0
RDFI.US,60,20241212,160000,24.33,24.33,24.33,24.33,100,0
RDFI.US,60,20241212,170000,24.33,24.33,24.33,24.33,316,0
RDFI.US,60,20241212,190000,24.3175,24.3175,24.3175,24.3175,2056,0
RDFI.US,60,20241212,200000,24.31,24.31,24.285,24.285,807,0
RDFI.US,60,20241212,220000,24.23,24.29,24.23,24.27,1950,0
RDFI.US,60,20241213,160000,24.2704,24.2704,24.27,24.2701,740,0
RDFI.US,60,20241213,180000,24.23,24.23,24.2216,24.2216,839,0
RDFI.US,60,20241213,190000,24.22,24.22,24.22,24.22,100,0
RDFI.US,60,20241213,210000,24.17,24.17,24.17,24.17,1500,0
RDFI.US,60,20241213,220000,24.16,24.18,24.135,24.17,9828,0
RDFI.US,60,20241216,170000,24.1673,24.19,24.12,24.12,10105,0
RDFI.US,60,20241216,180000,24.12,24.12,24.12,24.12,100,0
RDFI.US,60,20241216,190000,24.095,24.095,24.095,24.095,518,0
RDFI.US,60,20241216,210000,24.054,24.054,24.054,24.054,167,0
RDFI.US,60,20241216,220000,24.035,24.07,24.02,24.07,16703,0
RDFI.US,60,20241217,160000,24.09,24.09,24.01,24.01,621,0
RDFI.US,60,20241217,190000,23.955,23.955,23.95,23.95,490,0
RDFI.US,60,20241217,210000,23.94,23.94,23.94,23.94,793,0
RDFI.US,60,20241217,220000,23.87,23.87,23.85,23.8601,762,0
RDFI.US,60,20241218,160000,23.87,23.87,23.86,23.8601,937,0
RDFI.US,60,20241218,210000,23.7,23.71,23.68,23.68,1068,0
RDFI.US,60,20241218,220000,23.64,23.64,23.62,23.62,519,0
RDFI.US,60,20241219,190000,23.55,23.55,23.43,23.47,17995,0
RDFI.US,60,20241219,200000,23.5139,23.5139,23.5139,23.5139,237,0
RDFI.US,60,20241219,210000,23.45,23.4832,23.45,23.4832,875,0
RDFI.US,60,20241219,220000,23.46,23.46,23.43,23.43,522,0
RDFI.US,60,20241220,160000,23.48,23.48,23.48,23.48,100,0
RDFI.US,60,20241220,170000,23.53,23.58,23.53,23.58,2347,0
RDFI.US,60,20241220,180000,23.624,23.629,23.624,23.629,700,0
RDFI.US,60,20241220,190000,23.6484,23.65,23.6146,23.6146,1544,0
RDFI.US,60,20241220,200000,23.63,23.63,23.5634,23.5634,1619,0
RDFI.US,60,20241220,210000,23.555,23.555,23.552,23.552,716,0
RDFI.US,60,20241220,220000,23.58,23.58,23.5799,23.5799,1267,0
RDFI.US,60,20241223,160000,23.59,23.59,23.5757,23.589,506,0
RDFI.US,60,20241223,170000,23.58,23.58,23.58,23.58,1614,0
RDFI.US,60,20241223,200000,23.59,23.59,23.59,23.59,170,0
RDFI.US,60,20241223,210000,23.59,23.5955,23.59,23.5955,220,0
RDFI.US,60,20241224,190000,23.59,23.59,23.59,23.59,169,0
RDFI.US,60,20241226,160000,24,24,24,24,350,0
RDFI.US,60,20241226,170000,23.65,23.65,23.65,23.65,254,0
RDFI.US,60,20241226,180000,23.71,23.71,23.7099,23.7099,294,0
RDFI.US,60,20241226,220000,23.6571,23.68,23.61,23.64,72938,0
RDFI.US,60,20241227,200000,23.5,23.5,23.5,23.5,113,0
RDFI.US,60,20241230,190000,23.46,23.49,23.46,23.49,3946,0
RDFI.US,60,20241230,200000,23.5084,23.5084,23.5084,23.5084,270,0
RDFI.US,60,20241230,210000,23.4855,23.4855,23.4855,23.4855,2274,0
RDFI.US,60,20241230,220000,23.5189,23.5189,23.5189,23.5189,2126,0
RDFI.US,60,20241231,180000,23.61,23.64,23.6,23.64,954,0
RDFI.US,60,20241231,200000,23.61,23.63,23.6,23.6299,3954,0
RDFI.US,60,20250102,160000,23.725,23.725,23.7011,23.72,1065,0
RDFI.US,60,20250102,190000,23.74,23.74,23.74,23.74,250,0
RDFI.US,60,20250102,200000,23.75,23.75,23.7499,23.7499,2080,0
RDFI.US,60,20250102,210000,23.7259,23.76,23.7259,23.7599,906,0
RDFI.US,60,20250103,190000,23.69,23.7,23.69,23.7,513,0
RDFI.US,60,20250103,200000,23.7099,23.7099,23.7099,23.7099,229,0
RDFI.US,60,20250103,210000,23.6899,23.69,23.6621,23.6621,517,0
RDFI.US,60,20250106,170000,23.67,23.67,23.67,23.67,100,0
RDFI.US,60,20250106,180000,23.64,23.64,23.64,23.64,104,0
RDFI.US,60,20250106,190000,23.667,23.667,23.667,23.667,844,0
RDFI.US,60,20250106,200000,23.67,23.67,23.65,23.66,3525,0
RDFI.US,60,20250106,210000,23.6101,23.65,23.6101,23.65,369,0
RDFI.US,60,20250106,220000,23.66,23.67,23.66,23.67,399,0
RDFI.US,60,20250107,160000,23.68,23.68,23.66,23.66,288,0
RDFI.US,60,20250107,170000,23.64,23.64,23.57,23.57,900,0
RDFI.US,60,20250107,180000,23.5799,23.5799,23.53,23.5301,645,0
RDFI.US,60,20250107,210000,23.54,23.54,23.54,23.54,567,0
RDFI.US,60,20250107,220000,23.53,23.55,23.5299,23.537,1438,0
RDFI.US,60,20250108,170000,23.52,23.52,23.52,23.52,500,0
RDFI.US,60,20250108,180000,23.4901,23.54,23.4901,23.54,329,0
RDFI.US,60,20250108,190000,23.5299,23.5299,23.5299,23.5299,173,0
RDFI.US,60,20250108,220000,23.5386,23.54,23.5302,23.54,400,0
RDFI.US,60,20250110,160000,23.46,23.46,23.46,23.46,110,0
RDFI.US,60,20250110,170000,23.43,23.43,23.43,23.43,100,0
RDFI.US,60,20250110,180000,23.41,23.41,23.41,23.41,5338,0
RDFI.US,60,20250110,190000,23.41,23.45,23.41,23.45,1000,0
RDFI.US,60,20250110,200000,23.43,23.45,23.43,23.45,350,0
RDFI.US,60,20250110,210000,23.42,23.42,23.4179,23.4179,309,0
RDFI.US,60,20250110,220000,23.405,23.405,23.405,23.405,159,0
RDFI.US,60,20250113,170000,23.3801,23.41,23.3801,23.41,243,0
RDFI.US,60,20250113,210000,23.4,23.4,23.4,23.4,2272,0
RDFI.US,60,20250113,220000,23.4,23.4,23.4,23.4,147,0
RDFI.US,60,20250114,190000,23.4039,23.4039,23.4039,23.4039,183,0
RDFI.US,60,20250114,200000,23.3801,23.3801,23.3801,23.3801,830,0
RDFI.US,60,20250114,210000,23.4,23.4,23.4,23.4,1084,0
RDFI.US,60,20250115,160000,23.53,23.54,23.53,23.54,3337,0
RDFI.US,60,20250115,170000,23.61,23.61,23.61,23.61,100,0
RDFI.US,60,20250115,180000,23.58,23.58,23.53,23.54,1177,0
RDFI.US,60,20250115,190000,23.54,23.54,23.52,23.52,7917,0
RDFI.US,60,20250115,200000,23.5699,23.5699,23.5699,23.5699,425,0
RDFI.US,60,20250115,210000,23.57,23.57,23.5397,23.5472,3653,0
RDFI.US,60,20250115,220000,23.5799,23.58,23.54,23.5501,3396,0
RDFI.US,60,20250116,160000,23.5601,23.57,23.5601,23.57,615,0
RDFI.US,60,20250116,180000,23.58,23.585,23.58,23.585,496,0
RDFI.US,60,20250116,190000,23.57,23.57,23.57,23.57,100,0
RDFI.US,60,20250116,210000,23.58,23.58,23.58,23.58,100,0
RDFI.US,60,20250116,220000,23.599101,23.599101,23.599101,23.599101,323,0
RDFI.US,60,20250117,160000,23.62,23.62,23.62,23.62,100,0
RDFI.US,60,20250117,170000,23.6101,23.65,23.61,23.61,13744,0
RDFI.US,60,20250117,180000,23.62,23.62,23.6,23.62,1160,0
RDFI.US,60,20250117,200000,23.6298,23.6298,23.6298,23.6298,155,0
RDFI.US,60,20250117,210000,23.64,23.64,23.6399,23.6399,766,0
RDFI.US,60,20250121,160000,23.72,23.72,23.72,23.72,100,0
RDFI.US,60,20250121,170000,23.69,23.71,23.69,23.71,19999,0
RDFI.US,60,20250121,190000,23.69,23.69,23.69,23.69,1055,0
RDFI.US,60,20250121,210000,23.725,23.725,23.725,23.725,200,0
RDFI.US,60,20250121,220000,23.7299,23.75,23.6901,23.75,57893,0
RDFI.US,60,20250122,160000,23.706,23.706,23.706,23.706,134,0
RDFI.US,60,20250122,170000,23.68,23.7,23.675,23.7,977,0
RDFI.US,60,20250122,180000,23.7,23.7,23.69,23.69,450,0
RDFI.US,60,20250122,190000,23.67,23.6899,23.67,23.6899,1192,0
RDFI.US,60,20250122,210000,23.6999,23.6999,23.6999,23.6999,240,0
RDFI.US,60,20250122,220000,23.7,23.71,23.6999,23.71,900,0
RDFI.US,60,20250123,170000,23.6899,23.6899,23.6899,23.6899,150,0
RDFI.US,60,20250123,180000,23.686,23.686,23.686,23.686,242,0
RDFI.US,60,20250123,190000,23.69,23.69,23.68,23.68,800,0
RDFI.US,60,20250123,200000,23.69,23.7,23.69,23.7,498,0
RDFI.US,60,20250123,220000,23.73,23.74,23.72,23.74,1200,0
RDFI.US,60,20250124,170000,23.759074,23.759074,23.759074,23.759074,418,0
RDFI.US,60,20250124,180000,23.7892,23.7892,23.7892,23.7892,150,0
RDFI.US,60,20250124,190000,23.77,23.78,23.77,23.78,1895,0
RDFI.US,60,20250124,200000,23.78,23.78,23.78,23.78,200,0
RDFI.US,60,20250124,210000,23.78,23.78,23.7799,23.7799,200,0
RDFI.US,60,20250124,220000,23.77,23.79,23.77,23.79,1592,0
RDFI.US,60,20250127,170000,23.8,23.8,23.79,23.79,1761,0
RDFI.US,60,20250127,190000,23.825,23.825,23.825,23.825,100,0
RDFI.US,60,20250127,200000,23.84,23.85,23.8399,23.8399,800,0
RDFI.US,60,20250127,220000,23.8101,23.85,23.81,23.84,659,0
RDFI.US,60,20250128,170000,23.815,23.815,23.815,23.815,145,0
RDFI.US,60,20250128,180000,23.8007,23.8007,23.8007,23.8007,148,0
RDFI.US,60,20250129,160000,23.79,23.79,23.79,23.79,100,0
RDFI.US,60,20250129,170000,23.82,23.82,23.8199,23.8199,1951,0
RDFI.US,60,20250129,180000,23.81,23.81,23.81,23.81,391,0
RDFI.US,60,20250129,190000,23.78,23.78,23.78,23.78,100,0
RDFI.US,60,20250129,200000,23.78,23.78,23.78,23.78,1208,0
RDFI.US,60,20250129,210000,23.77,23.77,23.75,23.77,1500,0
RDFI.US,60,20250129,220000,23.7971,23.7971,23.77,23.77,608,0
RDFI.US,60,20250130,160000,23.84,23.84,23.84,23.84,100,0
RDFI.US,60,20250130,180000,23.84,23.84,23.84,23.84,400,0
RDFI.US,60,20250130,190000,23.85,23.86,23.8499,23.8499,2580,0
RDFI.US,60,20250130,200000,23.855,23.87,23.855,23.8699,520,0
RDFI.US,60,20250130,220000,23.871,23.89,23.871,23.8899,1084,0
RDFI.US,60,20250131,190000,23.98,23.99,23.9799,23.9799,4000,0
RDFI.US,60,20250131,200000,23.965,23.965,23.965,23.965,382,0
RDFI.US,60,20250131,210000,23.9599,23.9599,23.9599,23.9599,1544,0
RDFI.US,60,20250131,220000,23.945,23.97,23.945,23.97,1500,0
RDFI.US,60,20250203,160000,23.92,23.92,23.9197,23.9197,2203,0
RDFI.US,60,20250203,170000,23.9405,23.945,23.9405,23.945,437,0
RDFI.US,60,20250203,190000,23.96,23.96,23.96,23.96,200,0
RDFI.US,60,20250203,200000,23.9366,23.9366,23.9366,23.9366,147,0
RDFI.US,60,20250203,210000,23.95,23.95,23.9307,23.9307,215,0
RDFI.US,60,20250203,220000,23.9325,23.97,23.9325,23.96,1408,0
RDFI.US,60,20250204,180000,23.85,23.85,23.83,23.8465,23530,0
RDFI.US,60,20250204,190000,23.8301,23.8301,23.8301,23.8301,338,0
RDFI.US,60,20250204,210000,23.84,23.84,23.84,23.84,100,0
RDFI.US,60,20250204,220000,23.86,23.87,23.855,23.87,6060,0
RDFI.US,60,20250205,170000,23.99,23.99,23.91,23.91,4546,0
RDFI.US,60,20250205,180000,23.9293,23.9293,23.9254,23.9254,430,0
RDFI.US,60,20250205,190000,23.94,23.94,23.9399,23.9399,520,0
RDFI.US,60,20250205,210000,23.925,23.925,23.925,23.925,1067,0
RDFI.US,60,20250205,220000,23.9108,23.96,23.9108,23.96,3269,0
RDFI.US,60,20250206,160000,23.9301,23.9301,23.9301,23.9301,122,0
RDFI.US,60,20250206,170000,24,24.01,23.924747,24.01,3181,0
RDFI.US,60,20250206,180000,23.9471,23.9471,23.92,23.93,5436,0
RDFI.US,60,20250206,190000,23.9201,23.93,23.9201,23.93,597,0
RDFI.US,60,20250206,210000,23.9399,23.94,23.9399,23.9399,1350,0
RDFI.US,60,20250206,220000,23.925,23.94,23.91,23.94,1300,0
RDFI.US,60,20250207,170000,23.91,23.91,23.91,23.91,100,0
RDFI.US,60,20250207,190000,23.8801,23.8801,23.88,23.88,200,0
RDFI.US,60,20250207,200000,23.89,23.89,23.87,23.8701,1760,0
RDFI.US,60,20250207,210000,23.87,23.8899,23.87,23.8899,3423,0
RDFI.US,60,20250207,220000,23.88,23.88,23.88,23.88,400,0
RDFI.US,60,20250210,180000,23.9,23.9,23.89,23.89,2501,0
RDFI.US,60,20250210,190000,23.8801,23.89,23.8801,23.89,281,0
RDFI.US,60,20250210,200000,23.875,23.875,23.875,23.875,167,0
RDFI.US,60,20250210,210000,23.89,23.89,23.86,23.8899,3807,0
RDFI.US,60,20250210,220000,23.8792,23.88,23.86,23.86,750,0
RDFI.US,60,20250211,170000,23.87,23.87,23.87,23.87,200,0
RDFI.US,60,20250211,190000,23.83,23.83,23.83,23.83,21107,0
RDFI.US,60,20250211,210000,23.843631,23.8499,23.8399,23.8499,2430,0
RDFI.US,60,20250211,220000,23.8203,23.855,23.82,23.85,11377,0
RDFI.US,60,20250212,160000,23.75,23.75,23.75,23.75,518,0
RDFI.US,60,20250212,170000,23.77,23.77,23.77,23.77,1435,0
RDFI.US,60,20250212,180000,23.76,23.76,23.76,23.76,400,0
RDFI.US,60,20250212,190000,23.78,23.78,23.78,23.78,2576,0
RDFI.US,60,20250212,210000,23.7799,23.7799,23.76,23.76,352,0
RDFI.US,60,20250212,220000,23.75,23.75,23.75,23.75,200,0
RDFI.US,60,20250213,160000,23.85,23.85,23.85,23.85,141,0
RDFI.US,60,20250213,170000,23.8108,23.8108,23.8108,23.8108,129,0
RDFI.US,60,20250214,160000,23.86,23.86,23.86,23.86,100,0
RDFI.US,60,20250214,170000,23.9299,23.9299,23.9299,23.9299,166,0
RDFI.US,60,20250214,180000,23.89,23.89,23.89,23.89,100,0
RDFI.US,60,20250214,190000,23.9299,23.9299,23.9299,23.9299,300,0
RDFI.US,60,20250214,210000,23.91,23.91,23.9,23.9,910,0
RDFI.US,60,20250218,170000,23.97,23.97,23.97,23.97,100,0
RDFI.US,60,20250218,180000,23.9408,23.9542,23.94,23.945,3783,0
RDFI.US,60,20250218,190000,23.93,23.931,23.92,23.9301,3300,0
RDFI.US,60,20250218,200000,23.958,23.958,23.9301,23.9301,442,0
RDFI.US,60,20250218,210000,23.93,23.93,23.93,23.93,100,0
RDFI.US,60,20250218,220000,23.97,23.97,23.955,23.955,1384,0
RDFI.US,60,20250219,160000,23.96,23.96,23.96,23.96,100,0
RDFI.US,60,20250219,170000,23.98,23.99,23.98,23.9867,6362,0
RDFI.US,60,20250219,180000,23.97,23.97,23.97,23.97,209,0
RDFI.US,60,20250219,210000,23.97,23.98,23.97,23.98,231,0
RDFI.US,60,20250219,220000,23.99,23.99,23.98,23.98,9390,0
RDFI.US,60,20250220,160000,24.03,24.03,24.03,24.03,111,0
RDFI.US,60,20250220,190000,24,24.01,24,24.01,1100,0
RDFI.US,60,20250220,210000,23.99,24.01,23.97,24.01,17476,0
RDFI.US,60,20250220,220000,24.01,24.02,23.9902,24.01,2834,0
RDFI.US,60,20250221,160000,24.115,24.115,23.962,23.962,500,0
RDFI.US,60,20250221,170000,24,24.01,23.98,23.9897,4570,0
RDFI.US,60,20250221,180000,23.98,23.9878,23.98,23.9878,2215,0
RDFI.US,60,20250221,200000,24.0099,24.0099,24.0099,24.0099,321,0
RDFI.US,60,20250221,210000,23.98,23.98,23.96,23.96,1359,0
RDFI.US,60,20250221,220000,23.965,23.9798,23.965,23.97,1919,0
RDFI.US,60,20250224,160000,23.97,23.97,23.97,23.97,200,0
RDFI.US,60,20250224,170000,23.97,23.97,23.97,23.97,5610,0
RDFI.US,60,20250224,190000,23.96,23.9697,23.96,23.9697,2158,0
RDFI.US,60,20250224,200000,23.9601,23.98,23.96,23.96,3414,0
RDFI.US,60,20250224,220000,23.9699,23.9699,23.9699,23.9699,387,0
RDFI.US,60,20250225,170000,23.99,23.99,23.99,23.99,100,0
RDFI.US,60,20250225,190000,23.99,23.9901,23.99,23.9901,270,0
RDFI.US,60,20250225,220000,23.995,24.0011,23.995,24.0011,425,0
RDFI.US,60,20250226,160000,24.03,24.03,24.03,24.03,275,0
RDFI.US,60,20250226,180000,24.04,24.04,24.03,24.03,424,0
RDFI.US,60,20250226,210000,24,24,24,24,100,0
RDFI.US,60,20250227,170000,24.0001,24.0001,24.0001,24.0001,815,0
RDFI.US,60,20250227,190000,23.99,24,23.97,23.97,2616,0
RDFI.US,60,20250227,200000,23.99,23.99,23.99,23.99,1990,0
RDFI.US,60,20250227,210000,23.96,23.9799,23.96,23.9799,2549,0
RDFI.US,60,20250227,220000,23.93,23.93,23.87,23.87,2371,0
RDFI.US,60,20250228,180000,24.0303,24.0303,24.02,24.02,575,0
RDFI.US,60,20250228,190000,23.99,24.005,23.99,24.005,1663,0
RDFI.US,60,20250228,200000,24,24,23.99,23.99,800,0
RDFI.US,60,20250228,210000,23.97,23.97,23.97,23.97,100,0
RDFI.US,60,20250228,220000,23.99,24.015,23.99,24,3982,0
RDFI.US,60,20250303,160000,24.11,24.11,24.1099,24.1099,400,0
RDFI.US,60,20250303,170000,24.09,24.09,24.09,24.09,100,0
RDFI.US,60,20250303,180000,24.11,24.11,24.11,24.11,341,0
RDFI.US,60,20250303,190000,24.1,24.13,24.1,24.1061,1921,0
RDFI.US,60,20250303,200000,24.1,24.1,24.1,24.1,100,0
RDFI.US,60,20250303,220000,24.05,24.05,24.05,24.05,300,0
RDFI.US,60,20250304,170000,23.84,23.84,23.84,23.84,100,0
RDFI.US,60,20250304,200000,23.83,23.83,23.8285,23.8285,1244,0
RDFI.US,60,20250304,210000,23.8201,23.83,23.8201,23.83,2985,0
RDFI.US,60,20250304,220000,23.83,23.8399,23.81,23.81,506,0
RDFI.US,60,20250305,160000,23.909,23.909,23.9073,23.9073,246,0
RDFI.US,60,20250305,170000,23.85,23.8592,23.84,23.8592,2092,0
RDFI.US,60,20250305,180000,23.83,23.83,23.82,23.82,300,0
RDFI.US,60,20250305,190000,23.84,23.84,23.84,23.84,901,0
RDFI.US,60,20250305,200000,23.8,23.8,23.8,23.8,100,0
RDFI.US,60,20250305,220000,23.84,23.84,23.81,23.81,300,0
RDFI.US,60,20250306,170000,23.8047,23.8047,23.8047,23.8047,294,0
RDFI.US,60,20250306,180000,23.78,23.79,23.78,23.787451,1192,0
RDFI.US,60,20250306,190000,23.7726,23.7726,23.77,23.77,653,0
RDFI.US,60,20250306,200000,23.75,23.7501,23.75,23.7501,719,0
RDFI.US,60,20250306,210000,23.7669,23.7669,23.7669,23.7669,104,0
RDFI.US,60,20250306,220000,23.75,23.75,23.75,23.75,1002,0
RDFI.US,60,20250307,160000,24.565,24.565,24.565,24.565,200,0
RDFI.US,60,20250307,170000,23.81,23.81,23.75,23.7938,1439,0
RDFI.US,60,20250307,220000,23.76,23.76,23.711,23.711,692,0
RDFI.US,60,20250310,150000,24.38,24.38,24.38,24.38,427,0
RDFI.US,60,20250310,180000,23.7015,23.7015,23.7015,23.7015,420,0
RDFI.US,60,20250310,200000,23.7,23.74,23.685,23.685,2116,0
RDFI.US,60,20250310,210000,23.71,23.71,23.71,23.71,100,0
RDFI.US,60,20250311,150000,23.7,23.7001,23.7,23.7001,2415,0
RDFI.US,60,20250311,170000,23.71,23.71,23.71,23.71,531,0
RDFI.US,60,20250311,180000,23.744,23.744,23.67,23.67,5187,0
RDFI.US,60,20250311,190000,23.66,23.7,23.6402,23.69,1952,0
RDFI.US,60,20250311,200000,23.72,23.72,23.72,23.72,11000,0
RDFI.US,60,20250312,150000,23.715,23.715,23.715,23.715,156,0
RDFI.US,60,20250312,170000,23.63,23.63,23.63,23.63,1286,0
RDFI.US,60,20250312,190000,23.67,23.68,23.635,23.64,3980,0
RDFI.US,60,20250312,200000,23.6308,23.6308,23.6308,23.6308,167,0
RDFI.US,60,20250312,210000,23.69,23.69,23.66,23.66,3665,0
RDFI.US,60,20250313,150000,23.6001,23.6001,23.6001,23.6001,800,0
RDFI.US,60,20250313,170000,23.58,23.59,23.55,23.59,31870,0
RDFI.US,60,20250313,190000,23.565,23.565,23.565,23.565,194,0
RDFI.US,60,20250313,200000,23.59,23.59,23.54,23.54,3183,0
RDFI.US,60,20250314,180000,23.62,23.62,23.62,23.62,820,0
RDFI.US,60,20250314,200000,23.625,23.65,23.61,23.6499,2222,0
RDFI.US,60,20250314,210000,23.6,23.61,23.59,23.59,7534,0
RDFI.US,60,20250317,160000,23.65,23.65,23.61,23.61,514,0
RDFI.US,60,20250317,170000,23.63,23.63,23.6101,23.6101,1545,0
RDFI.US,60,20250317,180000,23.64,23.64,23.64,23.64,3754,0
RDFI.US,60,20250317,190000,23.65,23.65,23.65,23.65,100,0
RDFI.US,60,20250317,210000,23.6201,23.6499,23.6201,23.6499,233,0
RDFI.US,60,20250318,170000,23.6,23.6,23.6,23.6,645,0
RDFI.US,60,20250318,180000,23.57,23.609,23.57,23.6,2350,0
RDFI.US,60,20250318,190000,23.605,23.63,23.605,23.63,2088,0
RDFI.US,60,20250318,200000,23.605,23.605,23.605,23.605,425,0
RDFI.US,60,20250319,160000,23.61,23.61,23.61,23.61,174,0
RDFI.US,60,20250319,180000,23.65,23.65,23.6001,23.6001,391,0
RDFI.US,60,20250319,190000,23.59,23.6399,23.59,23.6399,569,0
RDFI.US,60,20250319,200000,23.6,23.6,23.6,23.6,2038,0
RDFI.US,60,20250319,210000,23.6899,23.69,23.66,23.69,738,0
RDFI.US,60,20250320,150000,23.93,23.93,23.66,23.66,3106,0
RDFI.US,60,20250320,170000,23.66,23.72,23.66,23.71,1401,0
RDFI.US,60,20250320,200000,23.6759,23.6759,23.6759,23.6759,126,0
RDFI.US,60,20250320,210000,23.71,23.71,23.7099,23.7099,2765,0
RDFI.US,60,20250321,150000,23.72,23.72,23.72,23.72,4384,0
RDFI.US,60,20250324,170000,23.77,23.81,23.77,23.81,269,0
RDFI.US,60,20250324,200000,23.8,23.8,23.7999,23.7999,400,0
RDFI.US,60,20250324,210000,23.8099,23.8099,23.8099,23.8099,673,0
RDFI.US,60,20250325,160000,23.7501,23.7501,23.7501,23.7501,117,0
RDFI.US,60,20250325,170000,23.8,23.8,23.8,23.8,200,0
RDFI.US,60,20250325,180000,23.77,23.77,23.77,23.77,1000,0
RDFI.US,60,20250325,210000,23.735,23.735,23.735,23.735,170,0
RDFI.US,60,20250326,150000,23.77,23.77,23.7205,23.7205,1971,0
RDFI.US,60,20250326,190000,23.69,23.69,23.65,23.65,2838,0
RDFI.US,60,20250326,200000,23.62,23.68,23.62,23.68,400,0
RDFI.US,60,20250327,160000,23.66,23.66,23.66,23.66,1998,0
RDFI.US,60,20250327,170000,23.65,23.65,23.65,23.65,528,0
RDFI.US,60,20250327,180000,23.6352,23.6352,23.6352,23.6352,400,0
RDFI.US,60,20250327,190000,23.615,23.615,23.59,23.61,10269,0
RDFI.US,60,20250327,200000,23.59,23.61,23.59,23.61,1627,0
RDFI.US,60,20250327,210000,23.6312,23.6312,23.58,23.58,1766,0
RDFI.US,60,20250328,150000,23.62,23.62,23.62,23.62,4280,0
RDFI.US,60,20250328,170000,23.56,23.585,23.56,23.585,2930,0
RDFI.US,60,20250328,180000,23.59,23.62,23.59,23.6199,2818,0
RDFI.US,60,20250331,160000,23.64,23.64,23.64,23.64,1933,0
RDFI.US,60,20250331,170000,23.65,23.68,23.645,23.6699,2859,0
RDFI.US,60,20250331,180000,23.67,23.67,23.6699,23.67,1448,0
RDFI.US,60,20250331,200000,23.66,23.66,23.63,23.63,409,0
RDFI.US,60,20250331,220000,23.67,23.67,23.6604,23.6604,2729,0
RDFI.US,60,20250401,170000,23.7301,23.7301,23.7301,23.7301,367,0
RDFI.US,60,20250401,180000,23.76,23.78,23.755,23.755,3217,0
RDFI.US,60,20250401,190000,23.78,23.78,23.78,23.78,100,0
RDFI.US,60,20250401,200000,23.78,23.78,23.77,23.77,332,0
RDFI.US,60,20250401,210000,23.77,23.77,23.77,23.77,152,0
RDFI.US,60,20250402,160000,23.64,23.64,23.6399,23.6399,400,0
RDFI.US,60,20250402,200000,23.59,23.59,23.59,23.59,5719,0
RDFI.US,60,20250402,220000,23.575,23.575,23.575,23.575,158,0
RDFI.US,60,20250403,160000,23.568,23.568,23.568,23.568,100,0
RDFI.US,60,20250403,170000,23.49,23.49,23.45,23.45,4791,0
RDFI.US,60,20250403,180000,23.4506,23.4506,23.45,23.45,963,0
RDFI.US,60,20250403,190000,23.425,23.425,23.425,23.425,120,0
RDFI.US,60,20250403,200000,23.45,23.46,23.45,23.4599,1696,0
RDFI.US,60,20250403,210000,23.425,23.4599,23.42,23.4496,2706,0
RDFI.US,60,20250403,220000,23.44,23.44,23.39,23.39,31350,0
RDFI.US,60,20250404,170000,22.93,22.93,22.85,22.8892,4581,0
RDFI.US,60,20250404,200000,22.72,22.78,22.69,22.69,11384,0
RDFI.US,60,20250404,210000,22.799,22.8,22.7,22.7,1450,0
RDFI.US,60,20250404,220000,22.651,22.715,22.64,22.71,12644,0
RDFI.US,60,20250407,160000,22.2701,22.45,22.1,22.45,421,0
RDFI.US,60,20250407,180000,22.3474,22.35,22.3474,22.35,860,0
RDFI.US,60,20250407,190000,22.35,22.35,22.34,22.35,2067,0
RDFI.US,60,20250407,200000,22.32,22.35,22.32,22.35,2075,0
RDFI.US,60,20250407,210000,22.3,22.3,22.3,22.3,700,0
RDFI.US,60,20250407,220000,22.29,22.29,22.25,22.28,4739,0
RDFI.US,60,20250408,170000,22.7,22.7,22.7,22.7,1066,0
RDFI.US,60,20250408,190000,22.48,22.48,22.44,22.44,2088,0
RDFI.US,60,20250408,200000,22.4,22.43,22.349,22.3499,3296,0
RDFI.US,60,20250408,220000,22.3499,22.3499,22.26,22.26,475,0
RDFI.US,60,20250409,200000,22.03,22.03,22.03,22.03,100,0
RDFI.US,60,20250409,210000,22.7,22.7,22.545,22.545,691,0
RDFI.US,60,20250409,220000,22.4322,22.4322,22.4322,22.4322,221,0
RDFI.US,60,20250410,170000,22.33,22.345162,22.32,22.345162,22301,0
RDFI.US,60,20250410,180000,22.205,22.205,22.205,22.205,125,0
RDFI.US,60,20250410,190000,22.15,22.15,22.15,22.15,2013,0
RDFI.US,60,20250411,180000,22.2,22.2,22.2,22.2,311,0
RDFI.US,60,20250411,200000,22.27,22.27,22.27,22.27,127,0
RDFI.US,60,20250411,220000,22.325,22.325,22.325,22.325,2369,0
RDFI.US,60,20250414,180000,22.47,22.47,22.47,22.47,773,0
RDFI.US,60,20250414,190000,22.44,22.44,22.44,22.44,100,0
RDFI.US,60,20250414,200000,22.47,22.47,22.47,22.47,177,0
RDFI.US,60,20250414,210000,22.5583,22.5583,22.5583,22.5583,477,0
RDFI.US,60,20250414,220000,22.54,22.54,22.54,22.54,114,0
RDFI.US,60,20250415,200000,22.67,22.67,22.67,22.67,347,0
RDFI.US,60,20250415,210000,22.72,22.7474,22.59,22.59,2481,0
RDFI.US,60,20250415,220000,22.67,22.7492,22.59,22.72,1775,0
RDFI.US,60,20250416,160000,22.57,22.61,22.55,22.61,1715,0
RDFI.US,60,20250416,170000,22.5552,22.665,22.5552,22.665,55942,0
RDFI.US,60,20250416,180000,22.65,22.65,22.65,22.65,10274,0
RDFI.US,60,20250416,200000,22.67,22.67,22.67,22.67,222,0
RDFI.US,60,20250416,210000,22.6352,22.6352,22.57,22.57,1834,0
RDFI.US,60,20250416,220000,22.61,22.64,22.61,22.64,1698,0
RDFI.US,60,20250417,170000,22.7311,22.7311,22.715,22.715,1800,0
RDFI.US,60,20250417,210000,22.62,22.62,22.62,22.62,500,0
RDFI.US,60,20250417,220000,22.62,22.68,22.62,22.68,773,0
RDFI.US,60,20250421,170000,22.7186,22.7186,22.56,22.56,254,0
RDFI.US,60,20250421,190000,22.54,22.54,22.54,22.54,100,0
RDFI.US,60,20250421,210000,22.5,22.5306,22.5,22.5306,2400,0
RDFI.US,60,20250421,220000,22.5,22.5201,22.5,22.5201,2499,0
RDFI.US,60,20250422,170000,22.66,22.66,22.66,22.66,100,0
RDFI.US,60,20250422,200000,22.64,22.6401,22.64,22.6401,200,0
RDFI.US,60,20250422,210000,22.65,22.65,22.64,22.64,2388,0
RDFI.US,60,20250422,220000,22.65,22.66,22.65,22.66,1676,0
RDFI.US,60,20250423,160000,22.862,22.9,22.862,22.9,246,0
RDFI.US,60,20250423,170000,22.88,22.9,22.8742,22.9,4043,0
RDFI.US,60,20250423,180000,22.86,22.86,22.86,22.86,100,0
RDFI.US,60,20250423,200000,22.83,22.83,22.83,22.83,100,0
RDFI.US,60,20250423,210000,22.8334,22.8334,22.8334,22.8334,180,0
RDFI.US,60,20250423,220000,22.86,22.8792,22.83,22.83,725,0
RDFI.US,60,20250424,170000,22.88,22.91,22.88,22.9,6427,0
RDFI.US,60,20250424,180000,22.9,22.915,22.89,22.915,3223,0
RDFI.US,60,20250424,190000,22.91,22.9173,22.91,22.9173,712,0
RDFI.US,60,20250424,200000,22.91,22.935,22.91,22.91,67829,0
RDFI.US,60,20250424,210000,22.925,22.925,22.9,22.9,844,0
RDFI.US,60,20250424,220000,22.9,22.9,22.9,22.9,100,0
RDFI.US,60,20250425,160000,23,23,23,23,897,0
RDFI.US,60,20250425,170000,22.98,22.98,22.98,22.98,100,0
RDFI.US,60,20250425,180000,23.0137,23.015,22.9801,22.99,10392,0
RDFI.US,60,20250425,190000,22.99,22.9966,22.99,22.9966,518,0
RDFI.US,60,20250425,200000,23.025,23.025,23.025,23.025,387,0
RDFI.US,60,20250425,210000,22.99,22.99,22.99,22.99,100,0
RDFI.US,60,20250425,220000,23.025,23.025,23.025,23.025,121,0
RDFI.US,60,20250428,160000,23.0813,23.0813,23.0813,23.0813,161,0
RDFI.US,60,20250428,210000,23,23.025,23,23.025,600,0
RDFI.US,60,20250428,220000,22.99,23.02,22.99,23.02,3500,0
RDFI.US,60,20250429,160000,23.06,23.06,23.06,23.06,100,0
RDFI.US,60,20250429,170000,23.08,23.08,23.08,23.08,100,0
RDFI.US,60,20250429,200000,23.08,23.08,23.08,23.08,100,0
RDFI.US,60,20250429,210000,23.0801,23.0801,23.08,23.0801,2665,0
RDFI.US,60,20250429,220000,23.1199,23.1199,23.08,23.08,408,0
RDFI.US,60,20250430,160000,23.03,23.03,23.03,23.03,157,0
RDFI.US,60,20250430,170000,23.075,23.075,23.075,23.075,1500,0
RDFI.US,60,20250430,180000,23.09,23.09,23.09,23.09,200,0
RDFI.US,60,20250430,190000,23.09,23.09,23.09,23.09,686,0
RDFI.US,60,20250430,210000,23.09,23.09,23.09,23.09,100,0
RDFI.US,60,20250430,220000,23.11,23.11,23.11,23.11,127,0
RDFI.US,60,20250501,160000,23.21,23.21,23.21,23.21,100,0
RDFI.US,60,20250501,190000,23.21,23.21,23.19,23.1901,1190,0
RDFI.US,60,20250501,200000,23.2,23.2,23.2,23.2,200,0
RDFI.US,60,20250501,220000,23.2241,23.2731,23.2241,23.2731,419,0
RDFI.US,60,20250502,170000,23.09,23.09,23.09,23.09,227,0
RDFI.US,60,20250502,180000,23.1,23.1264,23.1,23.1264,5384,0
RDFI.US,60,20250502,190000,23.07,23.0701,23.07,23.0701,226,0
RDFI.US,60,20250505,160000,23.075,23.075,23.05,23.05,328,0
RDFI.US,60,20250505,170000,23.1,23.1,23.05,23.05,2306,0
RDFI.US,60,20250505,190000,23.085,23.085,23.06,23.06,388,0
RDFI.US,60,20250505,210000,23.05,23.11,23.05,23.11,200,0
RDFI.US,60,20250505,220000,23.06,23.08,23.06,23.08,52712,0
RDFI.US,60,20250506,160000,23.04,23.04,23.04,23.04,100,0
RDFI.US,60,20250506,170000,23.05,23.06,23.04,23.06,3930,0
RDFI.US,60,20250506,180000,23.07,23.07,23.07,23.07,100,0
RDFI.US,60,20250506,200000,23.05,23.05,23.05,23.05,600,0
RDFI.US,60,20250506,210000,23.03,23.03,23.03,23.03,500,0
RDFI.US,60,20250506,220000,23.03,23.06,23.03,23.06,554,0
RDFI.US,60,20250507,160000,23.09,23.09,23.09,23.09,100,0
RDFI.US,60,20250507,170000,23.1,23.1,23.1,23.1,100,0
RDFI.US,60,20250507,200000,23.07,23.07,23.07,23.07,300,0
RDFI.US,60,20250507,210000,23.04,23.07,23.04,23.07,615,0
RDFI.US,60,20250508,170000,23.12,23.12,23.12,23.12,1962,0
RDFI.US,60,20250508,180000,23.1399,23.1399,23.1399,23.1399,1930,0
RDFI.US,60,20250508,190000,23.09,23.09,23.09,23.09,100,0
RDFI.US,60,20250508,210000,23.06,23.06,23.06,23.06,2366,0
RDFI.US,60,20250508,220000,23.05,23.05,23.05,23.05,200,0
RDFI.US,60,20250509,160000,23.1,23.1,23.1,23.1,100,0
RDFI.US,60,20250509,170000,23.13,23.13,23.13,23.13,231,0
RDFI.US,60,20250509,180000,23.11,23.11,23.11,23.11,100,0
RDFI.US,60,20250509,190000,23.14,23.14,23.14,23.14,194,0
RDFI.US,60,20250509,210000,23.1,23.1,23.1,23.1,302,0
RDFI.US,60,20250509,220000,23.14,23.14,23.11,23.1101,733,0
RDFI.US,60,20250512,160000,23.25,23.25,23.25,23.25,956,0
RDFI.US,60,20250512,170000,23.17,23.2357,23.17,23.17,800,0
RDFI.US,60,20250512,180000,23.18,23.27,23.18,23.27,289,0
RDFI.US,60,20250512,190000,23.18,23.2249,23.18,23.2249,200,0
RDFI.US,60,20250512,220000,23.18,23.18,23.17,23.18,653,0
RDFI.US,60,20250513,160000,23.2799,23.2799,23.25,23.25,250,0
RDFI.US,60,20250513,170000,23.21,23.29,23.21,23.29,512,0
RDFI.US,60,20250513,190000,23.22,23.22,23.22,23.22,100,0
RDFI.US,60,20250513,200000,23.21,23.2684,23.21,23.21,1949,0
RDFI.US,60,20250513,210000,23.22,23.22,23.21,23.21,500,0
RDFI.US,60,20250513,220000,23.22,23.2399,23.22,23.23,2598,0
RDFI.US,60,20250514,160000,23.3,23.3,23.3,23.3,415,0
RDFI.US,60,20250514,170000,23.24,23.24,23.24,23.24,100,0
RDFI.US,60,20250514,180000,23.23,23.23,23.2201,23.2201,300,0
RDFI.US,60,20250514,190000,23.22,23.24,23.22,23.24,223,0
RDFI.US,60,20250514,200000,23.19,23.19,23.19,23.19,100,0
RDFI.US,60,20250514,220000,23.22,23.22,23.22,23.22,115,0
RDFI.US,60,20250515,170000,23.22,23.29,23.22,23.2899,1746,0
RDFI.US,60,20250515,180000,23.275,23.275,23.25,23.25,315,0
RDFI.US,60,20250515,190000,23.25,23.2501,23.25,23.2501,206,0
RDFI.US,60,20250515,200000,23.27,23.2702,23.27,23.2702,226,0
RDFI.US,60,20250515,220000,23.31,23.31,23.26,23.26,2220,0
RDFI.US,60,20250516,170000,23.28,23.2801,23.27,23.27,524,0
RDFI.US,60,20250516,190000,23.31,23.31,23.3099,23.31,559,0
RDFI.US,60,20250516,200000,23.28,23.28,23.28,23.28,361,0
RDFI.US,60,20250516,210000,23.3,23.3,23.27,23.27,1592,0
RDFI.US,60,20250516,220000,23.335,23.335,23.335,23.335,1022,0
RDFI.US,60,20250519,160000,23.32,23.32,23.26,23.26,452,0
RDFI.US,60,20250519,170000,23.235,23.235,23.235,23.235,100,0
RDFI.US,60,20250519,180000,23.2201,23.2201,23.22,23.22,300,0
RDFI.US,60,20250519,190000,23.2699,23.2699,23.2699,23.2699,716,0
RDFI.US,60,20250519,200000,23.2784,23.2784,23.2784,23.2784,124,0
RDFI.US,60,20250519,210000,23.28,23.28,23.22,23.22,380,0
RDFI.US,60,20250520,160000,23.26,23.26,23.26,23.26,562,0
RDFI.US,60,20250520,170000,23.3,23.3,23.23,23.23,2250,0
RDFI.US,60,20250520,210000,23.2319,23.2319,23.2319,23.2319,306,0
RDFI.US,60,20250520,220000,23.22,23.22,23.22,23.22,100,0
RDFI.US,60,20250521,180000,23.27,23.27,23.235,23.235,5300,0
RDFI.US,60,20250521,190000,23.2694,23.2694,23.2694,23.2694,251,0
RDFI.US,60,20250521,210000,23.16,23.16,23.16,23.16,101,0
RDFI.US,60,20250527,220000,23.2768,23.309,23.2768,23.2999,790,0
RDFI.US,60,20250528,170000,23.29,23.29,23.29,23.29,256,0
RDFI.US,60,20250528,180000,23.27,23.27,23.225,23.225,2057,0
RDFI.US,60,20250528,190000,23.16,23.16,23.16,23.16,617,0
RDFI.US,60,20250528,220000,23.2299,23.2299,23.2299,23.2299,228,0
RDFI.US,60,20250530,200000,23.28,23.3094,23.28,23.3094,327,0
RDFI.US,60,20250602,180000,23.3163,23.3163,23.3163,23.3163,2357,0
RDFI.US,60,20250602,190000,23.32,23.32,23.32,23.32,7572,0
RDFI.US,60,20250602,220000,23.365,23.365,23.365,23.365,825,0
RDFI.US,60,20250603,170000,23.22,23.22,23.22,23.22,865,0
RDFI.US,60,20250603,180000,23.2399,23.2399,23.2385,23.2385,632,0
RDFI.US,60,20250603,200000,23.23,23.23,23.23,23.23,100,0
RDFI.US,60,20250603,220000,23.22,23.22,23.22,23.22,100,0
RDFI.US,60,20250604,160000,23.27,23.27,23.2101,23.2101,303,0
RDFI.US,60,20250604,170000,23.27,23.27,23.2,23.2,4671,0
RDFI.US,60,20250604,210000,23.26,23.26,23.26,23.26,742,0
RDFI.US,60,20250604,220000,23.2899,23.2899,23.2899,23.2899,221,0
RDFI.US,60,20250605,160000,23.3,23.3,23.2783,23.2783,1061,0
RDFI.US,60,20250605,200000,23.29,23.29,23.29,23.29,257,0
RDFI.US,60,20250605,220000,23.31,23.31,23.285,23.285,3377,0
RDFI.US,60,20250606,160000,23.31,23.31,23.2701,23.2701,888,0
RDFI.US,60,20250606,170000,23.32,23.32,23.3199,23.3199,2572,0
RDFI.US,60,20250606,200000,23.28,23.28,23.28,23.28,225,0
RDFI.US,60,20250606,210000,23.27,23.27,23.27,23.27,979,0
RDFI.US,60,20250609,160000,23.305,23.305,23.305,23.305,836,0
RDFI.US,60,20250609,200000,23.33,23.33,23.33,23.33,459,0
RDFI.US,60,20250609,210000,23.34,23.34,23.34,23.34,100,0
RDFI.US,60,20250609,220000,23.35,23.35,23.34,23.34,200,0
RDFI.US,60,20250610,170000,23.3516,23.3516,23.3516,23.3516,1390,0
RDFI.US,60,20250610,190000,23.34,23.34,23.33,23.33,614,0
RDFI.US,60,20250610,200000,23.32,23.3201,23.27,23.3201,1167,0
RDFI.US,60,20250610,220000,23.315,23.36,23.315,23.3599,3906,0
RDFI.US,60,20250611,160000,23.39,23.39,23.39,23.39,202,0
RDFI.US,60,20250611,180000,23.4,23.4,23.3999,23.3999,400,0
RDFI.US,60,20250611,190000,23.36,23.37,23.33,23.3302,5049,0
RDFI.US,60,20250611,220000,23.38,23.38,23.35,23.3799,3183,0
RDFI.US,60,20250612,160000,23.41,23.44,23.41,23.4399,1851,0
RDFI.US,60,20250612,170000,23.4499,23.4499,23.4499,23.4499,425,0
RDFI.US,60,20250612,220000,23.46,23.46,23.4001,23.43,2300,0
RDFI.US,60,20250613,160000,23.42,23.42,23.41,23.41,2307,0
RDFI.US,60,20250613,170000,23.41,23.41,23.41,23.41,4368,0
RDFI.US,60,20250613,190000,23.42,23.42,23.42,23.42,100,0
RDFI.US,60,20250613,210000,23.4,23.4,23.4,23.4,3000,0
RDFI.US,60,20250613,220000,23.4,23.4,23.4,23.4,1280,0
RDFI.US,60,20250616,170000,23.445,23.46,23.445,23.46,349,0
RDFI.US,60,20250616,180000,23.43,23.45,23.43,23.45,1453,0
RDFI.US,60,20250616,200000,23.3801,23.3801,23.3801,23.3801,332,0
RDFI.US,60,20250616,210000,23.44,23.44,23.44,23.44,200,0
RDFI.US,60,20250617,170000,23.408,23.44,23.408,23.44,12900,0
RDFI.US,60,20250617,180000,23.41,24.19,22.29,23.09,37857,0
RDFI.US,60,20250617,200000,23.38,23.39,23.38,23.39,3100,0
RDFI.US,60,20250617,210000,23.39,23.39,23.39,23.39,100,0
RDFI.US,60,20250617,220000,23.4,23.4,23.37,23.4,2554,0
RDFI.US,60,20250618,160000,23.38,23.38,23.37,23.37,2538,0
RDFI.US,60,20250618,170000,23.39,23.39,23.39,23.39,1122,0
RDFI.US,60,20250618,210000,23.37,23.37,23.37,23.37,1398,0
RDFI.US,60,20250618,220000,23.389,23.39,23.389,23.39,809,0
RDFI.US,60,20250620,170000,23.41,23.45,23.41,23.4499,1754,0
RDFI.US,60,20250620,180000,23.41,23.41,23.41,23.41,574,0
RDFI.US,60,20250620,190000,23.439,23.439,23.439,23.439,100,0
RDFI.US,60,20250620,210000,23.41,23.41,23.38,23.3801,2585,0
RDFI.US,60,20250623,160000,23.44,23.44,23.44,23.44,498,0
RDFI.US,60,20250623,170000,23.48,23.48,23.48,23.48,100,0
RDFI.US,60,20250623,180000,23.469,23.4695,23.469,23.4695,348,0
RDFI.US,60,20250623,190000,23.47,23.47,23.47,23.47,100,0
RDFI.US,60,20250623,210000,23.45,23.46,23.45,23.46,3145,0
RDFI.US,60,20250623,220000,23.42,23.42,23.42,23.42,435,0
RDFI.US,60,20250624,160000,23.47,23.47,23.47,23.47,223,0
RDFI.US,60,20250624,170000,23.48,23.53,23.48,23.529,657,0
RDFI.US,60,20250624,180000,23.53,23.54,23.53,23.54,2300,0
RDFI.US,60,20250624,210000,23.55,23.55,23.55,23.55,100,0
RDFI.US,60,20250624,220000,23.51,23.56,23.51,23.56,1614,0
RDFI.US,60,20250625,160000,23.56,23.57,23.56,23.57,494,0
RDFI.US,60,20250625,170000,23.59,23.59,23.56,23.56,1960,0
RDFI.US,60,20250625,180000,23.56,23.56,23.56,23.56,1862,0
RDFI.US,60,20250625,200000,23.57,23.57,23.57,23.57,851,0
RDFI.US,60,20250625,210000,23.5999,23.5999,23.5753,23.5753,296,0
RDFI.US,60,20250625,220000,23.5711,23.5711,23.5711,23.5711,342,0
RDFI.US,60,20250626,160000,23.66,23.66,23.63,23.63,545,0
RDFI.US,60,20250626,170000,23.65,23.65,23.65,23.65,100,0
RDFI.US,60,20250626,180000,23.625,23.63,23.62,23.62,4562,0
RDFI.US,60,20250626,200000,23.68,23.68,23.66,23.66,928,0
RDFI.US,60,20250626,210000,23.68,23.68,23.68,23.68,100,0
RDFI.US,60,20250626,220000,23.69,23.72,23.675,23.72,1673,0
RDFI.US,60,20250627,190000,23.76,23.76,23.7553,23.7553,4362,0
RDFI.US,60,20250627,210000,23.745,23.77,23.695,23.729,2694,0
RDFI.US,60,20250627,220000,23.72,23.74,23.66,23.73,5446,0
RDFI.US,60,20250630,170000,23.7703,23.83,23.7703,23.83,1290,0
RDFI.US,60,20250630,190000,23.82,23.82,23.82,23.82,198,0
RDFI.US,60,20250630,200000,23.79,23.79,23.79,23.79,637,0
RDFI.US,60,20250630,210000,23.8,23.8,23.8,23.8,121,0
RDFI.US,60,20250701,190000,23.97,23.98,23.97,23.9799,304,0
RDFI.US,60,20250701,220000,23.96,23.96,23.96,23.96,18961,0
RDFI.US,60,20250702,200000,23.831,23.831,23.8305,23.8305,425,0
RDFI.US,60,20250702,220000,23.885,23.885,23.885,23.885,464,0
RDFI.US,60,20250703,160000,23.9599,23.9599,23.9599,23.9599,500,0
RDFI.US,60,20250703,170000,23.9,23.9,23.9,23.9,127,0
RDFI.US,60,20250703,180000,23.87,23.87,23.87,23.87,422,0
RDFI.US,60,20250703,190000,23.8999,23.91,23.86,23.91,2460,0
RDFI.US,60,20250707,160000,23.81,23.81,23.7609,23.8,2850,0
RDFI.US,60,20250707,170000,23.8199,23.8199,23.7899,23.7899,2348,0
RDFI.US,60,20250707,180000,23.7799,23.7799,23.75,23.75,257,0
RDFI.US,60,20250707,210000,23.73,23.73,23.69,23.69,788,0
RDFI.US,60,20250707,220000,23.72,23.72,23.6601,23.6601,450,0
RDFI.US,60,20250708,160000,23.79,23.79,23.66,23.738,1864,0
RDFI.US,60,20250708,170000,23.74,23.74,23.74,23.74,100,0
RDFI.US,60,20250708,180000,23.74,23.74,23.74,23.74,100,0
RDFI.US,60,20250708,190000,23.7,23.7,23.6501,23.6501,250,0
RDFI.US,60,20250708,210000,23.655,23.655,23.655,23.655,119,0
RDFI.US,60,20250709,170000,23.79,23.79,23.79,23.79,100,0
RDFI.US,60,20250709,220000,23.71,23.78,23.71,23.75,2913,0
RDFI.US,60,20250710,160000,23.77,23.77,23.77,23.77,1097,0
RDFI.US,60,20250710,170000,23.76,23.8,23.76,23.8,266,0
RDFI.US,60,20250710,180000,23.755,23.755,23.755,23.755,375,0
RDFI.US,60,20250710,190000,23.75,23.75,23.75,23.75,625,0
RDFI.US,60,20250710,210000,23.77,23.77,23.77,23.77,200,0
RDFI.US,60,20250710,220000,23.74,23.76,23.735,23.76,872,0
RDFI.US,60,20250711,190000,23.7,23.7,23.7,23.7,143,0
RDFI.US,60,20250711,200000,23.661,23.74,23.66,23.6601,5020,0
RDFI.US,60,20250711,210000,23.72,23.72,23.6888,23.6888,817,0
RDFI.US,60,20250711,220000,23.7,23.72,23.7,23.72,200,0
RDFI.US,60,20250714,170000,23.76,23.76,23.76,23.76,100,0
RDFI.US,60,20250714,180000,23.715,23.715,23.715,23.715,130,0
RDFI.US,60,20250714,190000,23.715,23.715,23.715,23.715,284,0
RDFI.US,60,20250714,220000,23.7599,23.7599,23.7599,23.7599,860,0
RDFI.US,60,20250715,160000,23.7699,23.7699,23.7699,23.7699,144,0
RDFI.US,60,20250715,170000,23.732,23.74,23.725,23.74,1559,0
RDFI.US,60,20250715,180000,23.75,23.75,23.7,23.7,3940,0
RDFI.US,60,20250715,190000,23.7191,23.73,23.6523,23.66,1018,0
RDFI.US,60,20250715,200000,23.72,23.72,23.72,23.72,100,0
RDFI.US,60,20250715,220000,23.72,23.72,23.72,23.72,472,0
RDFI.US,60,20250716,170000,23.7,23.7,23.7,23.7,100,0
RDFI.US,60,20250716,220000,23.645,23.69,23.61,23.69,13530,0
RDFI.US,60,20250717,170000,23.64,23.66,23.63,23.66,1511,0
RDFI.US,60,20250717,180000,23.66,23.66,23.6036,23.6036,1013,0
RDFI.US,60,20250718,190000,23.67,23.67,23.61,23.61,843,0
RDFI.US,60,20250718,200000,23.59,23.64,23.58,23.5801,1784,0
RDFI.US,60,20250718,210000,23.59,23.59,23.59,23.59,610,0
RDFI.US,60,20250718,220000,23.6,23.6,23.6,23.6,145,0
RDFI.US,60,20250721,170000,23.545,23.545,23.5201,23.5201,400,0
RDFI.US,60,20250721,190000,23.51,23.5372,23.51,23.5372,1404,0
RDFI.US,60,20250721,200000,23.5001,23.55,23.5001,23.5499,4436,0
RDFI.US,60,20250721,210000,23.55,23.55,23.526,23.5317,3996,0
RDFI.US,60,20250721,220000,23.53,23.53,23.5299,23.53,14405,0
RDFI.US,60,20250722,180000,23.53,23.57,23.51,23.5699,6074,0
RDFI.US,60,20250722,190000,23.57,23.57,23.5699,23.5699,14400,0
RDFI.US,60,20250722,210000,23.55,23.55,23.55,23.55,272,0
RDFI.US,60,20250722,220000,23.58,23.58,23.57,23.57,1136,0
RDFI.US,60,20250723,170000,23.56,23.56,23.56,23.56,100,0
RDFI.US,60,20250723,180000,23.56,23.57,23.56,23.57,762,0
RDFI.US,60,20250723,200000,23.58,23.58,23.58,23.58,200,0
RDFI.US,60,20250723,220000,23.5599,23.5599,23.5599,23.5599,125,0
RDFI.US,60,20250724,180000,23.53,23.55,23.53,23.55,2360,0
RDFI.US,60,20250724,210000,23.5303,23.56,23.5301,23.5301,933,0
RDFI.US,60,20250724,220000,23.5599,23.56,23.5599,23.56,667,0
RDFI.US,60,20250725,160000,23.59,23.59,23.59,23.59,100,0
RDFI.US,60,20250725,210000,23.595,23.595,23.595,23.595,160,0
RDFI.US,60,20250725,220000,23.64,23.64,23.64,23.64,100,0
RDFI.US,60,20250728,170000,23.64,23.65,23.64,23.64,5669,0
RDFI.US,60,20250728,180000,23.64,23.64,23.64,23.64,200,0
RDFI.US,60,20250728,190000,23.65,23.65,23.65,23.65,105,0
RDFI.US,60,20250728,200000,23.6317,23.6317,23.6317,23.6317,816,0
RDFI.US,60,20250728,210000,23.64,23.64,23.64,23.64,135,0
RDFI.US,60,20250728,220000,23.635,23.66,23.635,23.66,300,0
RDFI.US,60,20250729,180000,23.69,23.69,23.655,23.655,1156,0
RDFI.US,60,20250729,220000,23.6774,23.6774,23.6774,23.6774,200,0
RDFI.US,60,20250730,170000,23.655,23.655,23.655,23.655,189,0
RDFI.US,60,20250730,180000,23.68,23.68,23.65,23.67,9830,0
RDFI.US,60,20250730,200000,23.6302,23.6302,23.6302,23.6302,123,0
RDFI.US,60,20250730,210000,23.6637,23.6637,23.63,23.63,212,0
RDFI.US,60,20250731,160000,23.65,23.65,23.65,23.65,428,0
RDFI.US,60,20250731,170000,23.64,23.64,23.64,23.64,2045,0
RDFI.US,60,20250731,180000,23.6597,23.6597,23.6597,23.6597,594,0
RDFI.US,60,20250731,190000,23.65,23.65,23.63,23.63,2242,0
RDFI.US,60,20250804,160000,23.79,23.79,23.6717,23.6717,20587,0
RDFI.US,60,20250804,170000,23.661,23.661,23.661,23.661,752,0
RDFI.US,60,20250804,180000,23.69,23.69,23.6501,23.6501,250,0
RDFI.US,60,20250804,190000,23.68,23.71,23.66,23.6987,4291,0
RDFI.US,60,20250804,220000,23.73,23.73,23.73,23.73,100,0
RDFI.US,60,20250805,160000,23.71,23.71,23.71,23.71,151,0
RDFI.US,60,20250805,170000,23.71,23.8,23.7099,23.74,4528,0
RDFI.US,60,20250805,180000,23.73,23.73,23.7299,23.73,5318,0
RDFI.US,60,20250805,190000,23.735,23.74,23.73,23.73,11876,0
RDFI.US,60,20250805,210000,23.74,23.75,23.7399,23.74,11025,0
RDFI.US,60,20250806,160000,23.77,23.77,23.73,23.73,1439,0
RDFI.US,60,20250806,170000,23.79,23.79,23.74,23.7899,4199,0
RDFI.US,60,20250807,160000,23.39,23.79,23.39,23.79,1198,0
RDFI.US,60,20250807,170000,23.84,23.84,23.84,23.84,100,0
RDFI.US,60,20250807,180000,23.825,23.825,23.82,23.82,660,0
RDFI.US,60,20250807,200000,23.7782,23.82,23.77,23.795,3995,0
RDFI.US,60,20250807,210000,23.8113,23.8113,23.8113,23.8113,122,0
RDFI.US,60,20250808,160000,23.81,23.81,23.81,23.81,173,0
RDFI.US,60,20250808,170000,23.8399,23.8399,23.8399,23.8399,159,0
RDFI.US,60,20250808,180000,23.8198,23.8198,23.8198,23.8198,215,0
RDFI.US,60,20250808,210000,23.82,23.84,23.82,23.84,17093,0
RDFI.US,60,20250808,220000,23.83,23.8499,23.81,23.81,2188,0
RDFI.US,60,20250811,170000,23.86,23.86,23.86,23.86,204,0
RDFI.US,60,20250811,180000,23.81,23.81,23.81,23.81,218,0
RDFI.US,60,20250811,190000,23.83,23.83,23.83,23.83,234,0
RDFI.US,60,20250811,200000,23.83,23.8499,23.8,23.8004,1702,0
RDFI.US,60,20250811,210000,23.8,23.82,23.8,23.82,4277,0
RDFI.US,60,20250811,220000,23.83,23.83,23.83,23.83,100,0
RDFI.US,60,20250812,170000,23.8462,23.8462,23.8462,23.8462,745,0
RDFI.US,60,20250812,180000,23.88,23.88,23.8799,23.88,1465,0
RDFI.US,60,20250812,190000,23.89,23.89,23.8899,23.8899,4600,0
RDFI.US,60,20250812,210000,23.84,23.8401,23.84,23.8401,950,0
RDFI.US,60,20250812,220000,23.86,23.86,23.86,23.86,100,0
RDFI.US,60,20250813,180000,23.94,23.94,23.94,23.94,1457,0
RDFI.US,60,20250813,200000,23.94,23.94,23.94,23.94,3305,0
RDFI.US,60,20250813,220000,23.97,23.98,23.97,23.98,2954,0
RDFI.US,60,20250814,180000,23.9101,23.9101,23.91,23.91,200,0
RDFI.US,60,20250814,200000,23.8993,23.8993,23.88,23.88,720,0
RDFI.US,60,20250814,220000,23.8816,23.91,23.8816,23.885,20253,0
RDFI.US,60,20250815,160000,23.88,23.88,23.88,23.88,122,0
RDFI.US,60,20250815,170000,23.92,23.92,23.92,23.92,136,0
RDFI.US,60,20250815,180000,23.8701,23.8701,23.87,23.8701,1087,0
RDFI.US,60,20250815,190000,23.8995,23.8995,23.8995,23.8995,1230,0
RDFI.US,60,20250815,200000,23.9,23.9,23.9,23.9,100,0
RDFI.US,60,20250818,160000,23.865,23.865,23.865,23.865,100,0
RDFI.US,60,20250818,170000,23.89,23.89,23.89,23.89,100,0
RDFI.US,60,20250818,200000,23.88,23.88,23.88,23.88,100,0
RDFI.US,60,20250818,210000,23.8524,23.8524,23.8524,23.8524,5866,0
RDFI.US,60,20250818,220000,23.85,23.85,23.85,23.85,411,0
RDFI.US,60,20250819,160000,23.865,23.8999,23.8401,23.8999,579,0
RDFI.US,60,20250819,170000,23.9,23.9,23.9,23.9,100,0
RDFI.US,60,20250819,190000,23.85,23.85,23.85,23.85,1045,0
RDFI.US,60,20250819,220000,23.8201,23.8401,23.82,23.825,4756,0
RDFI.US,60,20250820,170000,23.85,23.85,23.79,23.8478,10426,0
RDFI.US,60,20250820,180000,23.83,23.83,23.8058,23.81,3820,0
RDFI.US,60,20250821,170000,23.76,23.7759,23.76,23.7759,5394,0
RDFI.US,60,20250821,190000,23.7808,23.7808,23.76,23.76,990,0
RDFI.US,60,20250822,210000,23.8675,23.8675,23.8675,23.8675,149,0
RDFI.US,60,20250825,160000,23.91,23.92,23.91,23.9199,403,0
RDFI.US,60,20250825,170000,23.8817,23.92,23.8817,23.92,6100,0
RDFI.US,60,20250825,180000,23.92,23.93,23.88,23.92,20418,0
RDFI.US,60,20250825,200000,23.91,23.92,23.88,23.88,4500,0
RDFI.US,60,20250825,210000,23.91,23.92,23.91,23.91,1674,0
RDFI.US,60,20250825,220000,23.91,23.93,23.91,23.93,200,0
RDFI.US,60,20250826,170000,23.93,23.93,23.91,23.93,21089,0
RDFI.US,60,20250826,180000,23.93,23.93,23.93,23.93,113306,0
RDFI.US,60,20250826,190000,23.8805,23.8805,23.8805,23.8805,106,0
RDFI.US,60,20250826,210000,23.8901,23.9299,23.8901,23.9299,1878,0
RDFI.US,60,20250827,170000,23.969,23.969,23.969,23.969,1000,0
RDFI.US,60,20250828,210000,23.9699,23.97,23.9517,23.96,4472,0
RDFI.US,60,20250828,220000,23.97,23.97,23.96,23.97,3593,0
RDFI.US,60,20250829,170000,23.99,23.99,23.93,23.93,4400,0
RDFI.US,60,20250829,190000,23.96,23.96,23.96,23.96,401,0
RDFI.US,60,20250829,200000,23.9401,23.965,23.9401,23.96,2064,0
RDFI.US,60,20250829,210000,23.99,23.99,23.99,23.99,173,0
RDFI.US,60,20250902,180000,23.9093,23.9093,23.9093,23.9093,393,0
RDFI.US,60,20250902,200000,23.88,23.8801,23.88,23.8801,1350,0
RDFI.US,60,20250902,220000,23.8974,23.94,23.8974,23.94,917,0
RDFI.US,60,20250903,160000,23.75,23.7697,23.75,23.765,450,0
RDFI.US,60,20250903,170000,23.77,23.821,23.77,23.821,335,0
RDFI.US,60,20250903,180000,23.8017,23.8017,23.8017,23.8017,165,0
RDFI.US,60,20250903,200000,23.8372,23.8372,23.8372,23.8372,123,0
RDFI.US,60,20250903,210000,23.82,23.84,23.79,23.79,3954,0
RDFI.US,60,20250904,160000,23.85,23.85,23.85,23.85,1142,0
RDFI.US,60,20250904,170000,23.82,23.8609,23.82,23.8609,2182,0
RDFI.US,60,20250904,180000,23.86,23.86,23.86,23.86,100,0
RDFI.US,60,20250904,210000,23.87,23.87,23.87,23.87,1166,0
RDFI.US,60,20250905,160000,24.02,24.02,24.0199,24.0199,200,0
RDFI.US,60,20250905,170000,23.9801,23.9801,23.9801,23.9801,167,0
RDFI.US,60,20250905,220000,24.0199,24.0199,24.0199,24.0199,638,0
RDFI.US,60,20250908,170000,24.12,24.1201,24.12,24.1201,1050,0
RDFI.US,60,20250908,190000,24.15,24.1501,24.15,24.1501,868,0
RDFI.US,60,20250909,170000,24.25,24.25,24.2074,24.25,656,0
RDFI.US,60,20250909,190000,24.2093,24.2093,24.2093,24.2093,428,0
RDFI.US,60,20250910,160000,24.28,24.2993,24.28,24.2993,1289,0
RDFI.US,60,20250910,170000,24.2999,24.2999,24.2999,24.2999,175,0
RDFI.US,60,20250910,180000,24.28,24.28,24.28,24.28,100,0
RDFI.US,60,20250910,210000,24.28,24.29,24.275,24.29,1824,0
RDFI.US,60,20250910,220000,24.2823,24.2823,24.26,24.26,385,0
RDFI.US,60,20250911,170000,24.32,24.32,24.3001,24.3001,489,0
RDFI.US,60,20250911,190000,24.3396,24.34,24.3396,24.34,300,0
RDFI.US,60,20250911,200000,24.35,24.38,24.335,24.335,1394,0
RDFI.US,60,20250911,210000,24.3045,24.3045,24.3045,24.3045,122,0
RDFI.US,60,20250911,220000,24.359,24.359,24.359,24.359,235,0
RDFI.US,60,20250912,160000,24.282,24.282,24.282,24.282,100,0
RDFI.US,60,20250912,180000,24.27,24.2701,24.27,24.2701,1652,0
RDFI.US,60,20250912,190000,24.32,24.32,24.3199,24.3199,565,0
RDFI.US,60,20250912,210000,24.295,24.32,24.27,24.32,13943,0
RDFI.US,60,20250912,220000,24.27,24.31,24.27,24.31,1093,0
RDFI.US,60,20250915,170000,24.4,24.4,24.4,24.4,300,0
RDFI.US,60,20250915,180000,24.41,24.41,24.4099,24.4099,3820,0
RDFI.US,60,20250915,190000,24.3863,24.3863,24.3863,24.3863,166,0
RDFI.US,60,20250915,200000,24.373,24.373,24.34,24.365,1964,0
RDFI.US,60,20250915,220000,24.39,24.39,24.39,24.39,409,0
RDFI.US,60,20250916,180000,24.44,24.4412,24.42,24.43,1368,0
RDFI.US,60,20250916,190000,24.45,24.45,24.45,24.45,200,0
RDFI.US,60,20250917,170000,24.53,24.54,24.53,24.54,2303,0
RDFI.US,60,20250917,210000,24.54,24.54,24.54,24.54,1118,0
RDFI.US,60,20250917,220000,24.4809,24.52,24.4809,24.5199,2421,0
RDFI.US,60,20250918,160000,24.5,24.5,24.5,24.5,788,0
RDFI.US,60,20250918,170000,24.49,24.49,24.4899,24.4899,1200,0
RDFI.US,60,20250918,210000,24.49,24.49,24.4714,24.4714,2441,0
RDFI.US,60,20250918,220000,24.49,24.49,24.4681,24.4899,3970,0
RDFI.US,60,20250919,160000,24.48,24.48,24.48,24.48,234,0
RDFI.US,60,20250919,170000,24.45,24.4908,24.44,24.4908,763,0
RDFI.US,60,20250919,180000,24.49,24.49,24.44,24.4616,1433,0
RDFI.US,60,20250919,210000,24.4374,24.4374,24.4374,24.4374,133,0
RDFI.US,60,20250919,220000,24.47,24.48,24.4699,24.4699,680,0
RDFI.US,60,20250922,160000,24.45,24.4501,24.4415,24.4501,1290,0
RDFI.US,60,20250922,170000,24.4201,24.441,24.4201,24.441,1041,0
RDFI.US,60,20250922,180000,24.45,24.45,24.45,24.45,186,0
RDFI.US,60,20250922,190000,24.45,24.47,24.45,24.47,1032,0
RDFI.US,60,20250922,210000,24.4365,24.4365,24.4365,24.4365,535,0
RDFI.US,60,20250922,220000,24.4496,24.45,24.4403,24.45,1267,0
RDFI.US,60,20250923,170000,24.455,24.455,24.455,24.455,105,0
RDFI.US,60,20250923,200000,24.435,24.435,24.4022,24.4022,492,0
RDFI.US,60,20250923,210000,24.4188,24.4188,24.4188,24.4188,258,0
RDFI.US,60,20250924,170000,24.43,24.43,24.43,24.43,532,0
RDFI.US,60,20250924,200000,24.3353,24.3353,24.3353,24.3353,500,0
RDFI.US,60,20250924,210000,24.3008,24.3008,24.3008,24.3008,500,0
RDFI.US,60,20250924,220000,24.33,24.3309,24.33,24.3309,2138,0
RDFI.US,60,20250925,200000,24.2452,24.2452,24.2452,24.2452,633,0
RDFI.US,60,20250926,210000,24.245,24.245,24.22,24.23,9229,0
RDFI.US,60,20250926,220000,24.2,24.23,24.2,24.23,737,0
RDFI.US,60,20250929,180000,24.23,24.235,24.23,24.235,2082,0
RDFI.US,60,20250929,220000,24.24,24.24,24.24,24.24,126,0
RDFI.US,60,20250930,170000,24.275,24.28,24.275,24.28,630,0
RDFI.US,60,20250930,180000,24.25,24.25,24.25,24.25,100,0
RDFI.US,60,20250930,220000,24.2686,24.2686,24.265,24.265,456,0
RDFI.US,60,20251001,160000,24.31,24.3201,24.31,24.3201,1190,0
RDFI.US,60,20251001,170000,24.32,24.32,24.32,24.32,100,0
RDFI.US,60,20251001,180000,24.3534,24.3534,24.3534,24.3534,553,0
RDFI.US,60,20251001,190000,24.36,24.36,24.36,24.36,667,0
RDFI.US,60,20251001,210000,24.39,24.4,24.365,24.39,807,0
RDFI.US,60,20251001,220000,24.39,24.39,24.39,24.39,200,0
RDFI.US,60,20251002,160000,24.24,24.24,24.24,24.24,12295,0
RDFI.US,60,20251002,180000,24.195,24.2,24.195,24.2,915,0
RDFI.US,60,20251002,210000,24.16,24.1904,24.16,24.16,119745,0
RDFI.US,60,20251002,220000,24.16,24.2,24.15,24.15,1358,0
RDFI.US,60,20251003,160000,24.16,24.16,24.16,24.16,700,0
RDFI.US,60,20251003,170000,24.175,24.18,24.16,24.17,5199,0
RDFI.US,60,20251003,180000,24.1,24.13,24.1,24.11,1837,0
RDFI.US,60,20251003,190000,24.1,24.1,24.1,24.1,100,0
RDFI.US,60,20251003,210000,24.109,24.109,24.1,24.1,266,0
RDFI.US,60,20251003,220000,24.1,24.13,24.1,24.13,1066,0
RDFI.US,60,20251006,160000,24.08,24.138,24.08,24.1,2710,0
RDFI.US,60,20251006,170000,24.051,24.051,24.03,24.03,217,0
RDFI.US,60,20251006,180000,24.0296,24.07,24.02,24.02,1141,0
RDFI.US,60,20251006,190000,24.02,24.02,24.02,24.02,100,0
RDFI.US,60,20251006,200000,24.05,24.05,24.035025,24.035025,519,0
RDFI.US,60,20251006,210000,24.01,24.01,24.01,24.01,100,0
RDFI.US,60,20251007,190000,24.105,24.13,24.105,24.1299,27958,0
RDFI.US,60,20251007,200000,24.2,24.21,24.12,24.13,24500,0
RDFI.US,60,20251007,210000,24.13,24.13,24.13,24.13,300,0
RDFI.US,60,20251007,220000,24.0801,24.15,24.0801,24.15,5017,0
RDFI.US,60,20251008,160000,24.12,24.18,24.12,24.18,1576,0
RDFI.US,60,20251008,170000,24.2,24.2,24.2,24.2,400,0
RDFI.US,60,20251008,220000,24.18,24.1866,24.18,24.1866,374,0
RDFI.US,60,20251009,160000,24.23,24.23,24.2299,24.2299,1400,0
RDFI.US,60,20251009,220000,24.1299,24.13,24.115,24.12,674,0
RDFI.US,60,20251010,160000,24.188,24.188,24.188,24.188,104,0
RDFI.US,60,20251010,170000,24.19,24.19,24.1599,24.1599,300,0
RDFI.US,60,20251013,180000,24.0768,24.0768,24.0768,24.0768,104,0
RDFI.US,60,20251013,200000,24.0999,24.0999,24.0601,24.09,10813,0
RDFI.US,60,20251013,220000,24.13,24.13,24.13,24.13,100,0
RDFI.US,60,20251014,160000,24.0511,24.0511,24.0511,24.0511,131,0
RDFI.US,60,20251014,170000,24.04,24.04,24.04,24.04,1038,0
RDFI.US,60,20251014,180000,24.0599,24.0599,24.025,24.0499,2335,0
RDFI.US,60,20251014,190000,24.035,24.0695,24.022,24.058,1035,0
RDFI.US,60,20251014,220000,24.08,24.08,24.0799,24.0799,1000,0
RDFI.US,60,20251015,160000,24.169,24.169,24.169,24.169,171,0
RDFI.US,60,20251015,180000,24.17,24.17,24.145,24.145,1852,0
RDFI.US,60,20251015,190000,24.16,24.16,24.125,24.1399,4120,0
RDFI.US,60,20251015,200000,24.14,24.14,24.1163,24.1295,2378,0
RDFI.US,60,20251015,210000,24.0966,24.0966,24.0966,24.0966,408,0
RDFI.US,60,20251016,170000,24.085,24.085,24.085,24.085,118,0
RDFI.US,60,20251016,190000,24.0659,24.0659,23.9905,24.06,3801,0
RDFI.US,60,20251016,220000,24,24.02,23.965,24.02,8066,0
RDFI.US,60,20251017,160000,24.0796,24.0796,24.0796,24.0796,196,0
RDFI.US,60,20251017,170000,24.045,24.048094,24.03,24.03,1899,0
RDFI.US,60,20251017,180000,23.999,23.999,23.999,23.999,206,0
RDFI.US,60,20251017,200000,23.96,23.98,23.96,23.9799,722,0
RDFI.US,60,20251017,210000,24,24.01,24,24.01,200,0
RDFI.US,60,20251017,220000,23.9875,23.9875,23.9875,23.9875,186,0
RDFI.US,60,20251020,160000,24.06,24.06,24.06,24.06,135,0
RDFI.US,60,20251020,180000,24.045,24.045,24.045,24.045,300,0
RDFI.US,60,20251020,190000,24.046,24.06,24.046,24.05,2206,0
RDFI.US,60,20251020,200000,24.0255,24.0255,24.0255,24.0255,153,0
RDFI.US,60,20251020,220000,24.05,24.05,24.025,24.04,815,0
RDFI.US,60,20251021,170000,24.1115,24.1356,24.1115,24.1356,356,0
RDFI.US,60,20251021,190000,24.18,24.18,24.18,24.18,200,0
RDFI.US,60,20251021,200000,24.17,24.17,24.1699,24.1699,397,0
RDFI.US,60,20251021,210000,24.1582,24.1582,24.15,24.15,3724,0
RDFI.US,60,20251021,220000,24.125,24.13,24.11,24.13,7827,0
RDFI.US,60,20251022,160000,24.15,24.15,24.15,24.15,108,0
RDFI.US,60,20251022,170000,24.19,24.19,24.17,24.17,2727,0
RDFI.US,60,20251022,180000,24.17,24.17,24.1699,24.1699,400,0
RDFI.US,60,20251022,200000,24.15,24.15,24.15,24.15,100,0
RDFI.US,60,20251022,220000,24.16,24.16,24.16,24.16,100,0
RDFI.US,60,20251023,160000,24.18,24.18,24.15,24.15,265,0
RDFI.US,60,20251023,190000,24.14,24.14,24.1001,24.1001,2713,0
RDFI.US,60,20251023,200000,24.1,24.1,24.1,24.1,3493,0
RDFI.US,60,20251023,220000,24.14,24.15,24.125,24.125,2500,0
RDFI.US,60,20251024,170000,24.1201,24.1201,24.1201,24.1201,156,0
RDFI.US,60,20251024,200000,24.19,24.19,24.19,24.19,198,0
RDFI.US,60,20251024,210000,24.19,24.19,24.14,24.1401,952,0
RDFI.US,60,20251024,220000,24.22,24.22,24.15,24.2199,1277,0
RDFI.US,60,20251027,190000,24.27,24.27,24.27,24.27,314,0
RDFI.US,60,20251027,200000,24.239,24.26,24.22,24.26,1339,0
RDFI.US,60,20251027,210000,24.259,24.259,24.259,24.259,200,0
RDFI.US,60,20251028,150000,24.25,24.25,24.231,24.231,1000,0
RDFI.US,60,20251028,160000,24.229,24.229,24.211,24.211,1606,0
RDFI.US,60,20251028,170000,24.25,24.25,24.21,24.23,3600,0
RDFI.US,60,20251028,180000,24.21,24.21,24.21,24.21,400,0
RDFI.US,60,20251028,190000,24.2599,24.2599,24.22,24.22,500,0
RDFI.US,60,20251028,200000,24.24,24.24,24.191,24.23,15396,0
RDFI.US,60,20251029,160000,24.23,24.23,24.23,24.23,1257,0
RDFI.US,60,20251029,170000,24.25,24.25,24.25,24.25,3392,0
RDFI.US,60,20251029,180000,24.2699,24.28,24.2699,24.28,1800,0
RDFI.US,60,20251029,190000,24.2452,24.2452,24.23,24.23,874,0
RDFI.US,60,20251029,200000,24.26,24.26,24.26,24.26,100,0
RDFI.US,60,20251029,210000,24.19,24.19,24.17,24.17,483,0
RDFI.US,60,20251030,160000,24.1,24.1,24.1,24.1,1534,0
RDFI.US,60,20251030,170000,24.09,24.09,24.09,24.09,100,0
RDFI.US,60,20251030,210000,24.1196,24.1196,24.1196,24.1196,500,0
RDFI.US,60,20251031,150000,24.18,24.18,24.1581,24.1581,500,0
RDFI.US,60,20251031,170000,24.18,24.2,24.14,24.14,5939,0
RDFI.US,60,20251031,180000,24.14,24.165,24.14,24.14,750,0
RDFI.US,60,20251031,200000,24.14,24.14,24.111,24.111,1350,0
RDFI.US,60,20251031,210000,24.14,24.1862,24.12,24.1862,2989,0
RDFI.US,60,20251103,160000,24.18,24.18,24.1799,24.1799,200,0
RDFI.US,60,20251103,170000,24.1445,24.1445,24.1445,24.1445,6042,0
RDFI.US,60,20251103,180000,24.1325,24.1325,24.1325,24.1325,177,0
RDFI.US,60,20251103,210000,24.14,24.14,24.081,24.081,2073,0
RDFI.US,60,20251103,220000,24.105,24.129,24.105,24.129,1193,0
RDFI.US,60,20251104,190000,23.94,23.94,23.91,23.91,20019,0
RDFI.US,60,20251104,200000,23.927,23.927,23.91,23.91,474,0
RDFI.US,60,20251105,160000,23.9499,23.9499,23.9499,23.9499,102,0
RDFI.US,60,20251105,170000,23.92,23.9345,23.88,23.91,3078,0
RDFI.US,60,20251105,180000,23.86,23.86,23.86,23.86,200,0
RDFI.US,60,20251105,190000,23.8862,23.8862,23.861,23.861,300,0
RDFI.US,60,20251105,210000,23.86,23.86,23.86,23.86,200,0
RDFI.US,60,20251105,220000,23.89,23.89,23.89,23.89,116,0
RDFI.US,60,20251106,170000,23.94,23.94,23.94,23.94,2788,0
RDFI.US,60,20251106,180000,23.87,23.89,23.84,23.84,4975,0
RDFI.US,60,20251106,190000,23.84,23.89,23.84,23.89,1474,0
RDFI.US,60,20251106,200000,23.88,23.88,23.88,23.88,600,0
RDFI.US,60,20251106,210000,23.88,23.88,23.88,23.88,100,0
RDFI.US,60,20251106,220000,23.89,23.89,23.89,23.89,1170,0
RDFI.US,60,20251107,160000,23.88,23.88,23.8799,23.88,400,0
RDFI.US,60,20251107,190000,23.81,23.83,23.81,23.83,800,0
RDFI.US,60,20251107,200000,23.83,23.83,23.8025,23.83,12990,0
RDFI.US,60,20251107,210000,23.83,23.83,23.78,23.83,6797,0
RDFI.US,60,20251107,220000,23.82,23.86,23.82,23.86,2652,0
RDFI.US,60,20251110,170000,23.8931,23.91,23.8931,23.9,1616,0
RDFI.US,60,20251110,180000,23.9066,23.93,23.9066,23.93,577,0
RDFI.US,60,20251110,200000,23.91,23.9199,23.91,23.91,581,0
RDFI.US,60,20251110,220000,23.92,23.97,23.92,23.97,200,0
RDFI.US,60,20251111,160000,23.8901,23.99,23.8901,23.99,250,0
RDFI.US,60,20251111,170000,23.957,23.957,23.957,23.957,839,0
RDFI.US,60,20251111,190000,23.9593,23.9593,23.9593,23.9593,155,0
RDFI.US,60,20251111,200000,23.97,23.97,23.97,23.97,200,0
RDFI.US,60,20251111,220000,24.01,24.02,24.01,24.02,1200,0
RDFI.US,60,20251112,160000,24.03,24.0406,24.03,24.0406,611,0
RDFI.US,60,20251112,190000,24.06,24.06,24.06,24.06,211,0
RDFI.US,60,20251112,220000,24.06,24.07,24.06,24.07,5800,0
RDFI.US,60,20251113,160000,24.02,24.05,24.01,24.05,2334,0
RDFI.US,60,20251113,170000,23.99,23.99,23.99,23.99,964,0
RDFI.US,60,20251113,180000,23.9756,23.9756,23.9756,23.9756,1612,0
RDFI.US,60,20251113,190000,23.99,23.99,23.99,23.99,749,0
RDFI.US,60,20251113,210000,23.94,23.94,23.94,23.94,100,0
RDFI.US,60,20251113,220000,23.94,23.94,23.94,23.94,100,0
RDFI.US,60,20251114,170000,23.9,23.9,23.9,23.9,231,0
RDFI.US,60,20251114,190000,23.92,23.92,23.8999,23.92,4400,0
RDFI.US,60,20251114,200000,23.91,23.91,23.91,23.91,100,0
RDFI.US,60,20251114,220000,23.84,23.8658,23.84,23.8658,1299,0
RDFI.US,60,20251117,160000,23.8699,23.88,23.8699,23.87,2078,0
RDFI.US,60,20251117,170000,23.863,23.88,23.863,23.88,2713,0
RDFI.US,60,20251117,180000,23.846,23.846,23.846,23.846,142,0
RDFI.US,60,20251117,190000,23.87,23.87,23.87,23.87,199,0
RDFI.US,60,20251117,200000,23.85,23.8537,23.8312,23.8312,1115,0
RDFI.US,60,20251117,210000,23.81,23.81,23.81,23.81,25268,0
RDFI.US,60,20251117,220000,23.8,23.84,23.8,23.8399,4002,0
RDFI.US,60,20251118,170000,23.761,23.761,23.761,23.761,167,0
RDFI.US,60,20251118,190000,23.761,23.761,23.761,23.761,265,0
RDFI.US,60,20251118,220000,23.78,23.79,23.755,23.755,2155,0
RDFI.US,60,20251119,160000,23.81,23.81,23.8099,23.8099,200,0
RDFI.US,60,20251119,170000,23.77,23.7868,23.7315,23.7868,1410,0
RDFI.US,60,20251119,200000,23.7299,23.7299,23.7299,23.7299,1863,0
RDFI.US,60,20251119,220000,23.699,23.71,23.6901,23.7026,1441,0
RDFI.US,60,20251120,160000,23.75166,23.75166,23.7485,23.7485,2174,0
RDFI.US,60,20251120,170000,23.76,23.76,23.71,23.7293,702,0
RDFI.US,60,20251120,180000,23.71,23.71,23.69,23.69,5663,0
RDFI.US,60,20251120,190000,23.6499,23.6499,23.6499,23.6499,335,0
RDFI.US,60,20251120,220000,23.57,23.57,23.57,23.57,440,0
RDFI.US,60,20251121,180000,23.54,23.56,23.54,23.56,402,0
RDFI.US,60,20251121,190000,23.59,23.59,23.53,23.53,1132,0
RDFI.US,60,20251121,200000,23.5535,23.5535,23.5535,23.5535,370,0
RDFI.US,60,20251121,210000,23.6125,23.6125,23.6125,23.6125,552,0
RDFI.US,60,20251124,160000,23.67,23.67,23.665,23.665,349,0
RDFI.US,60,20251124,170000,23.67,23.67,23.66,23.66,894,0
RDFI.US,60,20251124,180000,23.67,23.67,23.6699,23.6699,400,0
RDFI.US,60,20251124,190000,23.67,23.67,23.6699,23.67,1490,0
RDFI.US,60,20251124,200000,23.68,23.68,23.6799,23.6799,600,0
RDFI.US,60,20251124,210000,23.67,23.67,23.6568,23.6568,955,0
RDFI.US,60,20251125,170000,23.76,23.77,23.7396,23.7396,2000,0
RDFI.US,60,20251125,180000,23.77,23.77,23.75,23.75,200,0
RDFI.US,60,20251125,190000,23.79,23.8,23.79,23.8,992,0
RDFI.US,60,20251125,210000,23.77,23.77,23.77,23.77,717,0
RDFI.US,60,20251125,220000,23.8,23.829,23.8,23.829,850,0
RDFI.US,60,20251126,160000,23.8,23.8,23.8,23.8,332,0
RDFI.US,60,20251126,180000,23.855,23.855,23.855,23.855,100,0
RDFI.US,60,20251126,190000,23.8401,23.89,23.8401,23.89,661,0
RDFI.US,60,20251126,200000,23.9,23.9,23.87,23.87,230,0
RDFI.US,60,20251126,220000,23.8948,23.8948,23.8948,23.8948,845,0
RDFI.US,60,20251128,180000,23.955,23.955,23.955,23.955,1037,0
RDFI.US,60,20251201,160000,23.925,23.925,23.925,23.925,260,0
RDFI.US,60,20251201,210000,23.945,23.945,23.92,23.937,4014,0
RDFI.US,60,20251201,220000,23.925,23.925,23.9,23.9119,5328,0
RDFI.US,60,20251202,180000,23.73,23.73,23.73,23.73,1335,0
RDFI.US,60,20251202,190000,23.7309,23.7309,23.7309,23.7309,3268,0
RDFI.US,60,20251202,200000,23.7206,23.7206,23.71,23.71,545,0
RDFI.US,60,20251202,220000,23.72,23.78,23.72,23.78,700,0
RDFI.US,60,20251203,170000,23.8,23.81,23.77,23.81,727,0
RDFI.US,60,20251203,180000,23.81,23.82,23.76,23.82,1026,0
RDFI.US,60,20251203,190000,23.8,23.8,23.8,23.8,100,0
RDFI.US,60,20251203,210000,23.827,23.827,23.827,23.827,836,0
RDFI.US,60,20251203,220000,23.88,23.89,23.857,23.89,17210,0
RDFI.US,60,20251204,170000,23.8999,23.9,23.8999,23.8999,3900,0
RDFI.US,60,20251204,180000,23.89,23.89,23.84,23.85,5200,0
RDFI.US,60,20251204,190000,23.84,23.85,23.84,23.85,23448,0
RDFI.US,60,20251204,200000,23.85,23.8722,23.84,23.85,21216,0
RDFI.US,60,20251204,210000,23.88,23.88,23.88,23.88,100,0
RDFI.US,60,20251205,160000,23.91,23.92,23.91,23.9199,1180,0
RDFI.US,60,20251205,170000,23.92,23.92,23.9,23.9,1146,0
RDFI.US,60,20251205,180000,23.8825,23.8825,23.8825,23.8825,628,0
RDFI.US,60,20251205,190000,23.8805,23.89,23.88,23.89,5982,0
RDFI.US,60,20251205,200000,23.8705,23.8705,23.8705,23.8705,292,0
RDFI.US,60,20251205,210000,23.88,23.88,23.88,23.88,28202,0
RDFI.US,60,20251205,220000,23.86,23.89,23.84,23.89,1014,0
RDFI.US,60,20251208,160000,23.87,23.87,23.8131,23.8131,616,0
RDFI.US,60,20251208,170000,23.8,23.8,23.8,23.8,862,0
RDFI.US,60,20251209,160000,23.823,23.823,23.823,23.823,157,0
RDFI.US,60,20251209,170000,23.83,23.83,23.83,23.83,278,0
RDFI.US,60,20251209,180000,23.815,23.815,23.815,23.815,138,0
RDFI.US,60,20251209,200000,23.805,23.83,23.771,23.82,2098,0
RDFI.US,60,20251209,210000,23.79,23.82,23.79,23.82,5097,0
RDFI.US,60,20251209,220000,23.81,23.81,23.81,23.81,100,0
RDFI.US,60,20251210,160000,23.7416,23.7416,23.7416,23.7416,799,0
RDFI.US,60,20251210,190000,23.7899,23.7899,23.76,23.76,990,0
RDFI.US,60,20251210,210000,23.78,23.81,23.77,23.81,9469,0
RDFI.US,60,20251210,220000,23.83,23.83,23.83,23.83,9282,0
RDFI.US,60,20251211,170000,23.81,23.81,23.81,23.81,100,0
RDFI.US,60,20251211,180000,23.75,23.79,23.7445,23.79,415,0
RDFI.US,60,20251211,190000,23.7948,23.7948,23.7948,23.7948,103,0
RDFI.US,60,20251211,200000,23.8299,23.8299,23.8299,23.8299,210,0
RDFI.US,60,20251212,170000,23.78,23.7805,23.78,23.7805,620,0
RDFI.US,60,20251212,180000,23.75,23.75,23.75,23.75,232,0
RDFI.US,60,20251212,190000,23.745,23.7657,23.745,23.7657,653,0
RDFI.US,60,20251212,200000,23.753,23.77,23.7485,23.7485,4829,0
RDFI.US,60,20251212,220000,23.73,23.76,23.71,23.76,6836,0
RDFI.US,60,20251215,160000,23.794,23.794,23.794,23.794,625,0
RDFI.US,60,20251215,170000,23.7925,23.7925,23.777,23.777,1245,0
RDFI.US,60,20251215,180000,23.7897,23.7897,23.7897,23.7897,1144,0
RDFI.US,60,20251215,190000,23.79,23.79,23.773,23.79,300,0
RDFI.US,60,20251215,220000,23.79,23.79,23.7598,23.7598,1315,0
RDFI.US,60,20251216,160000,23.8,23.8,23.8,23.8,500,0
RDFI.US,60,20251216,170000,23.81,23.82,23.81,23.82,400,0
RDFI.US,60,20251216,180000,23.81,23.82,23.8064,23.82,1900,0
RDFI.US,60,20251216,200000,23.82,23.83,23.82,23.83,200,0
RDFI.US,60,20251216,220000,23.85,23.85,23.85,23.85,100,0
RDFI.US,60,20251217,170000,23.84,23.87,23.84,23.87,1440,0
RDFI.US,60,20251217,180000,23.85,23.85,23.82,23.82,1275,0
RDFI.US,60,20251217,190000,23.79,23.81,23.79,23.81,7030,0
RDFI.US,60,20251217,200000,23.7873,23.81,23.7873,23.81,225,0
RDFI.US,60,20251217,210000,23.8,23.8,23.79,23.79,400,0
RDFI.US,60,20251217,220000,23.76,23.78,23.7374,23.78,1756,0
RDFI.US,60,20251218,160000,23.795,23.795,23.795,23.795,187,0
RDFI.US,60,20251218,180000,23.81,23.827,23.81,23.825,3398,0
RDFI.US,60,20251218,190000,23.81,23.81,23.81,23.81,100,0
RDFI.US,60,20251218,210000,23.782,23.79,23.782,23.79,1654,0
RDFI.US,60,20251218,220000,23.81,23.81,23.81,23.81,100,0
RDFI.US,60,20251219,160000,23.83,23.83,23.83,23.83,100,0
RDFI.US,60,20251219,170000,23.8116,23.82,23.8101,23.82,838,0
RDFI.US,60,20251219,180000,23.8142,23.82,23.81,23.81,4724,0
RDFI.US,60,20251219,190000,23.805,23.82,23.8,23.8,1298,0
RDFI.US,60,20251219,200000,23.82,23.82,23.79,23.81,695,0
RDFI.US,60,20251219,210000,23.8058,23.8058,23.8058,23.8058,126,0
RDFI.US,60,20251219,220000,23.7932,23.8,23.7932,23.8,912,0
RDFI.US,60,20251222,160000,23.8521,23.8899,23.8521,23.8899,686,0
RDFI.US,60,20251222,170000,23.86,23.86,23.86,23.86,100,0
RDFI.US,60,20251222,180000,23.85,23.85,23.8499,23.85,400,0
RDFI.US,60,20251222,200000,23.8201,23.84,23.8201,23.84,523,0
RDFI.US,60,20251222,220000,23.825,23.84,23.825,23.8264,700,0
RDFI.US,60,20251223,170000,23.84,23.86,23.84,23.855,350,0
RDFI.US,60,20251223,180000,23.85,23.85,23.85,23.85,109,0
RDFI.US,60,20251223,190000,23.8435,23.86,23.8435,23.85,917,0
RDFI.US,60,20251223,200000,23.85,23.85,23.85,23.85,116,0
RDFI.US,60,20251223,210000,23.835,23.835,23.83,23.83,309,0
RDFI.US,60,20251223,220000,23.8264,23.8264,23.8199,23.82,1567,0
RDFI.US,60,20251224,170000,23.85,23.87,23.85,23.87,1564,0
RDFI.US,60,20251224,180000,23.848,23.848,23.848,23.848,122,0
RDFI.US,60,20251224,190000,23.8425,23.8425,23.8425,23.8425,740,0
RDFI.US,60,20251226,160000,23.851,23.8511,23.85,23.8501,1400,0
RDFI.US,60,20251226,170000,23.89,23.93,23.89,23.895,11173,0
RDFI.US,60,20251226,180000,23.93,23.93,23.93,23.93,100,0
RDFI.US,60,20251226,190000,23.93,23.93,23.89,23.89,787,0
RDFI.US,60,20251226,200000,23.9,23.9,23.8832,23.8832,327,0
