<TICKER>,<PER>,<DATE>,<TIME>,<OPEN>,<HIGH>,<LOW>,<CLOSE>,<VOL>,<OPENINT>
ROAM.US,60,20240411,160000,23.5,23.5,23.5,23.5,101,0
ROAM.US,60,20240411,170000,23.44,23.44,23.44,23.44,100,0
ROAM.US,60,20240411,190000,23.39,23.39,23.39,23.39,283,0
ROAM.US,60,20240411,200000,23.41,23.41,23.41,23.41,100,0
ROAM.US,60,20240412,170000,23.11,23.11,23.04,23.04,699,0
ROAM.US,60,20240412,200000,22.99,23.01,22.99,23.0099,1294,0
ROAM.US,60,20240412,210000,22.95,22.98,22.95,22.98,786,0
ROAM.US,60,20240415,170000,23.08,23.08,23.08,23.08,100,0
ROAM.US,60,20240415,180000,23.06,23.06,23.06,23.06,211,0
ROAM.US,60,20240415,190000,23.04,23.04,23.04,23.04,100,0
ROAM.US,60,20240415,200000,23.01,23.01,23.01,23.01,300,0
ROAM.US,60,20240415,220000,22.97,22.97,22.905,22.9196,422,0
ROAM.US,60,20240416,160000,22.605,22.605,22.605,22.605,855,0
ROAM.US,60,20240416,170000,22.605,22.61,22.605,22.61,385,0
ROAM.US,60,20240416,200000,22.59,22.59,22.59,22.59,692,0
ROAM.US,60,20240416,210000,22.61,22.65,22.61,22.645,4508,0
ROAM.US,60,20240416,220000,22.63,22.63,22.63,22.63,100,0
ROAM.US,60,20240417,170000,22.68,22.68,22.635,22.645,904,0
ROAM.US,60,20240417,200000,22.54,22.626,22.53,22.62,2218,0
ROAM.US,60,20240417,210000,22.62,22.68,22.62,22.6253,2269,0
ROAM.US,60,20240417,220000,22.64,22.64,22.595,22.64,5400,0
ROAM.US,60,20240418,170000,22.68,22.68,22.68,22.68,114,0
ROAM.US,60,20240418,180000,22.82,22.82,22.7943,22.7943,1318,0
ROAM.US,60,20240418,200000,22.675,22.71,22.67,22.71,3462,0
ROAM.US,60,20240418,210000,22.73,22.75,22.71,22.71,2000,0
ROAM.US,60,20240418,220000,22.68,22.75,22.68,22.75,2054,0
ROAM.US,60,20240419,190000,22.74,22.74,22.7035,22.7035,608,0
ROAM.US,60,20240422,160000,22.6997,22.6997,22.6997,22.6997,200,0
ROAM.US,60,20240422,170000,22.7299,22.75,22.705,22.705,2024,0
ROAM.US,60,20240422,180000,22.73,22.75,22.7065,22.73,1923,0
ROAM.US,60,20240422,190000,22.705,22.78,22.705,22.78,1189,0
ROAM.US,60,20240422,200000,22.8,22.84,22.8,22.84,1095,0
ROAM.US,60,20240422,210000,22.85,22.86,22.8475,22.8475,1224,0
ROAM.US,60,20240423,180000,22.77,22.83,22.77,22.8099,1275,0
ROAM.US,60,20240423,200000,22.85,22.85,22.85,22.85,111,0
ROAM.US,60,20240424,190000,22.85,22.85,22.8499,22.8499,382,0
ROAM.US,60,20240424,220000,22.8426,22.93,22.8426,22.93,4367,0
ROAM.US,60,20240425,180000,22.87,22.87,22.87,22.87,100,0
ROAM.US,60,20240425,220000,23.07,23.07,23.025,23.025,360,0
ROAM.US,60,20240426,170000,23.1258,23.17,23.12,23.125,1025,0
ROAM.US,60,20240426,180000,23.1407,23.22,23.1407,23.18,4387,0
ROAM.US,60,20240426,190000,23.16,23.2,23.1599,23.2,12250,0
ROAM.US,60,20240426,220000,23.2684,23.2684,23.2684,23.2684,5007,0
ROAM.US,60,20240429,160000,23.34,23.34,23.34,23.34,100,0
ROAM.US,60,20240429,170000,23.39,23.4,23.39,23.4,807,0
ROAM.US,60,20240429,180000,23.4099,23.4099,23.4099,23.4099,400,0
ROAM.US,60,20240429,190000,23.45,23.45,23.45,23.45,100,0
ROAM.US,60,20240430,170000,23.3703,23.3703,23.3703,23.3703,150,0
ROAM.US,60,20240430,180000,23.3342,23.3342,23.28,23.28,390,0
ROAM.US,60,20240430,190000,23.2392,23.2748,23.2392,23.2748,527,0
ROAM.US,60,20240430,220000,23.2499,23.25,23.2475,23.25,1636,0
ROAM.US,60,20240501,170000,23.23,23.26,23.23,23.26,611,0
ROAM.US,60,20240501,200000,23.22,23.22,23.22,23.22,100,0
ROAM.US,60,20240502,170000,23.36,23.36,23.36,23.36,185,0
ROAM.US,60,20240502,190000,23.48,23.48,23.48,23.48,100,0
ROAM.US,60,20240507,160000,23.66,23.66,23.63,23.65,1100,0
ROAM.US,60,20240507,170000,23.74,23.7584,23.715,23.75,1648,0
ROAM.US,60,20240507,180000,23.6976,23.76,23.6976,23.7174,1757,0
ROAM.US,60,20240507,190000,23.76,23.76,23.68,23.68,300,0
ROAM.US,60,20240507,200000,23.75,23.77,23.69,23.7325,8461,0
ROAM.US,60,20240507,210000,23.75,23.75,23.74,23.74,827,0
ROAM.US,60,20240507,220000,23.75,23.76,23.69,23.76,2396,0
ROAM.US,60,20240508,170000,23.7355,23.81,23.7355,23.81,310,0
ROAM.US,60,20240508,180000,23.7597,23.82,23.7597,23.82,3575,0
ROAM.US,60,20240508,190000,23.7421,23.81,23.7421,23.81,2250,0
ROAM.US,60,20240508,200000,23.81,23.81,23.7421,23.81,4581,0
ROAM.US,60,20240508,220000,23.81,23.81,23.81,23.81,547,0
ROAM.US,60,20240509,170000,23.82,23.82,23.82,23.82,100,0
ROAM.US,60,20240509,190000,23.81,23.84,23.7881,23.84,1292,0
ROAM.US,60,20240509,200000,23.84,23.86,23.82,23.85,1007,0
ROAM.US,60,20240509,210000,23.86,23.88,23.86,23.88,1200,0
ROAM.US,60,20240509,220000,23.8457,23.8457,23.8457,23.8457,130,0
ROAM.US,60,20240510,160000,24.05,24.05,24.05,24.05,1080,0
ROAM.US,60,20240510,170000,23.98,23.98,23.98,23.98,100,0
ROAM.US,60,20240510,180000,23.9,23.9,23.9,23.9,100,0
ROAM.US,60,20240510,210000,23.878,23.878,23.878,23.878,1258,0
ROAM.US,60,20240513,160000,24.11,24.11,24.11,24.11,762,0
ROAM.US,60,20240513,180000,24.015,24.03,24,24,384,0
ROAM.US,60,20240513,190000,24.01,24.04,24.01,24.04,859,0
ROAM.US,60,20240513,200000,23.9501,23.9501,23.9501,23.9501,105,0
ROAM.US,60,20240514,190000,24.0957,24.0957,24.0957,24.0957,5056,0
ROAM.US,60,20240514,200000,24.11,24.11,24.075,24.075,940,0
ROAM.US,60,20240514,210000,24.1001,24.1001,24.1001,24.1001,154,0
ROAM.US,60,20240514,220000,24.13,24.15,24.13,24.15,9154,0
ROAM.US,60,20240515,170000,24.19,24.29,24.19,24.2623,1035,0
ROAM.US,60,20240515,180000,24.36,24.36,24.3335,24.3335,818,0
ROAM.US,60,20240515,190000,24.35,24.35,24.315,24.315,487,0
ROAM.US,60,20240515,200000,24.3093,24.3093,24.3093,24.3093,103,0
ROAM.US,60,20240515,220000,24.3441,24.38,24.305,24.3535,3501,0
ROAM.US,60,20240516,200000,24.455,24.4893,24.4271,24.4602,1664,0
ROAM.US,60,20240516,210000,24.4438,24.455,24.4271,24.455,691,0
ROAM.US,60,20240517,160000,24.54,24.54,24.48,24.48,338,0
ROAM.US,60,20240517,170000,24.56,24.6,24.4992,24.6,2119,0
ROAM.US,60,20240517,180000,24.56,24.56,24.56,24.56,136,0
ROAM.US,60,20240517,190000,24.5633,24.5633,24.5633,24.5633,1956,0
ROAM.US,60,20240517,210000,24.59,24.6,24.56,24.565,4940,0
ROAM.US,60,20240520,170000,24.54,24.54,24.5,24.5,293,0
ROAM.US,60,20240520,180000,24.57,24.57,24.57,24.57,100,0
ROAM.US,60,20240520,200000,24.56,24.56,24.4801,24.4801,1253,0
ROAM.US,60,20240520,210000,24.52,24.52,24.52,24.52,100,0
ROAM.US,60,20240520,220000,24.52,24.52,24.52,24.52,100,0
ROAM.US,60,20240521,170000,24.56,24.57,24.56,24.56,761,0
ROAM.US,60,20240521,180000,24.55,24.56,24.53,24.56,878,0
ROAM.US,60,20240521,190000,24.52,24.52,24.52,24.52,100,0
ROAM.US,60,20240521,200000,24.51,24.53,24.51,24.515,2552,0
ROAM.US,60,20240521,210000,24.52,24.52,24.5009,24.52,1555,0
ROAM.US,60,20240522,170000,24.58,24.62,24.545,24.545,1244,0
ROAM.US,60,20240522,180000,24.6188,24.62,24.6188,24.62,858,0
ROAM.US,60,20240522,210000,24.49,24.49,24.49,24.49,100,0
ROAM.US,60,20240522,220000,24.52,24.52,24.52,24.52,100,0
ROAM.US,60,20240523,170000,24.42,24.42,24.42,24.42,100,0
ROAM.US,60,20240523,190000,24.4,24.4014,24.3301,24.39,3372,0
ROAM.US,60,20240523,200000,24.265,24.265,24.265,24.265,497,0
ROAM.US,60,20240523,210000,24.37,24.37,24.37,24.37,100,0
ROAM.US,60,20240523,220000,24.2301,24.34,24.2301,24.34,1506,0
ROAM.US,60,20240524,180000,24.36,24.38,24.36,24.3799,770,0
ROAM.US,60,20240524,190000,24.42,24.47,24.42,24.42,1928,0
ROAM.US,60,20240524,210000,24.354,24.3541,24.354,24.3541,329,0
ROAM.US,60,20240524,220000,24.44,24.44,24.44,24.44,100,0
ROAM.US,60,20240528,170000,24.4269,24.435,24.4269,24.435,608,0
ROAM.US,60,20240528,190000,24.44,24.45,24.44,24.45,200,0
ROAM.US,60,20240529,170000,24.18,24.21,24.1607,24.1807,2913,0
ROAM.US,60,20240529,180000,24.2,24.2,24.15,24.15,712,0
ROAM.US,60,20240529,220000,24.22,24.22,24.22,24.22,100,0
ROAM.US,60,20240530,180000,24.12,24.12,24.0754,24.0754,600,0
ROAM.US,60,20240530,190000,24.11,24.14,24.102,24.13,17612,0
ROAM.US,60,20240531,160000,23.96,23.96,23.96,23.96,570,0
ROAM.US,60,20240531,170000,23.7428,23.7428,23.7428,23.7428,109,0
ROAM.US,60,20240531,180000,23.79,23.79,23.765,23.765,466,0
ROAM.US,60,20240531,200000,23.82,23.82,23.785,23.785,218,0
ROAM.US,60,20240531,210000,23.82,23.82,23.8175,23.8175,400,0
ROAM.US,60,20240603,200000,24.11,24.13,24.08,24.13,757,0
ROAM.US,60,20240603,220000,24.17,24.18,24.14,24.14,370,0
ROAM.US,60,20240604,170000,23.72,23.83,23.72,23.83,4508,0
ROAM.US,60,20240604,180000,23.74,23.8,23.73,23.73,4102,0
ROAM.US,60,20240604,190000,23.72,23.77,23.7191,23.769,12190,0
ROAM.US,60,20240604,200000,23.77,23.77,23.761,23.761,1121,0
ROAM.US,60,20240605,190000,23.96,23.96,23.96,23.96,100,0
ROAM.US,60,20240605,200000,23.98,23.98,23.98,23.98,792,0
ROAM.US,60,20240605,220000,23.99,23.99,23.9541,23.9541,714,0
ROAM.US,60,20240606,190000,24.23,24.23,24.2,24.2,21133,0
ROAM.US,60,20240606,200000,24.1712,24.24,24.1473,24.2387,911,0
ROAM.US,60,20240606,210000,24.22,24.22,24.1698,24.21,1130,0
ROAM.US,60,20240607,200000,24,24,23.99,23.99,200,0
ROAM.US,60,20240607,220000,23.95,23.95,23.935,23.935,350,0
ROAM.US,60,20240610,170000,23.94,24.01,23.94,23.99,7951,0
ROAM.US,60,20240610,190000,24.0386,24.04,24.0386,24.04,429,0
ROAM.US,60,20240610,200000,24.0499,24.0499,24.03,24.03,24809,0
ROAM.US,60,20240610,210000,24.03,24.03,24.0162,24.03,5176,0
ROAM.US,60,20240610,220000,24.04,24.0411,24.02,24.0411,26104,0
ROAM.US,60,20240611,160000,23.88,23.88,23.88,23.88,114,0
ROAM.US,60,20240611,170000,23.8342,23.86,23.815,23.85,8938,0
ROAM.US,60,20240611,180000,23.88,23.88,23.8435,23.88,800,0
ROAM.US,60,20240611,220000,23.8525,23.8809,23.8525,23.8809,658,0
ROAM.US,60,20240612,180000,24.14,24.1497,24.115,24.115,7048,0
ROAM.US,60,20240612,190000,24.18,24.1891,24.18,24.18,743,0
ROAM.US,60,20240612,200000,24.18,24.18,24.18,24.18,300,0
ROAM.US,60,20240613,170000,23.97,24,23.934,23.94,9960,0
ROAM.US,60,20240613,190000,23.86,23.86,23.86,23.86,200,0
ROAM.US,60,20240613,210000,23.9131,23.9499,23.9131,23.9499,730,0
ROAM.US,60,20240613,220000,23.95,23.95,23.95,23.95,4992,0
ROAM.US,60,20240614,160000,23.97,23.97,23.94,23.94,11531,0
ROAM.US,60,20240614,170000,23.95,23.9594,23.9262,23.9262,3966,0
ROAM.US,60,20240614,190000,23.9301,23.9301,23.9301,23.9301,656,0
ROAM.US,60,20240614,200000,23.99,23.99,23.9575,23.9575,349,0
ROAM.US,60,20240614,210000,23.955,23.97,23.955,23.97,558,0
ROAM.US,60,20240614,220000,24.02,24.02,24.02,24.02,599,0
ROAM.US,60,20240617,170000,24.04,24.04,24.04,24.04,100,0
ROAM.US,60,20240617,190000,24.0817,24.0817,24.0817,24.0817,831,0
ROAM.US,60,20240617,220000,24.17,24.17,24.17,24.17,1556,0
ROAM.US,60,20240618,180000,24.28,24.28,24.275,24.28,5223,0
ROAM.US,60,20240618,220000,24.3115,24.33,24.3115,24.33,1099,0
ROAM.US,60,20240620,170000,24.4002,24.42,24.4,24.4,720,0
ROAM.US,60,20240620,180000,24.4,24.4,24.39,24.39,735,0
ROAM.US,60,20240620,210000,24.39,24.3999,24.3715,24.3999,725,0
ROAM.US,60,20240620,220000,24.39,24.39,24.39,24.39,444,0
ROAM.US,60,20240621,160000,24.41,24.41,24.41,24.41,1000,0
ROAM.US,60,20240621,170000,24.39,24.39,24.39,24.39,350,0
ROAM.US,60,20240621,180000,24.37,24.37,24.37,24.37,100,0
ROAM.US,60,20240621,190000,24.3812,24.3812,24.3812,24.3812,229,0
ROAM.US,60,20240624,170000,24.52,24.52,24.4767,24.4767,1500,0
ROAM.US,60,20240624,180000,24.475,24.475,24.475,24.475,300,0
ROAM.US,60,20240624,190000,24.47,24.48,24.47,24.47,900,0
ROAM.US,60,20240624,220000,24.44,24.44,24.41,24.41,5062,0
ROAM.US,60,20240625,160000,24.291,24.291,24.291,24.291,1290,0
ROAM.US,60,20240625,170000,24.2885,24.2885,24.2301,24.2301,1966,0
ROAM.US,60,20240625,180000,24.238,24.238,24.238,24.238,233,0
ROAM.US,60,20240625,190000,24.23,24.27,24.23,24.2301,8983,0
ROAM.US,60,20240625,200000,24.241,24.29,24.241,24.29,2324,0
ROAM.US,60,20240626,170000,24.21,24.22,24.21,24.21,400,0
ROAM.US,60,20240626,220000,24.201,24.23,24.2001,24.22,8696,0
ROAM.US,60,20240627,180000,24.1,24.1,24.1,24.1,200,0
ROAM.US,60,20240628,160000,24.27,24.27,24.27,24.27,2217,0
ROAM.US,60,20240628,180000,24.245,24.245,24.245,24.245,690,0
ROAM.US,60,20240628,190000,24.22,24.22,24.22,24.22,100,0
ROAM.US,60,20240628,200000,24.205,24.23,24.17,24.1985,15103,0
ROAM.US,60,20240628,210000,24.17,24.22,24.17,24.17,4566,0
ROAM.US,60,20240701,160000,24.28,24.28,24.17,24.2158,14786,0
ROAM.US,60,20240701,170000,24.25,24.25,24.0803,24.09,32640,0
ROAM.US,60,20240701,190000,24.18,24.18,24.18,24.18,578,0
ROAM.US,60,20240701,200000,24.135,24.19,24.135,24.19,3123,0
ROAM.US,60,20240701,210000,24.1459,24.1459,24.097,24.097,937,0
ROAM.US,60,20240701,220000,24.1373,24.1373,24.1356,24.1356,1169,0
ROAM.US,60,20240702,170000,24.0501,24.11,24.0501,24.105,1153,0
ROAM.US,60,20240702,180000,24.125,24.18,24.1221,24.17,3099,0
ROAM.US,60,20240702,190000,24.1,24.1,24.1,24.1,272,0
ROAM.US,60,20240702,210000,24.15,24.21,24.15,24.2099,1698,0
ROAM.US,60,20240703,170000,24.38,24.38,24.38,24.38,100,0
ROAM.US,60,20240703,180000,24.4299,24.4299,24.4299,24.4299,106,0
ROAM.US,60,20240703,190000,24.44,24.449,24.4286,24.4286,1705,0
ROAM.US,60,20240705,160000,24.4604,24.4604,24.4604,24.4604,334,0
ROAM.US,60,20240705,170000,24.44,24.49,24.4071,24.49,3763,0
ROAM.US,60,20240705,180000,24.48,24.53,24.48,24.52,1150,0
ROAM.US,60,20240705,190000,24.529,24.55,24.529,24.5385,4797,0
ROAM.US,60,20240705,200000,24.54,24.54,24.48,24.5144,2469,0
ROAM.US,60,20240705,210000,24.5665,24.58,24.5665,24.58,1221,0
ROAM.US,60,20240705,220000,24.5987,24.603,24.56,24.603,189203,0
ROAM.US,60,20240708,160000,24.61,24.61,24.61,24.61,411,0
ROAM.US,60,20240708,170000,24.54,24.5401,24.54,24.5401,310,0
ROAM.US,60,20240708,190000,24.5416,24.55,24.5,24.525,2128,0
ROAM.US,60,20240708,210000,24.5799,24.5799,24.5538,24.5538,1018,0
ROAM.US,60,20240708,220000,24.5418,24.5418,24.5418,24.5418,200,0
ROAM.US,60,20240709,180000,24.569,24.569,24.4901,24.4901,4551,0
ROAM.US,60,20240709,210000,24.58,24.5899,24.58,24.583,2296,0
ROAM.US,60,20240709,220000,24.599,24.599,24.599,24.599,140,0
ROAM.US,60,20240710,160000,24.64,24.64,24.64,24.64,239,0
ROAM.US,60,20240710,180000,24.63,24.63,24.5975,24.5975,675,0
ROAM.US,60,20240711,160000,24.89,24.89,24.87,24.89,400,0
ROAM.US,60,20240711,170000,24.91,24.91,24.86,24.87,1600,0
ROAM.US,60,20240711,180000,24.86,24.87,24.83,24.83,2946,0
ROAM.US,60,20240711,190000,24.83,24.84,24.7925,24.82,1888,0
ROAM.US,60,20240711,200000,24.82,24.83,24.81,24.81,3669,0
ROAM.US,60,20240711,210000,24.81,24.84,24.8,24.83,1700,0
ROAM.US,60,20240711,220000,24.85,24.86,24.85,24.86,1738,0
ROAM.US,60,20240712,160000,24.9,24.9099,24.9,24.9099,823,0
ROAM.US,60,20240712,170000,24.91,24.94,24.91,24.94,482,0
ROAM.US,60,20240712,200000,24.93,24.93,24.925,24.9288,1915,0
ROAM.US,60,20240712,210000,24.94,24.945,24.94,24.945,1212,0
ROAM.US,60,20240715,170000,24.7986,24.7986,24.7786,24.7786,714,0
ROAM.US,60,20240715,190000,24.8093,24.8093,24.8093,24.8093,1284,0
ROAM.US,60,20240715,200000,24.76,24.76,24.76,24.76,100,0
ROAM.US,60,20240715,220000,24.75,24.75,24.73,24.75,400,0
ROAM.US,60,20240716,160000,24.75,24.75,24.75,24.75,405,0
ROAM.US,60,20240716,170000,24.74,24.745,24.74,24.745,2803,0
ROAM.US,60,20240716,180000,24.7679,24.7679,24.7679,24.7679,205,0
ROAM.US,60,20240716,190000,24.76,24.76,24.74,24.74,1029,0
ROAM.US,60,20240716,200000,24.79,24.79,24.79,24.79,100,0
ROAM.US,60,20240717,170000,24.67,24.67,24.67,24.67,100,0
ROAM.US,60,20240717,200000,24.5812,24.61,24.58,24.5959,2714,0
ROAM.US,60,20240717,210000,24.62,24.62,24.57,24.57,337,0
ROAM.US,60,20240717,220000,24.62,24.62,24.584,24.584,328,0
ROAM.US,60,20240718,160000,24.63,24.63,24.6,24.6,508,0
ROAM.US,60,20240718,180000,24.53,24.53,24.53,24.53,126,0
ROAM.US,60,20240718,210000,24.4237,24.4237,24.4237,24.4237,158,0
ROAM.US,60,20240719,170000,24.24,24.24,24.24,24.24,100,0
ROAM.US,60,20240719,190000,24.32,24.41,24.32,24.39,1487,0
ROAM.US,60,20240719,200000,24.17,24.17,24.17,24.17,100,0
ROAM.US,60,20240719,220000,24.17,24.17,24.17,24.17,100,0
ROAM.US,60,20240722,160000,24.285,24.285,24.285,24.285,200,0
ROAM.US,60,20240722,170000,24.2347,24.26,24.2347,24.26,2113,0
ROAM.US,60,20240722,180000,24.29,24.29,24.29,24.29,545,0
ROAM.US,60,20240722,190000,24.27,24.305,24.27,24.305,16107,0
ROAM.US,60,20240723,170000,24.09,24.09,24.09,24.09,445,0
ROAM.US,60,20240723,180000,24.2098,24.2099,24.1,24.1,2200,0
ROAM.US,60,20240723,190000,24.19,24.2,24.19,24.2,1340,0
ROAM.US,60,20240723,210000,24.07,24.07,24.07,24.07,208,0
ROAM.US,60,20240724,170000,24.1,24.1,24.1,24.1,100,0
ROAM.US,60,20240724,180000,24.076,24.076,24.076,24.076,134,0
ROAM.US,60,20240724,200000,24.025,24.025,23.9904,23.9904,2905,0
ROAM.US,60,20240724,210000,23.99,23.99,23.99,23.99,500,0
ROAM.US,60,20240725,170000,23.84,23.84,23.84,23.84,100,0
ROAM.US,60,20240725,180000,23.89,23.95,23.88,23.95,400,0
ROAM.US,60,20240725,200000,23.9512,23.9512,23.9512,23.9512,126,0
ROAM.US,60,20240725,210000,23.8601,23.888,23.8601,23.868,888,0
ROAM.US,60,20240726,160000,24.06,24.06,24.06,24.06,185,0
ROAM.US,60,20240726,170000,24.04,24.04,24.04,24.04,100,0
ROAM.US,60,20240726,200000,24.09,24.09,24.07,24.07,1666,0
ROAM.US,60,20240726,210000,24.07,24.07,24.07,24.07,1245,0
ROAM.US,60,20240726,220000,24.11,24.11,24.11,24.11,100,0
ROAM.US,60,20240729,170000,23.95,23.95,23.94,23.94,200,0
ROAM.US,60,20240729,180000,23.9,23.9,23.9,23.9,1500,0
ROAM.US,60,20240729,190000,23.95,23.95,23.95,23.95,100,0
ROAM.US,60,20240729,200000,23.95,23.95,23.95,23.95,100,0
ROAM.US,60,20240729,220000,23.9469,23.9469,23.9,23.9438,502,0
ROAM.US,60,20240730,170000,23.93,23.93,23.9,23.9,600,0
ROAM.US,60,20240730,180000,23.8999,23.8999,23.8999,23.8999,100,0
ROAM.US,60,20240730,190000,23.87,23.87,23.87,23.87,300,0
ROAM.US,60,20240730,200000,23.81,23.84,23.81,23.84,300,0
ROAM.US,60,20240730,210000,23.87,23.87,23.87,23.87,850,0
ROAM.US,60,20240731,160000,24.25,24.25,24.25,24.25,1290,0
ROAM.US,60,20240731,170000,24.24,24.24,24.24,24.24,100,0
ROAM.US,60,20240731,180000,24.215,24.27,24.215,24.27,254,0
ROAM.US,60,20240731,190000,24.26,24.26,24.245,24.245,650,0
ROAM.US,60,20240801,170000,24.23,24.23,24.23,24.23,100,0
ROAM.US,60,20240801,200000,23.99,23.99,23.99,23.99,206,0
ROAM.US,60,20240801,210000,23.97,23.97,23.95,23.95,290,0
ROAM.US,60,20240801,220000,23.95,23.95,23.95,23.95,146,0
ROAM.US,60,20240802,180000,23.66,23.66,23.66,23.66,230,0
ROAM.US,60,20240802,190000,23.65,23.71,23.64,23.71,1100,0
ROAM.US,60,20240802,220000,23.72,23.72,23.7,23.7095,1207,0
ROAM.US,60,20240805,160000,22.41,22.41,22.41,22.41,1500,0
ROAM.US,60,20240805,170000,22.69,22.89,22.69,22.89,250,0
ROAM.US,60,20240805,190000,22.925,22.925,22.925,22.925,100,0
ROAM.US,60,20240805,210000,22.935,22.935,22.87,22.87,765,0
ROAM.US,60,20240805,220000,22.865,22.93,22.865,22.93,200,0
ROAM.US,60,20240806,160000,22.72,22.72,22.72,22.72,705,0
ROAM.US,60,20240806,170000,22.79,22.79,22.79,22.79,200,0
ROAM.US,60,20240806,180000,22.75,22.75,22.74,22.74,76504,0
ROAM.US,60,20240806,190000,22.79,22.81,22.78,22.81,961,0
ROAM.US,60,20240806,210000,22.9,22.9,22.9,22.9,100,0
ROAM.US,60,20240807,160000,23.29,23.29,23.29,23.29,100,0
ROAM.US,60,20240807,180000,23.24,23.27,23.24,23.27,645,0
ROAM.US,60,20240807,190000,23.254,23.254,23.21,23.2197,1856,0
ROAM.US,60,20240807,200000,23.18,23.2,23.18,23.2,300,0
ROAM.US,60,20240808,170000,23.361,23.41,23.361,23.41,568,0
ROAM.US,60,20240808,180000,23.3775,23.43,23.3775,23.43,393,0
ROAM.US,60,20240809,160000,23.54,23.54,23.54,23.54,300,0
ROAM.US,60,20240809,180000,23.525,23.56,23.525,23.53,821,0
ROAM.US,60,20240809,220000,23.61,23.64,23.58,23.61,5223,0
ROAM.US,60,20240812,170000,23.75,23.82,23.52,23.81,13880,0
ROAM.US,60,20240812,180000,23.81,23.81,23.745,23.8,665,0
ROAM.US,60,20240812,190000,23.83,23.83,23.7975,23.7975,800,0
ROAM.US,60,20240812,200000,23.745,23.745,23.745,23.745,500,0
ROAM.US,60,20240812,220000,23.83,23.83,23.7607,23.7607,3259,0
ROAM.US,60,20240813,170000,23.9,23.9,23.9,23.9,100,0
ROAM.US,60,20240813,180000,23.95,23.95,23.95,23.95,293,0
ROAM.US,60,20240813,190000,23.95,23.95,23.95,23.95,200,0
ROAM.US,60,20240814,160000,24,24,24,24,341,0
ROAM.US,60,20240814,170000,24,24,23.98,23.98,1300,0
ROAM.US,60,20240814,190000,24.05,24.05,24.05,24.05,100,0
ROAM.US,60,20240814,210000,23.9501,23.9501,23.9501,23.9501,792,0
ROAM.US,60,20240814,220000,23.945,23.945,23.945,23.945,538,0
ROAM.US,60,20240815,160000,24.13,24.13,24.13,24.13,355,0
ROAM.US,60,20240815,170000,24.21,24.21,24.21,24.21,100,0
ROAM.US,60,20240815,200000,24.24,24.24,24.24,24.24,100,0
ROAM.US,60,20240816,170000,24.36,24.36,24.36,24.36,100,0
ROAM.US,60,20240816,200000,24.37,24.37,24.37,24.37,339,0
ROAM.US,60,20240816,210000,24.44,24.44,24.44,24.44,100,0
ROAM.US,60,20240819,170000,24.595,24.69,24.55,24.69,1179,0
ROAM.US,60,20240819,180000,24.556,24.72,24.556,24.7,2095,0
ROAM.US,60,20240819,200000,24.7499,24.7499,24.7499,24.7499,292,0
ROAM.US,60,20240819,220000,24.62,24.62,24.62,24.62,390,0
ROAM.US,60,20240820,160000,24.59,24.59,24.59,24.59,100,0
ROAM.US,60,20240820,170000,24.69,24.69,24.57,24.615,439,0
ROAM.US,60,20240820,200000,24.63,24.63,24.58,24.58,3823,0
ROAM.US,60,20240820,220000,24.67,24.67,24.62,24.62,203,0
ROAM.US,60,20240821,160000,24.53,24.69,24.53,24.69,901,0
ROAM.US,60,20240821,170000,24.65,24.65,24.65,24.65,100,0
ROAM.US,60,20240821,220000,24.685,24.685,24.685,24.685,131,0
ROAM.US,60,20240822,160000,24.55,24.55,24.55,24.55,100,0
ROAM.US,60,20240822,170000,24.48,24.48,24.48,24.48,100,0
ROAM.US,60,20240822,180000,24.49,24.49,24.49,24.49,100,0
ROAM.US,60,20240822,210000,24.4,24.41,24.3781,24.41,696,0
ROAM.US,60,20240822,220000,24.42,24.42,24.33,24.33,355,0
ROAM.US,60,20240823,160000,24.64,24.64,24.59,24.59,200,0
ROAM.US,60,20240823,190000,24.78,24.78,24.755,24.755,550,0
ROAM.US,60,20240823,210000,24.81,24.81,24.81,24.81,1837,0
ROAM.US,60,20240826,160000,24.87,24.87,24.87,24.87,100,0
ROAM.US,60,20240826,170000,24.8107,24.8107,24.8107,24.8107,160,0
ROAM.US,60,20240826,190000,24.79,24.79,24.79,24.79,100,0
ROAM.US,60,20240826,210000,24.78,24.78,24.78,24.78,100,0
ROAM.US,60,20240826,220000,24.72,24.77,24.72,24.77,318,0
ROAM.US,60,20240827,160000,24.74,24.74,24.74,24.74,100,0
ROAM.US,60,20240827,180000,24.76,24.76,24.76,24.76,510,0
ROAM.US,60,20240827,190000,24.76,24.76,24.73,24.73,1137,0
ROAM.US,60,20240827,200000,24.7663,24.7663,24.7663,24.7663,373,0
ROAM.US,60,20240827,210000,24.8012,24.8012,24.8012,24.8012,300,0
ROAM.US,60,20240827,220000,24.76,24.76,24.76,24.76,100,0
ROAM.US,60,20240828,160000,24.6701,24.75,24.6701,24.75,200,0
ROAM.US,60,20240828,180000,24.7685,24.7685,24.68,24.695,1900,0
ROAM.US,60,20240828,200000,24.72,24.72,24.72,24.72,100,0
ROAM.US,60,20240828,210000,24.6,24.6014,24.51,24.56,10788,0
ROAM.US,60,20240828,220000,24.59,24.65,24.59,24.64,678,0
ROAM.US,60,20240829,160000,24.605,24.605,24.605,24.605,179,0
ROAM.US,60,20240829,170000,24.7,24.7,24.649,24.649,240,0
ROAM.US,60,20240829,180000,24.665,24.665,24.665,24.665,515,0
ROAM.US,60,20240829,210000,24.71,24.71,24.605,24.605,1206,0
ROAM.US,60,20240829,220000,24.66,24.66,24.66,24.66,100,0
ROAM.US,60,20240830,170000,24.69,24.69,24.69,24.69,100,0
ROAM.US,60,20240903,160000,24.5,24.5,24.39,24.39,306,0
ROAM.US,60,20240903,180000,24.34,24.36,24.34,24.36,200,0
ROAM.US,60,20240903,190000,24.33,24.33,24.2801,24.2801,1130,0
ROAM.US,60,20240904,170000,24.3,24.3,24.3,24.3,100,0
ROAM.US,60,20240904,200000,24.27,24.27,24.27,24.27,329,0
ROAM.US,60,20240905,160000,24.26,24.26,24.26,24.26,475,0
ROAM.US,60,20240905,180000,24.27,24.27,24.27,24.27,100,0
ROAM.US,60,20240905,190000,24.2683,24.2683,24.2683,24.2683,148,0
ROAM.US,60,20240905,200000,24.23,24.23,24.181,24.181,200,0
ROAM.US,60,20240905,210000,24.2755,24.2755,24.21,24.21,500,0
ROAM.US,60,20240906,160000,24.1989,24.1989,24.18,24.19,2889,0
ROAM.US,60,20240906,170000,24.17,24.17,24.17,24.17,100,0
ROAM.US,60,20240906,180000,23.94,23.9655,23.94,23.9655,300,0
ROAM.US,60,20240906,190000,23.8906,23.8906,23.8906,23.8906,457,0
ROAM.US,60,20240906,200000,23.95,23.95,23.95,23.95,100,0
ROAM.US,60,20240906,210000,23.86,23.86,23.86,23.86,100,0
ROAM.US,60,20240909,160000,23.94,23.94,23.94,23.94,601,0
ROAM.US,60,20240909,170000,24.005,24.005,24.005,24.005,171,0
ROAM.US,60,20240909,190000,24.06,24.06,24.06,24.06,762,0
ROAM.US,60,20240909,200000,24.074,24.074,24.074,24.074,532,0
ROAM.US,60,20240909,220000,24.02,24.02,24.02,24.02,100,0
ROAM.US,60,20240910,180000,23.85,23.85,23.85,23.85,100,0
ROAM.US,60,20240910,210000,23.75,23.851,23.75,23.82,2574,0
ROAM.US,60,20240911,160000,23.665,23.665,23.665,23.665,105,0
ROAM.US,60,20240911,170000,23.6467,23.6467,23.64,23.64,550,0
ROAM.US,60,20240911,180000,23.67,23.67,23.67,23.67,220,0
ROAM.US,60,20240911,210000,23.8076,23.87,23.8076,23.85,1193,0
ROAM.US,60,20240911,220000,23.87,23.94,23.8699,23.94,8900,0
ROAM.US,60,20240912,160000,24.02,24.02,24.02,24.02,100,0
ROAM.US,60,20240912,180000,24.08,24.1,24.0799,24.09,14346,0
ROAM.US,60,20240912,190000,24.0879,24.139,24.08,24.139,2418,0
ROAM.US,60,20240912,200000,24.149,24.15,24.149,24.15,581,0
ROAM.US,60,20240912,220000,24.21,24.21,24.21,24.21,564,0
ROAM.US,60,20240913,200000,24.395,24.395,24.34,24.34,1671,0
ROAM.US,60,20240913,210000,24.41,24.41,24.3,24.3,310,0
ROAM.US,60,20240916,170000,24.49,24.49,24.38,24.38,367,0
ROAM.US,60,20240916,180000,24.4,24.4,24.4,24.4,100,0
ROAM.US,60,20240916,210000,24.38,24.38,24.38,24.38,1700,0
ROAM.US,60,20240916,220000,24.39,24.39,24.39,24.39,156,0
ROAM.US,60,20240917,160000,24.52,24.52,24.52,24.52,500,0
ROAM.US,60,20240917,170000,24.63,24.63,24.63,24.63,100,0
ROAM.US,60,20240917,190000,24.5212,24.53,24.5212,24.53,1050,0
ROAM.US,60,20240917,200000,24.53,24.53,24.53,24.53,100,0
ROAM.US,60,20240917,210000,24.495,24.495,24.495,24.495,591,0
ROAM.US,60,20240917,220000,24.5699,24.5699,24.5,24.5,584,0
ROAM.US,60,20240918,170000,24.5,24.5,24.5,24.5,100,0
ROAM.US,60,20240918,190000,24.459,24.459,24.459,24.459,320,0
ROAM.US,60,20240918,200000,24.3837,24.5099,24.3837,24.5099,850,0
ROAM.US,60,20240918,220000,24.415,24.415,24.415,24.415,194,0
ROAM.US,60,20240919,170000,24.635,24.635,24.635,24.635,215,0
ROAM.US,60,20240920,160000,24.7009,24.7009,24.7009,24.7009,179,0
ROAM.US,60,20240920,170000,24.7,24.7,24.7,24.7,100,0
ROAM.US,60,20240920,210000,24.59,24.5901,24.59,24.5901,1094,0
ROAM.US,60,20240923,220000,24.6,24.83,24.6,24.83,1230,0
ROAM.US,60,20240924,160000,25.42,25.42,25.41,25.41,481,0
ROAM.US,60,20240924,190000,25.425,25.425,25.4132,25.4132,862,0
ROAM.US,60,20240924,200000,25.455,25.455,25.455,25.455,470,0
ROAM.US,60,20240924,220000,25.535,25.54,25.535,25.54,863,0
ROAM.US,60,20240925,160000,25.45,25.45,25.27,25.2932,1443,0
ROAM.US,60,20240925,180000,25.459,25.459,25.459,25.459,200,0
ROAM.US,60,20240925,200000,25.379,25.379,25.379,25.379,197,0
ROAM.US,60,20240926,160000,26,26,25.8467,25.8467,1015,0
ROAM.US,60,20240926,210000,25.895,25.915,25.83,25.915,2024,0
ROAM.US,60,20240927,220000,25.99,25.99,25.87,25.9,1352,0
ROAM.US,60,20240930,160000,25.62,25.62,25.62,25.62,100,0
ROAM.US,60,20240930,170000,25.61,25.6101,25.61,25.6101,237,0
ROAM.US,60,20240930,210000,25.49,25.49,25.48,25.48,261,0
ROAM.US,60,20241001,160000,25.43,25.43,25.43,25.43,375,0
ROAM.US,60,20241001,190000,25.508,25.508,25.4882,25.4882,1612,0
ROAM.US,60,20241002,160000,25.56,25.56,25.56,25.56,100,0
ROAM.US,60,20241002,170000,25.56,25.56,25.56,25.56,100,0
ROAM.US,60,20241002,180000,25.535,25.54,25.535,25.54,697,0
ROAM.US,60,20241002,190000,25.59,25.59,25.59,25.59,469,0
ROAM.US,60,20241002,200000,25.53,25.53,25.53,25.53,1939,0
ROAM.US,60,20241002,220000,25.56,25.56,25.56,25.56,200,0
ROAM.US,60,20241003,170000,25.29,25.2901,25.29,25.2901,296,0
ROAM.US,60,20241003,180000,25.23,25.23,25.23,25.23,102,0
ROAM.US,60,20241003,200000,25.2311,25.2311,25.2311,25.2311,296,0
ROAM.US,60,20241004,190000,25.395,25.395,25.395,25.395,255,0
ROAM.US,60,20241004,200000,25.479,25.479,25.46,25.46,300,0
ROAM.US,60,20241007,180000,25.53,25.55,25.5,25.5,418,0
ROAM.US,60,20241007,200000,25.57,25.57,25.55,25.55,8673,0
ROAM.US,60,20241007,210000,25.53,25.53,25.5,25.5,200,0
ROAM.US,60,20241007,220000,25.48,25.54,25.48,25.54,335,0
ROAM.US,60,20241008,170000,25.02,25.02,25.02,25.02,121,0
ROAM.US,60,20241008,190000,25.18,25.18,25.1462,25.1462,215,0
ROAM.US,60,20241008,200000,25.1,25.13,25.1,25.13,1750,0
ROAM.US,60,20241008,210000,25.149,25.149,25.149,25.149,200,0
ROAM.US,60,20241008,220000,25.25,25.25,25.25,25.25,1544,0
ROAM.US,60,20241009,170000,25.025,25.025,25.025,25.025,309,0
ROAM.US,60,20241009,190000,25.1899,25.1899,25.1,25.1,245,0
ROAM.US,60,20241010,220000,25.140693,25.140693,25.140693,25.140693,344,0
ROAM.US,60,20241011,210000,25.2842,25.3,25.2842,25.3,870,0
ROAM.US,60,20241014,170000,25.45,25.45,25.45,25.45,100,0
ROAM.US,60,20241014,190000,25.444,25.444,25.444,25.444,1092,0
ROAM.US,60,20241014,200000,25.43,25.43,25.43,25.43,100,0
ROAM.US,60,20241014,210000,25.41,25.43,25.3677,25.43,1380,0
ROAM.US,60,20241014,220000,25.39,25.42,25.39,25.42,2002,0
ROAM.US,60,20241015,160000,25.27,25.27,25.21,25.21,1191,0
ROAM.US,60,20241015,170000,25.22,25.22,25.185,25.185,6186,0
ROAM.US,60,20241015,180000,25.09,25.09,25.09,25.09,1718,0
ROAM.US,60,20241015,190000,25.0799,25.0799,25.0785,25.0785,498,0
ROAM.US,60,20241015,200000,25.03,25.03,25.03,25.03,500,0
ROAM.US,60,20241015,210000,25.05,25.07,25.05,25.05,29667,0
ROAM.US,60,20241015,220000,25.04,25.04,25.04,25.04,160,0
ROAM.US,60,20241016,160000,25.17,25.17,25.17,25.17,344,0
ROAM.US,60,20241016,170000,25.255,25.255,25.245168,25.245168,281,0
ROAM.US,60,20241017,160000,25.1437,25.1437,25.1,25.1,2921,0
ROAM.US,60,20241017,170000,25.13,25.13,25.13,25.13,319,0
ROAM.US,60,20241017,180000,25.0901,25.0901,25.0901,25.0901,200,0
ROAM.US,60,20241017,190000,25.07,25.16,25.07,25.16,1663,0
ROAM.US,60,20241017,200000,25.127376,25.127376,25.127376,25.127376,361,0
ROAM.US,60,20241017,210000,25.159,25.159,25.1075,25.1075,573,0
ROAM.US,60,20241017,220000,25.13,25.14,25.1181,25.1181,1014,0
ROAM.US,60,20241018,160000,25.35,25.35,25.31,25.31,731,0
ROAM.US,60,20241018,170000,25.28,25.28,25.28,25.28,103,0
ROAM.US,60,20241018,190000,25.2591,25.2591,25.2591,25.2591,161,0
ROAM.US,60,20241021,180000,25.12,25.12,25.06,25.06,600,0
ROAM.US,60,20241021,200000,25.13,25.13,25.13,25.13,100,0
ROAM.US,60,20241022,210000,25.1,25.169,25.1,25.1397,1836,0
ROAM.US,60,20241023,160000,25.04,25.04,25.04,25.04,800,0
ROAM.US,60,20241023,170000,25,25,25,25,300,0
ROAM.US,60,20241023,200000,24.959,24.959,24.929,24.929,600,0
ROAM.US,60,20241023,220000,24.8807,24.8807,24.8807,24.8807,197,0
ROAM.US,60,20241024,180000,24.8649,24.8649,24.8649,24.8649,103,0
ROAM.US,60,20241024,210000,24.939,24.94,24.87,24.93826,2994,0
ROAM.US,60,20241024,220000,24.96,24.98,24.935,24.935,12200,0
ROAM.US,60,20241025,160000,24.92,24.92,24.92,24.92,512,0
ROAM.US,60,20241025,170000,24.91,24.91,24.91,24.91,288,0
ROAM.US,60,20241025,180000,24.91,24.91,24.9082,24.9082,1886,0
ROAM.US,60,20241025,210000,24.7922,24.7922,24.7922,24.7922,100,0
ROAM.US,60,20241029,160000,25,25,24.84,24.84,938,0
ROAM.US,60,20241029,180000,24.8001,24.8001,24.8001,24.8001,199,0
ROAM.US,60,20241029,190000,24.79,24.79,24.78,24.78,500,0
ROAM.US,60,20241029,200000,24.86,24.86,24.8599,24.8599,222,0
ROAM.US,60,20241029,210000,24.83,24.84,24.83,24.84,1000,0
ROAM.US,60,20241030,190000,24.5781,24.5781,24.5781,24.5781,518,0
ROAM.US,60,20241030,200000,24.755,24.755,24.755,24.755,100,0
ROAM.US,60,20241031,210000,24.3801,24.42,24.3801,24.42,1314,0
ROAM.US,60,20241101,160000,24.6171,24.6171,24.6171,24.6171,685,0
ROAM.US,60,20241101,180000,24.589,24.59,24.5101,24.5101,930,0
ROAM.US,60,20241101,190000,24.579,24.579,24.5,24.5001,380,0
ROAM.US,60,20241101,200000,24.529,24.529,24.529,24.529,100,0
ROAM.US,60,20241104,180000,24.575,24.575,24.575,24.575,100,0
ROAM.US,60,20241104,220000,24.52,24.56,24.52,24.5329,1194,0
ROAM.US,60,20241106,160000,24.82,24.82,24.47,24.47,1848,0
ROAM.US,60,20241106,170000,24.47,24.47,24.47,24.47,100,0
ROAM.US,60,20241106,180000,24.539,24.539,24.539,24.539,114,0
ROAM.US,60,20241106,200000,24.595,24.649,24.595,24.649,300,0
ROAM.US,60,20241107,180000,24.8802,24.89,24.3501,24.69,53994,0
ROAM.US,60,20241107,190000,24.69,24.69,24.67,24.68,5300,0
ROAM.US,60,20241107,200000,24.7,24.7,24.68,24.68,2000,0
ROAM.US,60,20241107,210000,24.7975,24.7975,24.7975,24.7975,200,0
ROAM.US,60,20241107,220000,24.785,24.785,24.785,24.785,807,0
ROAM.US,60,20241108,170000,24.4192,24.4192,24.3301,24.3301,265,0
ROAM.US,60,20241108,180000,24.3393,24.37,24.3393,24.37,537,0
ROAM.US,60,20241108,190000,24.3202,24.3202,24.3202,24.3202,164,0
ROAM.US,60,20241108,200000,24.34,24.3496,24.3145,24.3145,500,0
ROAM.US,60,20241108,210000,24.2885,24.36,24.28,24.28,764,0
ROAM.US,60,20241111,170000,24.28,24.3399,24.28,24.3399,4198,0
ROAM.US,60,20241111,220000,24.2818,24.2818,24.2818,24.2818,156,0
ROAM.US,60,20241112,170000,24.0002,24.0002,23.96,23.96,2810,0
ROAM.US,60,20241112,190000,23.89,23.9,23.88,23.9,5255,0
ROAM.US,60,20241112,200000,23.88,23.94,23.88,23.94,811,0
ROAM.US,60,20241112,210000,23.93,23.93,23.93,23.93,100,0
ROAM.US,60,20241112,220000,23.93,23.93,23.93,23.93,100,0
ROAM.US,60,20241113,170000,23.84,23.84,23.84,23.84,100,0
ROAM.US,60,20241113,180000,23.93,23.93,23.884,23.884,2557,0
ROAM.US,60,20241113,210000,23.885,23.885,23.885,23.885,117,0
ROAM.US,60,20241113,220000,23.885,23.885,23.885,23.885,865,0
ROAM.US,60,20241114,160000,23.72,23.72,23.72,23.72,100,0
ROAM.US,60,20241114,180000,23.7602,23.7618,23.75,23.75,1647,0
ROAM.US,60,20241114,190000,23.69,23.69,23.67,23.67,200,0
ROAM.US,60,20241114,200000,23.69,23.7408,23.67,23.67,580,0
ROAM.US,60,20241114,210000,23.7,23.7,23.7,23.7,400,0
ROAM.US,60,20241114,220000,23.65,23.65,23.65,23.65,100,0
ROAM.US,60,20241115,160000,23.71,23.71,23.68,23.68,235,0
ROAM.US,60,20241115,180000,23.65,23.66,23.6316,23.6316,1421,0
ROAM.US,60,20241115,190000,23.62,23.65,23.58,23.59,7103,0
ROAM.US,60,20241115,200000,23.58,23.5971,23.55,23.5501,6769,0
ROAM.US,60,20241115,210000,23.55,23.57,23.48,23.55,18192,0
ROAM.US,60,20241115,220000,23.5661,23.5703,23.54,23.54,5567,0
ROAM.US,60,20241118,160000,23.77,23.7757,23.735,23.75,2887,0
ROAM.US,60,20241118,170000,23.73,23.81,23.7054,23.7536,8436,0
ROAM.US,60,20241118,190000,23.78,23.82,23.78,23.8052,2733,0
ROAM.US,60,20241118,200000,23.79,23.808,23.78,23.808,3176,0
ROAM.US,60,20241118,210000,23.7999,23.8394,23.76,23.82,43070,0
ROAM.US,60,20241118,220000,23.77,23.8001,23.76,23.7601,4611,0
ROAM.US,60,20241119,160000,23.26,23.785,23.26,23.67,20045,0
ROAM.US,60,20241119,170000,23.72,23.72,23.72,23.72,1900,0
ROAM.US,60,20241119,180000,23.75,23.75,23.75,23.75,100,0
ROAM.US,60,20241119,200000,23.74,23.74,23.74,23.74,3495,0
ROAM.US,60,20241120,170000,23.67,23.72,23.67,23.72,815,0
ROAM.US,60,20241120,180000,23.68,23.68,23.68,23.68,100,0
ROAM.US,60,20241120,190000,23.743531,23.743531,23.743531,23.743531,256,0
ROAM.US,60,20241120,200000,23.725,23.753,23.725,23.753,600,0
ROAM.US,60,20241121,170000,23.8067,23.8067,23.8067,23.8067,955,0
ROAM.US,60,20241121,180000,23.82,23.83,23.74,23.74,5062,0
ROAM.US,60,20241121,200000,23.84,23.84,23.84,23.84,335,0
ROAM.US,60,20241121,220000,23.86,23.86,23.79,23.82,4492,0
ROAM.US,60,20241122,180000,23.76,23.76,23.76,23.76,100,0
ROAM.US,60,20241122,190000,23.8,23.8084,23.8,23.8084,1673,0
ROAM.US,60,20241125,160000,23.95,23.95,23.95,23.95,100,0
ROAM.US,60,20241125,170000,23.9499,23.9499,23.9499,23.9499,186,0
ROAM.US,60,20241125,180000,23.9001,23.9001,23.9001,23.9001,149,0
ROAM.US,60,20241125,190000,23.8979,23.8979,23.8979,23.8979,706,0
ROAM.US,60,20241125,200000,23.9,23.9,23.9,23.9,100,0
ROAM.US,60,20241125,210000,23.93,23.93,23.93,23.93,742,0
ROAM.US,60,20241126,180000,23.86,23.86,23.8599,23.8599,718,0
ROAM.US,60,20241126,190000,23.82,23.82,23.82,23.82,3543,0
ROAM.US,60,20241126,210000,23.85,23.85,23.82,23.8371,2211,0
ROAM.US,60,20241127,170000,23.87,23.87,23.8699,23.8699,240,0
ROAM.US,60,20241127,210000,23.8381,23.8381,23.8381,23.8381,106,0
ROAM.US,60,20241127,220000,23.824874,23.824874,23.82207,23.82207,327,0
ROAM.US,60,20241129,170000,23.74,23.75,23.7288,23.7288,2747,0
ROAM.US,60,20241129,190000,23.8255,23.84,23.8255,23.84,520,0
ROAM.US,60,20241202,170000,23.75,23.75,23.75,23.75,100,0
ROAM.US,60,20241202,190000,23.7718,23.8591,23.7718,23.8591,491,0
ROAM.US,60,20241203,170000,23.71,23.71,23.71,23.71,100,0
ROAM.US,60,20241203,180000,23.86,23.92,23.86,23.865,21388,0
ROAM.US,60,20241203,190000,23.9013,23.9888,23.87,23.8701,1696,0
ROAM.US,60,20241203,210000,23.9503,23.9699,23.8903,23.965,1856,0
ROAM.US,60,20241203,220000,23.931,23.96,23.9,23.937487,2021,0
ROAM.US,60,20241204,170000,23.99,24.0015,23.99,24.0015,673,0
ROAM.US,60,20241204,210000,24.05,24.0574,24.02,24.0475,1810,0
ROAM.US,60,20241204,220000,24.0202,24.0675,24.01,24.06,4047,0
ROAM.US,60,20241205,170000,24.09,24.101444,24.07,24.101444,1960,0
ROAM.US,60,20241205,180000,24.09,24.12,24.08,24.1015,4018,0
ROAM.US,60,20241206,170000,24.23,24.23,24.18,24.18,1040,0
ROAM.US,60,20241206,180000,24.17,24.187822,24.1,24.118778,3716,0
ROAM.US,60,20241206,190000,24.1415,24.172645,24.1301,24.1301,1640,0
ROAM.US,60,20241206,200000,24.1513,24.18,24.1202,24.1301,1875,0
ROAM.US,60,20241206,210000,24.16,24.16,24.1201,24.15,15809,0
ROAM.US,60,20241209,170000,24.62,24.62,24.62,24.62,182,0
ROAM.US,60,20241209,180000,24.61,24.61,24.58,24.581,1393,0
ROAM.US,60,20241209,190000,24.6655,24.6655,24.635,24.635,1898,0
ROAM.US,60,20241209,200000,24.65,24.65,24.65,24.65,200,0
ROAM.US,60,20241209,210000,24.65,24.65,24.5706,24.5917,1284,0
ROAM.US,60,20241210,220000,24.26,24.28,24.24,24.28,3687,0
ROAM.US,60,20241211,190000,24.2987,24.2987,24.2987,24.2987,206,0
ROAM.US,60,20241211,210000,24.31,24.31,24.3099,24.3099,214,0
ROAM.US,60,20241212,170000,24.1646,24.1646,24.1646,24.1646,676,0
ROAM.US,60,20241212,190000,24.15,24.15,24.15,24.15,510,0
ROAM.US,60,20241212,220000,24.1196,24.1196,24.1196,24.1196,281,0
ROAM.US,60,20241213,170000,24.131,24.131,24.131,24.131,102,0
ROAM.US,60,20241213,220000,24.1329,24.1329,24.125,24.125,392,0
ROAM.US,60,20241216,170000,24.0053,24.0053,24.0053,24.0053,833,0
ROAM.US,60,20241216,180000,24.0284,24.0284,24.0284,24.0284,131,0
ROAM.US,60,20241216,210000,24.03,24.03,24.03,24.03,377,0
ROAM.US,60,20241216,220000,23.9993,24.01,23.94,23.94,978,0
ROAM.US,60,20241217,170000,23.78,23.78,23.76,23.76,482,0
ROAM.US,60,20241217,180000,23.79,23.835,23.79,23.835,379,0
ROAM.US,60,20241217,190000,23.87,23.87,23.87,23.87,200,0
ROAM.US,60,20241217,210000,23.85,23.85,23.8435,23.8435,916,0
ROAM.US,60,20241217,220000,23.8,23.8,23.8,23.8,100,0
ROAM.US,60,20241218,170000,23.9,23.9,23.9,23.9,100,0
ROAM.US,60,20241218,190000,23.91,23.94,23.91,23.9239,3084,0
ROAM.US,60,20241218,200000,23.9196,23.92,23.89,23.92,527,0
ROAM.US,60,20241218,210000,23.71,23.71,23.7099,23.7099,440,0
ROAM.US,60,20241218,220000,23.6032,23.6032,23.58,23.58,1500,0
ROAM.US,60,20241219,170000,23.6645,23.6645,23.6645,23.6645,106,0
ROAM.US,60,20241219,190000,23.605,23.605,23.58,23.605,3010,0
ROAM.US,60,20241219,200000,23.59,23.623245,23.59,23.623245,412,0
ROAM.US,60,20241220,190000,23.69,23.69,23.69,23.69,300,0
ROAM.US,60,20241220,210000,23.69,23.69,23.69,23.69,100,0
ROAM.US,60,20241223,160000,22.9403,22.96,22.9403,22.96,830,0
ROAM.US,60,20241223,170000,22.8899,22.8899,22.8899,22.8899,192,0
ROAM.US,60,20241223,210000,22.9375,22.95,22.9375,22.95,2216,0
ROAM.US,60,20241224,170000,23.1,23.1,23.1,23.1,100,0
ROAM.US,60,20241224,180000,23.11,23.11,23.11,23.11,100,0
ROAM.US,60,20241224,190000,23.0713,23.0713,23.0713,23.0713,113,0
ROAM.US,60,20241226,160000,23.085,23.15,23.085,23.15,687,0
ROAM.US,60,20241226,170000,23.16,23.16,23.14,23.14,1562,0
ROAM.US,60,20241226,180000,23.1499,23.1499,23.1499,23.1499,132,0
ROAM.US,60,20241227,160000,23.06,23.06,23.06,23.06,100,0
ROAM.US,60,20241227,170000,23.06,23.06,23.06,23.06,435,0
ROAM.US,60,20241227,200000,22.9909,22.9909,22.9909,22.9909,642,0
ROAM.US,60,20241230,170000,22.8599,22.8599,22.85,22.85,208,0
ROAM.US,60,20241230,180000,22.83,22.83,22.83,22.83,100,0
ROAM.US,60,20241230,190000,22.831,22.875,22.83,22.875,536,0
ROAM.US,60,20241230,200000,22.8995,22.9,22.8995,22.8999,1112,0
ROAM.US,60,20241230,210000,22.9,22.9,22.9,22.9,100,0
ROAM.US,60,20241230,220000,22.8516,22.8516,22.8516,22.8516,265,0
ROAM.US,60,20241231,170000,22.89,22.89,22.875,22.875,341,0
ROAM.US,60,20241231,190000,22.785858,22.785858,22.785858,22.785858,684,0
ROAM.US,60,20241231,220000,22.791,22.8001,22.791,22.8001,1500,0
ROAM.US,60,20250102,170000,22.97,22.97,22.9699,22.9699,334,0
ROAM.US,60,20250102,180000,22.89,22.8901,22.89,22.8901,240,0
ROAM.US,60,20250102,190000,22.895,22.904,22.82,22.82,1387,0
ROAM.US,60,20250102,220000,22.83,22.88,22.83,22.88,1255,0
ROAM.US,60,20250103,180000,22.88,22.88,22.871,22.871,400,0
ROAM.US,60,20250103,190000,22.9478,22.9478,22.9478,22.9478,511,0
ROAM.US,60,20250103,200000,22.93,22.93,22.93,22.93,1910,0
ROAM.US,60,20250103,220000,22.9496,22.9496,22.9496,22.9496,424,0
ROAM.US,60,20250106,190000,23.08,23.08,23.08,23.08,1100,0
ROAM.US,60,20250107,200000,22.95,23.01,22.91,23.01,6505,0
ROAM.US,60,20250107,210000,22.91,22.95,22.91,22.95,727,0
ROAM.US,60,20250107,220000,22.8985,22.8985,22.885,22.885,327,0
ROAM.US,60,20250108,170000,22.83,22.83,22.83,22.83,491,0
ROAM.US,60,20250108,200000,22.8283,22.8283,22.8283,22.8283,118,0
ROAM.US,60,20250110,160000,22.57,22.57,22.5699,22.5699,206,0
ROAM.US,60,20250110,170000,22.5137,22.5137,22.5137,22.5137,394,0
ROAM.US,60,20250110,180000,22.485,22.5102,22.485,22.5102,209,0
ROAM.US,60,20250110,190000,22.48,22.52,22.48,22.5199,1065,0
ROAM.US,60,20250110,200000,22.495,22.52,22.495,22.52,523,0
ROAM.US,60,20250113,170000,22.3135,22.39,22.3135,22.39,221,0
ROAM.US,60,20250113,200000,22.35,22.35,22.33,22.3402,3277,0
ROAM.US,60,20250113,210000,22.35,22.43,22.3467,22.35,6320,0
ROAM.US,60,20250113,220000,22.4291,22.4291,22.4291,22.4291,1646,0
ROAM.US,60,20250114,170000,22.5604,22.5604,22.5604,22.5604,113,0
ROAM.US,60,20250114,180000,22.59,22.59,22.47,22.47,2344,0
ROAM.US,60,20250114,190000,22.525,22.5706,22.525,22.5706,364,0
ROAM.US,60,20250114,210000,22.5799,22.5799,22.5799,22.5799,100,0
ROAM.US,60,20250115,170000,22.8,22.8178,22.8,22.8178,655,0
ROAM.US,60,20250115,190000,22.755,22.755,22.755,22.755,130,0
ROAM.US,60,20250115,200000,22.75,22.79,22.75,22.76,579,0
ROAM.US,60,20250116,170000,22.83,22.87,22.7976,22.7976,1450,0
ROAM.US,60,20250116,190000,22.8223,22.8223,22.8223,22.8223,335,0
ROAM.US,60,20250116,200000,22.82,22.82,22.82,22.82,105,0
ROAM.US,60,20250116,220000,22.77,22.77,22.77,22.77,260,0
ROAM.US,60,20250117,170000,23.015,23.04,23.015,23.04,1394,0
ROAM.US,60,20250117,190000,22.9824,22.9824,22.9824,22.9824,145,0
ROAM.US,60,20250117,200000,22.96,22.96,22.96,22.96,840,0
ROAM.US,60,20250122,170000,23.267884,23.267884,23.267884,23.267884,906,0
ROAM.US,60,20250122,210000,23.3099,23.3099,23.3099,23.3099,286,0
ROAM.US,60,20250122,220000,23.16,23.1601,23.16,23.1601,322,0
ROAM.US,60,20250123,170000,23.195,23.195,23.195,23.195,144,0
ROAM.US,60,20250123,190000,23.26,23.26,23.1909,23.1909,449,0
ROAM.US,60,20250123,200000,23.275,23.275,23.25,23.25,2300,0
ROAM.US,60,20250123,210000,23.18,23.2019,23.18,23.2019,1166,0
ROAM.US,60,20250123,220000,23.1962,23.1962,23.1962,23.1962,107,0
ROAM.US,60,20250124,170000,23.34,23.34,23.34,23.34,338,0
ROAM.US,60,20250124,180000,23.35,23.44,23.35,23.42,3949,0
ROAM.US,60,20250124,190000,23.4,23.4,23.4,23.4,190,0
ROAM.US,60,20250124,200000,23.4,23.4,23.38,23.38,1000,0
ROAM.US,60,20250124,210000,23.375,23.375,23.375,23.375,500,0
ROAM.US,60,20250124,220000,23.375,23.375,23.375,23.375,1500,0
ROAM.US,60,20250127,170000,23.0155,23.0155,23.0155,23.0155,250,0
ROAM.US,60,20250127,180000,23.0009,23.0009,23.0009,23.0009,289,0
ROAM.US,60,20250127,190000,22.97,22.97,22.97,22.97,282,0
ROAM.US,60,20250127,220000,23.0055,23.0055,23.0055,23.0055,105,0
ROAM.US,60,20250128,160000,22.9499,22.9499,22.9499,22.9499,125,0
ROAM.US,60,20250128,180000,22.93,22.9301,22.87,22.8701,1848,0
ROAM.US,60,20250128,190000,22.9165,22.9165,22.9165,22.9165,392,0
ROAM.US,60,20250128,200000,22.9502,22.9502,22.9502,22.9502,302,0
ROAM.US,60,20250128,210000,22.93,22.9302,22.93,22.9302,938,0
ROAM.US,60,20250129,170000,23.09,23.09,23.09,23.09,100,0
ROAM.US,60,20250129,180000,23.14,23.14,23.14,23.14,286,0
ROAM.US,60,20250129,200000,23.0894,23.1,23.065,23.0999,11016,0
ROAM.US,60,20250129,210000,23.0799,23.0799,23.0799,23.0799,627,0
ROAM.US,60,20250129,220000,23.07,23.07,23.07,23.07,194,0
ROAM.US,60,20250130,170000,23.24,23.32,23.2399,23.32,1886,0
ROAM.US,60,20250130,190000,23.26,23.2601,23.26,23.2601,360,0
ROAM.US,60,20250130,200000,23.3112,23.39,23.3112,23.39,313,0
ROAM.US,60,20250130,210000,23.362,23.362,23.362,23.362,525,0
ROAM.US,60,20250130,220000,23.3676,23.3676,23.3676,23.3676,309,0
ROAM.US,60,20250131,190000,23.34,23.34,23.34,23.34,100,0
ROAM.US,60,20250203,160000,22.82,22.82,22.82,22.82,100,0
ROAM.US,60,20250203,170000,22.8499,22.8499,22.8499,22.8499,139,0
ROAM.US,60,20250203,180000,23,23,23,23,100,0
ROAM.US,60,20250203,210000,22.993,22.993,22.993,22.993,349,0
ROAM.US,60,20250204,170000,23.25,23.25,23.25,23.25,900,0
ROAM.US,60,20250204,180000,23.28,23.38,23.28,23.375,2991,0
ROAM.US,60,20250204,190000,23.36,23.36,23.23,23.27,1244,0
ROAM.US,60,20250204,200000,23.26,23.29,23.26,23.27,1466,0
ROAM.US,60,20250204,210000,23.32,23.34,23.3,23.34,800,0
ROAM.US,60,20250204,220000,23.285,23.49,23.285,23.36,1623,0
ROAM.US,60,20250205,180000,23.3605,23.3605,23.3605,23.3605,155,0
ROAM.US,60,20250205,200000,23.2708,23.290398,23.27,23.27,774,0
ROAM.US,60,20250205,210000,23.3213,23.3213,23.2708,23.2708,797,0
ROAM.US,60,20250205,220000,23.29,23.29,23.29,23.29,1269,0
ROAM.US,60,20250206,160000,23.22,23.22,23.22,23.22,200,0
ROAM.US,60,20250206,180000,23.3099,23.3099,23.2505,23.2505,226,0
ROAM.US,60,20250206,190000,23.3084,23.309,23.28,23.28,1781,0
ROAM.US,60,20250206,200000,23.3,23.3,23.3,23.3,100,0
ROAM.US,60,20250206,210000,23.2594,23.2594,23.2,23.21,3744,0
ROAM.US,60,20250206,220000,23.22,23.23,23.22,23.23,472,0
ROAM.US,60,20250207,200000,23.2344,23.24,23.21,23.21,63383,0
ROAM.US,60,20250207,210000,23.22,23.22,23.22,23.22,527,0
ROAM.US,60,20250210,170000,23.3,23.33,23.3,23.33,200,0
ROAM.US,60,20250211,160000,23.29,23.29,23.29,23.29,100,0
ROAM.US,60,20250211,170000,23.325,23.33,23.325,23.33,286,0
ROAM.US,60,20250211,180000,23.33,23.33,23.33,23.33,100,0
ROAM.US,60,20250211,210000,23.325,23.3687,23.325,23.3687,2210,0
ROAM.US,60,20250211,220000,23.31,23.31,23.31,23.31,100,0
ROAM.US,60,20250212,170000,23.29,23.29,23.29,23.29,100,0
ROAM.US,60,20250212,180000,23.3305,23.3305,23.3305,23.3305,282,0
ROAM.US,60,20250212,190000,23.38,23.47,23.38,23.445,2831,0
ROAM.US,60,20250212,200000,23.447361,23.447361,23.447361,23.447361,250,0
ROAM.US,60,20250213,160000,23.375,23.375,23.375,23.375,139,0
ROAM.US,60,20250213,170000,23.4,23.44,23.4,23.44,234,0
ROAM.US,60,20250213,190000,23.5012,23.5012,23.495,23.495,856,0
ROAM.US,60,20250213,200000,23.4727,23.4899,23.45,23.45,710,0
ROAM.US,60,20250213,210000,23.49,23.58,23.4891,23.5687,2390,0
ROAM.US,60,20250214,220000,23.59,23.646078,23.55,23.646078,2448,0
ROAM.US,60,20250218,170000,23.8,23.8015,23.8,23.8,1002,0
ROAM.US,60,20250218,200000,23.82,23.82,23.82,23.82,204,0
ROAM.US,60,20250218,210000,23.815,23.8312,23.8,23.8312,1196,0
ROAM.US,60,20250218,220000,23.85,23.8595,23.8,23.8423,8650,0
ROAM.US,60,20250219,170000,23.8758,23.92,23.8758,23.9107,1076,0
ROAM.US,60,20250219,180000,23.88,23.94,23.82,23.82,973,0
ROAM.US,60,20250219,190000,23.9,23.9,23.840785,23.840785,375,0
ROAM.US,60,20250220,180000,23.93,23.93,23.93,23.93,200,0
ROAM.US,60,20250220,220000,23.945,24,23.945,24,1371,0
ROAM.US,60,20250221,170000,24.05,24.05,24.05,24.05,100,0
ROAM.US,60,20250221,200000,23.93,23.93,23.9299,23.9299,200,0
ROAM.US,60,20250221,220000,23.855,23.855,23.855,23.855,254,0
ROAM.US,60,20250224,190000,23.83,23.903,23.83,23.903,576,0
ROAM.US,60,20250224,200000,23.88,23.88,23.88,23.88,670,0
ROAM.US,60,20250224,210000,23.83,23.89,23.8,23.89,36052,0
ROAM.US,60,20250224,220000,23.78,23.7992,23.77,23.7992,1118,0
ROAM.US,60,20250225,190000,23.685,23.685,23.685,23.685,426,0
ROAM.US,60,20250225,210000,23.69,23.69,23.69,23.69,151,0
ROAM.US,60,20250226,170000,23.88,23.95,23.88,23.9482,724,0
ROAM.US,60,20250226,220000,23.825,23.825,23.7906,23.7906,337,0
ROAM.US,60,20250227,160000,23.6449,23.6449,23.61,23.61,490,0
ROAM.US,60,20250227,170000,23.62,23.64,23.62,23.64,232,0
ROAM.US,60,20250227,180000,23.625,23.625,23.625,23.625,200,0
ROAM.US,60,20250227,190000,23.64,23.64,23.6399,23.6399,200,0
ROAM.US,60,20250227,210000,23.64,23.645,23.64,23.64,400,0
ROAM.US,60,20250227,220000,23.64,23.64,23.505,23.505,542,0
ROAM.US,60,20250228,160000,23.1608,23.1608,23.1608,23.1608,300,0
ROAM.US,60,20250228,180000,23.12,23.191,23.12,23.191,939,0
ROAM.US,60,20250228,190000,23.155,23.155,23.1001,23.1001,1142,0
ROAM.US,60,20250228,200000,23.119,23.119,23.1106,23.1106,313,0
ROAM.US,60,20250228,210000,23.179,23.179,23.179,23.179,100,0
ROAM.US,60,20250228,220000,23.135,23.135,23.135,23.135,117,0
ROAM.US,60,20250303,170000,23.35,23.42,23.35,23.42,200,0
ROAM.US,60,20250303,190000,23.39,23.39,23.39,23.39,2137,0
ROAM.US,60,20250303,200000,23.35,23.35,23.35,23.35,100,0
ROAM.US,60,20250303,220000,23.18,23.18,23.18,23.18,300,0
ROAM.US,60,20250304,170000,23.14,23.14,23.14,23.14,128,0
ROAM.US,60,20250304,180000,23.06,23.15,23.06,23.1,1748,0
ROAM.US,60,20250304,190000,23.14,23.17,23.14,23.17,309,0
ROAM.US,60,20250305,170000,23.6549,23.6549,23.6549,23.6549,131,0
ROAM.US,60,20250305,190000,23.6606,23.67,23.6606,23.6618,1989,0
ROAM.US,60,20250305,210000,23.69,23.69,23.69,23.69,100,0
ROAM.US,60,20250306,160000,23.78,23.78,23.78,23.78,1800,0
ROAM.US,60,20250307,170000,23.86,23.86,23.79,23.79,1889,0
ROAM.US,60,20250307,180000,23.72,23.72,23.72,23.72,209,0
ROAM.US,60,20250307,190000,23.69,23.71,23.6691,23.6785,903,0
ROAM.US,60,20250307,200000,23.73,23.73,23.73,23.73,100,0
ROAM.US,60,20250310,160000,23.51,23.51,23.51,23.51,100,0
ROAM.US,60,20250310,170000,23.445,23.445,23.445,23.445,329,0
ROAM.US,60,20250310,210000,23.33,23.38,23.33,23.38,457,0
ROAM.US,60,20250311,160000,23.51,23.51,23.51,23.51,100,0
ROAM.US,60,20250311,180000,23.46,23.46,23.46,23.46,100,0
ROAM.US,60,20250312,150000,23.56,23.56,23.54,23.54,245,0
ROAM.US,60,20250312,170000,23.51,23.51,23.5,23.5,265,0
ROAM.US,60,20250312,180000,23.57,23.63,23.57,23.63,4335,0
ROAM.US,60,20250312,200000,23.575,23.59,23.5703,23.59,1369,0
ROAM.US,60,20250312,210000,23.615,23.615,23.58,23.58,253,0
ROAM.US,60,20250313,160000,23.6,23.6,23.6,23.6,100,0
ROAM.US,60,20250313,170000,23.6177,23.6177,23.6177,23.6177,154,0
ROAM.US,60,20250313,190000,23.59,23.59,23.59,23.59,100,0
ROAM.US,60,20250314,160000,23.7215,23.87,23.7215,23.87,473,0
ROAM.US,60,20250314,200000,23.7815,23.93,23.7815,23.93,21140,0
ROAM.US,60,20250314,210000,23.9,23.9,23.9,23.9,175,0
ROAM.US,60,20250317,160000,24.18,24.18,24.18,24.18,456,0
ROAM.US,60,20250317,170000,24.1502,24.1983,24.1502,24.1983,1018,0
ROAM.US,60,20250317,180000,24.155,24.155,24.155,24.155,179,0
ROAM.US,60,20250317,190000,24.16,24.2,24.15,24.2,1498,0
ROAM.US,60,20250317,200000,24.211,24.211,24.211,24.211,167,0
ROAM.US,60,20250318,180000,24.26,24.26,24.21,24.225,760,0
ROAM.US,60,20250318,190000,24.2149,24.2149,24.21,24.21,434,0
ROAM.US,60,20250318,210000,24.24,24.24,24.24,24.24,100,0
ROAM.US,60,20250319,160000,24.14,24.156,24.14,24.156,507,0
ROAM.US,60,20250319,180000,24.155452,24.155452,24.155452,24.155452,439,0
ROAM.US,60,20250319,200000,24.2483,24.2483,24.2483,24.2483,2000,0
ROAM.US,60,20250320,160000,24.07,24.07,24.07,24.07,100,0
ROAM.US,60,20250320,180000,24.0711,24.0711,24.03,24.03,845,0
ROAM.US,60,20250320,200000,24.04,24.04,24.04,24.04,4216,0
ROAM.US,60,20250321,160000,23.98,23.98,23.98,23.98,100,0
ROAM.US,60,20250321,190000,24.02,24.02,23.94,23.94,1420,0
ROAM.US,60,20250321,200000,23.98,23.98,23.98,23.98,100,0
ROAM.US,60,20250321,210000,23.96,23.96,23.96,23.96,100,0
ROAM.US,60,20250324,160000,24.05,24.05,24.05,24.05,100,0
ROAM.US,60,20250324,180000,24.0414,24.0414,24.0414,24.0414,136,0
ROAM.US,60,20250324,200000,23.9992,23.9992,23.9992,23.9992,967,0
ROAM.US,60,20250325,160000,24.07,24.08,24.07,24.08,306,0
ROAM.US,60,20250325,170000,24.08,24.08,24.08,24.08,100,0
ROAM.US,60,20250326,180000,24.07,24.07,23.9673,23.9673,350,0
ROAM.US,60,20250326,210000,23.9,23.9,23.9,23.9,335,0
ROAM.US,60,20250327,160000,23.97,23.97,23.94,23.959,1050,0
ROAM.US,60,20250327,200000,23.945,23.945,23.945,23.945,100,0
ROAM.US,60,20250328,160000,23.6685,23.7,23.6685,23.7,242,0
ROAM.US,60,20250328,170000,23.6595,23.6595,23.6595,23.6595,122,0
ROAM.US,60,20250328,200000,23.59,23.59,23.59,23.59,140,0
ROAM.US,60,20250331,180000,23.4599,23.4599,23.4599,23.4599,104,0
ROAM.US,60,20250331,210000,23.46,23.5199,23.46,23.5199,597,0
ROAM.US,60,20250331,220000,23.55,23.55,23.55,23.55,100,0
ROAM.US,60,20250401,170000,23.48,23.4801,23.48,23.4801,437,0
ROAM.US,60,20250401,220000,23.61,23.61,23.4712,23.4712,237,0
ROAM.US,60,20250402,180000,23.63,23.66,23.63,23.66,2404,0
ROAM.US,60,20250402,190000,23.58,23.65,23.58,23.65,842,0
ROAM.US,60,20250402,200000,23.69,23.69,23.69,23.69,100,0
ROAM.US,60,20250402,210000,23.58,23.5801,23.58,23.5801,268,0
ROAM.US,60,20250403,170000,23.34,23.34,23.34,23.34,100,0
ROAM.US,60,20250403,190000,23.37,23.37,23.37,23.37,100,0
ROAM.US,60,20250403,200000,23.35,23.35,23.35,23.35,357,0
ROAM.US,60,20250403,220000,23.265,23.265,23.1713,23.1713,1367,0
ROAM.US,60,20250404,180000,22.14,22.18,22.14,22.18,200,0
ROAM.US,60,20250404,190000,22.1,22.1,22.05,22.05,1234,0
ROAM.US,60,20250404,200000,22.07,22.07,22.07,22.07,100,0
ROAM.US,60,20250404,220000,22.079,22.079,21.99,21.99,215,0
ROAM.US,60,20250407,160000,21.31,21.31,21.31,21.31,100,0
ROAM.US,60,20250407,190000,21.32,21.32,21.27,21.27,4235,0
ROAM.US,60,20250407,200000,21.466181,21.466181,21.466181,21.466181,336,0
ROAM.US,60,20250407,210000,21.35,21.35,21.29,21.29,4294,0
ROAM.US,60,20250408,200000,21.135,21.135,21.135,21.135,863,0
ROAM.US,60,20250408,210000,20.98,20.98,20.98,20.98,2724,0
ROAM.US,60,20250408,220000,20.7809,20.7809,20.7542,20.7542,582,0
ROAM.US,60,20250409,160000,21.013,21.013,21.013,21.013,280,0
ROAM.US,60,20250409,180000,20.86,20.9432,20.84,20.86,3091,0
ROAM.US,60,20250409,190000,20.9972,21.0554,20.98,20.98,838,0
ROAM.US,60,20250409,200000,21.01,21.7,21.01,21.7,2125,0
ROAM.US,60,20250409,220000,22.21,22.21,22.21,22.21,252,0
ROAM.US,60,20250410,170000,21.9011,21.9011,21.895,21.895,215,0
ROAM.US,60,20250410,190000,21.64,21.64,21.555,21.555,1331,0
ROAM.US,60,20250410,200000,21.645,21.87,21.645,21.86,2056,0
ROAM.US,60,20250410,210000,21.885,21.895,21.885,21.895,957,0
ROAM.US,60,20250410,220000,21.9064,21.9064,21.9064,21.9064,296,0
ROAM.US,60,20250411,160000,22.32,22.32,22.3,22.3,300,0
ROAM.US,60,20250411,170000,22.2211,22.2211,22.2211,22.2211,216,0
ROAM.US,60,20250411,190000,22.26,22.26,22.26,22.26,100,0
ROAM.US,60,20250411,210000,22.4244,22.4244,22.395,22.395,722,0
ROAM.US,60,20250411,220000,22.3916,22.47,22.3916,22.47,357,0
ROAM.US,60,20250414,180000,22.81,22.81,22.77,22.77,211,0
ROAM.US,60,20250415,170000,22.8761,22.8761,22.81,22.81,451,0
ROAM.US,60,20250415,180000,22.8126,22.8126,22.8126,22.8126,199,0
ROAM.US,60,20250415,190000,22.85,22.85,22.8273,22.8273,315,0
ROAM.US,60,20250415,200000,22.76,22.82,22.76,22.82,2059,0
ROAM.US,60,20250415,210000,22.81,22.99,22.765,22.98,59740,0
ROAM.US,60,20250415,220000,22.94,22.97,22.93,22.96,2100,0
ROAM.US,60,20250416,170000,22.89,22.89,22.8888,22.8888,1442,0
ROAM.US,60,20250416,180000,22.89,23.05,22.89,23.05,48285,0
ROAM.US,60,20250416,190000,22.955,22.99,22.955,22.99,841,0
ROAM.US,60,20250416,210000,22.7963,22.7963,22.7963,22.7963,133,0
ROAM.US,60,20250416,220000,22.758,22.79,22.758,22.765,48475,0
ROAM.US,60,20250417,160000,23.0293,23.0293,23.0293,23.0293,626,0
ROAM.US,60,20250417,170000,22.85,22.85,22.85,22.85,414,0
ROAM.US,60,20250417,180000,22.98,22.98,22.98,22.98,220,0
ROAM.US,60,20250417,190000,22.9407,23,22.9407,23,440,0
ROAM.US,60,20250417,210000,23.035,23.1,23.035,23.1,34654,0
ROAM.US,60,20250417,220000,23.01,23.01,23.01,23.01,100,0
ROAM.US,60,20250421,180000,22.9726,23.02,22.9726,23.0199,452,0
ROAM.US,60,20250421,190000,22.9106,22.9113,22.9106,22.9113,405,0
ROAM.US,60,20250421,200000,22.88,22.88,22.88,22.88,230,0
ROAM.US,60,20250421,210000,22.9,22.9083,22.8504,22.87,1987,0
ROAM.US,60,20250421,220000,22.88,22.9,22.88,22.9,918,0
ROAM.US,60,20250422,180000,23.2,23.2215,23.2,23.2215,253,0
ROAM.US,60,20250422,210000,23.2191,23.2191,23.2191,23.2191,1804,0
ROAM.US,60,20250422,220000,23.3,23.3,23.29,23.29,14200,0
ROAM.US,60,20250423,160000,23.56,23.56,23.56,23.56,211,0
ROAM.US,60,20250423,180000,23.47,23.47,23.47,23.47,148,0
ROAM.US,60,20250423,190000,23.4172,23.4172,23.4172,23.4172,131,0
ROAM.US,60,20250424,180000,23.605,23.605,23.605,23.605,620,0
ROAM.US,60,20250424,210000,23.6679,23.685,23.6679,23.685,911,0
ROAM.US,60,20250424,220000,23.67,23.67,23.62,23.6565,8131,0
ROAM.US,60,20250425,170000,23.42,23.43,23.42,23.43,1435,0
ROAM.US,60,20250425,180000,23.525,23.525,23.525,23.525,1493,0
ROAM.US,60,20250425,200000,23.5519,23.5519,23.5519,23.5519,127,0
ROAM.US,60,20250428,160000,23.6398,23.6398,23.6398,23.6398,214,0
ROAM.US,60,20250428,170000,23.55,23.6184,23.55,23.6184,695,0
ROAM.US,60,20250428,180000,23.6,23.6,23.49,23.49,1180,0
ROAM.US,60,20250428,190000,23.5714,23.5714,23.5714,23.5714,588,0
ROAM.US,60,20250428,220000,23.6095,23.6095,23.6095,23.6095,500,0
ROAM.US,60,20250429,180000,23.725,23.79,23.725,23.7499,1298,0
ROAM.US,60,20250429,190000,23.765,23.7673,23.745,23.745,762,0
ROAM.US,60,20250429,210000,23.7701,23.7865,23.7701,23.781,1308,0
ROAM.US,60,20250429,220000,23.7716,23.7716,23.74,23.7401,628,0
ROAM.US,60,20250430,200000,23.74,23.74,23.74,23.74,100,0
ROAM.US,60,20250430,210000,23.78,23.78,23.78,23.78,200,0
ROAM.US,60,20250430,220000,23.75,23.77,23.75,23.77,950,0
ROAM.US,60,20250501,170000,23.797,23.797,23.751,23.751,304,0
ROAM.US,60,20250501,210000,23.7708,23.7708,23.7708,23.7708,1370,0
ROAM.US,60,20250501,220000,23.8,23.8,23.8,23.8,579,0
ROAM.US,60,20250502,190000,24.25,24.25,24.25,24.25,152,0
ROAM.US,60,20250502,200000,24.2107,24.2107,24.2107,24.2107,146,0
ROAM.US,60,20250502,210000,24.25,24.25,24.236,24.236,473,0
ROAM.US,60,20250502,220000,24.21,24.21,24.21,24.21,100,0
ROAM.US,60,20250505,170000,24.46,24.47,24.46,24.4647,822,0
ROAM.US,60,20250505,190000,24.4486,24.4486,24.4486,24.4486,329,0
ROAM.US,60,20250505,200000,24.41,24.41,24.4,24.4,1706,0
ROAM.US,60,20250505,210000,24.41,24.43,24.41,24.43,302,0
ROAM.US,60,20250506,220000,24.414,24.43,24.3763,24.43,879,0
ROAM.US,60,20250507,160000,24.2,24.2,24.2,24.2,100,0
ROAM.US,60,20250507,170000,24.25,24.25,24.2415,24.2415,393,0
ROAM.US,60,20250507,180000,24.2,24.2001,24.18,24.18,938,0
ROAM.US,60,20250508,210000,24.19,24.2099,24.14,24.14,2328,0
ROAM.US,60,20250508,220000,24.13,24.13,24.1068,24.115,1087,0
ROAM.US,60,20250509,180000,24.375,24.375,24.375,24.375,4000,0
ROAM.US,60,20250512,170000,24.715,24.715,24.715,24.715,171,0
ROAM.US,60,20250512,200000,24.75,24.75,24.71,24.725,1388,0
ROAM.US,60,20250512,220000,24.79,24.81,24.755,24.755,1109,0
ROAM.US,60,20250513,180000,24.9,24.9,24.9,24.9,400,0
ROAM.US,60,20250513,190000,24.923652,24.923652,24.923652,24.923652,154,0
ROAM.US,60,20250513,210000,25,25.03,25,25.03,324,0
ROAM.US,60,20250514,170000,25.09,25.09,25.09,25.09,470,0
ROAM.US,60,20250514,200000,25.07,25.07,24.99,25.02,6332,0
ROAM.US,60,20250515,170000,25.025,25.025,25.025,25.025,180,0
ROAM.US,60,20250515,180000,25.0495,25.0495,25.0495,25.0495,174,0
ROAM.US,60,20250515,210000,25.09,25.09,25.09,25.09,1553,0
ROAM.US,60,20250515,220000,25.0044,25.0044,25,25,200,0
ROAM.US,60,20250516,170000,25.042686,25.042686,25.042686,25.042686,211,0
ROAM.US,60,20250516,200000,25.06,25.0601,25.06,25.0601,600,0
ROAM.US,60,20250519,160000,25.06,25.0637,25.06,25.0637,335,0
ROAM.US,60,20250519,170000,25.07,25.139,25.07,25.139,810,0
ROAM.US,60,20250519,190000,25.13,25.1501,25.13,25.1501,749,0
ROAM.US,60,20250519,220000,25.163,25.17,25.163,25.17,929,0
ROAM.US,60,20250520,170000,25.07,25.07,25.07,25.07,100,0
ROAM.US,60,20250520,180000,25.0517,25.0517,25.0517,25.0517,306,0
ROAM.US,60,20250520,220000,25.085,25.085,25.07,25.0842,1562,0
ROAM.US,60,20250521,190000,25.18,25.22,25.18,25.22,616,0
ROAM.US,60,20250521,200000,25.08,25.08,25.08,25.08,393,0
ROAM.US,60,20250522,180000,25.074,25.09,24.97,25.025,1775,0
ROAM.US,60,20250522,190000,25.03,25.03,25.03,25.03,373,0
ROAM.US,60,20250522,200000,25.0308,25.069,24.67,25.069,567,0
ROAM.US,60,20250522,210000,25.0479,25.0479,25.0479,25.0479,111,0
ROAM.US,60,20250523,170000,25.09,25.09,25.09,25.09,100,0
ROAM.US,60,20250523,180000,25.085,25.085,25.085,25.085,100,0
ROAM.US,60,20250523,190000,25.0405,25.09,25.0405,25.09,334,0
ROAM.US,60,20250523,200000,25.09,25.09,25.0844,25.09,719,0
ROAM.US,60,20250523,210000,25.09,25.09,25.0899,25.09,1074,0
ROAM.US,60,20250527,170000,25.16,25.1716,25.14,25.14,648,0
ROAM.US,60,20250527,180000,25.1,25.1,25.1,25.1,160,0
ROAM.US,60,20250527,190000,25.0902,25.15,25.0902,25.1001,478,0
ROAM.US,60,20250527,210000,25.133,25.133,25.133,25.133,200,0
ROAM.US,60,20250527,220000,25.1,25.17,25.1,25.17,444,0
ROAM.US,60,20250528,170000,25.141773,25.141773,25.141773,25.141773,894,0
ROAM.US,60,20250528,180000,25.15,25.15,25.105,25.105,219,0
ROAM.US,60,20250529,160000,25.2438,25.2438,25.2438,25.2438,293,0
ROAM.US,60,20250529,170000,25.19,25.19,25.19,25.19,100,0
ROAM.US,60,20250529,180000,25.2073,25.2073,25.2073,25.2073,243,0
ROAM.US,60,20250529,190000,25.18,25.18,25.18,25.18,100,0
ROAM.US,60,20250529,200000,25.215,25.2268,25.215,25.2268,568,0
ROAM.US,60,20250530,170000,24.995,24.995,24.995,24.995,189,0
ROAM.US,60,20250530,180000,24.9618,24.9618,24.9618,24.9618,117,0
ROAM.US,60,20250530,190000,24.99,24.99,24.9,24.9,200,0
ROAM.US,60,20250530,200000,24.9395,24.9395,24.9,24.9,500,0
ROAM.US,60,20250530,220000,24.975,24.975,24.975,24.975,200,0
ROAM.US,60,20250602,170000,25.03,25.03,25.03,25.03,100,0
ROAM.US,60,20250602,180000,25.022024,25.04,25.022024,25.0394,1353,0
ROAM.US,60,20250602,220000,25.09,25.09,25.09,25.09,121,0
ROAM.US,60,20250603,170000,25.04,25.16,25.04,25.16,675,0
ROAM.US,60,20250603,180000,25.1232,25.1345,25.1232,25.1345,355,0
ROAM.US,60,20250603,210000,25.17,25.17,25.11,25.1102,500,0
ROAM.US,60,20250604,180000,25.3776,25.3776,25.3776,25.3776,433,0
ROAM.US,60,20250604,190000,25.3665,25.3665,25.351,25.351,582,0
ROAM.US,60,20250604,200000,25.39,25.4266,25.39,25.415,1547,0
ROAM.US,60,20250605,170000,25.539,25.58,25.539,25.56,3129,0
ROAM.US,60,20250605,180000,25.61,25.61,25.61,25.61,800,0
ROAM.US,60,20250605,200000,25.6,25.6,25.5655,25.5655,842,0
ROAM.US,60,20250606,220000,25.48,25.65,25.48,25.58,2200,0
ROAM.US,60,20250609,160000,25.64,25.64,25.64,25.64,500,0
ROAM.US,60,20250609,180000,25.71718,25.71718,25.71,25.7109,878,0
ROAM.US,60,20250609,190000,25.715,25.715,25.715,25.715,2691,0
ROAM.US,60,20250609,200000,25.73,25.73,25.73,25.73,100,0
ROAM.US,60,20250609,210000,25.73,25.73,25.72,25.73,1509,0
ROAM.US,60,20250609,220000,25.78,25.8498,25.78,25.803,27965,0
ROAM.US,60,20250610,170000,25.99,26,25.97,25.97,14848,0
ROAM.US,60,20250610,180000,25.935,25.97,25.9285,25.9285,400,0
ROAM.US,60,20250610,190000,25.93,25.93,25.93,25.93,1696,0
ROAM.US,60,20250610,200000,25.9585,25.99,25.9571,25.9571,1474,0
ROAM.US,60,20250610,220000,26.0294,26.0391,25.977757,25.9932,1464,0
ROAM.US,60,20250611,160000,26.12,26.12,26.0835,26.0835,306,0
ROAM.US,60,20250611,170000,26.1699,26.18,26.1161,26.149,805,0
ROAM.US,60,20250611,180000,26.13,26.18,26.0901,26.14,793,0
ROAM.US,60,20250611,190000,26.15,26.19,26.15,26.19,341,0
ROAM.US,60,20250611,210000,26.122,26.122,26.122,26.122,564,0
ROAM.US,60,20250612,170000,26.18,26.18,26.16,26.16,398,0
ROAM.US,60,20250612,180000,26.12,26.12,26.12,26.12,204,0
ROAM.US,60,20250612,200000,26.155,26.22,26.155,26.22,202,0
ROAM.US,60,20250612,210000,26.14,26.14,26.14,26.14,158,0
ROAM.US,60,20250612,220000,26.19,26.19,26.19,26.19,100,0
ROAM.US,60,20250613,170000,25.9028,25.9028,25.9,25.9,343,0
ROAM.US,60,20250613,190000,25.9815,25.9815,25.9815,25.9815,100,0
ROAM.US,60,20250613,210000,25.95,25.95,25.95,25.95,100,0
ROAM.US,60,20250616,170000,26.25,26.25,26.25,26.25,100,0
ROAM.US,60,20250617,160000,26.09,26.1,26.09,26.1,800,0
ROAM.US,60,20250617,190000,26.1081,26.1081,26.1081,26.1081,100,0
ROAM.US,60,20250620,170000,25.9489,25.9489,25.855,25.855,867,0
ROAM.US,60,20250620,180000,25.7301,25.7301,25.73,25.73,300,0
ROAM.US,60,20250620,220000,25.71,25.71,25.71,25.71,200,0
ROAM.US,60,20250623,170000,25.75,25.75,25.75,25.75,120,0
ROAM.US,60,20250623,220000,25.85,25.9,25.83,25.9,954,0
ROAM.US,60,20250624,180000,26.4,26.4,26.36,26.36,312,0
ROAM.US,60,20250624,190000,26.347,26.347,26.347,26.347,127,0
ROAM.US,60,20250624,200000,26.3545,26.3545,26.3545,26.3545,114,0
ROAM.US,60,20250624,220000,26.35,26.42,26.35,26.42,2439,0
ROAM.US,60,20250625,170000,25.83,25.83,25.83,25.83,100,0
ROAM.US,60,20250625,180000,25.82,25.936,25.82,25.936,700,0
ROAM.US,60,20250625,190000,26.11,26.11,26.11,26.11,294,0
ROAM.US,60,20250625,220000,26.13,26.14,26.0336,26.057041,736,0
ROAM.US,60,20250626,160000,26.105,26.105,26.105,26.105,100,0
ROAM.US,60,20250626,170000,26.15,26.16,26.133349,26.16,778,0
ROAM.US,60,20250626,190000,26.2193,26.22,26.2193,26.22,289,0
ROAM.US,60,20250626,200000,26.1859,26.1859,26.1859,26.1859,204,0
ROAM.US,60,20250626,210000,26.1615,26.1615,26.1615,26.1615,104,0
ROAM.US,60,20250626,220000,26.1906,26.21,26.14,26.1814,5360,0
ROAM.US,60,20250627,160000,26.095,26.1599,26.095,26.119,862,0
ROAM.US,60,20250627,170000,26.1402,26.1402,26.1402,26.1402,456,0
ROAM.US,60,20250627,200000,26.15,26.15,26.14,26.14,200,0
ROAM.US,60,20250627,220000,26.12,26.12,26.12,26.12,292,0
ROAM.US,60,20250630,170000,26.21,26.21,26.21,26.21,100,0
ROAM.US,60,20250630,190000,26.2422,26.2693,26.2376,26.2693,1050,0
ROAM.US,60,20250630,210000,26.25,26.25,26.25,26.25,150,0
ROAM.US,60,20250630,220000,26.3,26.33,26.3,26.32,2200,0
ROAM.US,60,20250701,210000,26.338225,26.338225,26.338225,26.338225,123,0
ROAM.US,60,20250701,220000,26.3337,26.3337,26.3337,26.3337,205,0
ROAM.US,60,20250702,160000,26.37,26.37,26.37,26.37,100,0
ROAM.US,60,20250702,210000,26.49,26.49,26.43,26.43,1101,0
ROAM.US,60,20250703,170000,26.6355,26.6355,26.6355,26.6355,255,0
ROAM.US,60,20250703,190000,26.6085,26.6085,26.6085,26.6085,229,0
ROAM.US,60,20250707,170000,26.32,26.33,26.3,26.33,2667,0
ROAM.US,60,20250707,180000,26.29,26.29,26.29,26.29,100,0
ROAM.US,60,20250707,210000,26.21,26.215,26.165,26.165,1276,0
ROAM.US,60,20250707,220000,26.1722,26.1722,26.1722,26.1722,1117,0
ROAM.US,60,20250708,170000,26.2271,26.2271,26.2271,26.2271,479,0
ROAM.US,60,20250708,180000,26.222398,26.222398,26.222398,26.222398,212,0
ROAM.US,60,20250709,200000,26.28,26.28,26.23,26.25,1552,0
ROAM.US,60,20250709,210000,26.2529,26.2529,26.2529,26.2529,133,0
ROAM.US,60,20250709,220000,26.29,26.29,26.29,26.29,100,0
ROAM.US,60,20250710,180000,26.44,26.45,26.34,26.34,5741,0
ROAM.US,60,20250711,200000,26.47,26.47,26.36,26.36,3735,0
ROAM.US,60,20250711,210000,26.33,26.42,26.33,26.41,500,0
ROAM.US,60,20250714,170000,26.42,26.44,26.42,26.44,205,0
ROAM.US,60,20250714,200000,26.45,26.45,26.39,26.45,950,0
ROAM.US,60,20250714,210000,26.46,26.46,26.4599,26.4599,590,0
ROAM.US,60,20250714,220000,26.46,26.46,26.46,26.46,295,0
ROAM.US,60,20250715,160000,26.43,26.5,26.43,26.5,2366,0
ROAM.US,60,20250715,170000,26.48,26.48,26.4403,26.45,2737,0
ROAM.US,60,20250715,180000,26.45,26.45,26.4169,26.420102,1968,0
ROAM.US,60,20250715,200000,26.45,26.45,26.42,26.42,9718,0
ROAM.US,60,20250715,210000,26.44,26.44,26.44,26.44,100,0
ROAM.US,60,20250715,220000,26.3999,26.3999,26.3999,26.3999,519,0
ROAM.US,60,20250716,170000,26.27,26.27,26.27,26.27,200,0
ROAM.US,60,20250716,190000,26.355,26.355,26.33,26.33,383,0
ROAM.US,60,20250716,220000,26.4382,26.4382,26.4382,26.4382,234,0
ROAM.US,60,20250717,170000,26.3803,26.3803,26.3803,26.3803,224,0
ROAM.US,60,20250717,200000,26.46,26.46,26.46,26.46,123,0
ROAM.US,60,20250717,210000,26.4576,26.475,26.4576,26.475,942,0
ROAM.US,60,20250718,160000,26.515,26.56,26.515,26.525,862,0
ROAM.US,60,20250718,170000,26.5503,26.5503,26.5503,26.5503,133,0
ROAM.US,60,20250718,180000,26.57,26.57,26.54,26.54,121128,0
ROAM.US,60,20250718,190000,26.525,26.55,26.5,26.5,744,0
ROAM.US,60,20250721,180000,26.72,26.749,26.6862,26.6862,1976,0
ROAM.US,60,20250721,190000,26.7036,26.7036,26.7036,26.7036,370,0
ROAM.US,60,20250721,200000,26.6799,26.6799,26.67,26.67,503,0
ROAM.US,60,20250721,210000,26.62,26.62,26.62,26.62,100,0
ROAM.US,60,20250721,220000,26.6645,26.6645,26.6645,26.6645,523,0
ROAM.US,60,20250722,160000,26.54,26.55,26.5138,26.5138,2256,0
ROAM.US,60,20250722,170000,26.495,26.505,26.495,26.505,296,0
ROAM.US,60,20250722,210000,26.62,26.63,26.55,26.62,1260,0
ROAM.US,60,20250722,220000,26.63,26.63,26.6122,26.6122,1216,0
ROAM.US,60,20250723,170000,26.721,26.721,26.721,26.721,234,0
ROAM.US,60,20250723,200000,26.8,26.8193,26.8,26.8193,298,0
ROAM.US,60,20250723,220000,26.84,26.84,26.77,26.84,7398,0
ROAM.US,60,20250724,170000,26.755,26.755,26.755,26.755,100,0
ROAM.US,60,20250724,180000,26.7314,26.7314,26.7314,26.7314,123,0
ROAM.US,60,20250724,190000,26.725,26.725,26.725,26.725,267,0
ROAM.US,60,20250724,210000,26.7221,26.7221,26.7221,26.7221,557,0
ROAM.US,60,20250725,170000,26.5447,26.5447,26.5447,26.5447,120,0
ROAM.US,60,20250725,190000,26.57,26.6,26.5632,26.5632,400,0
ROAM.US,60,20250725,200000,26.5512,26.5512,26.5512,26.5512,356,0
ROAM.US,60,20250725,210000,26.605,26.605,26.605,26.605,800,0
ROAM.US,60,20250725,220000,26.61,26.6397,26.58,26.58,350,0
ROAM.US,60,20250728,160000,26.51,26.51,26.51,26.51,200,0
ROAM.US,60,20250728,170000,26.45,26.45,26.4222,26.4222,518,0
ROAM.US,60,20250728,180000,26.44,26.44,26.44,26.44,100,0
ROAM.US,60,20250728,210000,26.374664,26.374664,26.374664,26.374664,322,0
ROAM.US,60,20250728,220000,26.365,26.43,26.365,26.43,955,0
ROAM.US,60,20250729,190000,26.5047,26.5047,26.5047,26.5047,887,0
ROAM.US,60,20250729,220000,26.4713,26.4713,26.4713,26.4713,1514,0
ROAM.US,60,20250730,170000,26.4793,26.4793,26.43,26.4302,851,0
ROAM.US,60,20250730,190000,26.455,26.455,26.455,26.455,286,0
ROAM.US,60,20250730,210000,26.4754,26.4754,26.39,26.39,479,0
ROAM.US,60,20250730,220000,26.3552,26.3552,26.3552,26.3552,100,0
ROAM.US,60,20250731,200000,26.13,26.1302,26.13,26.1302,572,0
ROAM.US,60,20250801,180000,26.1102,26.1102,26.1102,26.1102,125,0
ROAM.US,60,20250801,200000,26.0303,26.0303,26.0303,26.0303,172,0
ROAM.US,60,20250804,170000,26.39,26.39,26.3403,26.3403,441,0
ROAM.US,60,20250804,190000,26.3737,26.3737,26.3737,26.3737,117,0
ROAM.US,60,20250805,160000,26.5561,26.5561,26.5561,26.5561,133,0
ROAM.US,60,20250806,220000,26.615,26.615,26.61,26.61,475,0
ROAM.US,60,20250807,160000,26.85,26.85,26.85,26.85,3757,0
ROAM.US,60,20250807,190000,26.785,26.785,26.7744,26.7744,212,0
ROAM.US,60,20250807,220000,26.78,26.78,26.78,26.78,1863,0
ROAM.US,60,20250808,160000,26.8798,26.8798,26.8798,26.8798,2849,0
ROAM.US,60,20250808,170000,26.9099,26.9099,26.9099,26.9099,489,0
ROAM.US,60,20250808,190000,26.9186,26.9186,26.9186,26.9186,180,0
ROAM.US,60,20250808,210000,26.92,26.92,26.81,26.875,1037,0
ROAM.US,60,20250811,170000,26.77,26.77,26.77,26.77,100,0
ROAM.US,60,20250811,190000,26.8155,26.83,26.8044,26.8044,1867,0
ROAM.US,60,20250812,160000,26.96,26.96,26.925,26.925,288,0
ROAM.US,60,20250812,180000,27.0622,27.0622,27.0622,27.0622,319,0
ROAM.US,60,20250812,190000,27.1054,27.11,27.0881,27.0881,550,0
ROAM.US,60,20250812,200000,27.085,27.085,27.085,27.085,111,0
ROAM.US,60,20250812,210000,27.12,27.12,27.1199,27.1199,516,0
ROAM.US,60,20250813,180000,27.29,27.29,27.29,27.29,376,0
ROAM.US,60,20250813,220000,27.29,27.29,27.29,27.29,1685,0
ROAM.US,60,20250814,180000,27.005,27.005,26.9671,26.9671,359,0
ROAM.US,60,20250814,190000,26.945,26.945,26.945,26.945,680,0
ROAM.US,60,20250814,220000,26.9877,26.9877,26.95,26.95,466,0
ROAM.US,60,20250815,180000,27.067144,27.067144,27.067144,27.067144,304,0
ROAM.US,60,20250818,190000,27.07,27.073,27.04,27.073,809,0
ROAM.US,60,20250818,200000,27.09,27.09,27.09,27.09,195,0
ROAM.US,60,20250818,210000,27.1,27.11,27.0999,27.11,1558,0
ROAM.US,60,20250818,220000,27.13,27.13,27.1282,27.1282,462,0
ROAM.US,60,20250819,180000,27.01,27.01,27.0099,27.0099,600,0
ROAM.US,60,20250820,160000,26.89,26.89,26.89,26.89,1773,0
ROAM.US,60,20250820,170000,26.8329,26.8329,26.8329,26.8329,400,0
ROAM.US,60,20250821,180000,26.905,26.905,26.905,26.905,130,0
ROAM.US,60,20250821,220000,26.885,26.885,26.885,26.885,750,0
ROAM.US,60,20250822,170000,26.99,26.99,26.99,26.99,100,0
ROAM.US,60,20250822,180000,27.275,27.275,27.275,27.275,1000,0
ROAM.US,60,20250822,210000,27.33,27.33,27.33,27.33,200,0
ROAM.US,60,20250825,180000,27.25,27.25,27.205,27.205,735,0
ROAM.US,60,20250825,200000,27.17,27.17,27.17,27.17,100,0
ROAM.US,60,20250825,220000,27.1101,27.1101,27.1101,27.1101,100,0
ROAM.US,60,20250826,170000,27.01,27.01,27.01,27.01,100,0
ROAM.US,60,20250826,220000,27.0215,27.0215,27.0215,27.0215,296,0
ROAM.US,60,20250827,170000,26.81,26.81,26.78,26.81,400,0
ROAM.US,60,20250827,190000,26.85,26.85,26.85,26.85,100,0
ROAM.US,60,20250827,210000,26.9292,26.93,26.9292,26.9292,1032,0
ROAM.US,60,20250828,170000,27.07,27.07,27.0601,27.0601,511,0
ROAM.US,60,20250828,190000,27.105,27.105,27.105,27.105,200,0
ROAM.US,60,20250828,200000,27.1355,27.1355,27.125,27.125,401,0
ROAM.US,60,20250828,210000,27.125,27.125,27.125,27.125,285,0
ROAM.US,60,20250828,220000,27.17,27.17,27.12,27.12,736,0
ROAM.US,60,20250829,170000,26.855,26.93,26.855,26.93,848,0
ROAM.US,60,20250829,190000,26.8701,26.8701,26.87,26.87,200,0
ROAM.US,60,20250829,200000,26.8884,26.8884,26.8884,26.8884,203,0
ROAM.US,60,20250902,170000,26.8675,26.9287,26.8675,26.9287,1541,0
ROAM.US,60,20250902,200000,26.869,26.87,26.78,26.78,5288,0
ROAM.US,60,20250902,210000,26.77,26.7856,26.69,26.69,55325,0
ROAM.US,60,20250902,220000,26.74,26.76,26.72,26.76,600,0
ROAM.US,60,20250903,170000,26.8103,26.8103,26.8103,26.8103,1343,0
ROAM.US,60,20250903,210000,26.845,26.845,26.845,26.845,175,0
ROAM.US,60,20250904,180000,26.7277,26.84,26.7277,26.84,3910,0
ROAM.US,60,20250904,200000,26.84,26.84,26.8,26.8,603,0
ROAM.US,60,20250904,210000,26.84,26.84,26.84,26.84,100,0
ROAM.US,60,20250904,220000,26.88,26.89,26.8046,26.8792,1816,0
ROAM.US,60,20250905,180000,27.0227,27.0227,27.0227,27.0227,113,0
ROAM.US,60,20250905,190000,27.1,27.1,27.03,27.06,500,0
ROAM.US,60,20250905,200000,27.05,27.05,27.05,27.05,100,0
ROAM.US,60,20250905,220000,27.07,27.07,27.07,27.07,191,0
ROAM.US,60,20250908,160000,27.15,27.15,27.15,27.15,300,0
ROAM.US,60,20250908,180000,27.15,27.15,27.15,27.15,1600,0
ROAM.US,60,20250908,220000,27.13,27.14,27.125,27.125,16861,0
ROAM.US,60,20250909,160000,27.21,27.21,27.21,27.21,300,0
ROAM.US,60,20250909,170000,27.36,27.36,27.2899,27.2899,3282,0
ROAM.US,60,20250909,190000,27.2842,27.2842,27.2842,27.2842,105,0
ROAM.US,60,20250909,220000,27.2985,27.2985,27.2985,27.2985,1205,0
ROAM.US,60,20250910,210000,27.5303,27.5303,27.5303,27.5303,125,0
ROAM.US,60,20250910,220000,27.54,27.54,27.54,27.54,396,0
ROAM.US,60,20250911,160000,27.71,27.71,27.7,27.7,300,0
ROAM.US,60,20250911,170000,27.75,27.75,27.74,27.74,300,0
ROAM.US,60,20250911,180000,27.815,27.815,27.815,27.815,158,0
ROAM.US,60,20250911,210000,27.83,27.83,27.8048,27.8048,470,0
ROAM.US,60,20250912,170000,27.82,27.82,27.82,27.82,300,0
ROAM.US,60,20250912,180000,27.84,27.84,27.84,27.84,1750,0
ROAM.US,60,20250912,190000,27.7981,27.7981,27.7981,27.7981,1808,0
ROAM.US,60,20250912,200000,27.815495,27.815495,27.815495,27.815495,120,0
ROAM.US,60,20250912,220000,27.79,27.8,27.74,27.74,9246,0
ROAM.US,60,20250915,170000,27.85,27.96,27.85,27.96,400,0
ROAM.US,60,20250915,180000,27.915,27.915,27.915,27.915,100,0
ROAM.US,60,20250915,200000,27.88,27.88,27.88,27.88,3300,0
ROAM.US,60,20250915,220000,27.96,28.08,27.96,28.08,351,0
ROAM.US,60,20250916,160000,28.18,28.18,28.18,28.18,201,0
ROAM.US,60,20250916,180000,27.975,27.975,27.975,27.975,100,0
ROAM.US,60,20250916,200000,28.15,28.15,28.14,28.14,544,0
ROAM.US,60,20250916,210000,28.0395,28.0395,28.0395,28.0395,102,0
ROAM.US,60,20250917,220000,28.169,28.21,28.169,28.21,641,0
ROAM.US,60,20250919,210000,28.09,28.0901,28.085,28.085,534,0
ROAM.US,60,20250919,220000,28.17,28.17,28.17,28.17,200,0
ROAM.US,60,20250922,180000,28.08,28.08,28.01,28.065,1356,0
ROAM.US,60,20250922,220000,28.16,28.16,28.16,28.16,200,0
ROAM.US,60,20250923,170000,28.1361,28.14,28.1361,28.14,370,0
ROAM.US,60,20250923,180000,28.14,28.17,28.1399,28.155266,1501,0
ROAM.US,60,20250923,200000,28.16,28.16,28.16,28.16,200,0
ROAM.US,60,20250923,210000,28.126585,28.17,28.12,28.17,3400,0
ROAM.US,60,20250923,220000,28.11,28.17,28.11,28.17,21892,0
ROAM.US,60,20250924,160000,28.0496,28.0496,28.0496,28.0496,273,0
ROAM.US,60,20250924,170000,27.97,27.97,27.96,27.9601,1300,0
ROAM.US,60,20250924,190000,27.925,27.925,27.925,27.925,243,0
ROAM.US,60,20250924,200000,27.955,27.955,27.955,27.955,100,0
ROAM.US,60,20250924,210000,27.88,27.9493,27.88,27.915,768,0
ROAM.US,60,20250925,170000,27.65,27.65,27.65,27.65,363,0
ROAM.US,60,20250925,210000,27.635,27.635,27.62,27.62,737,0
ROAM.US,60,20250926,170000,27.56,27.56,27.56,27.56,100,0
ROAM.US,60,20250926,180000,27.575,27.575,27.575,27.575,400,0
ROAM.US,60,20250926,200000,27.6004,27.6004,27.6,27.6,600,0
ROAM.US,60,20250926,210000,27.5806,27.615,27.5806,27.615,1577,0
ROAM.US,60,20250926,220000,27.64,27.65,27.64,27.65,700,0
ROAM.US,60,20250929,190000,27.79,27.79,27.79,27.79,383,0
ROAM.US,60,20250929,220000,27.808741,27.808741,27.808741,27.808741,395,0
ROAM.US,60,20250930,170000,27.855,27.855,27.855,27.855,670,0
ROAM.US,60,20250930,180000,27.84,27.84,27.84,27.84,261,0
ROAM.US,60,20250930,210000,27.835,27.835,27.835,27.835,100,0
ROAM.US,60,20251001,160000,28.1,28.1,28.065339,28.0685,2726,0
ROAM.US,60,20251001,170000,28.02,28.02,28.02,28.02,242,0
ROAM.US,60,20251001,180000,28.0036,28.0036,28.0036,28.0036,370,0
ROAM.US,60,20251001,190000,27.98,27.98,27.97,27.97,431,0
ROAM.US,60,20251001,200000,28.055,28.055,28.055,28.055,123,0
ROAM.US,60,20251002,160000,28.18,28.18,28.18,28.18,149,0
ROAM.US,60,20251002,170000,28.0526,28.0526,27.98,28,592,0
ROAM.US,60,20251002,180000,28.0095,28.0095,27.9413,27.975,994,0
ROAM.US,60,20251002,190000,28.009,28.009,28.009,28.009,115,0
ROAM.US,60,20251002,210000,28.0571,28.0571,28.0571,28.0571,3215,0
ROAM.US,60,20251002,220000,28.09,28.0983,28.045,28.0558,1523,0
ROAM.US,60,20251003,160000,28.16,28.16,28.16,28.16,200,0
ROAM.US,60,20251003,170000,28.17,28.17,28.17,28.17,100,0
ROAM.US,60,20251003,180000,28.21,28.21,28.161,28.175,2307,0
ROAM.US,60,20251003,190000,28.23,28.24,28.21,28.24,791,0
ROAM.US,60,20251006,160000,28.2473,28.2473,28.2473,28.2473,137,0
ROAM.US,60,20251006,220000,28.25,28.25,28.18,28.191,1216,0
ROAM.US,60,20251007,160000,28.2607,28.2607,28.23,28.23,272,0
ROAM.US,60,20251007,170000,28.175,28.175,28.1291,28.15,1563,0
ROAM.US,60,20251007,180000,28.13,28.13,28.13,28.13,100,0
ROAM.US,60,20251007,190000,28.08,28.1,28.075,28.0755,2628,0
ROAM.US,60,20251007,200000,28.07,28.07,28.07,28.07,100,0
ROAM.US,60,20251007,220000,28.03,28.04,28.02,28.04,4810,0
ROAM.US,60,20251008,170000,28.11,28.11,28.11,28.11,100,0
ROAM.US,60,20251008,180000,28.1305,28.15,28.1305,28.15,4491,0
ROAM.US,60,20251008,190000,28.14,28.17,28.14,28.152,1240,0
ROAM.US,60,20251008,200000,28.18,28.1891,28.18,28.1891,937,0
ROAM.US,60,20251008,210000,28.1513,28.1513,28.1513,28.1513,326,0
ROAM.US,60,20251008,220000,28.1418,28.1418,28.1418,28.1418,120,0
ROAM.US,60,20251009,170000,28.1925,28.1925,28.1346,28.1346,963,0
ROAM.US,60,20251009,180000,28.14,28.14,28.1399,28.1399,200,0
ROAM.US,60,20251009,190000,28.13,28.13,28.075,28.1099,2137,0
ROAM.US,60,20251009,210000,28.01,28.01,28.01,28.01,2196,0
ROAM.US,60,20251010,170000,28.13,28.13,28.13,28.13,100,0
ROAM.US,60,20251010,180000,27.765,27.765,27.65,27.7,400,0
ROAM.US,60,20251010,190000,27.655,27.655,27.6,27.6,600,0
ROAM.US,60,20251010,200000,27.5,27.51,27.48,27.51,500,0
ROAM.US,60,20251010,210000,27.48,27.48,27.4,27.47,400,0
ROAM.US,60,20251010,220000,27.42,27.42,27.385,27.395,1127,0
ROAM.US,60,20251013,160000,27.89,27.89,27.88,27.88,781,0
ROAM.US,60,20251013,170000,27.945,27.945,27.78,27.89,1457,0
ROAM.US,60,20251013,180000,27.95,27.95,27.92,27.94,1604,0
ROAM.US,60,20251013,210000,27.9711,27.9711,27.94,27.94,305,0
ROAM.US,60,20251014,180000,27.77,27.78,27.77,27.775,300,0
ROAM.US,60,20251014,200000,27.87,27.87,27.87,27.87,100,0
ROAM.US,60,20251014,210000,27.899,27.899,27.899,27.899,200,0
ROAM.US,60,20251014,220000,27.86,27.86,27.835,27.86,356,0
ROAM.US,60,20251015,170000,28.1,28.1,28.1,28.1,1000,0
ROAM.US,60,20251015,180000,28.07,28.07,28.07,28.07,159,0
ROAM.US,60,20251015,210000,28.12,28.12,28.12,28.12,277,0
ROAM.US,60,20251015,220000,28.1,28.1,28.095,28.095,360,0
ROAM.US,60,20251016,180000,28.49,28.58,28.45,28.45,1683,0
ROAM.US,60,20251016,190000,28.48,28.53,28.48,28.53,339,0
ROAM.US,60,20251016,210000,28.41,28.41,28.41,28.41,2467,0
ROAM.US,60,20251017,160000,28.3885,28.3885,28.3885,28.3885,594,0
ROAM.US,60,20251017,170000,28.45,28.45,28.45,28.45,100,0
ROAM.US,60,20251017,180000,28.41,28.41,28.41,28.41,100,0
ROAM.US,60,20251017,190000,28.4198,28.42,28.4198,28.42,219,0
ROAM.US,60,20251017,220000,28.48,28.57,28.44,28.52,48480,0
ROAM.US,60,20251020,160000,28.665,28.665,28.665,28.665,408,0
ROAM.US,60,20251020,170000,28.675,28.77,28.675,28.7352,1105,0
ROAM.US,60,20251020,180000,28.77,28.82,28.64,28.82,28905,0
ROAM.US,60,20251020,190000,28.79,28.8,28.765,28.77,17423,0
ROAM.US,60,20251020,200000,28.77,28.82,28.77,28.78,3192,0
ROAM.US,60,20251020,210000,28.78,28.81,28.74,28.81,3211,0
ROAM.US,60,20251020,220000,28.785,28.83,28.785,28.83,239,0
ROAM.US,60,20251021,160000,28.62,28.62,28.575,28.575,1956,0
ROAM.US,60,20251021,170000,28.62,28.62,28.5705,28.62,2180,0
ROAM.US,60,20251021,180000,28.59,28.66,28.57,28.6508,70730,0
ROAM.US,60,20251021,190000,28.65,28.65,28.605,28.62,400,0
ROAM.US,60,20251021,200000,28.59,28.61,28.59,28.61,200,0
ROAM.US,60,20251021,210000,28.55,28.63,28.55,28.61,122777,0
ROAM.US,60,20251021,220000,28.6,28.6188,28.5808,28.61,1903,0
ROAM.US,60,20251022,160000,28.74,28.74,28.74,28.74,100,0
ROAM.US,60,20251022,170000,28.76,28.77,28.6596,28.6899,2754,0
ROAM.US,60,20251022,180000,28.71,28.71,28.67,28.68,1124,0
ROAM.US,60,20251022,190000,28.675,28.675,28.66,28.66,200,0
ROAM.US,60,20251022,200000,28.6,28.6,28.6,28.6,100,0
ROAM.US,60,20251022,210000,28.63,28.63,28.63,28.63,100,0
ROAM.US,60,20251022,220000,28.63,28.69,28.61,28.69,2387,0
ROAM.US,60,20251023,160000,28.78,28.78,28.78,28.78,157,0
ROAM.US,60,20251023,170000,28.82,28.849,28.7669,28.849,739,0
ROAM.US,60,20251023,180000,28.82,28.82,28.82,28.82,100,0
ROAM.US,60,20251023,190000,28.84,28.84,28.84,28.84,100,0
ROAM.US,60,20251023,200000,28.84,28.88,28.805,28.88,2534,0
ROAM.US,60,20251023,210000,28.88,28.9,28.82,28.82,3574,0
ROAM.US,60,20251023,220000,28.91,28.91,28.86,28.86,616,0
ROAM.US,60,20251024,170000,28.99,28.99,28.94,28.94,300,0
ROAM.US,60,20251024,180000,28.9893,28.9893,28.9202,28.97,1502,0
ROAM.US,60,20251024,200000,28.9992,29,28.9464,28.9893,500,0
ROAM.US,60,20251024,210000,28.98,28.99,28.9394,28.95,3090,0
ROAM.US,60,20251024,220000,28.98,28.99,28.91,28.95,14316,0
ROAM.US,60,20251027,160000,29.12,29.12,29.12,29.12,100,0
ROAM.US,60,20251027,170000,29.0645,29.11,29.0645,29.0645,1147,0
ROAM.US,60,20251027,180000,29.0639,29.14,29.0639,29.1,792,0
ROAM.US,60,20251027,190000,29.1399,29.14,29.1061,29.1061,518,0
ROAM.US,60,20251027,210000,29.096,29.112,29.096,29.112,329,0
ROAM.US,60,20251028,170000,29.0014,29.083,29.0014,29.083,343,0
ROAM.US,60,20251028,180000,29.13,29.13,29.13,29.13,100,0
ROAM.US,60,20251028,200000,29.1502,29.2384,29.09,29.2384,416,0
ROAM.US,60,20251028,210000,29.22,29.23,29.1001,29.23,1636,0
ROAM.US,60,20251029,150000,29.3595,29.3595,29.3595,29.3595,102,0
ROAM.US,60,20251029,160000,29.36,29.419,29.36,29.364,3673,0
ROAM.US,60,20251029,170000,29.39,29.4,29.3054,29.36,671,0
ROAM.US,60,20251029,180000,29.37,29.37,29.3309,29.3309,274,0
ROAM.US,60,20251029,190000,29.365,29.37,29.365,29.37,200,0
ROAM.US,60,20251029,200000,29.26,29.36,29.26,29.36,299,0
ROAM.US,60,20251029,210000,29.2783,29.2783,29.2783,29.2783,323,0
ROAM.US,60,20251030,150000,29.0426,29.0426,29.005,29.005,1133,0
ROAM.US,60,20251030,170000,29.0758,29.08,29.0758,29.08,306,0
ROAM.US,60,20251030,180000,29.08,29.08,29.08,29.08,100,0
ROAM.US,60,20251030,190000,29.0845,29.0845,29.0845,29.0845,1707,0
ROAM.US,60,20251030,200000,29.124,29.124,29.11,29.11,247,0
ROAM.US,60,20251030,210000,29.1292,29.1292,29.1,29.11,1640,0
ROAM.US,60,20251031,150000,29.03,29.03,29.03,29.03,100,0
ROAM.US,60,20251031,160000,28.99,29.03,28.99,29.03,6329,0
ROAM.US,60,20251031,170000,29.03,29.05,29.03,29.05,200,0
ROAM.US,60,20251031,180000,29.015,29.015,29,29.0002,1614,0
ROAM.US,60,20251031,190000,28.965,28.99,28.9599,28.961,1694,0
ROAM.US,60,20251031,200000,29.0399,29.0399,29.03,29.03,270,0
ROAM.US,60,20251031,210000,29.04,29.04,29.04,29.04,100,0
ROAM.US,60,20251103,160000,29.22,29.22,29.22,29.22,100,0
ROAM.US,60,20251103,170000,29.2011,29.2011,29.13,29.13,1845,0
ROAM.US,60,20251103,180000,29.205,29.23,29.205,29.23,211,0
ROAM.US,60,20251103,190000,29.2382,29.2725,29.2382,29.27,988,0
ROAM.US,60,20251103,200000,29.2503,29.26,29.2503,29.26,536,0
ROAM.US,60,20251103,210000,29.26,29.26,29.26,29.26,323,0
ROAM.US,60,20251103,220000,29.2502,29.2896,29.25,29.25,5293,0
ROAM.US,60,20251104,160000,28.855,28.93,28.855,28.9299,3937,0
ROAM.US,60,20251104,170000,28.935,29.0099,28.935,28.96,86951,0
ROAM.US,60,20251104,180000,28.95,28.97,28.92,28.97,1118,0
ROAM.US,60,20251104,190000,28.955,28.955,28.955,28.955,465,0
ROAM.US,60,20251104,200000,28.93,28.93,28.93,28.93,100,0
ROAM.US,60,20251104,210000,28.92,28.92,28.88,28.88,5460,0
ROAM.US,60,20251104,220000,28.93,28.93,28.865,28.87,1700,0
ROAM.US,60,20251105,160000,28.88,28.88,28.88,28.88,100,0
ROAM.US,60,20251105,170000,29,29.075,29,29.075,1246,0
ROAM.US,60,20251105,180000,29.07,29.07,29.07,29.07,267,0
ROAM.US,60,20251105,190000,29.13,29.18,29.117,29.15,6384,0
ROAM.US,60,20251105,200000,29.11,29.11,29.11,29.11,467,0
ROAM.US,60,20251105,210000,29.16,29.16,29.16,29.16,409,0
ROAM.US,60,20251105,220000,29.165,29.21,29.16,29.16,720,0
ROAM.US,60,20251106,160000,29.117,29.15,29.105,29.105,1177,0
ROAM.US,60,20251106,170000,29.1193,29.1193,29.0291,29.0291,3806,0
ROAM.US,60,20251106,180000,28.98,28.98,28.98,28.98,200,0
ROAM.US,60,20251106,190000,29,29.0799,29,29.0799,1313,0
ROAM.US,60,20251106,200000,29.04,29.11,29.02,29.02,4201,0
ROAM.US,60,20251106,210000,29.075,29.12,29.075,29.09,3892,0
ROAM.US,60,20251106,220000,29.1,29.1,29.05,29.06,1256,0
ROAM.US,60,20251107,160000,28.84,28.84,28.84,28.84,100,0
ROAM.US,60,20251107,170000,28.868,28.868,28.8111,28.8111,463,0
ROAM.US,60,20251107,180000,28.81,28.8183,28.795,28.795,500,0
ROAM.US,60,20251107,190000,28.839,28.839,28.815,28.815,682,0
ROAM.US,60,20251107,200000,28.8584,28.8584,28.8584,28.8584,100,0
ROAM.US,60,20251107,210000,28.9,28.97,28.83,28.96,3100,0
ROAM.US,60,20251107,220000,28.97,28.989,28.89,28.989,3092,0
ROAM.US,60,20251110,170000,29.2375,29.2375,29.215,29.215,681,0
ROAM.US,60,20251110,180000,29.2,29.2392,29.141,29.1805,825,0
ROAM.US,60,20251110,190000,29.26,29.26,29.26,29.26,398,0
ROAM.US,60,20251110,210000,29.38,29.38,29.3,29.3,19955,0
ROAM.US,60,20251110,220000,29.3016,29.43,29.3016,29.37,49930,0
ROAM.US,60,20251111,160000,29.47,29.47,29.47,29.47,100,0
ROAM.US,60,20251111,170000,29.49,29.49,29.45,29.45,300,0
ROAM.US,60,20251111,180000,29.505,29.505,29.465,29.465,1869,0
ROAM.US,60,20251111,190000,29.46,29.46,29.46,29.46,100,0
ROAM.US,60,20251111,200000,29.53,29.53,29.53,29.53,400,0
ROAM.US,60,20251111,210000,29.55,29.565,29.54,29.54,300,0
ROAM.US,60,20251111,220000,29.55,29.56,29.5003,29.53,2237,0
ROAM.US,60,20251112,170000,29.55,29.579,29.55,29.5695,2402,0
ROAM.US,60,20251112,180000,29.57,29.57,29.57,29.57,100,0
ROAM.US,60,20251112,190000,29.5405,29.545,29.5405,29.545,493,0
ROAM.US,60,20251112,200000,29.59,29.76,29.449684,29.61,5845,0
ROAM.US,60,20251112,210000,30.125,30.125,29.55,29.7,700,0
ROAM.US,60,20251112,220000,29.6,30.08,29.58,29.655,6011,0
ROAM.US,60,20251113,170000,29.58,29.61,29.575,29.575,969,0
ROAM.US,60,20251113,180000,29.53,29.53,29.5299,29.5299,600,0
ROAM.US,60,20251113,190000,29.445,29.445,29.445,29.445,794,0
ROAM.US,60,20251113,200000,29.38,29.38,29.38,29.38,400,0
ROAM.US,60,20251113,210000,29.37,29.375,29.37,29.37,1290,0
ROAM.US,60,20251113,220000,29.3795,29.3795,29.352212,29.352212,828,0
ROAM.US,60,20251114,160000,29.3,29.3,29.3,29.3,100,0
ROAM.US,60,20251114,170000,29.296,29.35,29.296,29.3499,2345,0
ROAM.US,60,20251114,200000,29.42,29.42,29.42,29.42,200,0
ROAM.US,60,20251114,210000,29.43,29.43,29.4226,29.4226,1216,0
ROAM.US,60,20251114,220000,29.43,29.463526,29.3849,29.463526,7196,0
ROAM.US,60,20251117,160000,29.38,29.38,29.2499,29.2499,1087,0
ROAM.US,60,20251117,170000,29.21,29.21,29.2025,29.2025,1546,0
ROAM.US,60,20251117,180000,29.1824,29.19,29.1824,29.19,387,0
ROAM.US,60,20251117,190000,29.243,29.243,29.18,29.18,1481,0
ROAM.US,60,20251117,200000,29.185888,29.19,29.18,29.18,1808,0
ROAM.US,60,20251117,210000,29.0465,29.0465,29.0465,29.0465,223,0
ROAM.US,60,20251117,220000,28.98,29.07,28.98,29.07,1179,0
ROAM.US,60,20251118,160000,28.8293,28.8293,28.8293,28.8293,962,0
ROAM.US,60,20251118,170000,28.84,28.84,28.84,28.84,781,0
ROAM.US,60,20251118,180000,28.8655,28.87,28.8655,28.87,600,0
ROAM.US,60,20251118,190000,28.8788,28.8788,28.87,28.87,203,0
ROAM.US,60,20251118,220000,28.96,28.96,28.94,28.94,3360,0
ROAM.US,60,20251119,170000,28.93,28.972,28.8726,28.8726,759,0
ROAM.US,60,20251119,190000,28.81,28.81,28.78,28.78,2096,0
ROAM.US,60,20251119,200000,28.845554,28.86,28.8292,28.8292,3659,0
ROAM.US,60,20251119,210000,28.8305,28.8305,28.8098,28.8199,1881,0
ROAM.US,60,20251119,220000,28.79,28.8804,28.79,28.8723,1706,0
ROAM.US,60,20251120,170000,29.06,29.06,29.05,29.05,650,0
ROAM.US,60,20251120,180000,28.9115,28.9115,28.81,28.81,315,0
ROAM.US,60,20251120,210000,28.6805,28.6805,28.64,28.64,1223,0
ROAM.US,60,20251120,220000,28.66,28.66,28.625,28.635,732,0
ROAM.US,60,20251121,160000,28.4075,28.54,28.4075,28.54,200,0
ROAM.US,60,20251121,170000,28.51,28.51,28.3924,28.3924,455,0
ROAM.US,60,20251121,180000,28.4,28.52,28.38,28.52,814,0
ROAM.US,60,20251121,210000,28.68,28.86,28.68,28.755,16308,0
ROAM.US,60,20251121,220000,28.67,28.67,28.67,28.67,200,0
ROAM.US,60,20251124,170000,28.6,28.6,28.5956,28.5956,319,0
ROAM.US,60,20251124,180000,28.696,28.696,28.696,28.696,152,0
ROAM.US,60,20251124,200000,28.7,28.7,28.7,28.7,100,0
ROAM.US,60,20251125,170000,28.8,28.8,28.8,28.8,100,0
ROAM.US,60,20251125,180000,28.82,28.82,28.82,28.82,100,0
ROAM.US,60,20251125,190000,28.7501,28.88,28.7501,28.85,534,0
ROAM.US,60,20251125,200000,28.86,28.86,28.86,28.86,133,0
ROAM.US,60,20251125,210000,28.91,28.91,28.845,28.845,940,0
ROAM.US,60,20251125,220000,28.9099,28.91,28.83,28.9,2144,0
ROAM.US,60,20251126,160000,28.975,28.975,28.975,28.975,118,0
ROAM.US,60,20251126,170000,28.96,29.05,28.96,29.05,3534,0
ROAM.US,60,20251126,180000,29.08,29.08,29.08,29.08,100,0
ROAM.US,60,20251126,200000,29.07,29.07,29.07,29.07,100,0
ROAM.US,60,20251126,210000,29.085,29.085,29.085,29.085,162,0
ROAM.US,60,20251126,220000,29.0519,29.085,29.0519,29.085,848,0
ROAM.US,60,20251128,170000,29.11,29.11,29.11,29.11,100,0
ROAM.US,60,20251201,160000,29.18,29.18,29.18,29.18,100,0
ROAM.US,60,20251201,170000,29.16,29.16,29.16,29.16,100,0
ROAM.US,60,20251201,180000,29.175,29.175,29.175,29.175,572,0
ROAM.US,60,20251201,190000,29.2,29.2,29.17,29.17,2623,0
ROAM.US,60,20251201,220000,29.15,29.15,29.15,29.15,100,0
ROAM.US,60,20251202,170000,29.19,29.19,29.19,29.19,100,0
ROAM.US,60,20251202,180000,29.12,29.12,29.12,29.12,742,0
ROAM.US,60,20251202,190000,29.18,29.18,29.18,29.18,100,0
ROAM.US,60,20251202,200000,29.17,29.17,29.12,29.12,9905,0
ROAM.US,60,20251203,160000,29.11,29.11,29.11,29.11,100,0
ROAM.US,60,20251203,170000,29.13,29.17,29.13,29.15,465,0
ROAM.US,60,20251203,180000,29.125,29.168,29.125,29.14,700,0
ROAM.US,60,20251203,210000,29.11,29.11,29.11,29.11,1001,0
ROAM.US,60,20251204,160000,29.209,29.209,29.192,29.192,213,0
ROAM.US,60,20251204,170000,29.26,29.26,29.26,29.26,100,0
ROAM.US,60,20251204,200000,29.2,29.26,29.2,29.26,884,0
ROAM.US,60,20251204,210000,29.2,29.255,29.2,29.23,811,0
ROAM.US,60,20251204,220000,29.2899,29.2899,29.256,29.256,262,0
ROAM.US,60,20251205,170000,29.53,29.58,29.52,29.555,508,0
ROAM.US,60,20251205,180000,29.54,29.54,29.4299,29.4299,2000,0
ROAM.US,60,20251205,210000,29.3882,29.3882,29.3646,29.3646,341,0
ROAM.US,60,20251205,220000,29.3301,29.3401,29.3101,29.3213,1268,0
ROAM.US,60,20251208,160000,29.27,29.27,29.27,29.27,100,0
ROAM.US,60,20251208,170000,29.1799,29.1799,29.12,29.12,558,0
ROAM.US,60,20251208,180000,29.1305,29.1305,29.1305,29.1305,978,0
ROAM.US,60,20251208,190000,29.1395,29.1395,29.1395,29.1395,279,0
ROAM.US,60,20251208,200000,29.15,29.17,29.15,29.17,1124,0
ROAM.US,60,20251208,210000,29.1394,29.1394,29.1394,29.1394,135,0
ROAM.US,60,20251209,160000,29.0094,29.0094,29.0094,29.0094,221,0
ROAM.US,60,20251209,170000,29.0978,29.0978,29.0978,29.0978,378,0
ROAM.US,60,20251209,180000,29.1141,29.1141,29.1141,29.1141,336,0
ROAM.US,60,20251209,190000,29.1034,29.1034,29.1034,29.1034,965,0
ROAM.US,60,20251209,200000,29.05,29.05,29.05,29.05,3530,0
ROAM.US,60,20251209,210000,29.13,29.13,29.13,29.13,100,0
ROAM.US,60,20251209,220000,29.133,29.16,29.133,29.16,967,0
ROAM.US,60,20251210,170000,29.2,29.22,29.1899,29.2,1933,0
ROAM.US,60,20251210,200000,29.175,29.175,29.175,29.175,127,0
ROAM.US,60,20251210,210000,29.2298,29.2497,29.185,29.2497,4267,0
ROAM.US,60,20251211,160000,29.3099,29.31,29.3099,29.31,800,0
ROAM.US,60,20251211,170000,29.31,29.39,29.31,29.39,450,0
ROAM.US,60,20251211,180000,29.35,29.35,29.35,29.35,171,0
ROAM.US,60,20251211,210000,29.43,29.4695,29.41,29.4695,4425,0
ROAM.US,60,20251211,220000,29.427171,29.45,29.38,29.38,1539,0
ROAM.US,60,20251212,170000,29.345,29.345,29.18,29.18,3228,0
ROAM.US,60,20251212,180000,29.1365,29.1365,29.1365,29.1365,120,0
ROAM.US,60,20251212,210000,29.2,29.2,29.17,29.17,528,0
ROAM.US,60,20251215,160000,29.2772,29.2772,29.2772,29.2772,1379,0
ROAM.US,60,20251215,170000,29.28,29.28,29.28,29.28,100,0
ROAM.US,60,20251215,190000,29.26,29.26,29.26,29.26,556,0
ROAM.US,60,20251215,210000,29.2899,29.2899,29.28,29.28,625,0
ROAM.US,60,20251215,220000,29.2739,29.2739,29.2739,29.2739,108,0
ROAM.US,60,20251216,160000,28.965,28.965,28.965,28.965,151,0
ROAM.US,60,20251216,170000,28.96,28.96,28.96,28.96,100,0
ROAM.US,60,20251216,180000,28.88,28.885,28.87,28.87,1020,0
ROAM.US,60,20251216,190000,28.98,28.98,28.93,28.93,843,0
ROAM.US,60,20251216,210000,28.96,28.96,28.96,28.96,100,0
ROAM.US,60,20251216,220000,28.9493,28.9493,28.9493,28.9493,105,0
ROAM.US,60,20251217,170000,29.01,29.01,28.92,28.925,1909,0
ROAM.US,60,20251217,190000,28.8,28.82,28.7137,28.7137,5904,0
ROAM.US,60,20251217,200000,28.8,28.86,28.7999,28.7999,1026,0
ROAM.US,60,20251217,210000,28.745,28.8,28.7041,28.7999,2579,0
ROAM.US,60,20251217,220000,28.745,28.745,28.745,28.745,100,0
ROAM.US,60,20251218,160000,28.88,28.91,28.88,28.91,531,0
ROAM.US,60,20251218,170000,28.91,28.91,28.91,28.91,141,0
ROAM.US,60,20251218,180000,28.99,28.99,28.99,28.99,100,0
ROAM.US,60,20251218,190000,28.958,28.97,28.958,28.9699,504,0
ROAM.US,60,20251218,200000,29.005,29.005,29.005,29.005,207,0
ROAM.US,60,20251218,210000,29.039,29.039,29.028,29.028,445,0
ROAM.US,60,20251218,220000,28.955,28.955,28.955,28.955,100,0
ROAM.US,60,20251219,160000,29.096,29.096,29.096,29.096,166,0
ROAM.US,60,20251219,170000,29.2695,29.2695,29.2695,29.2695,200,0
ROAM.US,60,20251219,190000,29.2699,29.27,29.2,29.2,1450,0
ROAM.US,60,20251219,200000,29.1701,29.1988,29.1701,29.1988,439,0
ROAM.US,60,20251219,210000,29.1967,29.2391,29.186,29.186,476,0
ROAM.US,60,20251219,220000,29.2298,29.23,29.195,29.23,555,0
ROAM.US,60,20251222,160000,29.23,29.23,29.23,29.23,333,0
ROAM.US,60,20251222,170000,29.26,29.26,29.25,29.25,300,0
ROAM.US,60,20251222,180000,29.27,29.27,29.27,29.27,100,0
ROAM.US,60,20251222,190000,29.3099,29.3099,29.25,29.28,1202,0
ROAM.US,60,20251222,210000,29.3044,29.31,29.2811,29.2812,2459,0
ROAM.US,60,20251222,220000,29.28,29.31,29.28,29.31,2093,0
ROAM.US,60,20251223,160000,28.785,28.84,28.785,28.831,1782,0
ROAM.US,60,20251223,170000,28.79,28.87,28.79,28.87,219,0
ROAM.US,60,20251223,180000,28.845,28.89,28.845,28.89,2278,0
ROAM.US,60,20251223,190000,28.8722,28.875,28.87,28.875,2647,0
ROAM.US,60,20251223,200000,28.9081,28.9081,28.9081,28.9081,144,0
ROAM.US,60,20251223,210000,28.9087,28.925,28.9087,28.925,1132,0
ROAM.US,60,20251223,220000,28.93,28.93,28.93,28.93,496,0
ROAM.US,60,20251224,160000,29.06,29.08,29.034,29.05,1646,0
ROAM.US,60,20251224,170000,29.06,29.07,29.05,29.07,5176,0
ROAM.US,60,20251224,180000,29.07,29.08,29.03,29.08,1525,0
ROAM.US,60,20251224,190000,29.08,29.08,29.035,29.035,1552,0
ROAM.US,60,20251226,160000,29.0902,29.0902,29.08,29.08,2687,0
ROAM.US,60,20251226,170000,29.0601,29.1859,29.0601,29.1297,1347,0
ROAM.US,60,20251226,180000,29.12,29.19,29.05,29.1095,5732,0
ROAM.US,60,20251226,190000,29.16,29.16,29.16,29.16,538,0
ROAM.US,60,20251226,210000,29.19,29.19,29.19,29.19,342,0
ROAM.US,60,20251226,220000,29.14,29.22,29.14,29.22,860,0
