<TICKER>,<PER>,<DATE>,<TIME>,<OPEN>,<HIGH>,<LOW>,<CLOSE>,<VOL>,<OPENINT>
TAFL.US,60,20240415,210000,25.04,25.04,25.04,25.04,100,0
TAFL.US,60,20240416,170000,24.9997,25,24.9997,25,200,0
TAFL.US,60,20240422,210000,25.07,25.07,25.07,25.07,100,0
TAFL.US,60,20240430,160000,24.93,24.93,24.93,24.93,100,0
TAFL.US,60,20240501,200000,24.91,24.91,24.91,24.91,1658,0
TAFL.US,60,20240510,210000,25.33,25.33,25.28,25.28,2991,0
TAFL.US,60,20240603,190000,24.96,24.96,24.96,24.96,100,0
TAFL.US,60,20240614,160000,25.478,25.478,25.478,25.478,195,0
TAFL.US,60,20240624,220000,25.42,25.42,25.42,25.42,100,0
TAFL.US,60,20240625,200000,25.48,25.48,25.4681,25.4681,600,0
TAFL.US,60,20240626,220000,25.393,25.44,25.37,25.44,7291,0
TAFL.US,60,20240627,210000,25.42,25.42,25.42,25.42,445,0
TAFL.US,60,20240705,170000,25.4086,25.4086,25.4086,25.4086,101,0
TAFL.US,60,20240715,200000,25.4699,25.4699,25.4699,25.4699,200,0
TAFL.US,60,20240717,220000,25.5694,25.5694,25.5694,25.5694,587,0
TAFL.US,60,20240718,200000,25.51,25.51,25.49,25.49,3911,0
TAFL.US,60,20240718,210000,25.57,25.57,25.57,25.57,100,0
TAFL.US,60,20240719,220000,25.475,25.5,25.475,25.5,256,0
TAFL.US,60,20240724,180000,25.52,25.53,25.52,25.53,1648,0
TAFL.US,60,20240724,200000,25.48,25.48,25.48,25.48,300,0
TAFL.US,60,20240724,210000,25.41,25.41,25.41,25.41,118,0
TAFL.US,60,20240725,220000,25.38,25.46,25.38,25.46,24217,0
TAFL.US,60,20240726,200000,25.52,25.53,25.52,25.53,2300,0
TAFL.US,60,20240731,160000,25.55,25.55,25.55,25.55,350,0
TAFL.US,60,20240801,180000,25.5781,25.5781,25.565,25.565,3438,0
TAFL.US,60,20240802,210000,25.62,25.75,25.62,25.7499,5130,0
TAFL.US,60,20240806,170000,25.6914,25.6914,25.6914,25.6914,136,0
TAFL.US,60,20240806,210000,25.7,25.7,25.7,25.7,400,0
TAFL.US,60,20240806,220000,25.71,25.71,25.7,25.7,500,0
TAFL.US,60,20240807,200000,25.5985,25.6599,25.5985,25.6365,2500,0
TAFL.US,60,20240814,160000,25.71,25.71,25.7,25.7,300,0
TAFL.US,60,20240814,170000,25.7,25.7,25.67,25.7,700,0
TAFL.US,60,20240814,180000,25.7,25.7,25.67,25.67,600,0
TAFL.US,60,20240814,190000,25.7,25.7,25.69,25.69,700,0
TAFL.US,60,20240814,200000,25.68,25.68,25.67,25.67,500,0
TAFL.US,60,20240814,210000,25.67,25.68,25.67,25.68,700,0
TAFL.US,60,20240814,220000,25.68,25.71,25.66,25.71,1750,0
TAFL.US,60,20240815,170000,25.57,25.57,25.57,25.57,100,0
TAFL.US,60,20240826,220000,25.57,25.74,25.57,25.71,5250,0
TAFL.US,60,20240830,190000,25.6161,25.62,25.6161,25.62,295,0
TAFL.US,60,20240903,170000,25.5916,25.5916,25.5916,25.5916,200,0
TAFL.US,60,20240905,210000,25.67,25.67,25.6601,25.6601,2168,0
TAFL.US,60,20240906,180000,25.7583,25.7583,25.7583,25.7583,389,0
TAFL.US,60,20240906,190000,25.72,25.72,25.72,25.72,100,0
TAFL.US,60,20240909,220000,25.77,25.77,25.74,25.74,2100,0
TAFL.US,60,20240911,190000,25.78,25.82,25.78,25.82,7075,0
TAFL.US,60,20240912,170000,25.76,25.9,25.76,25.9,4835,0
TAFL.US,60,20240912,180000,25.7994,25.8,25.7994,25.8,2179,0
TAFL.US,60,20240913,210000,25.78,25.79,25.78,25.79,10854,0
TAFL.US,60,20240916,220000,25.8001,25.8787,25.8001,25.8787,739,0
TAFL.US,60,20240917,180000,25.81,25.81,25.78,25.78,700,0
TAFL.US,60,20240917,220000,25.8,25.81,25.78,25.81,2570,0
TAFL.US,60,20240918,180000,25.7881,25.7881,25.7881,25.7881,708,0
TAFL.US,60,20240918,210000,25.88,25.915,25.88,25.915,3989,0
TAFL.US,60,20240918,220000,25.85,25.85,25.85,25.85,100,0
TAFL.US,60,20240919,210000,25.78,25.78,25.78,25.78,7730,0
TAFL.US,60,20240919,220000,25.79,25.79,25.76,25.76,600,0
TAFL.US,60,20240920,190000,25.84,25.92,25.83,25.83,4171,0
TAFL.US,60,20240920,200000,25.8685,25.8685,25.83,25.83,3128,0
TAFL.US,60,20240920,210000,25.76,25.83,25.76,25.78,20126,0
TAFL.US,60,20240925,220000,25.78,25.78,25.77,25.77,45782,0
TAFL.US,60,20240926,210000,25.8,25.8,25.8,25.8,1911,0
TAFL.US,60,20240930,170000,25.91,25.91,25.91,25.91,100,0
TAFL.US,60,20240930,190000,25.87,25.87,25.87,25.87,1932,0
TAFL.US,60,20240930,200000,25.88,25.95,25.88,25.8899,1600,0
TAFL.US,60,20240930,210000,25.9,25.9,25.885,25.885,700,0
TAFL.US,60,20240930,220000,25.87,25.87,25.87,25.87,100,0
TAFL.US,60,20241001,190000,25.8001,25.8001,25.8001,25.8001,968,0
TAFL.US,60,20241001,200000,25.8325,25.8325,25.82,25.82,3968,0
TAFL.US,60,20241007,210000,25.63,25.63,25.63,25.63,1489,0
TAFL.US,60,20241008,170000,25.6,25.64,25.6,25.64,700,0
TAFL.US,60,20241008,200000,25.64,25.64,25.64,25.64,100,0
TAFL.US,60,20241008,220000,25.6337,25.6396,25.62,25.6396,3109,0
TAFL.US,60,20241017,210000,25.66,25.66,25.66,25.66,584,0
TAFL.US,60,20241018,220000,25.645,25.645,25.645,25.645,100,0
TAFL.US,60,20241021,200000,25.5378,25.5378,25.5378,25.5378,2518,0
TAFL.US,60,20241024,170000,25.29,25.29,25.27,25.27,586,0
TAFL.US,60,20241029,200000,25.31,25.38,25.31,25.38,6638,0
TAFL.US,60,20241101,160000,25.3119,25.3119,25.3119,25.3119,1600,0
TAFL.US,60,20241105,220000,25.37,25.37,25.2601,25.2601,1597,0
TAFL.US,60,20241108,170000,25.3855,25.3855,25.3855,25.3855,198,0
TAFL.US,60,20241108,210000,25.39,25.39,25.39,25.39,147,0
TAFL.US,60,20241108,220000,25.3899,25.3899,25.3899,25.3899,115,0
TAFL.US,60,20241112,190000,25.31,25.31,25.31,25.31,100,0
TAFL.US,60,20241113,200000,25.38,25.38,25.38,25.38,200,0
TAFL.US,60,20241126,220000,25.63,25.63,25.63,25.63,21421,0
TAFL.US,60,20241127,200000,25.68,25.68,25.68,25.68,20000,0
TAFL.US,60,20241127,210000,25.7,25.7,25.7,25.7,830,0
TAFL.US,60,20241203,190000,25.745,25.745,25.7399,25.74,2500,0
TAFL.US,60,20241203,210000,25.76,25.76,25.76,25.76,100,0
TAFL.US,60,20241204,220000,25.745,25.765,25.71,25.765,8381,0
TAFL.US,60,20241205,180000,25.76,25.76,25.7417,25.7471,4265,0
TAFL.US,60,20241209,220000,25.74,25.745,25.74,25.74,6759,0
TAFL.US,60,20241210,170000,25.74,25.74,25.74,25.74,100,0
TAFL.US,60,20241210,180000,25.74,25.74,25.74,25.74,100,0
TAFL.US,60,20241210,220000,25.74,25.74,25.74,25.74,2602,0
TAFL.US,60,20241211,170000,25.74,25.74,25.74,25.74,200,0
TAFL.US,60,20241211,190000,25.74,25.74,25.74,25.74,778,0
TAFL.US,60,20241212,220000,25.5296,25.5299,25.5296,25.5299,589,0
TAFL.US,60,20241216,170000,25.51,25.51,25.51,25.51,2940,0
TAFL.US,60,20241216,180000,25.51,25.59,25.4745,25.5,4608,0
TAFL.US,60,20241216,200000,25.485,25.485,25.485,25.485,196,0
TAFL.US,60,20241217,220000,25.43,25.43,25.42,25.43,5512,0
TAFL.US,60,20241218,180000,25.39,25.42,25.39,25.42,2262,0
TAFL.US,60,20241218,210000,25.3038,25.4,25.3038,25.4,7000,0
TAFL.US,60,20241218,220000,25.285,25.285,25.285,25.285,100,0
TAFL.US,60,20241220,210000,25.1961,25.24,25.1961,25.24,1090,0
TAFL.US,60,20241223,220000,25.19,25.2,25.165,25.165,9842,0
TAFL.US,60,20241226,190000,25.17,25.18,25.13,25.13,19166,0
TAFL.US,60,20241226,200000,25.12,25.15,25.12,25.15,1100,0
TAFL.US,60,20241226,210000,25.15,25.155,25.14,25.14,1200,0
TAFL.US,60,20241226,220000,25.14,25.14,25.14,25.14,200,0
TAFL.US,60,20241227,210000,25.15,25.15,25.14,25.14,174928,0
TAFL.US,60,20241230,200000,25.15,25.15,25.15,25.15,100,0
TAFL.US,60,20241230,220000,25.11,25.12,25.11,25.12,29088,0
TAFL.US,60,20250102,170000,25.22,25.22,25.22,25.22,100,0
TAFL.US,60,20250102,180000,25.19,25.19,25.1799,25.1799,2084,0
TAFL.US,60,20250102,190000,25.17,25.2,25.17,25.1999,3676,0
TAFL.US,60,20250106,170000,25.198,25.198,25.15,25.18,1486,0
TAFL.US,60,20250106,180000,25.14,25.14,25.14,25.14,100,0
TAFL.US,60,20250106,190000,25.16,25.16,25.16,25.16,100,0
TAFL.US,60,20250106,200000,25.15,25.19,25.15,25.19,1418,0
TAFL.US,60,20250106,210000,25.15,25.15,25.15,25.15,100,0
TAFL.US,60,20250106,220000,25.18,25.28,25.18,25.28,300,0
TAFL.US,60,20250107,170000,25.1176,25.1176,25.1176,25.1176,995,0
TAFL.US,60,20250107,210000,25.12,25.14,25.01,25.1,13713,0
TAFL.US,60,20250108,160000,25.06,25.07,25.06,25.07,6000,0
TAFL.US,60,20250108,180000,25.02,25.02,25.02,25.02,100,0
TAFL.US,60,20250110,160000,24.89,24.89,24.89,24.89,344,0
TAFL.US,60,20250113,180000,24.83,24.83,24.83,24.83,100,0
TAFL.US,60,20250113,210000,24.81,24.81,24.81,24.81,514,0
TAFL.US,60,20250114,190000,24.79,24.79,24.79,24.79,6393,0
TAFL.US,60,20250114,200000,24.79,24.79,24.79,24.79,100,0
TAFL.US,60,20250115,210000,24.7929,24.97,24.7929,24.97,1881,0
TAFL.US,60,20250116,220000,24.965,24.965,24.965,24.965,240,0
TAFL.US,60,20250117,160000,25.04,25.04,25.04,25.04,200,0
TAFL.US,60,20250117,210000,25.0894,25.0894,25.0894,25.0894,1000,0
TAFL.US,60,20250117,220000,25.03,25.0301,25.01,25.0201,1500,0
TAFL.US,60,20250123,170000,25.08,25.08,25.04,25.04,200,0
TAFL.US,60,20250123,220000,25.04,25.04,25.04,25.04,227,0
TAFL.US,60,20250127,170000,25.05,25.15,25.05,25.14,900,0
TAFL.US,60,20250127,180000,25.16,25.16,25.13,25.14,1458,0
TAFL.US,60,20250127,190000,25.13,25.13,25.13,25.13,600,0
TAFL.US,60,20250127,200000,25.15,25.15,25.13,25.13,1300,0
TAFL.US,60,20250127,210000,25.15,25.15,25.13,25.13,800,0
TAFL.US,60,20250127,220000,25.15,25.15,25.13,25.15,3300,0
TAFL.US,60,20250129,170000,25.15,25.15,25.15,25.15,100,0
TAFL.US,60,20250130,190000,25.24,25.24,25.24,25.24,1585,0
TAFL.US,60,20250130,200000,25.2399,25.2399,25.225,25.225,792,0
TAFL.US,60,20250130,220000,25.26,25.28,25.25,25.25,2500,0
TAFL.US,60,20250131,170000,25.2,25.2,25.2,25.2,100,0
TAFL.US,60,20250203,210000,25.2,25.2,25.2,25.2,100,0
TAFL.US,60,20250204,170000,25.1301,25.1301,25.13,25.13,781,0
TAFL.US,60,20250204,190000,25.15,25.15,25.1499,25.1499,1988,0
TAFL.US,60,20250204,210000,25.185,25.185,25.095,25.14,15008,0
TAFL.US,60,20250204,220000,25.23,25.23,25.23,25.23,500,0
TAFL.US,60,20250205,190000,25.29,25.32,25.27,25.27,400,0
TAFL.US,60,20250205,220000,25.3,25.31,25.23,25.23,181459,0
TAFL.US,60,20250206,170000,25.221,25.221,25.221,25.221,103,0
TAFL.US,60,20250206,190000,25.2392,25.2392,25.2392,25.2392,990,0
TAFL.US,60,20250206,220000,25.25,25.25,25.25,25.25,900,0
TAFL.US,60,20250207,210000,25.16,25.2599,25.16,25.2599,2093,0
TAFL.US,60,20250210,170000,25.2,25.2,25.1999,25.2,908,0
TAFL.US,60,20250212,210000,25.015,25.015,25.015,25.015,100,0
TAFL.US,60,20250218,220000,25.09,25.09,25.09,25.09,100,0
TAFL.US,60,20250221,210000,25.23,25.23,25.23,25.23,302,0
TAFL.US,60,20250221,220000,25.24,25.24,25.24,25.24,100,0
TAFL.US,60,20250225,200000,25.365,25.365,25.365,25.365,1189,0
TAFL.US,60,20250226,210000,25.45,25.45,25.45,25.45,100,0
TAFL.US,60,20250228,220000,25.4,25.41,25.4,25.41,256,0
TAFL.US,60,20250303,180000,25.3532,25.3532,25.35,25.35,200,0
TAFL.US,60,20250304,200000,25.32,25.32,25.32,25.32,100,0
TAFL.US,60,20250305,220000,25.24,25.24,25.24,25.24,587,0
TAFL.US,60,20250306,170000,25.17,25.17,25.1499,25.1499,393,0
TAFL.US,60,20250306,190000,25.17,25.17,25.17,25.17,947,0
TAFL.US,60,20250306,220000,25.12,25.12,25.12,25.12,200,0
TAFL.US,60,20250310,210000,25.18,25.18,25.18,25.18,329,0
TAFL.US,60,20250311,190000,25.15,25.15,25.15,25.15,5300,0
TAFL.US,60,20250311,210000,25.0199,25.02,25.0199,25.02,948,0
TAFL.US,60,20250313,160000,24.87,24.8767,24.8537,24.8767,1800,0
TAFL.US,60,20250313,210000,24.94,24.94,24.94,24.94,700,0
TAFL.US,60,20250314,190000,24.94,24.9497,24.9399,24.9497,3900,0
TAFL.US,60,20250314,200000,24.99,24.99,24.99,24.99,100,0
TAFL.US,60,20250314,210000,24.97,24.97,24.9699,24.97,1500,0
TAFL.US,60,20250317,170000,25.0151,25.0151,25.0151,25.0151,638,0
TAFL.US,60,20250317,210000,25.02,25.02,25.02,25.02,600,0
TAFL.US,60,20250318,190000,25.04,25.04,25.0399,25.0399,392,0
TAFL.US,60,20250318,200000,25.0212,25.05,25.01,25.05,862,0
TAFL.US,60,20250319,210000,25.08,25.08,25.08,25.08,563,0
TAFL.US,60,20250321,200000,25.06,25.06,25.06,25.06,100,0
TAFL.US,60,20250321,210000,24.98,24.98,24.98,24.98,297,0
TAFL.US,60,20250324,200000,24.95,24.96,24.9499,24.96,1101,0
TAFL.US,60,20250324,210000,24.96,24.96,24.96,24.96,500,0
TAFL.US,60,20250326,200000,24.79,24.8699,24.79,24.8699,300,0
TAFL.US,60,20250327,160000,24.7099,24.7099,24.7099,24.7099,1071,0
TAFL.US,60,20250327,200000,24.7,24.7,24.68,24.7,1400,0
TAFL.US,60,20250327,210000,24.7,24.7,24.7,24.7,100,0
TAFL.US,60,20250328,200000,24.8293,24.8293,24.8101,24.8101,300,0
TAFL.US,60,20250328,210000,24.83,24.84,24.83,24.84,700,0
TAFL.US,60,20250401,220000,24.86,24.9,24.86,24.9,4241,0
TAFL.US,60,20250402,180000,24.915,24.9623,24.915,24.95,4514,0
TAFL.US,60,20250402,190000,24.91,24.915,24.91,24.91,800,0
TAFL.US,60,20250402,210000,24.82,24.82,24.82,24.82,1007,0
TAFL.US,60,20250402,220000,24.85,24.87,24.85,24.87,600,0
TAFL.US,60,20250403,170000,24.9809,24.9809,24.9809,24.9809,200,0
TAFL.US,60,20250403,180000,25.02,25.03,25.02,25.03,500,0
TAFL.US,60,20250404,170000,25.17,25.17,25.1435,25.1435,200,0
TAFL.US,60,20250404,190000,25.11,25.11,25.11,25.11,200,0
TAFL.US,60,20250404,210000,25.11,25.11,25.11,25.11,100,0
TAFL.US,60,20250404,220000,25.11,25.11,25.11,25.11,100,0
TAFL.US,60,20250407,200000,24.55,24.551,24.55,24.551,1036,0
TAFL.US,60,20250407,220000,24.61,24.61,24.61,24.61,400,0
TAFL.US,60,20250408,190000,24.15,24.15,24.15,24.15,100,0
TAFL.US,60,20250408,200000,24.14,24.1436,23.96,23.99,3800,0
TAFL.US,60,20250408,210000,23.98,23.98,23.8801,23.8801,911,0
TAFL.US,60,20250409,180000,23.4,23.4,23.4,23.4,100,0
TAFL.US,60,20250409,200000,23.995,23.995,23.995,23.995,150,0
TAFL.US,60,20250410,170000,24.47,24.49,24.46,24.48,5628,0
TAFL.US,60,20250410,180000,24.47,24.47,24.39,24.39,1299,0
TAFL.US,60,20250411,200000,24.185,24.185,23.84,23.84,257,0
TAFL.US,60,20250411,210000,23.78,23.78,23.78,23.78,100,0
TAFL.US,60,20250415,200000,24.29,24.29,24.29,24.29,412,0
TAFL.US,60,20250415,210000,24.31,24.31,24.29,24.3,578,0
TAFL.US,60,20250416,170000,24.29,24.29,24.29,24.29,68652,0
TAFL.US,60,20250416,200000,24.3,24.359,24.289,24.345,3500,0
TAFL.US,60,20250417,210000,24.31,24.31,24.31,24.31,398,0
TAFL.US,60,20250421,170000,24.3,24.3,24.13,24.13,16216,0
TAFL.US,60,20250421,210000,24.13,24.13,23.96,24.0719,6379,0
TAFL.US,60,20250422,180000,24.0456,24.06,24.0456,24.06,2100,0
TAFL.US,60,20250423,170000,24.41,24.41,24.4,24.4,300,0
TAFL.US,60,20250423,190000,24.39,24.39,24.39,24.39,198,0
TAFL.US,60,20250423,220000,24.26,24.26,24.17,24.17,527,0
TAFL.US,60,20250424,190000,24.33,24.3301,24.33,24.3301,966,0
TAFL.US,60,20250424,220000,24.36,24.36,24.36,24.36,1668,0
TAFL.US,60,20250425,200000,24.4193,24.42,24.4193,24.42,2555,0
TAFL.US,60,20250425,220000,24.43,24.43,24.43,24.43,121,0
TAFL.US,60,20250429,170000,24.41,24.52,24.41,24.52,32331,0
TAFL.US,60,20250429,180000,24.49,24.49,24.49,24.49,25000,0
TAFL.US,60,20250429,200000,24.54,24.54,24.54,24.54,300,0
TAFL.US,60,20250429,210000,24.545,24.545,24.545,24.545,144,0
TAFL.US,60,20250430,160000,24.55,24.55,24.55,24.55,100,0
TAFL.US,60,20250430,210000,24.5931,24.5931,24.5931,24.5931,919,0
TAFL.US,60,20250501,160000,24.58,24.58,24.58,24.58,100,0
TAFL.US,60,20250501,200000,24.54,24.54,24.52,24.52,232,0
TAFL.US,60,20250501,210000,24.52,24.52,24.52,24.52,300,0
TAFL.US,60,20250502,170000,24.46,24.46,24.46,24.46,100,0
TAFL.US,60,20250502,200000,24.46,24.46,24.4599,24.4599,400,0
TAFL.US,60,20250502,210000,24.45,24.4536,23.99,24.35,23145,0
TAFL.US,60,20250505,180000,24.401,24.401,24.401,24.401,132,0
TAFL.US,60,20250506,170000,24.36,24.36,24.35,24.35,1714,0
TAFL.US,60,20250508,180000,24.535,24.535,24.535,24.535,100,0
TAFL.US,60,20250508,220000,24.49,24.49,24.49,24.49,100,0
TAFL.US,60,20250509,190000,24.48,24.48,24.48,24.48,100,0
TAFL.US,60,20250509,210000,24.47,24.48,24.47,24.48,37156,0
TAFL.US,60,20250509,220000,24.46,24.46,24.46,24.46,300,0
TAFL.US,60,20250512,190000,24.37,24.37,24.37,24.37,15000,0
TAFL.US,60,20250512,200000,24.39,24.39,24.39,24.39,1272,0
TAFL.US,60,20250512,210000,24.42,24.42,24.42,24.42,209,0
TAFL.US,60,20250513,180000,24.41,24.41,24.41,24.41,964,0
TAFL.US,60,20250513,210000,24.37,24.37,24.37,24.37,100,0
TAFL.US,60,20250513,220000,24.41,24.41,24.37,24.37,1600,0
TAFL.US,60,20250514,170000,24.343,24.343,24.34,24.34,3165,0
TAFL.US,60,20250516,220000,24.49,24.49,24.49,24.49,100,0
TAFL.US,60,20250519,180000,24.3999,24.4,24.36,24.3825,16409,0
TAFL.US,60,20250519,220000,24.44,24.44,24.44,24.44,307,0
TAFL.US,60,20250520,180000,24.39,24.39,24.39,24.39,246,0
TAFL.US,60,20250520,220000,24.39,24.39,24.39,24.39,300,0
TAFL.US,60,20250521,190000,24.29,24.29,24.29,24.29,101,0
TAFL.US,60,20250521,200000,24.27,24.27,24.27,24.27,100,0
TAFL.US,60,20250522,180000,24.1201,24.188,24.1201,24.188,5870,0
TAFL.US,60,20250522,200000,24.1991,24.1991,24.19,24.19,350,0
TAFL.US,60,20250522,220000,24.18,24.18,24.18,24.18,323,0
TAFL.US,60,20250523,200000,24.25,24.34,24.247,24.34,900,0
TAFL.US,60,20250523,210000,24.26,24.26,24.26,24.26,100,0
TAFL.US,60,20250523,220000,24.2598,24.2598,24.2598,24.2598,1000,0
TAFL.US,60,20250527,170000,24.32,24.37,24.32,24.36,1900,0
TAFL.US,60,20250527,200000,24.32,24.32,24.32,24.32,100,0
TAFL.US,60,20250529,210000,24.35,24.36,24.35,24.36,600,0
TAFL.US,60,20250529,220000,24.3499,24.35,24.3499,24.35,200,0
TAFL.US,60,20250602,210000,24.2684,24.2684,24.13,24.19,23323,0
TAFL.US,60,20250602,220000,24.17,24.17,24.17,24.17,100,0
TAFL.US,60,20250603,170000,24.08,24.08,24.07,24.07,15100,0
TAFL.US,60,20250603,180000,24.07,24.07,24.07,24.07,100,0
TAFL.US,60,20250603,210000,24.1,24.1,24.1,24.1,100,0
TAFL.US,60,20250604,180000,24.18,24.18,24.18,24.18,100,0
TAFL.US,60,20250604,220000,24.18,24.235,24.18,24.21,3099,0
TAFL.US,60,20250605,170000,24.23,24.23,24.2299,24.2299,200,0
TAFL.US,60,20250605,180000,24.22,24.22,24.22,24.22,100,0
TAFL.US,60,20250606,170000,24.08,24.08,24.08,24.08,110,0
TAFL.US,60,20250606,180000,24.1,24.1,24.1,24.1,100,0
TAFL.US,60,20250606,210000,24.08,24.08,24.0732,24.0732,431,0
TAFL.US,60,20250606,220000,24.09,24.09,24.09,24.09,100,0
TAFL.US,60,20250609,170000,24.11,24.16,24.08,24.15,1500,0
TAFL.US,60,20250609,200000,24.1437,24.15,24.1437,24.15,5035,0
TAFL.US,60,20250611,170000,24.12,24.16,24.12,24.16,102903,0
TAFL.US,60,20250611,180000,24.15,24.15,24.15,24.15,100,0
TAFL.US,60,20250611,210000,24.14,24.14,24.14,24.14,133,0
TAFL.US,60,20250612,170000,24.2,24.27,24.07,24.21,28133,0
TAFL.US,60,20250612,180000,24.23,24.23,24.23,24.23,825,0
TAFL.US,60,20250613,170000,24.26,24.26,24.2495,24.2495,1314,0
TAFL.US,60,20250613,180000,24.17,24.2,24.07,24.16,25200,0
TAFL.US,60,20250613,200000,24.18,24.18,24.18,24.18,100,0
TAFL.US,60,20250616,170000,24.19,24.19,24.07,24.18,27300,0
TAFL.US,60,20250616,200000,24.21,24.24,24.17,24.17,5568,0
TAFL.US,60,20250616,210000,24.2,24.24,24.16,24.24,2600,0
TAFL.US,60,20250616,220000,24.24,24.28,24.2,24.28,8991,0
TAFL.US,60,20250617,170000,24.245,24.245,24.2,24.2,35363,0
TAFL.US,60,20250620,160000,24.2097,24.2097,24.2097,24.2097,4614,0
TAFL.US,60,20250620,220000,24.28,24.28,24.28,24.28,400,0
TAFL.US,60,20250625,210000,24.31,24.32,24.29,24.29,25564,0
TAFL.US,60,20250627,200000,24.3,24.32,24.3,24.32,10200,0
TAFL.US,60,20250630,170000,24.34,24.34,24.34,24.34,100,0
TAFL.US,60,20250630,210000,24.39,24.39,24.3899,24.3899,1200,0
TAFL.US,60,20250630,220000,24.36,24.5,24.36,24.5,4705,0
TAFL.US,60,20250701,200000,24.2997,24.2997,24.2997,24.2997,3086,0
TAFL.US,60,20250701,210000,24.3,24.3,24.3,24.3,13423,0
TAFL.US,60,20250701,220000,24.27,24.27,24.27,24.27,15000,0
TAFL.US,60,20250702,200000,24.24,24.2401,24.24,24.2401,800,0
TAFL.US,60,20250702,220000,24.3,24.3,24.3,24.3,662,0
TAFL.US,60,20250703,190000,24.3,24.3,24.3,24.3,107,0
TAFL.US,60,20250707,170000,24.2799,24.2799,24.2799,24.2799,110,0
TAFL.US,60,20250707,210000,24.26,24.26,24.2599,24.26,2990,0
TAFL.US,60,20250708,180000,24.24,24.24,24.24,24.24,100,0
TAFL.US,60,20250709,160000,24.24,24.24,24.24,24.24,5565,0
TAFL.US,60,20250711,190000,24.17,24.17,24.16,24.16,200,0
TAFL.US,60,20250711,210000,24.13,24.15,24.1,24.15,1800,0
TAFL.US,60,20250714,170000,24.17,24.17,24.14,24.15,800,0
TAFL.US,60,20250714,210000,24.14,24.14,24.08,24.08,1800,0
TAFL.US,60,20250714,220000,24.17,24.28,24.17,24.28,1072,0
TAFL.US,60,20250715,180000,24.1,24.1,24.1,24.1,100,0
TAFL.US,60,20250716,160000,24.08,24.08,24.08,24.08,5000,0
TAFL.US,60,20250716,180000,23.99,23.99,23.99,23.99,100,0
TAFL.US,60,20250716,200000,24,24,24,24,6000,0
TAFL.US,60,20250717,220000,23.89,23.8928,23.89,23.8928,950,0
TAFL.US,60,20250723,170000,23.9638,24.0899,23.919,23.919,3246,0
TAFL.US,60,20250723,220000,23.91,23.91,23.91,23.91,324,0
TAFL.US,60,20250724,170000,23.94,24.01,23.88,23.89,99752,0
TAFL.US,60,20250724,180000,23.85,23.85,23.85,23.85,479,0
TAFL.US,60,20250724,210000,23.88,23.88,23.88,23.88,186,0
TAFL.US,60,20250725,200000,23.9395,23.9395,23.9395,23.9395,1955,0
TAFL.US,60,20250725,220000,23.93,23.93,23.93,23.93,103,0
TAFL.US,60,20250728,180000,23.9,24,23.9,23.9999,2771,0
TAFL.US,60,20250729,210000,24.11,24.12,24.02,24.03,800,0
TAFL.US,60,20250729,220000,24.0099,24.01,23.9917,23.9917,1366,0
TAFL.US,60,20250730,180000,23.97,23.97,23.97,23.97,100,0
TAFL.US,60,20250730,190000,23.9528,23.9528,23.9528,23.9528,1400,0
TAFL.US,60,20250730,220000,23.89,23.89,23.89,23.89,209,0
TAFL.US,60,20250731,180000,23.9907,23.9907,23.9907,23.9907,1200,0
TAFL.US,60,20250731,220000,24.0035,24.0035,24.0035,24.0035,500,0
TAFL.US,60,20250804,170000,24.15,24.15,24.15,24.15,100,0
TAFL.US,60,20250804,180000,24.12,24.12,24.12,24.12,1370,0
TAFL.US,60,20250804,210000,24.11,24.11,24.11,24.11,1005,0
TAFL.US,60,20250804,220000,24.13,24.15,24.13,24.15,483,0
TAFL.US,60,20250805,190000,24.1116,24.1116,24.1116,24.1116,795,0
TAFL.US,60,20250805,210000,24.12,24.12,24.12,24.12,2040,0
TAFL.US,60,20250806,170000,24.088,24.088,24.076,24.076,744,0
TAFL.US,60,20250806,180000,24.09,24.09,24.01,24.01,700,0
TAFL.US,60,20250806,210000,24.09,24.09,24,24.0802,4520,0
TAFL.US,60,20250808,170000,24.0884,24.0884,24.0884,24.0884,424,0
TAFL.US,60,20250808,180000,24.09,24.09,24.09,24.09,111,0
TAFL.US,60,20250808,210000,24.1,24.1,24.1,24.1,3019,0
TAFL.US,60,20250811,170000,24.18,24.18,24.18,24.18,100,0
TAFL.US,60,20250811,220000,24.13,24.13,24.13,24.13,201,0
TAFL.US,60,20250812,170000,24.12,24.12,24.11,24.11,751,0
TAFL.US,60,20250812,190000,24.14,24.14,24.14,24.14,827,0
TAFL.US,60,20250812,200000,24.13,24.13,24.13,24.13,10000,0
TAFL.US,60,20250812,210000,24.17,24.17,24.17,24.17,3001,0
TAFL.US,60,20250812,220000,24.15,24.15,24.15,24.15,10074,0
TAFL.US,60,20250813,180000,24.19,24.19,24.19,24.19,482,0
TAFL.US,60,20250813,190000,24.18,24.18,24.18,24.18,223,0
TAFL.US,60,20250813,210000,24.18,24.18,24.18,24.18,173,0
TAFL.US,60,20250814,200000,24.1398,24.2,24.13,24.2,1827,0
TAFL.US,60,20250814,220000,24.12,24.12,24.1054,24.12,700,0
TAFL.US,60,20250815,170000,24.1,24.1,24.1,24.1,2100,0
TAFL.US,60,20250815,180000,24.13,24.13,24.1299,24.13,400,0
TAFL.US,60,20250815,190000,24.14,24.14,24.14,24.14,1500,0
TAFL.US,60,20250815,200000,24.15,24.15,24.15,24.15,100,0
TAFL.US,60,20250815,210000,24.13,24.13,24.13,24.13,900,0
TAFL.US,60,20250815,220000,24.1443,24.18,24.11,24.15,10785,0
TAFL.US,60,20250818,180000,24.0886,24.0886,24.0886,24.0886,156,0
TAFL.US,60,20250819,170000,24.1532,24.1532,24.13,24.13,27691,0
TAFL.US,60,20250819,190000,24.11,24.11,24.11,24.11,100,0
TAFL.US,60,20250819,200000,24.1,24.1,24.1,24.1,3678,0
TAFL.US,60,20250819,210000,24.11,24.11,24.11,24.11,45283,0
TAFL.US,60,20250819,220000,24.1,24.1,24.1,24.1,521,0
TAFL.US,60,20250820,180000,24.11,24.11,24.11,24.11,25100,0
TAFL.US,60,20250820,210000,24.1,24.1,24.1,24.1,21467,0
TAFL.US,60,20250820,220000,24.1299,24.13,24.1299,24.13,400,0
TAFL.US,60,20250821,160000,24.03,24.03,24.02,24.02,1114,0
TAFL.US,60,20250821,170000,24.04,24.075,24.04,24.0682,4132,0
TAFL.US,60,20250821,180000,24.055,24.055,24.055,24.055,2423,0
TAFL.US,60,20250821,190000,24.06,24.1,24.058,24.1,1100,0
TAFL.US,60,20250821,200000,24.02,24.02,24.02,24.02,100,0
TAFL.US,60,20250821,210000,24.06,24.07,24.06,24.07,898,0
TAFL.US,60,20250822,160000,24.12,24.12,24.12,24.12,100,0
TAFL.US,60,20250822,170000,24.16,24.16,24.14,24.14,1270,0
TAFL.US,60,20250822,200000,24.14,24.15,24.14,24.15,1599,0
TAFL.US,60,20250825,160000,24.12,24.12,24.12,24.12,104,0
TAFL.US,60,20250826,210000,24.1111,24.15,24.1111,24.15,4730,0
TAFL.US,60,20250826,220000,24.1568,24.17,24.12,24.1699,5914,0
TAFL.US,60,20250827,210000,24.19,24.19,24.19,24.19,20086,0
TAFL.US,60,20250828,160000,24.16,24.16,24.16,24.16,8265,0
TAFL.US,60,20250828,210000,24.2,24.2,24.2,24.2,567,0
TAFL.US,60,20250902,170000,24.05,24.05,23.97,23.9701,4219,0
TAFL.US,60,20250902,180000,24,24,24,24,100,0
TAFL.US,60,20250902,210000,24.01,24.01,24.01,24.01,734,0
TAFL.US,60,20250904,170000,24.1,24.19,24.1,24.19,200,0
TAFL.US,60,20250904,180000,24.25,24.25,24.2499,24.2499,200,0
TAFL.US,60,20250904,190000,24.2263,24.2263,24.2263,24.2263,826,0
TAFL.US,60,20250905,160000,24.4,24.4,24.4,24.4,731,0
TAFL.US,60,20250905,170000,24.4256,24.4256,24.4256,24.4256,112,0
TAFL.US,60,20250905,190000,24.4799,24.4799,24.4799,24.4799,678,0
TAFL.US,60,20250908,170000,24.68,24.68,24.6799,24.6799,204,0
TAFL.US,60,20250908,210000,24.71,24.71,24.7086,24.7086,800,0
TAFL.US,60,20250908,220000,24.73,24.73,24.73,24.73,100,0
TAFL.US,60,20250909,180000,24.715,24.715,24.715,24.715,170,0
TAFL.US,60,20250910,170000,24.81,24.86,24.81,24.8535,726,0
TAFL.US,60,20250910,200000,24.86,24.86,24.85,24.85,1751,0
TAFL.US,60,20250910,210000,24.86,24.86,24.86,24.86,31346,0
TAFL.US,60,20250910,220000,24.8555,24.87,24.85,24.85,1982,0
TAFL.US,60,20250911,170000,24.93,24.93,24.92,24.92,25300,0
TAFL.US,60,20250911,210000,24.97,24.97,24.97,24.97,981,0
TAFL.US,60,20250911,220000,24.996,24.996,24.996,24.996,678,0
TAFL.US,60,20250912,170000,24.9,24.9,24.9,24.9,5000,0
TAFL.US,60,20250912,190000,24.8945,24.9999,24.8935,24.9,7300,0
TAFL.US,60,20250912,220000,24.915,24.915,24.915,24.915,700,0
TAFL.US,60,20250915,170000,25,25.02,25,25.02,300,0
TAFL.US,60,20250915,180000,25.005,25.005,25.005,25.005,1500,0
TAFL.US,60,20250916,160000,25.07,25.07,25.07,25.07,1000,0
TAFL.US,60,20250916,170000,25.03,25.03,25.03,25.03,10000,0
TAFL.US,60,20250916,190000,25.03,25.0699,25.03,25.045,81720,0
TAFL.US,60,20250916,210000,25.06,25.16,25.06,25.079,12959,0
TAFL.US,60,20250917,160000,25.0846,25.0846,25.0846,25.0846,2482,0
TAFL.US,60,20250917,190000,25.09,25.09,25.09,25.09,100,0
TAFL.US,60,20250917,200000,25.0997,25.0997,25.0997,25.0997,1195,0
TAFL.US,60,20250917,210000,25.1015,25.155,25.1015,25.15,310,0
TAFL.US,60,20250917,220000,25.08,25.08,25.08,25.08,100,0
TAFL.US,60,20250918,170000,24.98,24.98,24.98,24.98,100,0
TAFL.US,60,20250918,210000,25,25,24.98,24.98,47577,0
TAFL.US,60,20250918,220000,25.0214,25.0233,25,25,6305,0
TAFL.US,60,20250919,170000,25.03,25.03,25.03,25.03,100,0
TAFL.US,60,20250919,200000,24.9906,24.9906,24.9906,24.9906,799,0
TAFL.US,60,20250922,160000,25.0027,25.0027,25.0027,25.0027,100,0
TAFL.US,60,20250922,170000,25.01,25.01,24.99,24.99,900,0
TAFL.US,60,20250922,190000,25.02,25.09,25.02,25.09,2000,0
TAFL.US,60,20250922,200000,25.04,25.04,25.04,25.04,100,0
TAFL.US,60,20250922,210000,25.0396,25.0396,25.0396,25.0396,364,0
TAFL.US,60,20250922,220000,25.03,25.0698,25.03,25.0495,3927,0
TAFL.US,60,20250923,170000,25.03,25.03,25.03,25.03,100,0
TAFL.US,60,20250923,180000,25.002,25.002,25.002,25.002,1424,0
TAFL.US,60,20250923,190000,24.99,24.99,24.99,24.99,500,0
TAFL.US,60,20250923,200000,24.965,24.965,24.965,24.965,147,0
TAFL.US,60,20250923,210000,25,25.0048,25,25.0048,380,0
TAFL.US,60,20250924,160000,24.99,24.99,24.99,24.99,100,0
TAFL.US,60,20250924,180000,24.97,24.97,24.9699,24.9699,4000,0
TAFL.US,60,20250924,200000,24.98,24.98,24.98,24.98,100,0
TAFL.US,60,20250924,220000,24.931,24.931,24.931,24.931,1100,0
TAFL.US,60,20250925,160000,24.92,24.92,24.92,24.92,100,0
TAFL.US,60,20250925,170000,24.89,24.89,24.89,24.89,241,0
TAFL.US,60,20250925,210000,24.94,24.94,24.94,24.94,2918,0
TAFL.US,60,20250929,170000,24.98,24.98,24.98,24.98,100,0
TAFL.US,60,20250929,220000,24.985,25.01,24.985,25.01,1916,0
TAFL.US,60,20250930,170000,25.01,25.01,24.99,24.99,4963,0
TAFL.US,60,20250930,210000,24.97,24.97,24.97,24.97,400,0
TAFL.US,60,20251001,170000,24.98,24.98,24.98,24.98,100,0
TAFL.US,60,20251001,180000,24.972,24.972,24.972,24.972,5000,0
TAFL.US,60,20251002,190000,24.95,25.03,24.91,24.91,48454,0
TAFL.US,60,20251002,210000,24.9425,24.97,24.9425,24.97,2100,0
TAFL.US,60,20251002,220000,24.9599,24.9599,24.9599,24.9599,800,0
TAFL.US,60,20251003,170000,24.97,24.97,24.97,24.97,100,0
TAFL.US,60,20251003,190000,24.95,24.96,24.95,24.96,500,0
TAFL.US,60,20251003,210000,24.9596,24.9596,24.9596,24.9596,273,0
TAFL.US,60,20251006,170000,24.9075,24.93,24.9075,24.9287,797,0
TAFL.US,60,20251006,180000,24.91,24.91,24.91,24.91,4560,0
TAFL.US,60,20251006,200000,24.934,24.934,24.934,24.934,335,0
TAFL.US,60,20251006,210000,24.93,24.93,24.93,24.93,270,0
TAFL.US,60,20251006,220000,24.97,24.97,24.97,24.97,100,0
TAFL.US,60,20251007,160000,24.963,24.97,24.96,24.97,2201,0
TAFL.US,60,20251007,180000,24.9884,24.9884,24.9884,24.9884,350,0
TAFL.US,60,20251007,190000,24.98,24.99,24.98,24.99,800,0
TAFL.US,60,20251007,200000,24.99,24.99,24.975,24.98,400,0
TAFL.US,60,20251007,220000,24.97,24.98,24.97,24.98,2120,0
TAFL.US,60,20251008,160000,25.02,25.02,25.02,25.02,100,0
TAFL.US,60,20251008,200000,24.96,25.01,24.96,25.01,900,0
TAFL.US,60,20251008,210000,24.97,24.98,24.97,24.98,1271,0
TAFL.US,60,20251009,160000,24.98,24.99,24.98,24.99,300,0
TAFL.US,60,20251009,210000,24.975,24.975,24.975,24.975,670,0
TAFL.US,60,20251010,170000,25.08,25.085,25.08,25.085,750,0
TAFL.US,60,20251010,200000,25.044,25.044,25.0369,25.0369,1433,0
TAFL.US,60,20251010,220000,25.09,25.09,25.09,25.09,300,0
TAFL.US,60,20251013,170000,25.07,25.07,25.07,25.07,318,0
TAFL.US,60,20251013,190000,25.1,25.12,25.1,25.11,1796,0
TAFL.US,60,20251013,200000,25.08,25.12,25.07,25.12,1000,0
TAFL.US,60,20251013,220000,25.15,25.26,25.1,25.13,14547,0
TAFL.US,60,20251014,180000,25.146,25.146,25.146,25.146,584,0
TAFL.US,60,20251014,200000,25.15,25.21,25.145,25.21,2300,0
TAFL.US,60,20251014,210000,25.14,25.17,25.13,25.13,9261,0
TAFL.US,60,20251015,160000,25.18,25.18,25.18,25.18,100,0
TAFL.US,60,20251015,180000,25.18,25.18,25.18,25.18,100,0
TAFL.US,60,20251015,210000,25.15,25.15,25.15,25.15,112,0
TAFL.US,60,20251015,220000,25.18,25.27,25.18,25.24,4414,0
TAFL.US,60,20251016,170000,25.18,25.18,25.18,25.18,100,0
TAFL.US,60,20251016,200000,25.2191,25.2191,25.2191,25.2191,183,0
TAFL.US,60,20251016,220000,25.25,25.295,25.25,25.25,2200,0
TAFL.US,60,20251017,160000,25.25,25.25,25.25,25.25,200,0
TAFL.US,60,20251017,170000,25.25,25.26,25.25,25.26,300,0
TAFL.US,60,20251017,180000,25.26,25.28,25.26,25.28,200,0
TAFL.US,60,20251017,190000,25.27,25.29,25.2595,25.2595,355,0
TAFL.US,60,20251017,200000,25.2696,25.2696,25.25,25.25,3535,0
TAFL.US,60,20251017,210000,25.24,25.32,25.24,25.27,8584,0
TAFL.US,60,20251017,220000,25.28,25.29,25.28,25.29,700,0
TAFL.US,60,20251020,170000,25.33,25.4,25.3299,25.4,500,0
TAFL.US,60,20251020,200000,25.3,25.38,25.2999,25.38,500,0
TAFL.US,60,20251020,210000,25.33,25.38,25.31,25.31,10586,0
TAFL.US,60,20251020,220000,25.294,25.32,25.294,25.32,270,0
TAFL.US,60,20251021,160000,25.31,25.31,25.31,25.31,639,0
TAFL.US,60,20251021,170000,25.34,25.34,25.3299,25.3299,600,0
TAFL.US,60,20251022,160000,25.32,25.32,25.32,25.32,100,0
TAFL.US,60,20251022,180000,25.31,25.4,25.3099,25.35,2575,0
TAFL.US,60,20251022,190000,25.31,25.31,25.31,25.31,100,0
TAFL.US,60,20251022,220000,25.31,25.35,25.31,25.35,2500,0
TAFL.US,60,20251023,160000,25.27,25.27,25.27,25.27,100,0
TAFL.US,60,20251023,200000,25.3,25.35,25.28,25.28,1000,0
TAFL.US,60,20251023,220000,25.309,25.32,25.309,25.31,2650,0
TAFL.US,60,20251024,170000,25.32,25.32,25.3042,25.3042,2274,0
TAFL.US,60,20251024,180000,25.31,25.31,25.3099,25.3099,704,0
TAFL.US,60,20251024,190000,25.3283,25.3283,25.31,25.31,444,0
TAFL.US,60,20251024,210000,25.31,25.335,25.28,25.335,1372,0
TAFL.US,60,20251024,220000,25.33,25.33,25.33,25.33,100,0
TAFL.US,60,20251027,200000,25.3,25.3011,25.3,25.3011,1200,0
TAFL.US,60,20251027,210000,25.33,25.33,25.33,25.33,100,0
TAFL.US,60,20251028,150000,25.34,25.34,25.34,25.34,200,0
TAFL.US,60,20251028,160000,25.35,25.35,25.35,25.35,100,0
TAFL.US,60,20251028,170000,25.33,25.41,25.3299,25.41,500,0
TAFL.US,60,20251028,190000,25.35,25.35,25.35,25.35,100,0
TAFL.US,60,20251028,210000,25.33,25.33,25.33,25.33,51647,0
TAFL.US,60,20251029,150000,25.31,25.31,25.31,25.31,100,0
TAFL.US,60,20251029,190000,25.28,25.28,25.28,25.28,25000,0
TAFL.US,60,20251029,200000,25.2675,25.2675,25.2675,25.2675,191,0
TAFL.US,60,20251029,210000,25.26,25.27,25.26,25.27,32116,0
TAFL.US,60,20251030,160000,25.23,25.23,25.23,25.23,100,0
TAFL.US,60,20251030,190000,25.22,25.22,25.22,25.22,25000,0
TAFL.US,60,20251030,210000,25.28,25.28,25.25,25.28,5217,0
TAFL.US,60,20251031,160000,25.277,25.277,25.277,25.277,2950,0
TAFL.US,60,20251031,200000,25.2895,25.2895,25.2895,25.2895,174,0
TAFL.US,60,20251031,210000,25.29,25.49,25.29,25.47,22634,0
TAFL.US,60,20251103,160000,25.17,25.17,25.17,25.17,100,0
TAFL.US,60,20251103,170000,25.18,25.18,25.16,25.16,394,0
TAFL.US,60,20251103,180000,25.2,25.2,25.1997,25.1997,209,0
TAFL.US,60,20251103,210000,25.16,25.16,25.16,25.16,125,0
TAFL.US,60,20251105,160000,25.19,25.19,25.19,25.19,100,0
TAFL.US,60,20251105,170000,25.189,25.189,25.189,25.189,282,0
TAFL.US,60,20251105,180000,25.16,25.16,25.15,25.15,200,0
TAFL.US,60,20251105,200000,25.17,25.17,25.17,25.17,100,0
TAFL.US,60,20251105,210000,25.16,25.16,25.16,25.16,100,0
TAFL.US,60,20251105,220000,25.16,25.16,25.16,25.16,100,0
TAFL.US,60,20251106,160000,25.22,25.22,25.2199,25.2199,200,0
TAFL.US,60,20251106,170000,25.22,25.22,25.2199,25.2199,244,0
TAFL.US,60,20251106,210000,25.1887,25.24,25.17,25.23,236915,0
TAFL.US,60,20251106,220000,25.24,25.24,25.2,25.215,1200,0
TAFL.US,60,20251107,160000,25.222,25.24,25.222,25.24,474,0
TAFL.US,60,20251107,170000,25.22,25.26,25.22,25.26,400,0
TAFL.US,60,20251107,190000,25.23,25.25,25.23,25.2499,500,0
TAFL.US,60,20251107,210000,25.21,25.21,25.21,25.21,100,0
TAFL.US,60,20251111,170000,25.22,25.27,25.22,25.27,200,0
TAFL.US,60,20251111,190000,25.27,25.27,25.27,25.27,200,0
TAFL.US,60,20251111,200000,25.27,25.27,25.27,25.27,100,0
TAFL.US,60,20251112,160000,25.27,25.27,25.26,25.26,400,0
TAFL.US,60,20251112,170000,25.26,25.27,25.26,25.27,885,0
TAFL.US,60,20251112,180000,25.25,25.26,25.25,25.26,300,0
TAFL.US,60,20251112,190000,25.2595,25.2595,25.2595,25.2595,4966,0
TAFL.US,60,20251113,200000,25.24,25.24,25.2,25.2,200,0
TAFL.US,60,20251113,220000,25.17,25.17,25.17,25.17,100,0
TAFL.US,60,20251114,170000,25.19,25.19,25.19,25.19,300,0
TAFL.US,60,20251114,200000,25.18,25.18,25.18,25.18,100,0
TAFL.US,60,20251114,220000,25.16,25.16,25.13,25.14,3600,0
TAFL.US,60,20251117,170000,25.16,25.16,25.16,25.16,200,0
TAFL.US,60,20251117,180000,25.17,25.17,25.17,25.17,100,0
TAFL.US,60,20251117,190000,25.17,25.17,25.17,25.17,100,0
TAFL.US,60,20251117,200000,25.15,25.15,25.15,25.15,100,0
TAFL.US,60,20251117,210000,25.14,25.17,25.12,25.13,4464,0
TAFL.US,60,20251117,220000,25.16,25.16,25.11,25.12,700,0
TAFL.US,60,20251118,160000,25.19,25.19,25.19,25.19,800,0
TAFL.US,60,20251118,180000,25.18,25.18,25.18,25.18,100,0
TAFL.US,60,20251118,190000,25.18,25.19,25.18,25.19,2784,0
TAFL.US,60,20251118,210000,25.16,25.16,25.1401,25.1401,341,0
TAFL.US,60,20251119,160000,25.19,25.19,25.18,25.18,500,0
TAFL.US,60,20251119,170000,25.18,25.18,25.15,25.15,200,0
TAFL.US,60,20251119,180000,25.13,25.13,25.13,25.13,100,0
TAFL.US,60,20251119,190000,25.14,25.14,25.14,25.14,100,0
TAFL.US,60,20251119,200000,25.13,25.13,25.13,25.13,100,0
TAFL.US,60,20251119,210000,25.1,25.1,25.1,25.1,100,0
TAFL.US,60,20251119,220000,25.1,25.1,25.1,25.1,400,0
TAFL.US,60,20251120,160000,25.16,25.16,25.16,25.16,200,0
TAFL.US,60,20251120,170000,25.13,25.13,25.13,25.13,100,0
TAFL.US,60,20251120,180000,25.14,25.14,25.12,25.12,458,0
TAFL.US,60,20251120,200000,25.13,25.24,25.13,25.24,8257,0
TAFL.US,60,20251120,210000,25.13,25.17,25.13,25.17,1093,0
TAFL.US,60,20251120,220000,25.13,25.13,25.13,25.13,300,0
TAFL.US,60,20251121,160000,25.1999,25.1999,25.1999,25.1999,139,0
TAFL.US,60,20251121,170000,25.2,25.2,25.2,25.2,100,0
TAFL.US,60,20251121,180000,25.16,25.23,25.16,25.23,2200,0
TAFL.US,60,20251121,190000,25.21,25.21,25.17,25.17,200,0
TAFL.US,60,20251121,200000,25.16,25.16,25.16,25.16,100,0
TAFL.US,60,20251121,210000,25.164,25.164,25.164,25.164,182,0
TAFL.US,60,20251124,160000,25.195,25.195,25.195,25.195,450,0
TAFL.US,60,20251124,170000,25.19,25.21,25.19,25.21,200,0
TAFL.US,60,20251124,180000,25.17,25.1701,25.17,25.1701,543,0
TAFL.US,60,20251124,190000,25.1711,25.1777,25.1501,25.17,2917,0
TAFL.US,60,20251124,200000,25.18,25.18,25.18,25.18,100,0
TAFL.US,60,20251124,210000,25.18,25.18,25.17,25.17,200,0
TAFL.US,60,20251124,220000,25.17,25.17,25.16,25.16,700,0
TAFL.US,60,20251125,160000,25.22,25.22,25.22,25.22,100,0
TAFL.US,60,20251125,170000,25.18,25.18,25.18,25.18,100,0
TAFL.US,60,20251125,180000,25.18,25.18,25.18,25.18,100,0
TAFL.US,60,20251125,190000,25.18,25.18,25.18,25.18,200,0
TAFL.US,60,20251125,200000,25.21,25.21,25.17,25.17,200,0
TAFL.US,60,20251125,210000,25.17,25.17,25.13,25.13,328,0
TAFL.US,60,20251125,220000,25.17,25.19,25.17,25.17,1195,0
TAFL.US,60,20251126,170000,25.22,25.2386,25.22,25.2386,299,0
TAFL.US,60,20251126,180000,25.21,25.21,25.2,25.2,1600,0
TAFL.US,60,20251126,190000,25.22,25.22,25.22,25.22,619,0
TAFL.US,60,20251126,210000,25.22,25.22,25.2,25.21,1994,0
TAFL.US,60,20251126,220000,25.2,25.22,25.2,25.22,2804,0
TAFL.US,60,20251128,160000,25.22,25.22,25.22,25.22,635,0
TAFL.US,60,20251128,170000,25.25,25.25,25.25,25.25,100,0
TAFL.US,60,20251128,190000,25.23,25.23,25.23,25.23,628,0
TAFL.US,60,20251201,160000,25.07,25.08,25.07,25.08,200,0
TAFL.US,60,20251201,170000,25.06,25.08,25.06,25.07,400,0
TAFL.US,60,20251201,180000,25.06,25.06,25.03,25.03,1798,0
TAFL.US,60,20251201,190000,25.03,25.03,25.03,25.03,100,0
TAFL.US,60,20251201,200000,25.04,25.04,25.04,25.04,100,0
TAFL.US,60,20251201,210000,25.04,25.04,25.04,25.04,100,0
TAFL.US,60,20251201,220000,25.04,25.08,25.04,25.05,500,0
TAFL.US,60,20251202,170000,25.03,25.05,25.03,25.05,923,0
TAFL.US,60,20251202,180000,25.05,25.05,25.02,25.02,300,0
TAFL.US,60,20251202,190000,25.03,25.03,25.03,25.03,100,0
TAFL.US,60,20251202,200000,25.03,25.03,25.03,25.03,100,0
TAFL.US,60,20251202,210000,25.01,25.03,24.92,25,4333,0
TAFL.US,60,20251202,220000,25,25.015,24.99,24.99,2106,0
TAFL.US,60,20251203,160000,25.05,25.05,25.05,25.05,500,0
TAFL.US,60,20251203,170000,25.07,25.09,25.07,25.09,200,0
TAFL.US,60,20251203,180000,25.05,25.05,25.05,25.05,100,0
TAFL.US,60,20251203,220000,25,25,25,25,252,0
TAFL.US,60,20251204,160000,25.01,25.01,25.01,25.01,200,0
TAFL.US,60,20251204,170000,25.04,25.04,25.04,25.04,100,0
TAFL.US,60,20251204,180000,25.01,25.03,25,25.015,1494,0
TAFL.US,60,20251204,190000,25.04,25.04,25.04,25.04,100,0
TAFL.US,60,20251205,200000,25.05,25.05,25.05,25.05,365,0
TAFL.US,60,20251205,210000,25.04,25.04,25.04,25.04,253,0
TAFL.US,60,20251205,220000,25.0402,25.0402,25.0402,25.0402,1481,0
TAFL.US,60,20251208,170000,25.02,25.02,25.02,25.02,1600,0
TAFL.US,60,20251208,180000,25.0194,25.0194,25.0194,25.0194,100,0
TAFL.US,60,20251208,190000,25.02,25.02,25.02,25.02,500,0
TAFL.US,60,20251208,200000,25.02,25.03,25.02,25.03,301,0
TAFL.US,60,20251208,210000,25.04,25.04,25.03,25.03,9704,0
TAFL.US,60,20251208,220000,25.01,25.01,24.97,25.01,34481,0
TAFL.US,60,20251209,210000,25,25.04,24.94,25.03,1273,0
TAFL.US,60,20251209,220000,25.04,25.04,25.01,25.03,881,0
TAFL.US,60,20251210,160000,24.965,24.9899,24.965,24.965,302,0
TAFL.US,60,20251210,170000,25.02,25.02,25.0199,25.0199,200,0
TAFL.US,60,20251210,180000,25.01,25.01,25.01,25.01,100,0
TAFL.US,60,20251210,210000,25,25,24.89,24.97,2297,0
TAFL.US,60,20251211,160000,25.05,25.05,25.05,25.05,100,0
TAFL.US,60,20251211,170000,25.0277,25.0277,25.0277,25.0277,278,0
TAFL.US,60,20251211,180000,25.0164,25.03,25.0164,25.03,200,0
TAFL.US,60,20251211,190000,25.0164,25.05,25.0164,25.05,15742,0
TAFL.US,60,20251211,220000,25,25.01,24.99,24.99,5588,0
TAFL.US,60,20251212,160000,24.98,24.98,24.98,24.98,200,0
TAFL.US,60,20251212,170000,24.985,24.985,24.98,24.98,1200,0
TAFL.US,60,20251212,210000,24.93,24.93,24.93,24.93,209,0
TAFL.US,60,20251215,170000,24.97,24.97,24.945,24.97,699,0
TAFL.US,60,20251215,180000,24.97,24.97,24.97,24.97,200,0
TAFL.US,60,20251215,190000,24.965,24.97,24.965,24.97,1600,0
TAFL.US,60,20251215,200000,24.965,24.97,24.965,24.97,200,0
TAFL.US,60,20251215,220000,24.95,24.95,24.95,24.95,1058,0
TAFL.US,60,20251216,160000,24.955,24.955,24.955,24.955,1150,0
TAFL.US,60,20251216,170000,24.98,24.98,24.98,24.98,426,0
TAFL.US,60,20251216,190000,24.9723,24.9723,24.9723,24.9723,625,0
TAFL.US,60,20251216,210000,24.9704,24.98,24.9704,24.98,3018,0
TAFL.US,60,20251216,220000,25.02,25.02,24.9968,25,1000,0
TAFL.US,60,20251218,160000,25,25.01,25,25.01,1500,0
TAFL.US,60,20251218,200000,24.97,24.97,24.97,24.97,100,0
TAFL.US,60,20251218,220000,24.96,24.96,24.96,24.96,1592,0
TAFL.US,60,20251219,170000,25.01,25.01,25.01,25.01,200,0
TAFL.US,60,20251219,210000,24.95,24.95,24.95,24.95,3000,0
TAFL.US,60,20251219,220000,24.96,24.96,24.96,24.96,2995,0
TAFL.US,60,20251222,170000,24.975,25.0064,24.975,25,11596,0
TAFL.US,60,20251222,180000,25,25,25,25,100,0
TAFL.US,60,20251222,200000,24.9727,24.9727,24.9727,24.9727,100,0
TAFL.US,60,20251222,210000,24.98,24.98,24.98,24.98,2532,0
TAFL.US,60,20251222,220000,25.01,25.01,25.01,25.01,100,0
TAFL.US,60,20251223,160000,24.99,24.99,24.99,24.99,100,0
TAFL.US,60,20251223,180000,25.02,25.02,25.02,25.02,265,0
TAFL.US,60,20251223,200000,25.0068,25.0068,25.0068,25.0068,200,0
TAFL.US,60,20251224,170000,25.01,25.02,25.01,25.02,200,0
TAFL.US,60,20251224,180000,25.05,25.095,25.01,25.08,1200,0
TAFL.US,60,20251224,190000,25.08,25.11,25.06,25.06,3930,0
TAFL.US,60,20251226,160000,25.07,25.08,25.07,25.07,300,0
TAFL.US,60,20251226,170000,25.06,25.075,25.06,25.075,300,0
TAFL.US,60,20251226,200000,25.04,25.04,25.04,25.04,100,0
TAFL.US,60,20251226,210000,25.045,25.12,25.045,25.06,1700,0
TAFL.US,60,20251226,220000,25.08,25.08,25.05,25.06,171998,0
