<TICKER>,<PER>,<DATE>,<TIME>,<OPEN>,<HIGH>,<LOW>,<CLOSE>,<VOL>,<OPENINT>
TAGG.US,60,20240411,160000,41.59,41.59,41.5,41.5,1000,0
TAGG.US,60,20240415,220000,41.505,41.582,41.275,41.275,624,0
TAGG.US,60,20240416,210000,41.22,41.22,41.22,41.22,200,0
TAGG.US,60,20240416,220000,41.185,41.185,41.15,41.15,200,0
TAGG.US,60,20240418,210000,41.27,41.27,41.27,41.27,600,0
TAGG.US,60,20240422,190000,41.291,41.325,41.291,41.325,682,0
TAGG.US,60,20240422,200000,41.33,41.33,41.33,41.33,189,0
TAGG.US,60,20240423,180000,41.37,41.37,41.37,41.37,1812,0
TAGG.US,60,20240423,200000,41.3728,41.3728,41.351,41.3728,1382,0
TAGG.US,60,20240424,220000,41.122,41.122,41.11,41.11,200,0
TAGG.US,60,20240426,160000,41.1598,41.23,41.1598,41.23,3865,0
TAGG.US,60,20240426,200000,41.11,41.11,40.95,40.95,1475,0
TAGG.US,60,20240429,170000,41.2496,41.2496,41.2496,41.2496,128,0
TAGG.US,60,20240429,200000,41.26,41.26,41.26,41.26,2470,0
TAGG.US,60,20240501,160000,41.2236,41.2236,41.2236,41.2236,300,0
TAGG.US,60,20240501,190000,41.198,41.198,41.16,41.16,485,0
TAGG.US,60,20240501,220000,41.32,41.32,41.32,41.32,100,0
TAGG.US,60,20240502,160000,41.29,41.29,41.29,41.29,641,0
TAGG.US,60,20240508,190000,41.7373,41.758,41.7373,41.7373,1580,0
TAGG.US,60,20240509,160000,41.76,41.76,41.76,41.76,1535,0
TAGG.US,60,20240509,170000,41.6944,41.6944,41.6944,41.6944,317,0
TAGG.US,60,20240514,200000,41.66,41.84,41.6108,41.84,7732,0
TAGG.US,60,20240515,210000,42.13,42.13,42.07,42.11,1289,0
TAGG.US,60,20240520,170000,41.9826,41.9826,41.89,41.89,1438,0
TAGG.US,60,20240520,220000,41.885,41.92,41.885,41.92,505,0
TAGG.US,60,20240521,180000,41.9558,41.99,41.9558,41.99,325,0
TAGG.US,60,20240521,210000,41.9858,41.9858,41.9858,41.9858,786,0
TAGG.US,60,20240522,180000,41.91,41.91,41.91,41.91,100,0
TAGG.US,60,20240522,190000,41.97,41.97,41.97,41.97,1305,0
TAGG.US,60,20240522,200000,41.94,41.94,41.94,41.94,250,0
TAGG.US,60,20240528,170000,41.68,41.68,41.68,41.68,200,0
TAGG.US,60,20240528,220000,41.52,41.52,41.52,41.52,432,0
TAGG.US,60,20240529,200000,41.323,41.323,41.323,41.323,1000,0
TAGG.US,60,20240530,170000,41.4999,41.4999,41.4999,41.4999,131,0
TAGG.US,60,20240530,210000,41.4966,41.4966,41.4966,41.4966,235,0
TAGG.US,60,20240530,220000,41.47,41.47,41.46,41.46,500,0
TAGG.US,60,20240531,170000,41.63,41.63,41.57,41.58,1300,0
TAGG.US,60,20240531,180000,41.56,41.56,41.56,41.56,100,0
TAGG.US,60,20240531,190000,41.53,41.53,41.52,41.52,200,0
TAGG.US,60,20240531,200000,41.54,41.54,41.54,41.54,100,0
TAGG.US,60,20240531,210000,41.56,41.57,41.56,41.57,2093,0
TAGG.US,60,20240531,220000,41.53,41.56,41.53,41.56,200,0
TAGG.US,60,20240603,190000,41.845,41.845,41.845,41.845,176,0
TAGG.US,60,20240605,160000,42.06,42.06,42.06,42.06,1191,0
TAGG.US,60,20240605,190000,42.12,42.12,42.12,42.12,100,0
TAGG.US,60,20240605,210000,42.1185,42.1185,42.1185,42.1185,723,0
TAGG.US,60,20240610,220000,41.75,41.75,41.75,41.75,318,0
TAGG.US,60,20240611,200000,41.82,41.82,41.82,41.82,100,0
TAGG.US,60,20240612,180000,42.33,42.33,42.33,42.33,300,0
TAGG.US,60,20240612,220000,42.17,42.17,42.17,42.17,100,0
TAGG.US,60,20240618,170000,42.27,42.27,42.27,42.27,100,0
TAGG.US,60,20240618,200000,42.37,42.37,42.37,42.37,100,0
TAGG.US,60,20240620,170000,42.25,42.25,42.25,42.25,100,0
TAGG.US,60,20240621,200000,42.3037,42.3037,42.3037,42.3037,188,0
TAGG.US,60,20240625,160000,42.31,42.31,42.21,42.21,478,0
TAGG.US,60,20240625,200000,42.2298,42.2298,42.2297,42.2297,300,0
TAGG.US,60,20240626,160000,42.07,42.07,42.07,42.07,199,0
TAGG.US,60,20240626,220000,41.9962,41.9962,41.9962,41.9962,200,0
TAGG.US,60,20240701,170000,42.13,42.13,41.65,41.65,1572,0
TAGG.US,60,20240701,180000,41.6526,41.6526,41.6526,41.6526,850,0
TAGG.US,60,20240701,200000,41.63,41.63,41.63,41.63,307,0
TAGG.US,60,20240701,220000,41.6204,41.6204,41.6204,41.6204,600,0
TAGG.US,60,20240702,160000,41.78,41.8086,41.78,41.8086,350,0
TAGG.US,60,20240702,220000,41.72,41.73,41.72,41.73,725,0
TAGG.US,60,20240705,160000,42.14,42.14,42.14,42.14,184,0
TAGG.US,60,20240705,180000,42.232,42.232,42.232,42.232,594,0
TAGG.US,60,20240708,190000,42.15,42.1634,42.1203,42.1203,1288,0
TAGG.US,60,20240708,200000,42.21,42.21,42.21,42.21,200,0
TAGG.US,60,20240708,220000,42.24,42.24,42.24,42.24,493,0
TAGG.US,60,20240710,170000,42.2197,42.2197,42.2197,42.2197,1186,0
TAGG.US,60,20240710,190000,42.21,42.21,42.21,42.21,200,0
TAGG.US,60,20240715,160000,42.5,42.5,42.5,42.5,885,0
TAGG.US,60,20240715,190000,42.52,42.53,42.495,42.495,400,0
TAGG.US,60,20240715,200000,42.5,42.5,42.5,42.5,1315,0
TAGG.US,60,20240717,220000,42.655,42.655,42.655,42.655,491,0
TAGG.US,60,20240718,180000,42.65,42.65,42.65,42.65,2346,0
TAGG.US,60,20240718,190000,42.6191,42.6191,42.6191,42.6191,500,0
TAGG.US,60,20240725,200000,42.608,42.608,42.351,42.351,1174,0
TAGG.US,60,20240726,180000,42.331,42.331,42.331,42.331,115,0
TAGG.US,60,20240726,220000,42.39,42.435,42.39,42.435,300,0
TAGG.US,60,20240730,170000,42.4287,42.46,42.4287,42.46,438,0
TAGG.US,60,20240731,220000,42.63,42.63,42.63,42.63,100,0
TAGG.US,60,20240801,160000,42.8739,43.06,42.8739,42.8739,3056,0
TAGG.US,60,20240801,200000,43,43,43,43,100,0
TAGG.US,60,20240801,220000,42.96,42.96,42.96,42.96,104,0
TAGG.US,60,20240812,210000,43.2,43.2,43.18,43.18,250,0
TAGG.US,60,20240813,170000,43.32,43.32,43.32,43.32,100,0
TAGG.US,60,20240819,160000,43.326,43.326,43.326,43.326,120,0
TAGG.US,60,20240819,170000,43.356,43.359,43.356,43.359,2575,0
TAGG.US,60,20240821,180000,43.63,43.63,43.63,43.63,200,0
TAGG.US,60,20240821,210000,43.695,43.695,43.695,43.695,450,0
TAGG.US,60,20240821,220000,43.645,43.645,43.645,43.645,550,0
TAGG.US,60,20240822,170000,43.41,43.41,43.41,43.41,1033,0
TAGG.US,60,20240823,160000,43.4908,43.4908,43.4908,43.4908,1030,0
TAGG.US,60,20240823,180000,43.59,43.59,43.59,43.59,3500,0
TAGG.US,60,20240823,190000,43.62,43.62,43.62,43.62,100,0
TAGG.US,60,20240826,170000,43.7,43.7,43.666,43.666,600,0
TAGG.US,60,20240826,190000,43.66,43.715,43.66,43.685,2300,0
TAGG.US,60,20240826,200000,43.66,43.66,43.6567,43.6567,1150,0
TAGG.US,60,20240826,220000,43.695,43.695,43.65,43.65,350,0
TAGG.US,60,20240827,170000,43.41,43.41,43.41,43.41,550,0
TAGG.US,60,20240828,220000,43.408,43.408,43.408,43.408,225,0
TAGG.US,60,20240903,190000,43.35,43.35,43.35,43.35,139,0
TAGG.US,60,20240903,210000,43.398,43.398,43.398,43.398,1150,0
TAGG.US,60,20240903,220000,43.418,43.4313,43.418,43.4313,485,0
TAGG.US,60,20240904,200000,43.5901,43.5901,43.5901,43.5901,241,0
TAGG.US,60,20240905,170000,43.68,43.68,43.68,43.68,100,0
TAGG.US,60,20240905,200000,43.78,43.78,43.78,43.78,230,0
TAGG.US,60,20240905,210000,43.79,43.8,43.7826,43.79,1219,0
TAGG.US,60,20240906,180000,43.9099,43.9099,43.9099,43.9099,1380,0
TAGG.US,60,20240906,190000,43.87,43.87,43.815,43.815,200,0
TAGG.US,60,20240906,200000,43.81,43.81,43.81,43.81,100,0
TAGG.US,60,20240909,160000,43.83,43.83,43.83,43.83,1146,0
TAGG.US,60,20240909,190000,43.87,43.9499,43.87,43.94,5380,0
TAGG.US,60,20240909,220000,43.94,43.94,43.94,43.94,100,0
TAGG.US,60,20240910,190000,44.01,44.07,44.0012,44.0266,2805,0
TAGG.US,60,20240910,210000,44.07,44.33,44.07,44.071,7187,0
TAGG.US,60,20240910,220000,44.06,44.06,44.06,44.06,100,0
TAGG.US,60,20240911,180000,44.1099,44.1099,44.1099,44.1099,225,0
TAGG.US,60,20240911,200000,44.02,44.02,44.02,44.02,100,0
TAGG.US,60,20240911,210000,44.03,44.03,44.03,44.03,100,0
TAGG.US,60,20240912,180000,43.96,43.96,43.96,43.96,100,0
TAGG.US,60,20240912,190000,43.94,43.94,43.94,43.94,100,0
TAGG.US,60,20240912,200000,43.97,43.97,43.97,43.97,2274,0
TAGG.US,60,20240913,160000,44.1,44.1,44.1,44.1,375,0
TAGG.US,60,20240913,170000,44.0495,44.0495,44.0303,44.0303,627,0
TAGG.US,60,20240913,220000,44.09,44.11,44.09,44.11,311,0
TAGG.US,60,20240916,170000,44.11,44.11,44.11,44.11,500,0
TAGG.US,60,20240916,200000,44.16,44.188,44.16,44.188,1210,0
TAGG.US,60,20240916,220000,44.18,44.18,44.18,44.18,100,0
TAGG.US,60,20240917,170000,44.1512,44.1513,44.1471,44.1471,505,0
TAGG.US,60,20240917,180000,44.1504,44.16,44.1504,44.16,1070,0
TAGG.US,60,20240917,220000,44.14,44.14,44.14,44.14,100,0
TAGG.US,60,20240918,160000,44.04,44.04,44.04,44.04,500,0
TAGG.US,60,20240918,190000,44.05,44.05,44.05,44.05,100,0
TAGG.US,60,20240918,210000,44.13,44.13,44.13,44.13,100,0
TAGG.US,60,20240918,220000,44.07,44.08,44.01,44.01,600,0
TAGG.US,60,20240919,160000,43.95,43.95,43.95,43.95,277,0
TAGG.US,60,20240919,170000,43.9565,43.9565,43.9565,43.9565,256,0
TAGG.US,60,20240920,210000,44.01,44.2,43.99,44.05,6514,0
TAGG.US,60,20240920,220000,43.99,44.0499,43.99,44.0499,2160,0
TAGG.US,60,20240923,160000,43.94,43.94,43.94,43.94,1070,0
TAGG.US,60,20240923,170000,43.85,43.85,43.85,43.85,100,0
TAGG.US,60,20240923,220000,43.9366,43.9366,43.93,43.93,321,0
TAGG.US,60,20240924,170000,43.91,43.91,43.91,43.91,100,0
TAGG.US,60,20240924,180000,43.9501,43.9502,43.83,43.83,2855,0
TAGG.US,60,20240924,190000,43.99,43.99,43.99,43.99,100,0
TAGG.US,60,20240924,210000,44.005,44.005,44.005,44.005,138,0
TAGG.US,60,20240925,160000,43.76,43.76,43.76,43.76,100,0
TAGG.US,60,20240925,170000,43.75,43.75,43.75,43.75,100,0
TAGG.US,60,20240925,180000,43.7069,43.7069,43.7069,43.7069,177,0
TAGG.US,60,20240925,190000,43.74,43.74,43.74,43.74,228,0
TAGG.US,60,20240925,220000,43.71,43.72,43.7,43.7,300,0
TAGG.US,60,20240926,160000,43.7,43.7,43.59,43.59,300,0
TAGG.US,60,20240926,220000,43.71,43.71,43.71,43.71,100,0
TAGG.US,60,20240927,170000,43.78,43.78,43.78,43.78,159,0
TAGG.US,60,20240927,220000,43.82,43.82,43.82,43.82,100,0
TAGG.US,60,20240930,160000,43.7143,43.7143,43.7143,43.7143,135,0
TAGG.US,60,20240930,190000,43.7257,43.7257,43.7257,43.7257,189,0
TAGG.US,60,20240930,210000,43.74,43.74,43.74,43.74,100,0
TAGG.US,60,20241001,200000,43.85,43.85,43.85,43.85,100,0
TAGG.US,60,20241001,210000,43.8,43.8,43.79,43.79,2381,0
TAGG.US,60,20241003,170000,43.67,43.67,43.65,43.65,2748,0
TAGG.US,60,20241003,180000,43.625,43.7,43.625,43.7,4744,0
TAGG.US,60,20241003,190000,43.64,43.64,43.64,43.64,100,0
TAGG.US,60,20241003,200000,43.64,43.64,43.64,43.64,200,0
TAGG.US,60,20241003,220000,43.63,43.63,43.63,43.63,800,0
TAGG.US,60,20241004,160000,43.4,43.4,43.35,43.35,600,0
TAGG.US,60,20241004,180000,43.3392,43.3392,43.33,43.33,250,0
TAGG.US,60,20241004,190000,43.34,43.34,43.34,43.34,100,0
TAGG.US,60,20241004,210000,43.3075,43.3075,43.18,43.2618,7994,0
TAGG.US,60,20241004,220000,43.28,43.29,43.275,43.29,400,0
TAGG.US,60,20241007,160000,43.0801,43.0801,43.0801,43.0801,100,0
TAGG.US,60,20241008,170000,43.12,43.12,43.118,43.118,200,0
TAGG.US,60,20241008,180000,43.09,43.09,43.09,43.09,100,0
TAGG.US,60,20241008,200000,43.156,43.156,43.156,43.156,116,0
TAGG.US,60,20241008,220000,43.1992,43.1992,43.1992,43.1992,320,0
TAGG.US,60,20241009,160000,43.11,43.11,43.11,43.11,100,0
TAGG.US,60,20241009,210000,43.0793,43.0793,43.0793,43.0793,580,0
TAGG.US,60,20241009,220000,43.0743,43.0743,43.0743,43.0743,250,0
TAGG.US,60,20241010,210000,43.05,43.05,43.05,43.05,120,0
TAGG.US,60,20241011,220000,43.07,43.07,43.07,43.07,100,0
TAGG.US,60,20241014,170000,42.93,42.93,42.93,42.93,100,0
TAGG.US,60,20241014,210000,42.99,42.99,42.99,42.99,100,0
TAGG.US,60,20241015,170000,43.13,43.13,43.13,43.13,100,0
TAGG.US,60,20241016,160000,43.21,43.21,43.21,43.21,400,0
TAGG.US,60,20241016,170000,43.25,43.25,43.225,43.225,200,0
TAGG.US,60,20241016,200000,43.2462,43.2463,43.2462,43.2463,250,0
TAGG.US,60,20241016,210000,43.26,43.26,43.26,43.26,100,0
TAGG.US,60,20241016,220000,43.2407,43.36,43.2407,43.36,453,0
TAGG.US,60,20241017,170000,43.07,43.08,43.07,43.08,600,0
TAGG.US,60,20241017,190000,43.0699,43.0699,43.0699,43.0699,1160,0
TAGG.US,60,20241017,220000,43.0897,43.0897,43.0877,43.0877,700,0
TAGG.US,60,20241018,180000,43.1399,43.1399,43.1399,43.1399,105,0
TAGG.US,60,20241018,190000,43.1095,43.13,43.1095,43.13,940,0
TAGG.US,60,20241021,160000,42.9094,42.9094,42.9094,42.9094,460,0
TAGG.US,60,20241021,170000,42.91,42.91,42.91,42.91,100,0
TAGG.US,60,20241021,180000,42.8526,42.8526,42.8526,42.8526,102,0
TAGG.US,60,20241021,200000,42.8592,42.8592,42.8592,42.8592,120,0
TAGG.US,60,20241021,210000,42.8535,42.8535,42.8535,42.8535,226,0
TAGG.US,60,20241022,180000,42.76,42.7652,42.74,42.74,400,0
TAGG.US,60,20241022,190000,42.74,42.759,42.71,42.72,1000,0
TAGG.US,60,20241023,160000,42.6288,42.6288,42.6288,42.6288,100,0
TAGG.US,60,20241024,190000,42.76,42.7899,42.76,42.78,4765,0
TAGG.US,60,20241025,180000,42.7723,42.7723,42.7723,42.7723,300,0
TAGG.US,60,20241025,190000,42.7671,42.7671,42.7671,42.7671,584,0
TAGG.US,60,20241025,200000,42.765,42.765,42.765,42.765,300,0
TAGG.US,60,20241025,210000,42.76,42.76,42.76,42.76,100,0
TAGG.US,60,20241025,220000,42.67,42.745,42.6557,42.695,840,0
TAGG.US,60,20241028,180000,42.4298,42.4298,42.4298,42.4298,14141,0
TAGG.US,60,20241028,190000,42.46,42.46,42.4299,42.4299,500,0
TAGG.US,60,20241028,200000,42.47,42.47,42.47,42.47,100,0
TAGG.US,60,20241028,210000,42.48,42.48,42.44,42.44,200,0
TAGG.US,60,20241029,150000,42.33,42.33,42.33,42.33,100,0
TAGG.US,60,20241029,170000,42.35,42.35,42.3499,42.3499,64200,0
TAGG.US,60,20241029,180000,42.36,42.36,42.36,42.36,1000,0
TAGG.US,60,20241030,150000,42.55,42.55,42.55,42.55,500,0
TAGG.US,60,20241030,160000,42.625,42.625,42.625,42.625,209,0
TAGG.US,60,20241030,170000,42.51,42.51,42.51,42.51,2347,0
TAGG.US,60,20241031,210000,42.51,42.51,42.4502,42.4502,400,0
TAGG.US,60,20241101,200000,42.3051,42.3051,42.3051,42.3051,295,0
TAGG.US,60,20241104,170000,42.52,42.52,42.52,42.52,100,0
TAGG.US,60,20241105,160000,42.43,42.43,42.43,42.43,306,0
TAGG.US,60,20241105,170000,42.37,42.37,42.3401,42.3401,1054,0
TAGG.US,60,20241105,180000,42.3796,42.3796,42.3796,42.3796,400,0
TAGG.US,60,20241105,200000,42.4301,42.4301,42.4301,42.4301,1030,0
TAGG.US,60,20241105,220000,42.5301,42.67,42.5301,42.67,350,0
TAGG.US,60,20241106,160000,42.14,42.14,42.1288,42.1335,1234,0
TAGG.US,60,20241106,200000,42.28,42.28,42.28,42.28,1186,0
TAGG.US,60,20241107,220000,42.5362,42.5362,42.5362,42.5362,704,0
TAGG.US,60,20241113,160000,42.5346,42.5346,42.42,42.42,225,0
TAGG.US,60,20241113,210000,42.25,42.25,42.25,42.25,600,0
TAGG.US,60,20241114,170000,42.31,42.31,42.31,42.31,578,0
TAGG.US,60,20241114,180000,42.32,42.3596,42.32,42.3596,337,0
TAGG.US,60,20241114,200000,42.3981,42.3981,42.3981,42.3981,120,0
TAGG.US,60,20241114,210000,42.29,42.29,42.29,42.29,1000,0
TAGG.US,60,20241114,220000,42.265,42.265,42.265,42.265,568,0
TAGG.US,60,20241115,170000,42.1588,42.1588,42.1588,42.1588,1185,0
TAGG.US,60,20241115,220000,42.2713,42.28,42.27,42.27,400,0
TAGG.US,60,20241118,170000,42.17,42.19,42.17,42.19,350,0
TAGG.US,60,20241118,180000,42.2,42.2,42.2,42.2,150,0
TAGG.US,60,20241119,160000,42.41,42.41,42.41,42.41,100,0
TAGG.US,60,20241119,200000,42.3798,42.3798,42.3798,42.3798,236,0
TAGG.US,60,20241120,220000,42.34,42.44,42.34,42.44,200,0
TAGG.US,60,20241122,200000,42.302,42.302,42.302,42.302,283,0
TAGG.US,60,20241126,190000,42.4099,42.41,42.4099,42.4099,500,0
TAGG.US,60,20241127,170000,42.5885,42.5885,42.57,42.57,1256,0
TAGG.US,60,20241127,190000,42.62,42.62,42.62,42.62,996,0
TAGG.US,60,20241202,180000,42.77,42.77,42.77,42.77,500,0
TAGG.US,60,20241202,220000,42.77,42.77,42.77,42.77,100,0
TAGG.US,60,20241204,160000,42.6374,42.6374,42.61,42.6374,679,0
TAGG.US,60,20241204,200000,42.71,42.71,42.71,42.71,100,0
TAGG.US,60,20241205,210000,42.87,42.94,42.87,42.94,500,0
TAGG.US,60,20241206,170000,42.97,43.045,42.9557,43.045,780,0
TAGG.US,60,20241206,210000,42.95,42.9555,42.95,42.9555,3500,0
TAGG.US,60,20241212,170000,42.8,42.81,42.5541,42.5541,3434,0
TAGG.US,60,20241217,160000,42.3899,42.3899,42.3899,42.3899,339,0
TAGG.US,60,20241218,180000,42.3601,42.3601,42.3601,42.3601,1500,0
TAGG.US,60,20241218,200000,42.42,42.43,42.4087,42.4087,400,0
TAGG.US,60,20241219,220000,41.945,41.945,41.945,41.945,103,0
TAGG.US,60,20241220,180000,42.1151,42.1151,42.1151,42.1151,195,0
TAGG.US,60,20241223,170000,41.81,41.81,41.76,41.79,900,0
TAGG.US,60,20241223,180000,41.78,41.78,41.75,41.76,1400,0
TAGG.US,60,20241223,190000,41.755,41.755,41.61,41.71,2620,0
TAGG.US,60,20241223,200000,41.72,41.72,41.7,41.7,1800,0
TAGG.US,60,20241223,210000,41.71,41.72,41.54,41.7,4326,0
TAGG.US,60,20241223,220000,41.71,41.71,41.58,41.67,4700,0
TAGG.US,60,20241224,160000,41.7275,41.7275,41.7275,41.7275,140,0
TAGG.US,60,20241224,170000,41.7,41.7265,41.67,41.7265,3050,0
TAGG.US,60,20241224,190000,41.72,41.72,41.7,41.7,300,0
TAGG.US,60,20241230,170000,41.7383,41.94,41.7383,41.9,770,0
TAGG.US,60,20250102,180000,41.92,41.92,41.84,41.84,1852,0
TAGG.US,60,20250102,200000,41.85,41.85,41.85,41.85,1080,0
TAGG.US,60,20250106,170000,41.89,41.89,41.77,41.77,2240,0
TAGG.US,60,20250106,180000,41.79,41.79,41.79,41.79,100,0
TAGG.US,60,20250107,160000,41.8,41.8,41.7648,41.7648,325,0
TAGG.US,60,20250107,180000,41.62,41.62,41.62,41.62,100,0
TAGG.US,60,20250107,190000,41.6188,41.6188,41.6188,41.6188,408,0
TAGG.US,60,20250107,200000,41.62,41.64,41.62,41.64,5933,0
TAGG.US,60,20250108,190000,41.6501,41.6501,41.6501,41.6501,163,0
TAGG.US,60,20250108,220000,41.7295,41.7295,41.7295,41.7295,288,0
TAGG.US,60,20250110,200000,41.51,41.51,41.51,41.51,169,0
TAGG.US,60,20250113,190000,41.4781,41.4781,41.4781,41.4781,125,0
TAGG.US,60,20250113,220000,41.44,41.44,41.4105,41.4105,211,0
TAGG.US,60,20250116,180000,41.91,41.91,41.895,41.895,520,0
TAGG.US,60,20250116,200000,41.8859,41.8859,41.8859,41.8859,200,0
TAGG.US,60,20250117,180000,41.9101,41.9101,41.9101,41.9101,676,0
TAGG.US,60,20250117,220000,41.9088,41.9088,41.9088,41.9088,238,0
TAGG.US,60,20250123,180000,41.86,41.86,41.86,41.86,110,0
TAGG.US,60,20250123,200000,41.9,41.9,41.9,41.9,100,0
TAGG.US,60,20250124,170000,41.965,42.0286,41.95,42.0286,401,0
TAGG.US,60,20250124,200000,42.01,42.17,42.006,42.006,4394,0
TAGG.US,60,20250124,220000,42,42,42,42,100,0
TAGG.US,60,20250127,170000,42.0864,42.0864,42.0864,42.0864,900,0
TAGG.US,60,20250127,200000,42.16,42.17,42.16,42.17,5334,0
TAGG.US,60,20250127,220000,42.17,42.17,42.17,42.17,500,0
TAGG.US,60,20250128,170000,41.96,41.96,41.96,41.96,750,0
TAGG.US,60,20250128,180000,41.935,41.935,41.935,41.935,600,0
TAGG.US,60,20250130,170000,42.05,42.0899,42.05,42.07,1007,0
TAGG.US,60,20250130,180000,42.0547,42.0547,42.0547,42.0547,118,0
TAGG.US,60,20250130,190000,42.05,42.0532,42,42,954,0
TAGG.US,60,20250130,200000,42.04,42.04,42.04,42.04,100,0
TAGG.US,60,20250130,220000,42.05,42.05,42.05,42.05,157,0
TAGG.US,60,20250131,160000,42.08,42.08,42.08,42.08,100,0
TAGG.US,60,20250131,190000,42.07,42.07,42.07,42.07,100,0
TAGG.US,60,20250203,170000,42.15,42.15,42.15,42.15,100,0
TAGG.US,60,20250204,200000,42.07,42.07,42.07,42.07,169,0
TAGG.US,60,20250205,170000,42.3087,42.3087,42.3087,42.3087,207,0
TAGG.US,60,20250205,190000,42.3001,42.3001,42.3001,42.3001,700,0
TAGG.US,60,20250206,200000,42.295,42.295,42.295,42.295,214,0
TAGG.US,60,20250207,160000,42.29,42.29,42.27,42.29,883,0
TAGG.US,60,20250212,170000,42.17,42.17,41.82,41.89,1316,0
TAGG.US,60,20250212,180000,41.809,41.82,41.73,41.73,1826,0
TAGG.US,60,20250213,210000,41.8795,42.175,41.8795,42.175,4323,0
TAGG.US,60,20250214,160000,42.2584,42.2584,42.2584,42.2584,459,0
TAGG.US,60,20250221,170000,42.2086,42.4,42.2086,42.36,1274,0
TAGG.US,60,20250224,160000,42.3774,42.3774,42.3774,42.3774,230,0
TAGG.US,60,20250225,170000,42.55,42.5536,42.55,42.5536,50856,0
TAGG.US,60,20250225,220000,42.6,42.6,42.6,42.6,100,0
TAGG.US,60,20250227,170000,42.644,42.66,42.644,42.66,34989,0
TAGG.US,60,20250227,210000,42.59,42.59,42.59,42.59,175,0
TAGG.US,60,20250227,220000,42.63,42.64,42.63,42.64,200,0
TAGG.US,60,20250228,170000,42.72,42.8,42.71,42.71,514,0
TAGG.US,60,20250303,210000,42.85,42.85,42.8455,42.8455,200,0
TAGG.US,60,20250303,220000,42.8896,42.8896,42.8896,42.8896,326,0
TAGG.US,60,20250304,180000,42.92,42.92,42.92,42.92,100,0
TAGG.US,60,20250305,200000,42.6,42.6,42.6,42.6,100,0
TAGG.US,60,20250305,210000,42.63,42.645,42.63,42.645,300,0
TAGG.US,60,20250306,170000,42.5499,42.5499,42.5499,42.5499,871,0
TAGG.US,60,20250306,190000,42.575,42.5895,42.575,42.5895,535,0
TAGG.US,60,20250307,170000,42.659,42.659,42.659,42.659,260,0
TAGG.US,60,20250307,200000,42.5959,42.5959,42.5959,42.5959,130,0
TAGG.US,60,20250310,190000,42.7872,42.79,42.7872,42.79,3745,0
TAGG.US,60,20250310,200000,42.765,42.765,42.765,42.765,100,0
TAGG.US,60,20250310,210000,42.7836,42.7836,42.7836,42.7836,1075,0
TAGG.US,60,20250311,160000,42.78,42.78,42.78,42.78,100,0
TAGG.US,60,20250312,170000,42.57,42.57,42.57,42.57,1879,0
TAGG.US,60,20250312,210000,42.5299,42.53,42.51,42.53,8357,0
TAGG.US,60,20250313,180000,42.525,42.525,42.525,42.525,174,0
TAGG.US,60,20250313,190000,42.5201,42.5201,42.5201,42.5201,431,0
TAGG.US,60,20250313,200000,42.62,42.655,42.62,42.655,1200,0
TAGG.US,60,20250313,210000,42.64,42.7,42.6237,42.6237,7662,0
TAGG.US,60,20250314,160000,42.5797,42.5797,42.5795,42.5795,2145,0
TAGG.US,60,20250314,170000,42.57,42.57,42.57,42.57,100,0
TAGG.US,60,20250314,190000,42.6,42.7,42.6,42.7,200,0
TAGG.US,60,20250314,200000,42.62,42.62,42.62,42.62,100,0
TAGG.US,60,20250314,210000,42.57,42.65,42.5699,42.625,8010,0
TAGG.US,60,20250317,170000,42.68,42.68,42.63,42.63,1846,0
TAGG.US,60,20250317,180000,42.7,42.7,42.7,42.7,100,0
TAGG.US,60,20250317,190000,42.68,42.68,42.68,42.68,400,0
TAGG.US,60,20250317,210000,42.66,42.66,42.61,42.61,1507,0
TAGG.US,60,20250318,160000,42.6,42.647,42.6,42.647,255,0
TAGG.US,60,20250318,170000,42.57,42.6,42.57,42.6,123386,0
TAGG.US,60,20250318,190000,42.64,42.65,42.64,42.65,1320,0
TAGG.US,60,20250318,200000,42.67,42.69,42.67,42.69,500,0
TAGG.US,60,20250318,210000,42.67,42.68,42.67,42.68,700,0
TAGG.US,60,20250319,180000,42.61,42.61,42.61,42.61,41573,0
TAGG.US,60,20250319,190000,42.59,42.59,42.59,42.59,400,0
TAGG.US,60,20250320,160000,42.871,42.871,42.84,42.866,2782,0
TAGG.US,60,20250320,200000,42.85,42.85,42.8299,42.83,1900,0
TAGG.US,60,20250320,210000,42.8499,42.8499,42.8499,42.8499,677,0
TAGG.US,60,20250321,150000,42.85,42.85,42.85,42.85,300,0
TAGG.US,60,20250321,180000,42.81,42.81,42.81,42.81,29729,0
TAGG.US,60,20250324,150000,42.66,42.685,42.66,42.685,200,0
TAGG.US,60,20250324,160000,42.665,42.71,42.63,42.67,4889,0
TAGG.US,60,20250324,170000,42.67,42.685,42.64,42.68,500,0
TAGG.US,60,20250324,180000,42.646,42.69,42.646,42.69,622,0
TAGG.US,60,20250324,190000,42.72,42.72,42.7,42.7,800,0
TAGG.US,60,20250324,200000,42.67,42.705,42.67,42.705,1185,0
TAGG.US,60,20250324,210000,42.67,42.72,42.66,42.665,1130,0
TAGG.US,60,20250325,150000,42.596,42.596,42.596,42.596,2690,0
TAGG.US,60,20250325,180000,42.6589,42.6589,42.6589,42.6589,2019,0
TAGG.US,60,20250326,160000,42.395,42.395,42.395,42.395,132,0
TAGG.US,60,20250326,170000,42.42,42.4935,42.39,42.39,2531,0
TAGG.US,60,20250326,190000,42.43,42.43,42.42,42.43,18886,0
TAGG.US,60,20250326,210000,42.44,42.44,42.42,42.43,300,0
TAGG.US,60,20250327,150000,42.4,42.468,42.4,42.465,754,0
TAGG.US,60,20250327,160000,42.3798,42.435,42.3798,42.4199,2693,0
TAGG.US,60,20250327,170000,42.4199,42.4199,42.3636,42.38,1450,0
TAGG.US,60,20250327,190000,42.3869,42.39,42.3869,42.39,33659,0
TAGG.US,60,20250327,200000,42.5285,42.5285,42.5285,42.5285,1300,0
TAGG.US,60,20250327,210000,42.41,42.5,42.4,42.5,12204,0
TAGG.US,60,20250328,150000,42.532517,42.532637,42.532517,42.532637,686,0
TAGG.US,60,20250328,160000,42.5589,42.56,42.5589,42.56,359,0
TAGG.US,60,20250328,180000,42.57,42.58,42.565,42.58,17471,0
TAGG.US,60,20250328,190000,42.63,42.63,42.63,42.63,100,0
TAGG.US,60,20250328,210000,42.64,42.65,42.64,42.65,200,0
TAGG.US,60,20250331,160000,42.79,42.835,42.79,42.835,800,0
TAGG.US,60,20250331,170000,42.79,42.86,42.77,42.77,4900,0
TAGG.US,60,20250331,180000,42.79,42.805,42.76,42.79,25889,0
TAGG.US,60,20250331,190000,42.79,42.81,42.74,42.74,5400,0
TAGG.US,60,20250331,200000,42.69,42.715,42.665,42.665,2391,0
TAGG.US,60,20250331,210000,42.67,42.68,42.67,42.68,900,0
TAGG.US,60,20250331,220000,42.71,42.8125,42.71,42.8,7015,0
TAGG.US,60,20250401,180000,42.9,42.9,42.896294,42.896394,476,0
TAGG.US,60,20250401,200000,42.8902,42.8902,42.8902,42.8902,606,0
TAGG.US,60,20250401,210000,42.9,42.9,42.89,42.89,16320,0
TAGG.US,60,20250401,220000,42.88,42.88,42.85,42.85,4500,0
TAGG.US,60,20250402,170000,42.8895,42.8895,42.77,42.77,13085,0
TAGG.US,60,20250402,190000,42.845,42.845,42.845,42.845,1826,0
TAGG.US,60,20250402,200000,42.85,42.85,42.74,42.81,31137,0
TAGG.US,60,20250402,210000,42.8429,42.8429,42.81,42.81,4358,0
TAGG.US,60,20250402,220000,42.82,42.8636,42.82,42.82,5748,0
TAGG.US,60,20250403,180000,43.135,43.135,43.07,43.0953,18870,0
TAGG.US,60,20250403,190000,43.0459,43.0459,43.01,43.02,1980,0
TAGG.US,60,20250403,200000,43.0599,43.070547,43.03,43.04,8350,0
TAGG.US,60,20250403,210000,43.04,43.1487,43.04,43.06,7043,0
TAGG.US,60,20250403,220000,43.025,43.57,43,43.57,16235,0
TAGG.US,60,20250404,160000,43.2546,43.2546,43.2546,43.2546,461,0
TAGG.US,60,20250404,170000,43.3699,43.47,43.3254,43.395,50817,0
TAGG.US,60,20250404,180000,43.275,44.66,43.275,43.3096,45661,0
TAGG.US,60,20250404,190000,43.3199,43.35,43.3,43.31,4706,0
TAGG.US,60,20250404,200000,43.29,43.29,43.17,43.17,434,0
TAGG.US,60,20250404,210000,43.13,43.181,42.92,43.11,3822,0
TAGG.US,60,20250404,220000,43.129,43.2099,43.105,43.18,17328,0
TAGG.US,60,20250407,160000,43.03,43.14,43.03,43.105,1900,0
TAGG.US,60,20250407,170000,43.105,43.105,42.97,43,4383,0
TAGG.US,60,20250407,180000,43.0683,43.0683,43.0683,43.0683,1005,0
TAGG.US,60,20250407,190000,42.781,42.8887,42.78,42.78346,4446,0
TAGG.US,60,20250407,200000,42.789,42.789,42.18,42.64,5546,0
TAGG.US,60,20250407,210000,42.7,42.74,42.7,42.74,9582,0
TAGG.US,60,20250407,220000,42.7156,42.83,42.695,42.695,8226,0
TAGG.US,60,20250408,180000,42.5342,42.61,42.5342,42.54,49541,0
TAGG.US,60,20250408,190000,42.62,42.63,42.6,42.62,15758,0
TAGG.US,60,20250408,210000,42.4006,42.465,42.4006,42.42,1980,0
TAGG.US,60,20250408,220000,42.4264,42.49,42.4264,42.44,638,0
TAGG.US,60,20250409,180000,42.02,42.08,42.02,42.03,18557,0
TAGG.US,60,20250409,190000,41.8666,41.8949,41.8666,41.8934,3950,0
TAGG.US,60,20250409,200000,42.1385,42.1385,41.94,41.9401,2202,0
TAGG.US,60,20250409,210000,42.1075,42.15,42.1,42.12,4972,0
TAGG.US,60,20250409,220000,42.1636,42.3947,42.1636,42.3947,6858,0
TAGG.US,60,20250410,170000,42.34,42.63,42.33,42.33,1100,0
TAGG.US,60,20250410,180000,42.29,42.7,42.22,42.23,8288,0
TAGG.US,60,20250410,190000,42.1905,42.22,42.1905,42.22,981,0
TAGG.US,60,20250410,200000,42.26,42.26,42.25,42.25,33456,0
TAGG.US,60,20250410,210000,42.33,42.33,42.27,42.27,9858,0
TAGG.US,60,20250410,220000,42.28,42.29,42.245,42.28,10189,0
TAGG.US,60,20250411,160000,41.935,41.97,41.83,41.935,1000,0
TAGG.US,60,20250411,170000,41.93,42.095,41.875,41.945,1200,0
TAGG.US,60,20250411,180000,41.88,42.25,41.87,41.99,6543,0
TAGG.US,60,20250411,190000,42.02,42.35,42,42.1,62755,0
TAGG.US,60,20250411,200000,42.09,42.09,41.98,41.98,200,0
TAGG.US,60,20250411,210000,42.0559,42.07,41.98,42.07,1859,0
TAGG.US,60,20250411,220000,42.04,42.08,42.04,42.075,392,0
TAGG.US,60,20250414,170000,42.19,42.19,42.17,42.17,300,0
TAGG.US,60,20250414,180000,42.173,42.173,42.173,42.173,130,0
TAGG.US,60,20250414,190000,42.19,42.19,42.18,42.18,58376,0
TAGG.US,60,20250414,200000,42.171,42.265,42.17,42.265,2278,0
TAGG.US,60,20250414,210000,42.2374,42.45,42.2374,42.395,7770,0
TAGG.US,60,20250414,220000,42.38,42.405,42.31,42.31,5625,0
TAGG.US,60,20250415,170000,42.2835,42.2835,42.2835,42.2835,169,0
TAGG.US,60,20250415,180000,42.33,42.33,42.33,42.33,39139,0
TAGG.US,60,20250415,190000,42.33,42.39,42.32,42.38,8375,0
TAGG.US,60,20250415,200000,42.3504,42.4012,42.3504,42.3991,3207,0
TAGG.US,60,20250415,210000,42.36,42.36,42.31,42.32,1572,0
TAGG.US,60,20250415,220000,42.29,42.45,42.25,42.25,15806,0
TAGG.US,60,20250416,170000,42.345,42.345,42.345,42.345,3408,0
TAGG.US,60,20250416,180000,42.3599,42.361,42.3599,42.361,269,0
TAGG.US,60,20250416,190000,42.4091,42.475785,42.39,42.475785,37991,0
TAGG.US,60,20250416,200000,42.3834,42.52,42.3834,42.395,6196,0
TAGG.US,60,20250416,210000,42.45,42.45,42.45,42.45,200,0
TAGG.US,60,20250416,220000,42.481,42.5,42.48,42.48,7531,0
TAGG.US,60,20250417,180000,42.3795,42.3795,42.37,42.37,1754,0
TAGG.US,60,20250417,190000,42.38,42.38,42.31,42.31,22779,0
TAGG.US,60,20250417,200000,42.3596,42.3596,42.3536,42.3536,723,0
TAGG.US,60,20250417,210000,42.3559,42.3559,42.35,42.35,312,0
TAGG.US,60,20250417,220000,42.36,42.545,42.26,42.37,162939,0
TAGG.US,60,20250421,170000,42.29,42.29,42.29,42.29,27205,0
TAGG.US,60,20250421,180000,42.3,42.3,42.3,42.3,100,0
TAGG.US,60,20250421,190000,42.195,42.23,42.19,42.1985,10411,0
TAGG.US,60,20250421,200000,42.2,42.21,42.16,42.181602,7908,0
TAGG.US,60,20250421,210000,42.2084,42.23,42.2,42.22,7261,0
TAGG.US,60,20250421,220000,42.1896,42.22,42.1896,42.19,2901,0
TAGG.US,60,20250422,160000,42.23,42.23,42.215,42.215,1846,0
TAGG.US,60,20250422,170000,42.205,42.22,42.18,42.18,15290,0
TAGG.US,60,20250422,180000,42.2,42.2,42.2,42.2,100,0
TAGG.US,60,20250422,190000,42.245,42.34,42.2408,42.28,1241,0
TAGG.US,60,20250422,200000,42.25,42.32,42.2407,42.2678,6298,0
TAGG.US,60,20250422,210000,42.2459,42.37,42.24,42.2799,1593,0
TAGG.US,60,20250422,220000,42.2547,42.28,42.2547,42.26,4253,0
TAGG.US,60,20250423,160000,42.5,42.5,42.5,42.5,100,0
TAGG.US,60,20250423,170000,42.47,42.47,42.43,42.43,200,0
TAGG.US,60,20250423,180000,42.4047,42.4047,42.4047,42.4047,230,0
TAGG.US,60,20250423,190000,42.405,42.405,42.3,42.31,35193,0
TAGG.US,60,20250423,200000,42.35,42.43,42.32,42.34,3771,0
TAGG.US,60,20250423,210000,42.34,42.34,42.34,42.34,590,0
TAGG.US,60,20250423,220000,42.34,42.34,42.2605,42.3083,7186,0
TAGG.US,60,20250424,160000,42.4199,42.42,42.4199,42.42,233,0
TAGG.US,60,20250424,170000,42.4101,42.45,42.41,42.4233,30876,0
TAGG.US,60,20250424,190000,42.451635,42.4896,42.451635,42.4896,876,0
TAGG.US,60,20250424,200000,42.4502,42.475,42.4502,42.475,2946,0
TAGG.US,60,20250424,210000,42.5,42.5,42.4999,42.4999,800,0
TAGG.US,60,20250424,220000,42.48,42.5085,42.4601,42.5085,6069,0
TAGG.US,60,20250425,170000,42.42,42.42,42.42,42.42,43141,0
TAGG.US,60,20250425,180000,42.42,42.44393,42.42,42.443829,1401,0
TAGG.US,60,20250425,190000,42.449,42.515,42.449,42.515,2195,0
TAGG.US,60,20250425,200000,42.48,42.48,42.4736,42.48,4757,0
TAGG.US,60,20250425,210000,42.48,42.49,42.48,42.49,2048,0
TAGG.US,60,20250428,160000,42.4412,42.4412,42.4412,42.4412,100,0
TAGG.US,60,20250428,170000,42.4865,42.54,42.4865,42.53,33819,0
TAGG.US,60,20250428,200000,42.59,42.6,42.564,42.5999,8395,0
TAGG.US,60,20250428,220000,42.58,42.58,42.57,42.57,5247,0
TAGG.US,60,20250429,170000,42.6001,42.6001,42.6001,42.6001,470,0
TAGG.US,60,20250429,180000,42.666,42.666,42.6304,42.66,39448,0
TAGG.US,60,20250429,190000,42.7099,42.7099,42.692,42.692,3279,0
TAGG.US,60,20250429,200000,42.7,42.7,42.6628,42.6628,5597,0
TAGG.US,60,20250429,210000,42.67,42.67,42.67,42.67,2348,0
TAGG.US,60,20250429,220000,42.6701,42.6701,42.6701,42.6701,404,0
TAGG.US,60,20250430,190000,42.65,42.6648,42.65,42.6648,6989,0
TAGG.US,60,20250430,200000,42.6899,42.6899,42.6899,42.6899,400,0
TAGG.US,60,20250430,220000,42.665,42.69,42.6641,42.69,807,0
TAGG.US,60,20250501,160000,42.73,42.73,42.71,42.73,22955,0
TAGG.US,60,20250501,170000,42.73,42.73,42.6,42.6,36544,0
TAGG.US,60,20250501,180000,42.57,42.57,42.535,42.535,3091,0
TAGG.US,60,20250501,190000,42.55,42.56,42.55,42.56,1100,0
TAGG.US,60,20250501,200000,42.56,42.56,42.42,42.42,7760,0
TAGG.US,60,20250501,210000,42.49,42.49,42.49,42.49,234,0
TAGG.US,60,20250501,220000,42.513683,42.52,42.51,42.51,4576,0
TAGG.US,60,20250502,170000,42.4,42.4,42.4,42.4,400,0
TAGG.US,60,20250502,180000,42.344,42.344,42.344,42.344,3575,0
TAGG.US,60,20250502,190000,42.3,42.3,42.2731,42.2731,2605,0
TAGG.US,60,20250502,200000,42.29,42.325,42.29,42.325,7411,0
TAGG.US,60,20250502,220000,42.3101,42.36,42.3101,42.34,6492,0
TAGG.US,60,20250505,160000,42.3299,42.3299,42.281,42.281,2917,0
TAGG.US,60,20250505,170000,42.34,42.34,42.27,42.27,22093,0
TAGG.US,60,20250505,180000,42.31,42.31,42.29,42.29,2320,0
TAGG.US,60,20250505,190000,42.2501,42.2501,42.2501,42.2501,6855,0
TAGG.US,60,20250505,200000,42.2401,42.2428,42.2401,42.2428,2630,0
TAGG.US,60,20250505,210000,42.25,42.29,42.25,42.29,2456,0
TAGG.US,60,20250505,220000,42.281097,42.3,42.27,42.27,7042,0
TAGG.US,60,20250506,190000,42.27,42.27,42.27,42.27,22657,0
TAGG.US,60,20250506,200000,42.3264,42.34,42.3264,42.34,3675,0
TAGG.US,60,20250506,210000,42.3499,42.35,42.32,42.32,2452,0
TAGG.US,60,20250506,220000,42.36,42.4652,42.36,42.41,9310,0
TAGG.US,60,20250507,170000,42.47,42.47,42.4659,42.4659,485,0
TAGG.US,60,20250507,180000,42.45,42.5599,42.45,42.5599,2045,0
TAGG.US,60,20250507,200000,42.44,42.44,42.44,42.44,1179,0
TAGG.US,60,20250507,210000,42.5,42.5,42.45,42.45,14750,0
TAGG.US,60,20250507,220000,42.45,42.48,42.44,42.48,5500,0
TAGG.US,60,20250508,170000,42.44,42.44,42.44,42.44,16220,0
TAGG.US,60,20250508,180000,42.4,42.4,42.38,42.38,42704,0
TAGG.US,60,20250508,190000,42.38,42.41,42.37,42.39,9600,0
TAGG.US,60,20250508,200000,42.35,42.4,42.319,42.4,4567,0
TAGG.US,60,20250508,210000,42.3692,42.458,42.3692,42.415,6917,0
TAGG.US,60,20250508,220000,42.41,42.41,42.35,42.38,4400,0
TAGG.US,60,20250509,160000,42.36,42.36,42.36,42.36,277,0
TAGG.US,60,20250509,170000,42.36,42.36,42.36,42.36,4336,0
TAGG.US,60,20250509,180000,42.3599,42.3599,42.3599,42.3599,1018,0
TAGG.US,60,20250509,190000,42.34,42.35,42.3046,42.3046,17599,0
TAGG.US,60,20250509,200000,42.3,42.538,42.3,42.3799,7910,0
TAGG.US,60,20250509,210000,42.35,42.3692,42.27,42.27,3999,0
TAGG.US,60,20250509,220000,42.27,42.52,42.12,42.25,18308,0
TAGG.US,60,20250512,170000,42.23,42.23,42.23,42.23,100,0
TAGG.US,60,20250512,180000,42.26,42.26,42.1912,42.22,9519,0
TAGG.US,60,20250512,190000,42.21,42.21,42.1601,42.191,33697,0
TAGG.US,60,20250512,210000,42.1542,42.16,42.05,42.05,6756,0
TAGG.US,60,20250512,220000,42.17,42.258,42.12,42.12,7996,0
TAGG.US,60,20250513,170000,42.0702,42.14,42.0702,42.14,38234,0
TAGG.US,60,20250513,180000,42.1236,42.13,42.055318,42.055318,6240,0
TAGG.US,60,20250513,190000,42.0602,42.0864,42.0601,42.08,5408,0
TAGG.US,60,20250513,200000,42.074,42.0999,41.9767,42.04,11385,0
TAGG.US,60,20250513,220000,42.04,42.17,41.94,42.1,11530,0
TAGG.US,60,20250514,160000,42.0899,42.0899,42.0899,42.0899,355,0
TAGG.US,60,20250514,170000,42.06,42.06,42.06,42.06,30869,0
TAGG.US,60,20250514,190000,41.9701,41.99,41.9701,41.99,3409,0
TAGG.US,60,20250514,210000,41.9945,41.9945,41.9945,41.9945,338,0
TAGG.US,60,20250514,220000,41.97,41.97,41.863,41.922,6320,0
TAGG.US,60,20250515,170000,42.08,42.08,42.08,42.08,100,0
TAGG.US,60,20250515,180000,42.14,42.14,42.14,42.14,32232,0
TAGG.US,60,20250515,190000,42.18,42.18,42.1501,42.1668,13621,0
TAGG.US,60,20250515,200000,42.181013,42.1995,42.0769,42.0769,3550,0
TAGG.US,60,20250515,210000,42.15,42.1665,42.139,42.139,1535,0
TAGG.US,60,20250515,220000,42.18,42.1999,42.17,42.17,4743,0
TAGG.US,60,20250516,160000,42.348,42.348,42.348,42.348,500,0
TAGG.US,60,20250516,170000,42.285248,42.285248,42.24,42.24,6768,0
TAGG.US,60,20250516,180000,42.26,42.26,42.26,42.26,2518,0
TAGG.US,60,20250516,190000,42.23,42.23,42.1912,42.1912,1373,0
TAGG.US,60,20250516,200000,42.2,42.22,42.13,42.2,54350,0
TAGG.US,60,20250516,210000,42.2006,42.2006,42.2006,42.2006,297,0
TAGG.US,60,20250516,220000,42.223,42.223,42.1,42.1,5851,0
TAGG.US,60,20250519,170000,42.05,42.08,42.05,42.08,25967,0
TAGG.US,60,20250519,180000,42.11,42.11,42.1,42.1,6164,0
TAGG.US,60,20250519,190000,42.0603,42.1583,42.0603,42.1583,2817,0
TAGG.US,60,20250519,200000,42.11,42.12,42.04,42.12,5673,0
TAGG.US,60,20250519,220000,42.1825,42.2025,42.1825,42.2025,3328,0
TAGG.US,60,20250520,160000,42.06,42.06,42.06,42.06,100,0
TAGG.US,60,20250520,170000,42.12,42.12,42.12,42.12,1232,0
TAGG.US,60,20250520,180000,42.134,42.134,42.03,42.03,2852,0
TAGG.US,60,20250520,200000,42.145,42.145,42.145,42.145,1895,0
TAGG.US,60,20250520,210000,42.14,42.18,42.135,42.16,4728,0
TAGG.US,60,20250520,220000,42.13,42.14,42.12,42.12,4879,0
TAGG.US,60,20250521,170000,42.03,42.03,42,42,10726,0
TAGG.US,60,20250521,180000,42.01,42.01,41.97,41.97,1875,0
TAGG.US,60,20250521,190000,41.99,42.0073,41.99,42.0073,2730,0
TAGG.US,60,20250521,200000,41.85,41.8678,41.85,41.8678,587,0
TAGG.US,60,20250521,210000,41.85,41.875,41.83,41.83,1701,0
TAGG.US,60,20250521,220000,41.86,41.878,41.82,41.84,7528,0
TAGG.US,60,20250522,160000,41.88,41.88,41.88,41.88,100,0
TAGG.US,60,20250522,170000,41.88,41.88,41.85,41.8627,4580,0
TAGG.US,60,20250522,180000,41.88,41.92,41.88,41.92,61184,0
TAGG.US,60,20250522,190000,41.95,41.96,41.92,41.92,6065,0
TAGG.US,60,20250522,200000,41.96,41.97,41.94,41.9699,5809,0
TAGG.US,60,20250522,220000,41.9799,41.9799,41.9625,41.9799,4090,0
TAGG.US,60,20250523,160000,42.1,42.1065,42.06,42.06,600,0
TAGG.US,60,20250523,170000,42.02,42.05,41.91,42.05,44551,0
TAGG.US,60,20250523,180000,42.04,42.04,42.04,42.04,100,0
TAGG.US,60,20250523,200000,42.03,42.0399,41.943489,42.035,2556,0
TAGG.US,60,20250523,210000,42.03,42.04,42.0264,42.0264,1182,0
TAGG.US,60,20250523,220000,42.04,42.04,42.04,42.04,200,0
TAGG.US,60,20250527,160000,41.97,41.97,41.93,41.93,700,0
TAGG.US,60,20250527,170000,41.96,42.02,41.96,42,6845,0
TAGG.US,60,20250527,180000,41.987255,42.02,41.97,42.02,15780,0
TAGG.US,60,20250527,190000,42.04,42.08,42.04,42.07,2210,0
TAGG.US,60,20250527,200000,42.04,42.0496,42.04,42.0496,3155,0
TAGG.US,60,20250527,210000,42.08,42.1,42.08,42.1,300,0
TAGG.US,60,20250527,220000,42.0873,42.0899,42.07,42.08,2098,0
TAGG.US,60,20250528,160000,41.99,42.01,41.99,42.01,262,0
TAGG.US,60,20250528,170000,42,42,41.96,41.9961,41508,0
TAGG.US,60,20250528,190000,41.925,41.95,41.925,41.95,2563,0
TAGG.US,60,20250528,200000,42.01,42.03,42,42.03,1400,0
TAGG.US,60,20250528,210000,42.06,42.06,42.04,42.04,2609,0
TAGG.US,60,20250528,220000,42.06,42.09,42.03,42.04,16397,0
TAGG.US,60,20250529,160000,42.06,42.09,42.06,42.09,2360,0
TAGG.US,60,20250529,170000,42.1288,42.1288,42.0656,42.0656,53874,0
TAGG.US,60,20250529,180000,42.0901,42.1164,42.0901,42.1092,1821,0
TAGG.US,60,20250529,210000,42.15,42.15,42.15,42.15,200,0
TAGG.US,60,20250529,220000,42.135,42.15,42.1101,42.15,5534,0
TAGG.US,60,20250530,160000,42.1365,42.14,42.1365,42.1397,2673,0
TAGG.US,60,20250530,170000,42.13,42.155,42.13,42.155,370,0
TAGG.US,60,20250530,180000,42.145,42.145,42.145,42.145,460,0
TAGG.US,60,20250530,190000,42.1867,42.19,42.185,42.185,19276,0
TAGG.US,60,20250530,200000,42.189027,42.189027,42.1869,42.1869,707,0
TAGG.US,60,20250530,210000,42.17,42.17,42.17,42.17,100,0
TAGG.US,60,20250530,220000,42.18,42.19,42.18,42.19,3202,0
TAGG.US,60,20250602,160000,42.08,42.08,42.08,42.08,153,0
TAGG.US,60,20250602,170000,42.11,42.16,42.1045,42.16,22310,0
TAGG.US,60,20250602,180000,42.125,42.145,42.125,42.14,5044,0
TAGG.US,60,20250602,190000,42.085,42.085,42.046,42.0776,1732,0
TAGG.US,60,20250602,200000,42.0699,42.0699,42.0687,42.0687,1565,0
TAGG.US,60,20250602,210000,42.07,42.07,42.0301,42.07,10717,0
TAGG.US,60,20250602,220000,42.055,42.1,42.055,42.1,4730,0
TAGG.US,60,20250603,160000,42.175,42.175,42.175,42.175,102,0
TAGG.US,60,20250603,170000,42.19,42.19,42.1599,42.1599,18615,0
TAGG.US,60,20250603,180000,42.12,42.12,42.1195,42.1195,2371,0
TAGG.US,60,20250603,190000,42.08,42.08,42.0522,42.07,4136,0
TAGG.US,60,20250603,200000,42.08,42.08,42.08,42.08,100,0
TAGG.US,60,20250603,210000,42.0604,42.08,42.0604,42.08,2563,0
TAGG.US,60,20250603,220000,42.0803,42.125,42.08,42.09,1257,0
TAGG.US,60,20250604,160000,42.17,42.175,42.15,42.16,2191,0
TAGG.US,60,20250604,170000,42.2,42.24,42.2,42.24,400,0
TAGG.US,60,20250604,180000,42.275,42.275,42.275,42.275,831,0
TAGG.US,60,20250604,190000,42.3,42.35,42.29,42.34,63537,0
TAGG.US,60,20250604,200000,42.33,42.34,42.32,42.3364,4500,0
TAGG.US,60,20250604,210000,42.33,42.35,42.31,42.31,73829,0
TAGG.US,60,20250604,220000,42.3,42.42,42.3,42.42,8024,0
TAGG.US,60,20250605,170000,42.39,42.47,42.36,42.36,10014,0
TAGG.US,60,20250605,180000,42.3,42.3194,42.29,42.3099,3339,0
TAGG.US,60,20250605,190000,42.3,42.32,42.293861,42.32,1372,0
TAGG.US,60,20250605,200000,42.3095,42.32,42.2627,42.2627,2757,0
TAGG.US,60,20250605,210000,42.2507,42.28,42.2507,42.275,5385,0
TAGG.US,60,20250605,220000,42.27,42.27,42.2518,42.27,2216,0
TAGG.US,60,20250606,160000,42.145,42.145,42.145,42.145,400,0
TAGG.US,60,20250606,170000,42.107,42.13,42.107,42.13,39394,0
TAGG.US,60,20250606,180000,42.08,42.11,42.08,42.09,17129,0
TAGG.US,60,20250606,190000,42.09,42.09,42.08,42.0801,6971,0
TAGG.US,60,20250606,200000,42.085,42.0858,42.085,42.0858,218,0
TAGG.US,60,20250606,210000,42.08,42.09,42.039,42.039,7613,0
TAGG.US,60,20250606,220000,42.0248,42.04,42.01,42.017,6327,0
TAGG.US,60,20250609,160000,42.08,42.08,42.08,42.08,3460,0
TAGG.US,60,20250609,170000,42.08,42.1,42.05,42.05,2123,0
TAGG.US,60,20250609,180000,42.09,42.14,42.0854,42.14,24785,0
TAGG.US,60,20250609,190000,42.13,42.13,42.13,42.13,100,0
TAGG.US,60,20250609,200000,42.11,42.14,42.11,42.124605,3613,0
TAGG.US,60,20250609,210000,42.1329,42.1599,42.111,42.1599,3154,0
TAGG.US,60,20250609,220000,42.11,42.15,42.11,42.12,5139,0
TAGG.US,60,20250610,160000,42.25,42.25,42.25,42.25,15653,0
TAGG.US,60,20250610,170000,42.23,42.23,42.06,42.06,10630,0
TAGG.US,60,20250610,180000,42.17,42.1799,42.14,42.17,3161,0
TAGG.US,60,20250610,190000,42.157,42.16,42.08,42.13,7176,0
TAGG.US,60,20250610,200000,42.12,42.17,42.0743,42.17,11615,0
TAGG.US,60,20250610,220000,42.13,42.18,42.13,42.165,8090,0
TAGG.US,60,20250611,170000,42.23,42.29,42.23,42.27,19935,0
TAGG.US,60,20250611,180000,42.2799,42.2799,42.2799,42.2799,4150,0
TAGG.US,60,20250611,190000,42.24,42.3,42.24,42.3,2520,0
TAGG.US,60,20250611,200000,42.3,42.345,42.295,42.345,2383,0
TAGG.US,60,20250611,210000,42.33,42.3356,42.3,42.3,2859,0
TAGG.US,60,20250611,220000,42.31,42.35,42.2312,42.29,16739,0
TAGG.US,60,20250612,170000,42.43,42.43,42.3901,42.43,4761,0
TAGG.US,60,20250612,180000,42.415,42.44168,42.4,42.435,60023,0
TAGG.US,60,20250612,190000,42.4598,42.4599,42.44,42.44,5063,0
TAGG.US,60,20250612,200000,42.46,42.46,42.44,42.44,2169,0
TAGG.US,60,20250612,210000,42.46,42.485,42.44,42.485,3840,0
TAGG.US,60,20250612,220000,42.474,42.57,42.36,42.49,65997,0
TAGG.US,60,20250613,160000,42.405,42.405,42.39,42.39,400,0
TAGG.US,60,20250613,170000,42.42,42.42,42.3,42.31,18188,0
TAGG.US,60,20250613,180000,42.33,42.33,42.3,42.31,400,0
TAGG.US,60,20250613,190000,42.295,42.3,42.26,42.2975,40939,0
TAGG.US,60,20250613,200000,42.27,42.29,42.2581,42.28,16129,0
TAGG.US,60,20250613,210000,42.28,42.305,42.27,42.305,4102,0
TAGG.US,60,20250613,220000,42.2705,42.36,42.2705,42.307,5574,0
TAGG.US,60,20250616,170000,42.35,42.37,42.33,42.36,35983,0
TAGG.US,60,20250616,180000,42.33,42.33,42.33,42.33,300,0
TAGG.US,60,20250616,200000,42.27,42.2964,42.27,42.27,2789,0
TAGG.US,60,20250616,210000,42.25,42.252,42.25,42.252,300,0
TAGG.US,60,20250616,220000,42.2368,42.34,42.2368,42.2451,8561,0
TAGG.US,60,20250617,160000,42.325,42.325,42.29,42.3,1740,0
TAGG.US,60,20250617,170000,42.3,42.31,42.3,42.31,20499,0
TAGG.US,60,20250617,190000,42.35,42.352088,42.35,42.352088,336,0
TAGG.US,60,20250617,200000,42.353,42.37,42.35,42.35,2453,0
TAGG.US,60,20250617,210000,42.37,42.39,42.3575,42.39,1152,0
TAGG.US,60,20250617,220000,42.36,42.39,42.36,42.367,7314,0
TAGG.US,60,20250618,160000,42.43,42.45,42.43,42.45,33261,0
TAGG.US,60,20250618,170000,42.43,42.43,42.42,42.42,607,0
TAGG.US,60,20250618,180000,42.4695,42.4695,42.46,42.46,1300,0
TAGG.US,60,20250618,200000,42.45,42.47,42.45,42.47,2721,0
TAGG.US,60,20250618,210000,42.43,42.43,42.3101,42.4,3321,0
TAGG.US,60,20250618,220000,42.3419,42.38,42.3419,42.38,376,0
TAGG.US,60,20250620,160000,42.355,42.355,42.33,42.33,400,0
TAGG.US,60,20250620,170000,42.36,42.38,42.32,42.34,34628,0
TAGG.US,60,20250620,180000,42.36,42.4,42.36,42.4,6945,0
TAGG.US,60,20250620,190000,42.395,42.47,42.3945,42.47,1881,0
TAGG.US,60,20250620,200000,42.475,42.475,42.475,42.475,789,0
TAGG.US,60,20250620,220000,42.4518,42.4532,42.45,42.45,5066,0
TAGG.US,60,20250623,160000,42.5,42.5,42.5,42.5,100,0
TAGG.US,60,20250623,170000,42.53,42.58,42.53,42.58,30068,0
TAGG.US,60,20250623,180000,42.6,42.61,42.5612,42.6,9007,0
TAGG.US,60,20250623,190000,42.6148,42.6242,42.58,42.595,3536,0
TAGG.US,60,20250623,200000,42.56,42.6299,42.56,42.6299,4153,0
TAGG.US,60,20250623,220000,42.5601,42.5601,42.45,42.45,5739,0
TAGG.US,60,20250624,160000,42.535,42.535,42.49,42.49,400,0
TAGG.US,60,20250624,170000,42.49,42.64,42.49,42.64,43966,0
TAGG.US,60,20250624,180000,42.59,42.64,42.59,42.64,600,0
TAGG.US,60,20250624,190000,42.615,42.63,42.615,42.63,1976,0
TAGG.US,60,20250624,200000,42.66,42.6602,42.64,42.6602,2936,0
TAGG.US,60,20250624,220000,42.68,42.68,42.68,42.68,2362,0
TAGG.US,60,20250625,160000,42.45,42.45,42.445,42.45,1003,0
TAGG.US,60,20250625,170000,42.43,42.44,42.425,42.44,44832,0
TAGG.US,60,20250625,180000,42.45,42.45,42.425,42.445,1807,0
TAGG.US,60,20250625,200000,42.445,42.52,42.44,42.52,5591,0
TAGG.US,60,20250625,210000,42.52,42.585,42.52,42.535,16778,0
TAGG.US,60,20250625,220000,42.555,42.59,42.55,42.57,21619,0
TAGG.US,60,20250626,160000,42.585,42.585,42.585,42.585,300,0
TAGG.US,60,20250626,170000,42.555,42.58,42.555,42.57,20230,0
TAGG.US,60,20250626,180000,42.555,42.555,42.54,42.5436,2175,0
TAGG.US,60,20250626,190000,42.55,42.56,42.55,42.555,2000,0
TAGG.US,60,20250626,200000,42.55,42.595,42.43,42.59,7041,0
TAGG.US,60,20250626,220000,42.6,42.643,42.6,42.643,5598,0
TAGG.US,60,20250627,160000,42.56,42.56,42.54,42.54,600,0
TAGG.US,60,20250627,170000,42.5893,42.6259,42.5882,42.5882,33324,0
TAGG.US,60,20250627,180000,42.6163,42.64,42.6163,42.6224,6205,0
TAGG.US,60,20250627,190000,42.6499,42.65,42.6335,42.6335,3286,0
TAGG.US,60,20250627,200000,42.66,42.66,42.66,42.66,723,0
TAGG.US,60,20250627,210000,42.575,42.58,42.55,42.58,2270,0
TAGG.US,60,20250627,220000,42.575,42.575,42.5,42.53,1257,0
TAGG.US,60,20250630,160000,42.66,42.66,42.66,42.66,980,0
TAGG.US,60,20250630,170000,42.635,42.635,42.61,42.6265,1371,0
TAGG.US,60,20250630,180000,42.605,42.63,42.605,42.62,5376,0
TAGG.US,60,20250630,190000,42.625,42.66,42.6218,42.66,8193,0
TAGG.US,60,20250630,200000,42.66,42.6883,42.66,42.6883,5733,0
TAGG.US,60,20250630,210000,42.67,42.71,42.67,42.69,7397,0
TAGG.US,60,20250630,220000,42.71,42.71,42.68,42.68,2560,0
TAGG.US,60,20250701,160000,42.71,42.71,42.695,42.71,500,0
TAGG.US,60,20250701,170000,42.65,42.65,42.64,42.64,52686,0
TAGG.US,60,20250701,180000,42.63,42.66,42.63,42.63,2715,0
TAGG.US,60,20250701,190000,42.61,42.61,42.6,42.6,1574,0
TAGG.US,60,20250701,200000,42.67,42.6868,42.65,42.65,1800,0
TAGG.US,60,20250701,210000,42.666,42.666,42.65,42.6537,3110,0
TAGG.US,60,20250701,220000,42.675,42.68,42.65,42.65,7945,0
TAGG.US,60,20250702,160000,42.57,42.58,42.555,42.58,300,0
TAGG.US,60,20250702,170000,42.606195,42.61,42.6,42.61,34419,0
TAGG.US,60,20250702,180000,42.595,42.595,42.58,42.58,400,0
TAGG.US,60,20250702,190000,42.58,42.5861,42.56,42.56,1777,0
TAGG.US,60,20250702,200000,42.594,42.594,42.59,42.59,2649,0
TAGG.US,60,20250702,210000,42.607,42.6399,42.607,42.6399,31046,0
TAGG.US,60,20250702,220000,42.63,42.63,42.63,42.63,822,0
TAGG.US,60,20250703,160000,42.525,42.56,42.52,42.54,15002,0
TAGG.US,60,20250703,170000,42.52,42.545,42.49,42.53,6698,0
TAGG.US,60,20250703,180000,42.545,42.55,42.5201,42.54,4146,0
TAGG.US,60,20250703,190000,42.54,42.54,42.5,42.5,1528,0
TAGG.US,60,20250707,170000,42.48,42.53,42.45,42.49,9391,0
TAGG.US,60,20250707,180000,42.44,42.44,42.415,42.43,3383,0
TAGG.US,60,20250707,190000,42.411627,42.45,42.4064,42.4064,6299,0
TAGG.US,60,20250707,200000,42.44,42.44,42.424227,42.4267,4970,0
TAGG.US,60,20250707,210000,42.41,42.41,42.4,42.4,1188,0
TAGG.US,60,20250707,220000,42.4,42.43,42.3901,42.43,17116,0
TAGG.US,60,20250708,160000,42.31,42.31,42.31,42.31,400,0
TAGG.US,60,20250708,170000,42.32,42.32,42.3089,42.3089,6388,0
TAGG.US,60,20250708,180000,42.32,42.34,42.32,42.335,2331,0
TAGG.US,60,20250708,190000,42.3201,42.335,42.32,42.32,4666,0
TAGG.US,60,20250708,200000,42.3,42.3,42.3,42.3,1557,0
TAGG.US,60,20250708,220000,42.33,42.39,42.3218,42.39,2968,0
TAGG.US,60,20250709,170000,42.44,42.4764,42.4399,42.4764,1013,0
TAGG.US,60,20250709,180000,42.44,42.44,42.44,42.44,100,0
TAGG.US,60,20250709,190000,42.47,42.4759,42.47,42.4759,1247,0
TAGG.US,60,20250709,200000,42.49,42.5098,42.49,42.49,3276,0
TAGG.US,60,20250709,210000,42.52,42.54,42.5,42.5,206261,0
TAGG.US,60,20250709,220000,42.53,42.53,42.51,42.51,251274,0
TAGG.US,60,20250710,160000,42.5,42.5,42.5,42.5,953,0
TAGG.US,60,20250710,170000,42.49,42.49,42.478889,42.478889,25257,0
TAGG.US,60,20250710,180000,42.475,42.4754,42.475,42.4754,1238,0
TAGG.US,60,20250710,190000,42.4726,42.475,42.4726,42.475,891,0
TAGG.US,60,20250710,200000,42.48,42.48,42.48,42.48,294,0
TAGG.US,60,20250710,210000,42.56,42.56,42.56,42.56,2232,0
TAGG.US,60,20250710,220000,42.535,42.5351,42.535,42.535,900,0
TAGG.US,60,20250711,190000,42.35,42.35,42.35,42.35,113,0
TAGG.US,60,20250711,200000,42.351253,42.3699,42.26,42.3699,10053,0
TAGG.US,60,20250711,210000,42.34,42.3407,42.26,42.26,1214,0
TAGG.US,60,20250711,220000,42.35,42.3685,42.33,42.33,4758,0
TAGG.US,60,20250714,160000,42.335,42.36,42.33,42.36,2771,0
TAGG.US,60,20250714,170000,42.355,42.37,42.33,42.33,8208,0
TAGG.US,60,20250714,180000,42.32,42.32,42.32,42.32,28399,0
TAGG.US,60,20250714,190000,42.3199,42.32,42.31,42.32,2577,0
TAGG.US,60,20250714,200000,42.32,42.37,42.32,42.37,3180,0
TAGG.US,60,20250714,210000,42.37,42.37,42.3699,42.37,318,0
TAGG.US,60,20250714,220000,42.3304,42.36,42.33,42.36,15263,0
TAGG.US,60,20250715,160000,42.37,42.37,42.33,42.33,400,0
TAGG.US,60,20250715,170000,42.275,42.28,42.27,42.27,880,0
TAGG.US,60,20250715,180000,42.23,42.23,42.21,42.21,45890,0
TAGG.US,60,20250715,190000,42.26,42.26,42.227083,42.227083,1038,0
TAGG.US,60,20250715,200000,42.228,42.228,42.228,42.228,2368,0
TAGG.US,60,20250715,210000,42.2399,42.2399,42.22,42.22,1516,0
TAGG.US,60,20250715,220000,42.2168,42.24,42.21,42.21,13601,0
TAGG.US,60,20250716,160000,42.31,42.31,42.31,42.31,1000,0
TAGG.US,60,20250716,170000,42.31,42.34,42.31,42.31,1923,0
TAGG.US,60,20250716,180000,42.29,42.32,42.23,42.23,23223,0
TAGG.US,60,20250716,190000,42.245,42.25,42.21,42.25,2711,0
TAGG.US,60,20250716,200000,42.24,42.29,42.24,42.29,5324,0
TAGG.US,60,20250716,210000,42.295,42.335,42.295,42.31,11122,0
TAGG.US,60,20250716,220000,42.31,42.34,42.29,42.315,9919,0
TAGG.US,60,20250717,170000,42.37,42.37,42.329,42.34,2070,0
TAGG.US,60,20250717,180000,42.335,42.335,42.33,42.33,200,0
TAGG.US,60,20250717,190000,42.33,42.33,42.3,42.3,28949,0
TAGG.US,60,20250717,200000,42.3099,42.3299,42.3,42.315,10040,0
TAGG.US,60,20250717,210000,42.3125,42.3296,42.3015,42.3015,5362,0
TAGG.US,60,20250717,220000,42.3014,42.3199,42.3,42.3,2834,0
TAGG.US,60,20250718,170000,42.37,42.391438,42.37,42.37,1130,0
TAGG.US,60,20250718,180000,42.37,42.4,42.36,42.385,23074,0
TAGG.US,60,20250718,200000,42.38,42.395,42.38,42.395,1370,0
TAGG.US,60,20250718,210000,42.38,42.38,42.35,42.36,13107,0
TAGG.US,60,20250721,170000,42.56,42.56,42.52,42.52,47516,0
TAGG.US,60,20250721,180000,42.54,42.54,42.54,42.54,711,0
TAGG.US,60,20250721,190000,42.5699,42.5699,42.476,42.53,7463,0
TAGG.US,60,20250721,200000,42.5314,42.54,42.5314,42.54,1366,0
TAGG.US,60,20250721,220000,42.509458,42.529,42.49,42.49,4786,0
TAGG.US,60,20250722,160000,42.52,42.5328,42.52,42.5328,534,0
TAGG.US,60,20250722,170000,42.56,42.59,42.56,42.59,28647,0
TAGG.US,60,20250722,180000,42.585,42.625,42.585,42.59,8100,0
TAGG.US,60,20250722,190000,42.59,42.67,42.59,42.62,16730,0
TAGG.US,60,20250722,200000,42.6,42.61,42.6,42.61,1856,0
TAGG.US,60,20250722,210000,42.6225,42.6225,42.6225,42.6225,3105,0
TAGG.US,60,20250722,220000,42.6007,42.61,42.56,42.56,2511,0
TAGG.US,60,20250723,160000,42.52,42.61,42.51,42.51,2213,0
TAGG.US,60,20250723,170000,42.53,42.53,42.51,42.51,29204,0
TAGG.US,60,20250723,180000,42.5014,42.51,42.5014,42.51,873,0
TAGG.US,60,20250723,190000,42.48,42.5,42.46,42.48,2969,0
TAGG.US,60,20250723,200000,42.48,42.5,42.48,42.48,2841,0
TAGG.US,60,20250723,210000,42.51,42.51,42.495,42.5097,3094,0
TAGG.US,60,20250723,220000,42.495,42.4998,42.46,42.46,6451,0
TAGG.US,60,20250724,160000,42.395,42.425,42.395,42.42,1708,0
TAGG.US,60,20250724,170000,42.425,42.45,42.425,42.43,34676,0
TAGG.US,60,20250724,190000,42.4618,42.4618,42.4618,42.4618,336,0
TAGG.US,60,20250724,200000,42.47,42.47,42.47,42.47,1766,0
TAGG.US,60,20250724,210000,42.4536,42.47,42.4536,42.47,1052,0
TAGG.US,60,20250724,220000,42.46,42.46,42.42,42.42,2365,0
TAGG.US,60,20250725,160000,42.45,42.45,42.45,42.45,14489,0
TAGG.US,60,20250725,170000,42.44,42.4668,42.4116,42.4668,4457,0
TAGG.US,60,20250725,180000,42.444733,42.444733,42.43,42.43,3114,0
TAGG.US,60,20250725,220000,42.4904,42.52,42.4904,42.52,2267,0
TAGG.US,60,20250728,160000,42.33,42.33,42.3,42.3,300,0
TAGG.US,60,20250728,170000,42.2832,42.31,42.2832,42.3,24127,0
TAGG.US,60,20250728,190000,42.2965,42.3,42.27,42.28,5392,0
TAGG.US,60,20250728,200000,42.3,42.3199,42.2954,42.2954,3510,0
TAGG.US,60,20250728,220000,42.28,42.319,42.28,42.316,2049,0
TAGG.US,60,20250729,160000,42.35,42.435,42.35,42.4,4400,0
TAGG.US,60,20250729,170000,42.42,42.48,42.42,42.48,6700,0
TAGG.US,60,20250729,180000,42.47,42.5,42.44,42.45,12048,0
TAGG.US,60,20250729,190000,42.44,42.52,42.375,42.375,31873,0
TAGG.US,60,20250729,200000,42.5,42.5,42.47,42.485,4415,0
TAGG.US,60,20250729,210000,42.4796,42.48,42.4796,42.48,4541,0
TAGG.US,60,20250729,220000,42.4705,42.48,42.4,42.42,1361,0
TAGG.US,60,20250730,160000,42.4,42.4,42.4,42.4,100,0
TAGG.US,60,20250730,170000,42.4068,42.415,42.4068,42.415,837,0
TAGG.US,60,20250730,190000,42.415,42.44,42.4026,42.42,31732,0
TAGG.US,60,20250730,200000,42.429,42.46,42.41,42.43,8557,0
TAGG.US,60,20250730,210000,42.45,42.47,42.43,42.43,6610,0
TAGG.US,60,20250730,220000,42.39,42.41,42.37,42.37,2137,0
TAGG.US,60,20250731,160000,42.44,42.44,42.44,42.44,1100,0
TAGG.US,60,20250731,170000,42.44,42.46,42.41,42.46,1817,0
TAGG.US,60,20250731,180000,42.47,42.49,42.47,42.49,31796,0
TAGG.US,60,20250731,190000,42.46,42.46,42.4301,42.4301,1599,0
TAGG.US,60,20250731,200000,42.4559,42.4559,42.4559,42.4559,2350,0
TAGG.US,60,20250731,210000,42.41,42.41,42.41,42.41,1769,0
TAGG.US,60,20250731,220000,42.37,42.42,42.37,42.38,4328,0
TAGG.US,60,20250801,160000,42.63,42.6503,42.63,42.6503,266,0
TAGG.US,60,20250801,170000,42.7,42.7,42.6505,42.6505,23708,0
TAGG.US,60,20250801,180000,42.69,42.69,42.69,42.69,780,0
TAGG.US,60,20250801,190000,42.6867,42.7,42.6867,42.69,4147,0
TAGG.US,60,20250801,200000,42.7,42.72,42.6905,42.72,2729,0
TAGG.US,60,20250801,210000,42.72,42.74,42.72,42.74,994,0
TAGG.US,60,20250801,220000,42.7201,42.7556,42.7201,42.7556,543,0
TAGG.US,60,20250804,160000,42.77,42.77,42.77,42.77,300,0
TAGG.US,60,20250804,170000,42.76,42.795,42.74,42.75,3781,0
TAGG.US,60,20250804,180000,42.75,42.825,42.75,42.8,17612,0
TAGG.US,60,20250804,190000,42.8,42.83,42.8,42.81,5633,0
TAGG.US,60,20250804,200000,42.805,42.8114,42.805,42.8114,2980,0
TAGG.US,60,20250804,210000,42.81,42.845,42.805,42.82,6137,0
TAGG.US,60,20250804,220000,42.825,42.8367,42.8,42.83,17031,0
TAGG.US,60,20250805,160000,42.765,42.765,42.74,42.74,1000,0
TAGG.US,60,20250805,170000,42.74,42.81,42.74,42.81,2000,0
TAGG.US,60,20250805,180000,42.82,42.83,42.8,42.8,23318,0
TAGG.US,60,20250805,190000,42.7932,42.83,42.7932,42.83,736,0
TAGG.US,60,20250805,200000,42.81,42.81,42.78,42.8,2044,0
TAGG.US,60,20250805,210000,42.8267,42.83,42.8157,42.83,6140,0
TAGG.US,60,20250805,220000,42.82,42.84,42.8,42.8,3975,0
TAGG.US,60,20250806,160000,42.775,42.775,42.775,42.775,200,0
TAGG.US,60,20250806,170000,42.805,42.805,42.8,42.8,355,0
TAGG.US,60,20250806,180000,42.79,42.8,42.69,42.73,1200,0
TAGG.US,60,20250806,190000,42.7699,42.77,42.76,42.77,3618,0
TAGG.US,60,20250806,200000,42.79,42.79,42.73,42.758,37238,0
TAGG.US,60,20250806,220000,42.8295,42.8299,42.7801,42.81,2778,0
TAGG.US,60,20250807,160000,42.805,42.805,42.805,42.805,200,0
TAGG.US,60,20250807,170000,42.84,42.85,42.83,42.85,14389,0
TAGG.US,60,20250807,180000,42.83,42.83,42.825,42.825,981,0
TAGG.US,60,20250807,200000,42.78,42.82,42.76,42.798533,16750,0
TAGG.US,60,20250807,210000,42.8,42.8,42.8,42.8,194,0
TAGG.US,60,20250807,220000,42.81,42.9,42.8,42.816,7511,0
TAGG.US,60,20250808,160000,42.72,42.72,42.69,42.69,500,0
TAGG.US,60,20250808,170000,42.709,42.71,42.7,42.7,1799,0
TAGG.US,60,20250808,180000,42.6801,42.8,42.6501,42.68,10197,0
TAGG.US,60,20250808,190000,42.65,42.6815,42.61,42.6815,11303,0
TAGG.US,60,20250808,200000,42.7,42.7,42.661,42.661,4768,0
TAGG.US,60,20250808,210000,42.71,42.71,42.71,42.71,100,0
TAGG.US,60,20250808,220000,42.6893,42.7,42.68,42.68,583,0
TAGG.US,60,20250811,170000,42.74,42.74,42.72,42.7399,1068,0
TAGG.US,60,20250811,180000,42.74,42.74,42.725,42.725,15471,0
TAGG.US,60,20250811,200000,42.72,42.79,42.72,42.78,6572,0
TAGG.US,60,20250811,210000,42.75,42.75,42.735,42.735425,600,0
TAGG.US,60,20250811,220000,42.75,42.75,42.72,42.74,8999,0
TAGG.US,60,20250812,170000,42.6638,42.664566,42.6182,42.664566,1878,0
TAGG.US,60,20250812,180000,42.67,42.73,42.65,42.68,29565,0
TAGG.US,60,20250812,190000,42.67,42.67,42.67,42.67,100,0
TAGG.US,60,20250812,200000,42.66,42.69,42.66,42.68,3390,0
TAGG.US,60,20250812,210000,42.69,42.71,42.68,42.71,2275,0
TAGG.US,60,20250812,220000,42.6768,42.735,42.66,42.735,6644,0
TAGG.US,60,20250813,160000,42.82,42.825,42.81,42.81,400,0
TAGG.US,60,20250813,170000,42.845,42.845,42.845,42.845,200,0
TAGG.US,60,20250813,180000,42.8714,42.8714,42.865,42.865,802,0
TAGG.US,60,20250813,200000,42.83,42.87,42.83,42.87,28837,0
TAGG.US,60,20250813,210000,42.83,42.83,42.83,42.83,1545,0
TAGG.US,60,20250813,220000,42.85,42.87,42.834,42.87,7581,0
TAGG.US,60,20250814,160000,42.788,42.788,42.788,42.788,103,0
TAGG.US,60,20250814,170000,42.81,42.81,42.7701,42.8,19429,0
TAGG.US,60,20250814,180000,42.77,42.77,42.74,42.74,683,0
TAGG.US,60,20250814,190000,42.72,42.76,42.72,42.76,2607,0
TAGG.US,60,20250814,200000,42.735,42.84,42.735,42.84,6946,0
TAGG.US,60,20250814,210000,42.745,42.77,42.7201,42.745,1009,0
TAGG.US,60,20250814,220000,42.77,42.77,42.73,42.73,2846,0
TAGG.US,60,20250815,160000,42.735,42.735,42.735,42.735,200,0
TAGG.US,60,20250815,170000,42.735,42.735,42.71,42.73,3287,0
TAGG.US,60,20250815,180000,42.73,42.74,42.695,42.695,25834,0
TAGG.US,60,20250815,190000,42.675,42.675,42.65,42.65,1366,0
TAGG.US,60,20250815,200000,42.665,42.67,42.66,42.67,7505,0
TAGG.US,60,20250815,210000,42.68,42.68,42.665,42.665,3558,0
TAGG.US,60,20250815,220000,42.67,42.69,42.66,42.66,5305,0
TAGG.US,60,20250818,170000,42.68,42.68,42.64,42.64,300,0
TAGG.US,60,20250818,180000,42.64,42.64,42.62,42.63,31170,0
TAGG.US,60,20250818,190000,42.6266,42.6266,42.6266,42.6266,248,0
TAGG.US,60,20250818,200000,42.659,42.659,42.62,42.62,2139,0
TAGG.US,60,20250818,220000,42.635,42.635,42.62,42.62,3777,0
TAGG.US,60,20250819,170000,42.7,42.71,42.6905,42.6905,32156,0
TAGG.US,60,20250819,180000,42.6801,42.6802,42.6801,42.6802,11370,0
TAGG.US,60,20250819,190000,42.7091,42.71,42.69,42.7,12277,0
TAGG.US,60,20250819,200000,42.694886,42.694886,42.694886,42.694886,782,0
TAGG.US,60,20250819,220000,42.6974,42.71,42.6901,42.71,1610,0
TAGG.US,60,20250820,160000,42.72,42.72,42.72,42.72,300,0
TAGG.US,60,20250820,170000,42.72,42.7383,42.72,42.738,4318,0
TAGG.US,60,20250820,180000,42.7596,42.7596,42.74,42.742,2252,0
TAGG.US,60,20250820,190000,42.74,42.74,42.7201,42.735,5475,0
TAGG.US,60,20250820,200000,42.785,42.785,42.785,42.785,200,0
TAGG.US,60,20250820,210000,42.73,42.75,42.71,42.73,37093,0
TAGG.US,60,20250820,220000,42.715,42.75,42.71,42.73,11905,0
TAGG.US,60,20250821,160000,42.69,42.7,42.69,42.7,400,0
TAGG.US,60,20250821,170000,42.65,42.65,42.65,42.65,26479,0
TAGG.US,60,20250821,180000,42.62,42.71,42.61,42.614895,3122,0
TAGG.US,60,20250821,190000,42.62,42.62,42.62,42.62,200,0
TAGG.US,60,20250821,200000,42.61,42.61,42.61,42.61,1744,0
TAGG.US,60,20250821,210000,42.6795,42.6795,42.65,42.65,1972,0
TAGG.US,60,20250821,220000,42.6462,42.65,42.645,42.645,4940,0
TAGG.US,60,20250822,170000,42.83,42.83,42.81,42.81,300,0
TAGG.US,60,20250822,180000,42.84,42.8695,42.84,42.8695,542,0
TAGG.US,60,20250822,190000,42.84,42.87,42.83,42.85,27099,0
TAGG.US,60,20250822,200000,42.867,42.867,42.845,42.845,352,0
TAGG.US,60,20250822,210000,42.845,42.85,42.845,42.85,1099,0
TAGG.US,60,20250822,220000,42.83,42.85,42.83,42.83,1753,0
TAGG.US,60,20250825,170000,42.77,42.79,42.54,42.79,15484,0
TAGG.US,60,20250825,180000,42.7705,42.7974,42.76,42.771,7977,0
TAGG.US,60,20250825,190000,42.8,42.8,42.778074,42.78,9668,0
TAGG.US,60,20250825,200000,42.81,42.81,42.81,42.81,100,0
TAGG.US,60,20250825,220000,42.8209,42.8209,42.78,42.78,3794,0
TAGG.US,60,20250826,170000,42.63,42.63,42.63,42.63,2100,0
TAGG.US,60,20250826,180000,42.65,42.74,42.65,42.66,3198,0
TAGG.US,60,20250826,190000,42.65,42.7,42.65,42.67,26107,0
TAGG.US,60,20250826,200000,42.6601,42.67,42.6601,42.67,500,0
TAGG.US,60,20250826,210000,42.69,42.7099,42.68,42.68,3086,0
TAGG.US,60,20250826,220000,42.67,42.695,42.67,42.67,2031,0
TAGG.US,60,20250827,160000,42.6343,42.6343,42.6343,42.6343,100,0
TAGG.US,60,20250827,170000,42.642186,42.6599,42.6201,42.64,1648,0
TAGG.US,60,20250827,190000,42.6218,42.709,42.6218,42.709,1375,0
TAGG.US,60,20250827,200000,42.69,42.71,42.68,42.71,34268,0
TAGG.US,60,20250827,210000,42.72,42.72,42.72,42.72,547,0
TAGG.US,60,20250827,220000,42.74,42.74,42.7,42.7,6300,0
TAGG.US,60,20250828,160000,42.7205,42.7205,42.7205,42.7205,125,0
TAGG.US,60,20250828,170000,42.76,42.7699,42.76,42.7699,493,0
TAGG.US,60,20250828,190000,42.75,42.78,42.75,42.78,23247,0
TAGG.US,60,20250828,200000,42.775,42.81,42.775,42.79,516,0
TAGG.US,60,20250828,210000,42.79,42.88,42.78,42.795,12379,0
TAGG.US,60,20250828,220000,42.795,42.8,42.78,42.78,1449,0
TAGG.US,60,20250829,160000,42.72,42.7596,42.72,42.7596,1375,0
TAGG.US,60,20250829,170000,42.77,42.78,42.76,42.76,20696,0
TAGG.US,60,20250829,180000,42.76,42.76,42.734166,42.734166,1097,0
TAGG.US,60,20250829,190000,42.76,42.77,42.7543,42.77,1900,0
TAGG.US,60,20250829,200000,42.79,42.79,42.79,42.79,100,0
TAGG.US,60,20250829,210000,42.78,42.799,42.775,42.775,3647,0
TAGG.US,60,20250829,220000,42.775,42.775,42.74,42.74,1090,0
TAGG.US,60,20250902,160000,42.65,42.65,42.65,42.65,100,0
TAGG.US,60,20250902,170000,42.695,42.695,42.67,42.67,300,0
TAGG.US,60,20250902,180000,42.67,42.67,42.64,42.64,13786,0
TAGG.US,60,20250902,190000,42.6402,42.6402,42.6402,42.6402,128,0
TAGG.US,60,20250902,200000,42.6202,42.635,42.6202,42.635,529,0
TAGG.US,60,20250902,210000,42.64,42.64,42.64,42.64,200,0
TAGG.US,60,20250902,220000,42.64,42.66,42.63,42.63,925,0
TAGG.US,60,20250903,170000,42.79,42.8,42.77,42.8,5794,0
TAGG.US,60,20250903,180000,42.79,42.82,42.79,42.81,1502,0
TAGG.US,60,20250903,190000,42.82,42.84,42.82,42.84,1350,0
TAGG.US,60,20250903,200000,42.84,42.87,42.835,42.84,1363,0
TAGG.US,60,20250903,210000,42.83,42.84,42.83,42.83,1739,0
TAGG.US,60,20250903,220000,42.82,42.82,42.63,42.73,58707,0
TAGG.US,60,20250904,170000,42.91,42.91,42.855,42.855,300,0
TAGG.US,60,20250904,180000,42.8237,42.875,42.8237,42.875,2135,0
TAGG.US,60,20250904,210000,42.915,42.93,42.91,42.91,29052,0
TAGG.US,60,20250904,220000,42.94,42.94,42.93,42.93,3366,0
TAGG.US,60,20250905,170000,43.16,43.19,43.16,43.19,200,0
TAGG.US,60,20250905,180000,43.195,43.195,43.195,43.195,1784,0
TAGG.US,60,20250905,190000,43.1891,43.1977,43.1891,43.1977,391,0
TAGG.US,60,20250905,200000,43.1891,43.1891,43.16,43.16,2357,0
TAGG.US,60,20250905,210000,43.18,43.18,43.18,43.18,36126,0
TAGG.US,60,20250905,220000,43.18,43.18,43.1783,43.1783,794,0
TAGG.US,60,20250908,170000,43.2745,43.31,43.26,43.26,890,0
TAGG.US,60,20250908,180000,43.27,43.27,43.27,43.27,200,0
TAGG.US,60,20250908,200000,43.25,43.28,43.25,43.26,27297,0
TAGG.US,60,20250908,210000,43.3199,43.3199,43.3199,43.3199,926,0
TAGG.US,60,20250908,220000,43.3082,43.3082,43.25,43.3,1016,0
TAGG.US,60,20250909,160000,43.2758,43.2758,43.2758,43.2758,577,0
TAGG.US,60,20250909,170000,43.26,43.26,43.26,43.26,388,0
TAGG.US,60,20250909,180000,43.229,43.229,43.2154,43.2154,2684,0
TAGG.US,60,20250909,190000,43.23,43.23,43.23,43.23,100,0
TAGG.US,60,20250909,200000,43.25,43.27,43.24,43.27,35835,0
TAGG.US,60,20250909,210000,43.27,43.27,43.27,43.27,200,0
TAGG.US,60,20250909,220000,43.2439,43.25,43.24,43.25,477,0
TAGG.US,60,20250910,170000,43.275,43.275,43.275,43.275,200,0
TAGG.US,60,20250910,180000,43.3196,43.3196,43.3196,43.3196,224,0
TAGG.US,60,20250910,190000,43.2801,43.32,43.2801,43.32,200,0
TAGG.US,60,20250910,200000,43.37,43.4399,43.335,43.3555,8285,0
TAGG.US,60,20250910,210000,43.32,43.35,43.32,43.325,27054,0
TAGG.US,60,20250910,220000,43.335187,43.3499,43.31,43.31,6950,0
TAGG.US,60,20250911,170000,43.42,43.42,43.42,43.42,200,0
TAGG.US,60,20250911,180000,43.4,43.4,43.36,43.37,6299,0
TAGG.US,60,20250911,190000,43.4,43.4,43.4,43.4,244,0
TAGG.US,60,20250911,200000,43.395,43.4099,43.37,43.4,36169,0
TAGG.US,60,20250911,220000,43.4,43.47,43.39,43.4,2302,0
TAGG.US,60,20250912,160000,43.28,43.28,43.28,43.28,200,0
TAGG.US,60,20250912,170000,43.3142,43.32,43.2813,43.32,2699,0
TAGG.US,60,20250912,180000,43.29,43.29,43.29,43.29,200,0
TAGG.US,60,20250912,190000,43.27,43.28,43.27,43.28,511,0
TAGG.US,60,20250912,200000,43.29,43.31,43.29,43.31,23343,0
TAGG.US,60,20250912,210000,43.3299,43.33,43.31,43.33,3774,0
TAGG.US,60,20250912,220000,43.33,43.35,43.31,43.31,10593,0
TAGG.US,60,20250915,160000,43.39,43.39,43.39,43.39,200,0
TAGG.US,60,20250915,170000,43.42,43.42,43.42,43.42,100,0
TAGG.US,60,20250915,180000,43.403,43.41,43.39,43.41,6119,0
TAGG.US,60,20250915,190000,43.42,43.43,43.42,43.43,3275,0
TAGG.US,60,20250915,200000,43.41,43.43,43.41,43.43,11177,0
TAGG.US,60,20250915,210000,43.425,43.425,43.425,43.425,1000,0
TAGG.US,60,20250915,220000,43.4399,43.4399,43.41,43.41,1949,0
TAGG.US,60,20250916,170000,43.44,43.45,43.43,43.45,974,0
TAGG.US,60,20250916,180000,43.44,43.45,43.43,43.43,3165,0
TAGG.US,60,20250916,190000,43.465,43.465,43.44,43.46,700,0
TAGG.US,60,20250916,200000,43.45,43.47,43.45,43.47,25613,0
TAGG.US,60,20250916,210000,43.47,43.5,43.47,43.47,2583,0
TAGG.US,60,20250916,220000,43.44,43.45,43.43,43.44,4886,0
TAGG.US,60,20250917,160000,43.45,43.47,43.45,43.47,300,0
TAGG.US,60,20250917,170000,43.456,43.456,43.456,43.456,1633,0
TAGG.US,60,20250917,200000,43.4199,43.42,43.415,43.42,3518,0
TAGG.US,60,20250917,210000,43.47,43.5599,43.37,43.37,48189,0
TAGG.US,60,20250917,220000,43.41,43.41,43.35,43.35,975,0
TAGG.US,60,20250918,160000,43.2,43.2,43.1852,43.1852,909,0
TAGG.US,60,20250918,170000,43.23,43.27,43.23,43.27,400,0
TAGG.US,60,20250918,180000,43.24,43.2408,43.2257,43.2257,3576,0
TAGG.US,60,20250918,190000,43.24,43.315,43.24,43.3,500,0
TAGG.US,60,20250918,200000,43.315,43.315,43.28,43.309,21623,0
TAGG.US,60,20250918,210000,43.29,43.34,43.29,43.34,2086,0
TAGG.US,60,20250918,220000,43.3,43.33,43.2838,43.29,2484,0
TAGG.US,60,20250919,160000,43.26,43.26,43.26,43.26,200,0
TAGG.US,60,20250919,170000,43.25,43.28,43.25,43.26,722,0
TAGG.US,60,20250919,180000,43.24,43.24,43.22,43.23,3434,0
TAGG.US,60,20250919,200000,43.2,43.22,43.2,43.22,29595,0
TAGG.US,60,20250919,210000,43.2136,43.2136,43.2136,43.2136,287,0
TAGG.US,60,20250919,220000,43.23,43.23,43.22,43.22,825,0
TAGG.US,60,20250922,160000,43.18,43.18,43.18,43.18,167,0
TAGG.US,60,20250922,170000,43.21,43.21,43.1957,43.21,745,0
TAGG.US,60,20250922,180000,43.22,43.225,43.2,43.2,1200,0
TAGG.US,60,20250922,190000,43.2,43.23,43.2,43.23,5724,0
TAGG.US,60,20250922,200000,43.23,43.24,43.19,43.23,25576,0
TAGG.US,60,20250922,210000,43.23,43.23,43.2,43.2,2220,0
TAGG.US,60,20250922,220000,43.1748,43.21,43.1748,43.2,3425,0
TAGG.US,60,20250923,160000,43.19,43.19,43.19,43.19,100,0
TAGG.US,60,20250923,170000,43.19,43.19,43.15,43.17,925473,0
TAGG.US,60,20250923,180000,43.17,43.19,43.17,43.19,1793,0
TAGG.US,60,20250923,190000,43.19,43.2,43.19,43.19,4777,0
TAGG.US,60,20250923,200000,43.1501,43.22,43.1501,43.22,36073,0
TAGG.US,60,20250923,210000,43.24,43.2499,43.229,43.235,1194,0
TAGG.US,60,20250923,220000,43.2295,43.24,43.2295,43.23,11646,0
TAGG.US,60,20250924,160000,43.2,43.2,43.2,43.2,1000,0
TAGG.US,60,20250924,170000,43.185316,43.2181,43.185316,43.2181,1012,0
TAGG.US,60,20250924,200000,43.1986,43.22,43.18,43.22,36591,0
TAGG.US,60,20250924,210000,43.19,43.19,43.1893,43.1893,1614,0
TAGG.US,60,20250924,220000,43.19,43.2,43.1845,43.19,1226,0
TAGG.US,60,20250925,160000,42.92,42.92,42.92,42.92,100,0
TAGG.US,60,20250925,170000,42.9175,42.9175,42.89,42.89,1068,0
TAGG.US,60,20250925,190000,42.88,42.94,42.88,42.94,1430,0
TAGG.US,60,20250925,200000,42.92,42.92,42.88,42.88,5599,0
TAGG.US,60,20250925,210000,42.93,42.93,42.93,42.93,100,0
TAGG.US,60,20250925,220000,42.94,42.94,42.93,42.93,376,0
TAGG.US,60,20250926,160000,42.9599,42.9599,42.9599,42.9599,230,0
TAGG.US,60,20250926,180000,42.94,42.94,42.94,42.94,1502,0
TAGG.US,60,20250926,200000,42.9596,42.9596,42.92,42.92,4056,0
TAGG.US,60,20250926,210000,42.95,42.95,42.935,42.95,41758,0
TAGG.US,60,20250926,220000,42.9279,42.95,42.9279,42.95,7731,0
TAGG.US,60,20250929,170000,43.05,43.06,43.0101,43.0101,1463,0
TAGG.US,60,20250929,180000,43.058,43.07,43.05,43.055195,10382,0
TAGG.US,60,20250929,190000,43.0625,43.0625,43.0519,43.0519,4175,0
TAGG.US,60,20250929,200000,43.07,43.08,43.04,43.065,33951,0
TAGG.US,60,20250929,210000,43.055,43.07,43.055,43.07,200,0
TAGG.US,60,20250929,220000,43.055,43.06,43.05,43.059,2757,0
TAGG.US,60,20250930,160000,43.0517,43.09,43.0517,43.09,216,0
TAGG.US,60,20250930,170000,43.13,43.1397,43.12,43.125,2779,0
TAGG.US,60,20250930,180000,43.115,43.115,43.08,43.09,1043,0
TAGG.US,60,20250930,200000,43.065,43.07,43.06,43.065,28665,0
TAGG.US,60,20250930,210000,43.065,43.065,43.0589,43.0589,2090,0
TAGG.US,60,20250930,220000,43.04,43.04,43.0101,43.0101,1796,0
TAGG.US,60,20251001,160000,43.17,43.17,43.17,43.17,100,0
TAGG.US,60,20251001,180000,43.075,43.1172,43.075,43.1172,4300,0
TAGG.US,60,20251001,190000,43.09,43.09,43.09,43.09,1277,0
TAGG.US,60,20251001,210000,43.12,43.15,43.12,43.145,28385,0
TAGG.US,60,20251001,220000,43.1332,43.16,43.1332,43.16,3681,0
TAGG.US,60,20251002,160000,43.15,43.15,43.138,43.138,1100,0
TAGG.US,60,20251002,170000,43.16,43.16,43.15,43.15,200,0
TAGG.US,60,20251002,180000,43.14,43.14,43.14,43.14,100,0
TAGG.US,60,20251002,190000,43.19,43.19,43.19,43.19,100,0
TAGG.US,60,20251002,200000,43.19,43.2,43.18,43.2,38571,0
TAGG.US,60,20251002,210000,43.2,43.21,43.19,43.21,1563,0
TAGG.US,60,20251002,220000,43.2,43.21,43.19,43.21,5463,0
TAGG.US,60,20251003,170000,43.24,43.24,43.16,43.16,830,0
TAGG.US,60,20251003,180000,43.2,43.2,43.2,43.2,100,0
TAGG.US,60,20251003,190000,43.1764,43.19,43.175,43.1794,11036,0
TAGG.US,60,20251003,200000,43.18,43.19,43.1601,43.1601,930,0
TAGG.US,60,20251003,210000,43.19,43.19,43.15,43.18,30839,0
TAGG.US,60,20251003,220000,43.17,43.18,43.15,43.18,452,0
TAGG.US,60,20251006,170000,43.14,43.14,43.13,43.13,200,0
TAGG.US,60,20251006,180000,43.1005,43.1005,43.1005,43.1005,233,0
TAGG.US,60,20251006,190000,43.11,43.11,43.11,43.11,100,0
TAGG.US,60,20251006,200000,43.08,43.08,43.076,43.08,1515,0
TAGG.US,60,20251006,210000,43.09,43.09,43.08,43.08,34743,0
TAGG.US,60,20251006,220000,43.0717,43.08,43.0717,43.08,18850,0
TAGG.US,60,20251007,170000,43.12,43.1267,43.12,43.1267,457,0
TAGG.US,60,20251007,180000,43.12,43.14,43.12,43.1324,880,0
TAGG.US,60,20251007,190000,43.14,43.16,43.14,43.16,321,0
TAGG.US,60,20251007,200000,43.15,43.185,43.15,43.185,8510,0
TAGG.US,60,20251007,210000,43.172272,43.22,43.15,43.1699,7546,0
TAGG.US,60,20251007,220000,43.15,43.18,43.12,43.12,3565,0
TAGG.US,60,20251008,160000,43.18,43.18,43.18,43.18,100,0
TAGG.US,60,20251008,170000,43.17,43.2044,43.17,43.17,2726,0
TAGG.US,60,20251008,180000,43.2,43.2,43.17,43.2,2000,0
TAGG.US,60,20251008,190000,43.17,43.2172,43.17,43.17,2075,0
TAGG.US,60,20251008,200000,43.235,43.235,43.15,43.15,5770,0
TAGG.US,60,20251008,210000,43.15,43.16,43.12,43.13,1900,0
TAGG.US,60,20251008,220000,43.15,43.236,43.14,43.17,13456,0
TAGG.US,60,20251009,160000,43.07,43.07,43.07,43.07,100,0
TAGG.US,60,20251009,170000,43.09,43.105,43.09,43.105,200,0
TAGG.US,60,20251009,180000,43.14,43.14,43.11,43.14,1600,0
TAGG.US,60,20251009,190000,43.14,43.14,43.12,43.125,2040,0
TAGG.US,60,20251009,200000,43.12,43.16,43.1,43.13,15095,0
TAGG.US,60,20251009,210000,43.11,43.135,43.11,43.12,4100,0
TAGG.US,60,20251009,220000,43.12,43.15,43.12,43.12,969284,0
TAGG.US,60,20251010,170000,43.1836,43.185,43.1836,43.185,1076,0
TAGG.US,60,20251010,180000,43.2467,43.3089,43.24,43.24,5673,0
TAGG.US,60,20251010,190000,43.255,43.28,43.235,43.26,15275,0
TAGG.US,60,20251010,200000,43.26,43.3066,43.26,43.3066,5180,0
TAGG.US,60,20251010,210000,43.28,43.32,43.28,43.295,42718,0
TAGG.US,60,20251010,220000,43.295,43.31,43.26,43.29,17716,0
TAGG.US,60,20251013,160000,43.285,43.285,43.285,43.285,1617,0
TAGG.US,60,20251013,170000,43.299,43.325,43.25,43.27,4334,0
TAGG.US,60,20251013,190000,43.25,43.3,43.25,43.28,4194,0
TAGG.US,60,20251013,200000,43.2506,43.31,43.2506,43.285,9614,0
TAGG.US,60,20251013,210000,43.285,43.295,43.27,43.295,900,0
TAGG.US,60,20251013,220000,43.31,43.325,43.3,43.3,1193,0
TAGG.US,60,20251014,160000,43.35,43.35,43.35,43.35,200,0
TAGG.US,60,20251014,170000,43.35,43.35,43.3481,43.3481,1155,0
TAGG.US,60,20251014,180000,43.346,43.346,43.345,43.345,608,0
TAGG.US,60,20251014,190000,43.34,43.38,43.34,43.38,3718,0
TAGG.US,60,20251014,200000,43.41,43.41,43.37,43.37,10887,0
TAGG.US,60,20251014,210000,43.38,43.395,43.38,43.395,1957,0
TAGG.US,60,20251014,220000,43.39,43.4,43.39,43.39,700,0
TAGG.US,60,20251015,170000,43.44,43.46,43.44,43.45,5393,0
TAGG.US,60,20251015,180000,43.42,43.43,43.42,43.43,200,0
TAGG.US,60,20251015,190000,43.39,43.39,43.39,43.39,567,0
TAGG.US,60,20251015,200000,43.39,43.39,43.39,43.39,453,0
TAGG.US,60,20251015,210000,43.39,43.4,43.39,43.39,27911,0
TAGG.US,60,20251015,220000,43.39,43.39,43.35,43.36,8345,0
TAGG.US,60,20251016,160000,43.39,43.39,43.39,43.39,100,0
TAGG.US,60,20251016,180000,43.4401,43.4401,43.42,43.44,954,0
TAGG.US,60,20251016,190000,43.510978,43.510978,43.5074,43.5074,362,0
TAGG.US,60,20251016,200000,43.5197,43.5199,43.49,43.51,5108,0
TAGG.US,60,20251016,210000,43.51,43.51,43.51,43.51,200,0
TAGG.US,60,20251016,220000,43.55,43.55,43.51,43.51,825,0
TAGG.US,60,20251017,160000,43.54,43.54,43.47,43.525,500,0
TAGG.US,60,20251017,170000,43.51,43.52,43.45,43.51,3562,0
TAGG.US,60,20251017,180000,43.51,43.53,43.47,43.505,1100,0
TAGG.US,60,20251017,190000,43.555,43.555,43.46,43.505,3573,0
TAGG.US,60,20251017,200000,43.53,43.53,43.51,43.52,15395,0
TAGG.US,60,20251017,210000,43.5,43.5,43.49,43.49,200,0
TAGG.US,60,20251017,220000,43.5073,43.5073,43.47,43.48,3876,0
TAGG.US,60,20251020,160000,43.56,43.56,43.51,43.51,372,0
TAGG.US,60,20251020,170000,43.51,43.5101,43.51,43.5101,440,0
TAGG.US,60,20251020,190000,43.533,43.533,43.533,43.533,275,0
TAGG.US,60,20251020,210000,43.53,43.55,43.52,43.53,27861,0
TAGG.US,60,20251020,220000,43.5289,43.55,43.5289,43.55,708,0
TAGG.US,60,20251021,160000,43.6399,43.6499,43.62,43.62,7052,0
TAGG.US,60,20251021,170000,43.61,43.61,43.6,43.6,596,0
TAGG.US,60,20251021,180000,43.6299,43.6299,43.59,43.59,5060,0
TAGG.US,60,20251021,190000,43.59,43.59,43.58,43.58,300,0
TAGG.US,60,20251021,200000,43.57,43.57,43.57,43.57,2852,0
TAGG.US,60,20251021,210000,43.59,43.6197,43.59,43.6168,555,0
TAGG.US,60,20251021,220000,43.603411,43.6199,43.58,43.58,1930,0
TAGG.US,60,20251022,160000,43.62,43.62,43.59,43.59,10161,0
TAGG.US,60,20251022,170000,43.58,43.58,43.56,43.56,522,0
TAGG.US,60,20251022,180000,43.55,43.59,43.55,43.56,2527,0
TAGG.US,60,20251022,190000,43.55,43.57,43.55,43.57,200,0
TAGG.US,60,20251022,200000,43.6396,43.6396,43.6396,43.6396,298,0
TAGG.US,60,20251022,220000,43.62,43.64,43.6,43.6,22465,0
TAGG.US,60,20251023,180000,43.5358,43.5358,43.5358,43.5358,229,0
TAGG.US,60,20251023,190000,43.5485,43.5485,43.5485,43.5485,4593,0
TAGG.US,60,20251023,200000,43.535,43.5605,43.535,43.5605,309,0
TAGG.US,60,20251023,210000,43.58,43.58,43.555,43.57,28464,0
TAGG.US,60,20251023,220000,43.51,43.54,43.51,43.54,2594,0
TAGG.US,60,20251024,160000,43.57,43.59,43.54,43.543,9396,0
TAGG.US,60,20251024,170000,43.56,43.5881,43.5582,43.5881,3197,0
TAGG.US,60,20251024,190000,43.5776,43.5776,43.5776,43.5776,156,0
TAGG.US,60,20251024,200000,43.5808,43.5999,43.56,43.56,1525,0
TAGG.US,60,20251024,210000,43.59,43.5984,43.56,43.56,54246,0
TAGG.US,60,20251024,220000,43.56,43.56,43.56,43.56,100,0
TAGG.US,60,20251027,150000,43.5356,43.5356,43.53,43.53,2507,0
TAGG.US,60,20251027,160000,43.53,43.56,43.5,43.550759,7790,0
TAGG.US,60,20251027,170000,43.54,43.55,43.54,43.55,200,0
TAGG.US,60,20251027,180000,43.6,43.6,43.575,43.575,500,0
TAGG.US,60,20251027,190000,43.61,43.61,43.58,43.6,6629,0
TAGG.US,60,20251027,200000,43.61,43.61,43.58,43.58,2528,0
TAGG.US,60,20251027,210000,43.63,43.64,43.59,43.64,1859,0
TAGG.US,60,20251028,170000,43.47,43.47,43.47,43.47,600,0
TAGG.US,60,20251028,180000,43.4899,43.4899,43.45,43.45,5014,0
TAGG.US,60,20251028,190000,43.45,43.478,43.45,43.478,13866,0
TAGG.US,60,20251028,200000,43.4799,43.4799,43.46,43.46,1349,0
TAGG.US,60,20251029,150000,43.46,43.46,43.46,43.46,200,0
TAGG.US,60,20251029,160000,43.446852,43.446852,43.44,43.44,2294,0
TAGG.US,60,20251029,170000,43.45,43.45,43.45,43.45,313,0
TAGG.US,60,20251029,180000,43.452,43.458298,43.452,43.458298,1855,0
TAGG.US,60,20251029,190000,43.4346,43.4346,43.41,43.43,32952,0
TAGG.US,60,20251029,200000,43.41,43.41,43.3,43.3,6981,0
TAGG.US,60,20251029,210000,43.31,43.32,43.28,43.285,3138,0
TAGG.US,60,20251030,160000,43.1899,43.22,43.175,43.21,1892,0
TAGG.US,60,20251030,180000,43.24,43.27,43.22,43.23,2300,0
TAGG.US,60,20251030,190000,43.2207,43.23,43.2,43.23,31397,0
TAGG.US,60,20251030,200000,43.2023,43.21,43.1907,43.1907,1957,0
TAGG.US,60,20251030,210000,43.205,43.31,43.1945,43.226,4829,0
TAGG.US,60,20251031,150000,43.24,43.24,43.24,43.24,100,0
TAGG.US,60,20251031,170000,43.1858,43.1858,43.1858,43.1858,388,0
TAGG.US,60,20251031,180000,43.19,43.19,43.185596,43.185872,2858,0
TAGG.US,60,20251031,200000,43.17,43.18,43.17,43.18,13425,0
TAGG.US,60,20251031,210000,43.185,43.19,43.18,43.18,4570,0
TAGG.US,60,20251103,160000,43.08,43.09,43.08,43.09,300,0
TAGG.US,60,20251103,170000,43.13,43.13,43.105,43.13,731,0
TAGG.US,60,20251103,180000,43.105,43.13,43.09,43.09,2405,0
TAGG.US,60,20251103,190000,43.14,43.14,43.14,43.14,500,0
TAGG.US,60,20251103,200000,43.135,43.15,43.11,43.15,26842,0
TAGG.US,60,20251103,210000,43.11,43.1399,43.1,43.1,1101,0
TAGG.US,60,20251103,220000,43.11,43.15,43.09,43.15,598,0
TAGG.US,60,20251104,190000,43.1737,43.1737,43.1737,43.1737,663,0
TAGG.US,60,20251104,200000,43.2,43.225,43.2,43.225,2200,0
TAGG.US,60,20251104,210000,43.19,43.2,43.16,43.1862,24047,0
TAGG.US,60,20251104,220000,43.13,43.16,43.13,43.14,1782,0
TAGG.US,60,20251105,160000,43.12,43.12,43.1,43.1,200,0
TAGG.US,60,20251105,170000,43.0899,43.0899,43.06,43.06,3079,0
TAGG.US,60,20251105,190000,43.03,43.0499,43.03,43.0352,4835,0
TAGG.US,60,20251105,200000,43.01,43.04,43.01,43.02,1143,0
TAGG.US,60,20251105,210000,43.035,43.035,43.02,43.02,4332,0
TAGG.US,60,20251105,220000,43.0104,43.0499,43.01,43.01,3837,0
TAGG.US,60,20251106,190000,43.2279,43.23,43.19,43.19,3564,0
TAGG.US,60,20251106,200000,43.2,43.2,43.17,43.17,3134,0
TAGG.US,60,20251106,210000,43.18,43.18,43.17,43.17,200,0
TAGG.US,60,20251106,220000,43.21,43.2196,43.18,43.18,6879,0
TAGG.US,60,20251107,170000,43.195,43.195,43.185,43.19,794,0
TAGG.US,60,20251107,190000,43.2366,43.2366,43.2366,43.2366,109,0
TAGG.US,60,20251107,210000,43.18,43.24,43.18,43.19,13677,0
TAGG.US,60,20251107,220000,43.19,43.19,43.184,43.184,407,0
TAGG.US,60,20251110,160000,43.195,43.195,43.195,43.195,100,0
TAGG.US,60,20251110,170000,43.2005,43.21,43.2005,43.21,449,0
TAGG.US,60,20251110,190000,43.19,43.19,43.165,43.1796,1666,0
TAGG.US,60,20251110,200000,43.2,43.22,43.17,43.18,19464,0
TAGG.US,60,20251110,210000,43.18,43.23,43.18,43.195,2830,0
TAGG.US,60,20251110,220000,43.19,43.25,43.18,43.196,4540,0
TAGG.US,60,20251111,170000,43.26,43.2601,43.2393,43.2601,2446,0
TAGG.US,60,20251111,180000,43.27,43.3,43.27,43.2787,4341,0
TAGG.US,60,20251111,200000,43.29,43.29,43.29,43.29,176,0
TAGG.US,60,20251111,210000,43.25,43.25,43.25,43.25,1819,0
TAGG.US,60,20251111,220000,43.27,43.27,43.27,43.27,478,0
TAGG.US,60,20251112,160000,43.2401,43.2401,43.2401,43.2401,1050,0
TAGG.US,60,20251112,170000,43.28,43.3475,43.26,43.26,10264,0
TAGG.US,60,20251112,180000,43.28,43.3,43.28,43.28,733,0
TAGG.US,60,20251112,190000,43.3,43.306038,43.2999,43.306038,886,0
TAGG.US,60,20251112,210000,43.2949,43.31,43.2808,43.29,14556,0
TAGG.US,60,20251112,220000,43.29,43.29,43.28,43.28,2583,0
TAGG.US,60,20251113,160000,43.2291,43.2291,43.2291,43.2291,1782,0
TAGG.US,60,20251113,170000,43.23,43.23,43.1948,43.2173,2414,0
TAGG.US,60,20251113,180000,43.22,43.22,43.205,43.22,794,0
TAGG.US,60,20251113,190000,43.2257,43.34,43.2238,43.24,9946,0
TAGG.US,60,20251113,200000,43.23,43.23,43.19,43.218,13073,0
TAGG.US,60,20251113,210000,43.22,43.23,43.21071,43.2173,4388,0
TAGG.US,60,20251113,220000,43.21,43.25,43.21,43.21,400,0
TAGG.US,60,20251114,160000,43.27,43.27,43.21,43.21,1444,0
TAGG.US,60,20251114,170000,43.185,43.1894,43.17,43.173,2916,0
TAGG.US,60,20251114,180000,43.16,43.17,43.16,43.165,3771,0
TAGG.US,60,20251114,190000,43.1606,43.1606,43.16,43.16,253,0
TAGG.US,60,20251114,200000,43.1251,43.148,43.11,43.148,107443,0
TAGG.US,60,20251114,220000,43.12,43.123,43.12,43.123,909,0
TAGG.US,60,20251117,160000,43.15,43.15,43.135,43.135,300,0
TAGG.US,60,20251117,170000,43.13,43.15,43.13,43.133,3724,0
TAGG.US,60,20251117,180000,43.14,43.14,43.14,43.14,100,0
TAGG.US,60,20251117,190000,43.159,43.175,43.1282,43.14,853,0
TAGG.US,60,20251117,200000,43.145,43.175,43.145,43.145,1150,0
TAGG.US,60,20251117,210000,43.16,43.18,43.12,43.145,37956,0
TAGG.US,60,20251117,220000,43.145,43.15,43.13,43.13,1810,0
TAGG.US,60,20251118,160000,43.1983,43.2003,43.1983,43.2003,1330,0
TAGG.US,60,20251118,170000,43.1847,43.1868,43.1847,43.1868,3460,0
TAGG.US,60,20251118,180000,43.17,43.18,43.16,43.175,700,0
TAGG.US,60,20251118,190000,43.17,43.17,43.132991,43.132991,1248,0
TAGG.US,60,20251118,200000,43.12,43.13,43.11,43.11,6542,0
TAGG.US,60,20251118,210000,43.14,43.1496,43.14,43.1496,200,0
TAGG.US,60,20251118,220000,43.18,43.18,43.169478,43.18,4716,0
TAGG.US,60,20251119,170000,43.16,43.1685,43.13,43.157,5989,0
TAGG.US,60,20251119,180000,43.19,43.19,43.19,43.19,100,0
TAGG.US,60,20251119,200000,43.19,43.205,43.17,43.2,6065,0
TAGG.US,60,20251119,210000,43.2,43.2,43.15,43.15,9274,0
TAGG.US,60,20251119,220000,43.14,43.15,43.14,43.15,900,0
TAGG.US,60,20251120,160000,43.21,43.21,43.195,43.195,500,0
TAGG.US,60,20251120,170000,43.2,43.2,43.18,43.189,764,0
TAGG.US,60,20251120,190000,43.21,43.21,43.21,43.21,100,0
TAGG.US,60,20251120,200000,43.19,43.19,43.17,43.17,22345,0
TAGG.US,60,20251120,210000,43.19,43.19,43.19,43.19,100,0
TAGG.US,60,20251120,220000,43.1709,43.2,43.1709,43.2,2903,0
TAGG.US,60,20251121,160000,43.27,43.3,43.27,43.3,200,0
TAGG.US,60,20251121,170000,43.31,43.31,43.285,43.285,215,0
TAGG.US,60,20251121,180000,43.2895,43.2895,43.28,43.28,200,0
TAGG.US,60,20251121,200000,43.269,43.269,43.269,43.269,500,0
TAGG.US,60,20251121,210000,43.23,43.23,43.23,43.23,3050,0
TAGG.US,60,20251121,220000,43.29,43.29,43.25,43.25,5786,0
TAGG.US,60,20251124,170000,43.17,43.17,43.15,43.159455,344,0
TAGG.US,60,20251124,190000,43.15,43.1686,43.15,43.1686,5597,0
TAGG.US,60,20251124,200000,43.1758,43.1758,43.1758,43.1758,584,0
TAGG.US,60,20251124,210000,43.19,43.22,43.19,43.2,22084,0
TAGG.US,60,20251124,220000,43.17,43.19,43.17,43.17,5921,0
TAGG.US,60,20251125,160000,43.28,43.28,43.28,43.28,466,0
TAGG.US,60,20251125,170000,43.28,43.28,43.2689,43.2689,1449,0
TAGG.US,60,20251125,190000,43.3003,43.3003,43.3003,43.3003,500,0
TAGG.US,60,20251125,200000,43.31,43.31,43.31,43.31,100,0
TAGG.US,60,20251125,210000,43.29,43.33,43.29,43.32,25667,0
TAGG.US,60,20251125,220000,43.3022,43.306,43.29,43.306,3649,0
TAGG.US,60,20251126,160000,43.2513,43.2513,43.2513,43.2513,4600,0
TAGG.US,60,20251126,170000,43.235,43.285,43.235,43.285,2495,0
TAGG.US,60,20251126,180000,43.31,43.315,43.29,43.315,696,0
TAGG.US,60,20251126,190000,43.33,43.33,43.305,43.3146,305,0
TAGG.US,60,20251126,200000,43.3,43.3,43.3,43.3,185,0
TAGG.US,60,20251126,210000,43.34,43.34,43.3,43.33,2383,0
TAGG.US,60,20251126,220000,43.3001,43.37,43.3001,43.37,784,0
TAGG.US,60,20251128,160000,43.32,43.32,43.32,43.32,100,0
TAGG.US,60,20251128,170000,43.31,43.396,43.2201,43.24371,1656,0
TAGG.US,60,20251128,180000,43.27,43.27,43.23,43.23,5599,0
TAGG.US,60,20251128,190000,43.2999,43.31,43.26,43.31,1757,0
TAGG.US,60,20251201,160000,43.12,43.12,43.07,43.07,2039,0
TAGG.US,60,20251201,170000,43.12,43.23,43.11,43.11,751,0
TAGG.US,60,20251201,180000,43.11,43.11,43.11,43.11,100,0
TAGG.US,60,20251201,190000,43.0784,43.0978,43.06,43.06,4209,0
TAGG.US,60,20251201,200000,43.106429,43.12,43.08,43.08,1002,0
TAGG.US,60,20251201,210000,43.12,43.12,43.09,43.095,10735,0
TAGG.US,60,20251201,220000,43.11,43.11,43.08,43.08,3122,0
TAGG.US,60,20251202,170000,43.12,43.12,43.12,43.12,339,0
TAGG.US,60,20251202,180000,43.095,43.14,43.0901,43.1121,7986,0
TAGG.US,60,20251202,190000,43.11,43.14,43.09,43.115,5780,0
TAGG.US,60,20251202,200000,43.14,43.15,43.11,43.15,7505,0
TAGG.US,60,20251202,210000,43.12,43.169,43.12,43.13,5779,0
TAGG.US,60,20251202,220000,43.1503,43.16,43.12,43.12,9562,0
TAGG.US,60,20251203,160000,43.18,43.24,43.18,43.2,2600,0
TAGG.US,60,20251203,170000,43.2217,43.2217,43.15,43.15,323,0
TAGG.US,60,20251203,180000,43.15,43.19,43.15,43.19,1000,0
TAGG.US,60,20251203,190000,43.22,43.22,43.18,43.21,1624,0
TAGG.US,60,20251203,200000,43.22,43.24,43.19,43.24,30882,0
TAGG.US,60,20251203,210000,43.23,43.23,43.21,43.23,24977,0
TAGG.US,60,20251203,220000,43.21,43.23,43.21,43.215,4300,0
TAGG.US,60,20251204,170000,43.18,43.18,43.15,43.15,400,0
TAGG.US,60,20251204,180000,43.1481,43.1481,43.136,43.136,1928,0
TAGG.US,60,20251204,190000,43.1372,43.14,43.135,43.14,3109,0
TAGG.US,60,20251204,200000,43.135,43.14,43.13,43.14,22007,0
TAGG.US,60,20251204,210000,43.135892,43.14,43.12,43.14,4358,0
TAGG.US,60,20251204,220000,43.131499,43.14,43.1101,43.12,2486,0
TAGG.US,60,20251205,170000,43.13,43.13,43.1095,43.11,2088,0
TAGG.US,60,20251205,180000,43.09,43.09,43.0726,43.09,3026,0
TAGG.US,60,20251205,190000,43.075,43.1,43.075,43.08,1127,0
TAGG.US,60,20251205,200000,43.0409,43.09,43.0409,43.09,30189,0
TAGG.US,60,20251205,220000,43.0798,43.09,43.06,43.06,472,0
TAGG.US,60,20251208,160000,43.0227,43.0227,43.0227,43.0227,465,0
TAGG.US,60,20251208,170000,43.025,43.025,42.95,42.9752,3704,0
TAGG.US,60,20251208,180000,42.9703,42.9703,42.9703,42.9703,100,0
TAGG.US,60,20251208,190000,42.98,42.98,42.9668,42.9668,239,0
TAGG.US,60,20251208,200000,42.985,43.01,42.985,43,1574,0
TAGG.US,60,20251208,210000,42.98,43.02,42.98,43.019359,7352,0
TAGG.US,60,20251208,220000,43.02,43.02,42.99,42.99,3785,0
TAGG.US,60,20251209,160000,43.08,43.08,43.08,43.08,200,0
TAGG.US,60,20251209,170000,43.02,43.02,43.02,43.02,100,0
TAGG.US,60,20251209,180000,43.0034,43.0034,43.0032,43.0032,1531,0
TAGG.US,60,20251209,190000,43.02,43.03,43.0003,43.0003,1057,0
TAGG.US,60,20251209,200000,43.02,43.0224,43,43,5184,0
TAGG.US,60,20251209,210000,42.985,43.01,42.97,43,41362,0
TAGG.US,60,20251209,220000,43.0099,43.01,42.9716,43,2706,0
TAGG.US,60,20251210,160000,43.02,43.02,43.02,43.02,100,0
TAGG.US,60,20251210,170000,43.04,43.04,43.02,43.02,200,0
TAGG.US,60,20251210,180000,43.0346,43.048,43.02,43.02,858,0
TAGG.US,60,20251210,190000,43.0665,43.0665,43.0665,43.0665,505,0
TAGG.US,60,20251210,210000,43.07,43.09,43.01,43.08,47822,0
TAGG.US,60,20251210,220000,43.07,43.11,43.05,43.11,1483,0
TAGG.US,60,20251211,160000,43.235,43.235,43.235,43.235,100,0
TAGG.US,60,20251211,170000,43.23,43.23,43.17,43.19,637,0
TAGG.US,60,20251211,180000,43.19,43.19,43.1858,43.19,767,0
TAGG.US,60,20251211,190000,43.175,43.175,43.15,43.1551,2662,0
TAGG.US,60,20251211,200000,43.1739,43.1739,43.15,43.17,36136,0
TAGG.US,60,20251211,210000,43.15,43.155,43.1148,43.14,3793,0
TAGG.US,60,20251211,220000,43.15,43.16,43.13,43.14,1450,0
TAGG.US,60,20251212,160000,43.03,43.03,43.01,43.03,380,0
TAGG.US,60,20251212,170000,43.024,43.024,43.024,43.024,463,0
TAGG.US,60,20251212,180000,43.02,43.02,43.0081,43.0193,1544,0
TAGG.US,60,20251212,190000,43.02,43.0299,43.01,43.02,1475,0
TAGG.US,60,20251212,200000,43.01,43.01,43.01,43.01,449,0
TAGG.US,60,20251212,210000,43.0126,43.03,42.99,43.03,11709,0
TAGG.US,60,20251215,160000,43.1,43.1,43.1,43.1,200,0
TAGG.US,60,20251215,170000,43.085,43.1,43.06,43.06,2122,0
TAGG.US,60,20251215,180000,43.09,43.09,43.0356,43.0356,2887,0
TAGG.US,60,20251215,190000,43.0001,43.0411,43.0001,43.03,1447,0
TAGG.US,60,20251215,200000,43.04,43.05,43,43,51350,0
TAGG.US,60,20251215,210000,43.03,43.03,43.025,43.025,1308,0
TAGG.US,60,20251215,220000,43.05,43.056,43.03,43.056,1094,0
TAGG.US,60,20251216,160000,43.04,43.04,43.04,43.04,200,0
TAGG.US,60,20251216,170000,43.1,43.1,43.08,43.08,218,0
TAGG.US,60,20251216,180000,43.0637,43.1032,43.0637,43.1032,5466,0
TAGG.US,60,20251216,190000,43.09,43.1105,43.09,43.1105,1429,0
TAGG.US,60,20251216,200000,43.08,43.11,43.0701,43.0701,23424,0
TAGG.US,60,20251216,210000,43.107333,43.107333,43.1,43.1,685,0
TAGG.US,60,20251216,220000,43.11,43.14,43.1,43.1,1365,0
TAGG.US,60,20251217,160000,43.12,43.12,43.11,43.11,200,0
TAGG.US,60,20251217,170000,43.0803,43.095,43.0803,43.095,375,0
TAGG.US,60,20251217,180000,43.12,43.13,43.095,43.095,3165,0
TAGG.US,60,20251217,190000,43.11,43.11,43.0932,43.095,3302,0
TAGG.US,60,20251217,200000,43.11,43.12,43.0801,43.1,20432,0
TAGG.US,60,20251217,210000,43.105,43.105,43.105,43.105,139,0
TAGG.US,60,20251217,220000,43.115,43.13,43.115,43.122,775,0
TAGG.US,60,20251218,180000,43.2,43.22,43.2,43.22,3384,0
TAGG.US,60,20251218,190000,43.21,43.21,43.19,43.19,778,0
TAGG.US,60,20251218,200000,43.1874,43.2,43.1874,43.19,2944,0
TAGG.US,60,20251218,210000,43.2,43.21,43.17,43.21,39159,0
TAGG.US,60,20251218,220000,43.21,43.23,43.19,43.19,6866,0
TAGG.US,60,20251219,160000,43.16,43.2,43.14,43.1616,4999,0
TAGG.US,60,20251219,170000,43.19,43.19,43.175,43.175,220,0
TAGG.US,60,20251219,180000,43.195,43.21,43.19,43.19,785,0
TAGG.US,60,20251219,190000,43.185,43.185,43.165,43.165,3066,0
TAGG.US,60,20251219,200000,43.1676,43.17,43.1676,43.17,1258,0
TAGG.US,60,20251219,210000,43.17,43.17,43.15,43.1501,7560,0
TAGG.US,60,20251219,220000,43.1501,43.1788,43.15,43.16,70056,0
TAGG.US,60,20251222,160000,43.13,43.14,43.13,43.14,845,0
TAGG.US,60,20251222,170000,43.1298,43.1298,43.11,43.11,1749,0
TAGG.US,60,20251222,180000,43.1432,43.1432,43.12,43.14,589,0
TAGG.US,60,20251222,190000,43.11,43.142,43.11,43.142,696,0
TAGG.US,60,20251222,200000,43.125,43.14,43.1249,43.125,8948,0
TAGG.US,60,20251222,210000,43.11,43.14,43.11,43.14,1031,0
TAGG.US,60,20251222,220000,43.11,43.16,43.11,43.16,126338,0
TAGG.US,60,20251223,160000,42.8665,42.88025,42.8665,42.88025,226,0
TAGG.US,60,20251223,170000,42.8842,42.9351,42.8842,42.925,1110,0
TAGG.US,60,20251223,180000,42.95,42.95,42.94,42.945,400,0
TAGG.US,60,20251223,190000,42.96,43,42.9544,42.995,3588,0
TAGG.US,60,20251223,200000,42.95,42.97,42.93,42.96,66900,0
TAGG.US,60,20251223,210000,42.96,42.9695,42.96,42.96,4928,0
TAGG.US,60,20251223,220000,42.97,42.98,42.94,42.94,9254,0
TAGG.US,60,20251224,160000,43.005,43.005,43.005,43.005,216,0
TAGG.US,60,20251224,170000,43.0067,43.0067,43.0067,43.0067,109,0
TAGG.US,60,20251224,180000,43.01,43.045,43.01,43.045,9843,0
TAGG.US,60,20251224,190000,43.0466,43.0466,43.0466,43.0466,176,0
TAGG.US,60,20251226,180000,43.1,43.1,43.1,43.1,100,0
TAGG.US,60,20251226,200000,43.07,43.07,43.07,43.07,322,0
TAGG.US,60,20251226,210000,43.07,43.07,43.07,43.07,940,0
TAGG.US,60,20251226,220000,43.0797,43.0797,43.0797,43.0797,501,0
